0 0.22222222222222224 0.07994791666666666 0.02592592592592593 0.021354166666666667
0 0.24629629629629632 0.09036458333333333 0.024074074074074074 0.0234375
0 0.22870370370370371 0.10104166666666667 0.020370370370370372 0.013541666666666667
0 0.2449074074074074 0.1109375 0.019444444444444445 0.013541666666666667
0 0.25787037037037036 0.16536458333333334 0.026851851851851852 0.011979166666666666
0 0.23055555555555557 0.16927083333333334 0.020370370370370372 0.014583333333333334
0 0.08657407407407408 0.23958333333333334 0.026851851851851852 0.014583333333333334
0 0.17824074074074076 0.24479166666666666 0.015740740740740743 0.0125
0 0.23425925925925928 0.22760416666666666 0.022222222222222223 0.016666666666666666
0 0.0925925925925926 0.29375 0.020370370370370372 0.015625
0 0.09861111111111112 0.3578125 0.026851851851851852 0.014583333333333334
0 0.10555555555555556 0.38515625 0.02592592592592593 0.013020833333333334
0 0.21805555555555556 0.29010416666666666 0.026851851851851852 0.015625
0 0.2898148148148148 0.26484375 0.02592592592592593 0.0171875
0 0.28240740740740744 0.22473958333333333 0.014814814814814815 0.013020833333333334
0 0.26851851851851855 0.22135416666666666 0.016666666666666666 0.009375
0 0.04398148148148148 0.41953124999999997 0.028703703703703703 0.013020833333333334
0 0.029166666666666667 0.46119791666666665 0.030555555555555558 0.0140625
0 0.10601851851851853 0.6588541666666666 0.017592592592592594 0.0125
0 0.2013888888888889 0.625 0.025 0.015625
0 0.2064814814814815 0.5065104166666666 0.022222222222222223 0.013020833333333334
0 0.1787037037037037 0.40572916666666664 0.024074074074074074 0.013541666666666667
0 0.20601851851851852 0.36302083333333335 0.02314814814814815 0.0125
0 0.21574074074074076 0.33984375 0.022222222222222223 0.01614583333333333
0 0.23287037037037037 0.35572916666666665 0.017592592592592594 0.011458333333333333
0 0.3861111111111111 0.26953125 0.016666666666666666 0.0140625
0 0.40925925925925927 0.2752604166666667 0.022222222222222223 0.0171875
0 0.3675925925925926 0.3020833333333333 0.022222222222222223 0.016666666666666666
0 0.33842592592592596 0.3458333333333333 0.025 0.015625
0 0.39537037037037037 0.39296875 0.02592592592592593 0.015104166666666667
0 0.25092592592592594 0.5940104166666667 0.024074074074074074 0.015104166666666667
0 0.3944444444444445 0.5809895833333333 0.024074074074074074 0.0140625
0 0.5055555555555555 0.6328125 0.020370370370370372 0.014583333333333334
0 0.562962962962963 0.5841145833333333 0.02592592592592593 0.015104166666666667
0 0.6601851851851852 0.6286458333333333 0.022222222222222223 0.013541666666666667
0 0.5944444444444444 0.53046875 0.016666666666666666 0.0109375
0 0.5675925925925926 0.49453125 0.024074074074074074 0.011979166666666666
0 0.5768518518518518 0.43984375 0.02592592592592593 0.011979166666666666
0 0.5986111111111111 0.4809895833333333 0.02314814814814815 0.009895833333333333
0 0.6370370370370371 0.51328125 0.02592592592592593 0.015104166666666667
0 0.6194444444444445 0.46796875 0.022222222222222223 0.0140625
0 0.5967592592592593 0.36328125 0.026851851851851852 0.0140625
0 0.5712962962962963 0.39427083333333335 0.018518518518518517 0.015625
0 0.5587962962962963 0.3299479166666667 0.02314814814814815 0.0140625
0 0.48055555555555557 0.35 0.02592592592592593 0.016666666666666666
0 0.5203703703703704 0.3442708333333333 0.022222222222222223 0.0125
0 0.6055555555555556 0.26119791666666664 0.024074074074074074 0.0171875
0 0.6166666666666667 0.22526041666666666 0.022222222222222223 0.018229166666666668
0 0.5805555555555556 0.17526041666666667 0.024074074074074074 0.01614583333333333
0 0.6245370370370371 0.12213541666666666 0.021296296296296296 0.0171875
0 0.6680555555555556 0.3911458333333333 0.02314814814814815 0.015625
0 0.6430555555555556 0.3966145833333333 0.02314814814814815 0.011979166666666666
0 0.6583333333333333 0.40546875 0.024074074074074074 0.0140625
0 0.6787037037037037 0.40572916666666664 0.022222222222222223 0.014583333333333334
0 0.7097222222222223 0.5088541666666666 0.025 0.015625
0 0.7166666666666667 0.5395833333333333 0.016666666666666666 0.016666666666666666
0 0.5453703703703704 0.68203125 0.018518518518518517 0.01614583333333333
0 0.8194444444444445 0.7760416666666666 0.018518518518518517 0.01875
0 0.9449074074074074 0.8419270833333333 0.019444444444444445 0.01614583333333333
0 0.9157407407407407 0.728125 0.02962962962962963 0.015625
0 0.8208333333333334 0.6401041666666667 0.025 0.013541666666666667
0 0.975462962962963 0.6291666666666667 0.017592592592592594 0.014583333333333334
0 0.9324074074074075 0.584375 0.03888888888888889 0.01875
0 0.8703703703703703 0.55546875 0.02777777777777778 0.013020833333333334
0 0.8162037037037038 0.58671875 0.025 0.013020833333333334
0 0.9796296296296296 0.57265625 0.02962962962962963 0.0171875
0 0.8625 0.5 0.028703703703703703 0.017708333333333333
0 0.8833333333333334 0.47239583333333335 0.031481481481481485 0.017708333333333333
0 0.9865740740740742 0.4671875 0.028703703703703703 0.015625
0 0.9097222222222222 0.42604166666666665 0.03981481481481482 0.019791666666666666
0 0.8444444444444444 0.41484375 0.02592592592592593 0.013020833333333334
0 0.8652777777777778 0.36015625 0.032407407407407406 0.01614583333333333
0 0.9101851851851852 0.3528645833333333 0.03518518518518519 0.019270833333333334
0 0.8013888888888889 0.32109375 0.02314814814814815 0.011979166666666666
0 0.9388888888888889 0.29192708333333334 0.018518518518518517 0.013020833333333334
0 0.9842592592592593 0.24973958333333332 0.03333333333333333 0.019270833333333334
0 0.9560185185185186 0.1984375 0.026851851851851852 0.017708333333333333
0 0.36203703703703705 0.4278645833333333 0.018518518518518517 0.013020833333333334
0 0.4625 0.56875 0.017592592592592594 0.0125
0 0.4486111111111111 0.5361979166666666 0.025 0.011979166666666666
0 0.9745370370370371 0.19479166666666667 0.02314814814814815 0.01875
0 0.9430555555555556 0.3333333333333333 0.021296296296296296 0.008333333333333333
0 0.8902777777777778 0.6671875 0.03425925925925926 0.013541666666666667
0 0.5166666666666667 0.3059895833333333 0.016666666666666666 0.0067708333333333336
0 0.4990740740740741 0.37890625 0.012962962962962964 0.0078125
0 0.26666666666666666 0.46119791666666665 0.022222222222222223 0.009895833333333333
0 0.22962962962962963 0.3346354166666667 0.016666666666666666 0.005729166666666666
0 0.275 0.14010416666666667 0.020370370370370372 0.011458333333333333
