0 0.19351851851851853 0.08333333333333333 0.02777777777777778 0.020833333333333332
0 0.21805555555555556 0.09348958333333333 0.025 0.0234375
0 0.20046296296296298 0.10416666666666667 0.021296296296296296 0.0125
0 0.21712962962962964 0.11432291666666666 0.019444444444444445 0.013020833333333334
0 0.23333333333333334 0.16796875 0.02962962962962963 0.0109375
0 0.20416666666666666 0.171875 0.021296296296296296 0.014583333333333334
0 0.062037037037037036 0.24114583333333334 0.02592592592592593 0.014583333333333334
0 0.15416666666666667 0.24713541666666666 0.015740740740740743 0.013020833333333334
0 0.20694444444444446 0.22942708333333334 0.02314814814814815 0.0171875
0 0.06805555555555556 0.2950520833333333 0.021296296296296296 0.015104166666666667
0 0.07361111111111111 0.35885416666666664 0.026851851851851852 0.015625
0 0.08101851851851852 0.38645833333333335 0.025 0.013541666666666667
0 0.19166666666666668 0.29140625 0.02777777777777778 0.01614583333333333
0 0.26342592592592595 0.2669270833333333 0.025 0.0171875
0 0.25925925925925924 0.22734374999999998 0.016666666666666666 0.013020833333333334
0 0.24351851851851852 0.22369791666666666 0.016666666666666666 0.009895833333333333
0 0.015277777777777779 0.4203125 0.026851851851851852 0.014583333333333334
0 0.009259259259259259 0.46197916666666666 0.014814814814814815 0.015625
0 0.08564814814814815 0.6591145833333333 0.02314814814814815 0.013020833333333334
0 0.17407407407407408 0.625 0.022222222222222223 0.016666666666666666
0 0.18194444444444446 0.5072916666666667 0.02314814814814815 0.013541666666666667
0 0.1527777777777778 0.40703125 0.02592592592592593 0.013020833333333334
0 0.17962962962962964 0.3638020833333333 0.022222222222222223 0.011979166666666666
0 0.19074074074074074 0.3419270833333333 0.024074074074074074 0.015104166666666667
0 0.20694444444444446 0.3567708333333333 0.017592592592592594 0.010416666666666666
0 0.35833333333333334 0.2713541666666667 0.014814814814814815 0.0125
0 0.37962962962962965 0.27734375 0.022222222222222223 0.018229166666666668
0 0.34120370370370373 0.30390625 0.019444444444444445 0.0171875
0 0.3148148148148148 0.34713541666666664 0.022222222222222223 0.0171875
0 0.36944444444444446 0.39427083333333335 0.02592592592592593 0.015625
0 0.2212962962962963 0.59453125 0.022222222222222223 0.015104166666666667
0 0.3652777777777778 0.5815104166666667 0.025 0.013020833333333334
0 0.47824074074074074 0.6325520833333333 0.019444444444444445 0.0140625
0 0.5351851851851852 0.5848958333333333 0.024074074074074074 0.015625
0 0.6314814814814815 0.6286458333333333 0.024074074074074074 0.013541666666666667
0 0.5694444444444444 0.53125 0.016666666666666666 0.011458333333333333
0 0.5407407407407407 0.49557291666666664 0.024074074074074074 0.011979166666666666
0 0.5504629629629629 0.44114583333333335 0.026851851851851852 0.013541666666666667
0 0.5722222222222223 0.4817708333333333 0.024074074074074074 0.009375
0 0.6083333333333334 0.5140625 0.02592592592592593 0.015625
0 0.5921296296296297 0.4692708333333333 0.02314814814814815 0.013541666666666667
0 0.5652777777777778 0.3651041666666667 0.026851851851851852 0.014583333333333334
0 0.5435185185185185 0.3953125 0.018518518518518517 0.015625
0 0.5282407407407408 0.3307291666666667 0.025 0.0125
0 0.4532407407407408 0.35130208333333335 0.026851851851851852 0.01614583333333333
0 0.4930555555555556 0.3455729166666667 0.02314814814814815 0.0140625
0 0.5787037037037037 0.26328125 0.024074074074074074 0.0171875
0 0.5902777777777778 0.22734374999999998 0.021296296296296296 0.018229166666666668
0 0.5537037037037037 0.17734375 0.024074074074074074 0.01614583333333333
0 0.5967592592592593 0.12447916666666667 0.025 0.014583333333333334
0 0.6416666666666667 0.39166666666666666 0.02592592592592593 0.016666666666666666
0 0.6166666666666667 0.39817708333333335 0.024074074074074074 0.013020833333333334
0 0.6333333333333333 0.40651041666666665 0.024074074074074074 0.013020833333333334
0 0.6523148148148148 0.40703125 0.02314814814814815 0.0140625
0 0.6819444444444445 0.509375 0.02314814814814815 0.019791666666666666
0 0.6847222222222222 0.53984375 0.017592592592592594 0.015104166666666667
0 0.5175925925925926 0.6825520833333333 0.018518518518518517 0.015104166666666667
0 0.7856481481481482 0.7755208333333333 0.021296296296296296 0.017708333333333333
0 0.9101851851851852 0.8408854166666666 0.018518518518518517 0.0171875
0 0.8842592592592593 0.7278645833333334 0.02777777777777778 0.01614583333333333
0 0.787962962962963 0.63984375 0.02777777777777778 0.0140625
0 0.9416666666666667 0.6294270833333333 0.014814814814814815 0.01614583333333333
0 0.8930555555555556 0.5841145833333333 0.03796296296296296 0.019270833333333334
0 0.8337962962962964 0.5557291666666666 0.028703703703703703 0.013541666666666667
0 0.7898148148148149 0.5864583333333333 0.02592592592592593 0.011458333333333333
0 0.9439814814814815 0.5729166666666666 0.032407407407407406 0.017708333333333333
0 0.825925925925926 0.5002604166666667 0.02962962962962963 0.01614583333333333
0 0.8481481481481482 0.4739583333333333 0.037037037037037035 0.014583333333333334
0 0.9564814814814815 0.46848958333333335 0.031481481481481485 0.01614583333333333
0 0.8722222222222222 0.4265625 0.040740740740740744 0.01875
0 0.8166666666666667 0.4158854166666667 0.022222222222222223 0.013020833333333334
0 0.8305555555555556 0.3606770833333333 0.03518518518518519 0.015104166666666667
0 0.8740740740740741 0.3546875 0.03518518518518519 0.01875
0 0.7740740740740741 0.3221354166666667 0.024074074074074074 0.009895833333333333
0 0.9078703703703704 0.29401041666666666 0.019444444444444445 0.011979166666666666
0 0.9550925925925926 0.25078125 0.03425925925925926 0.018229166666666668
0 0.924537037037037 0.20052083333333334 0.030555555555555558 0.016666666666666666
0 0.3375 0.42864583333333334 0.017592592592592594 0.011458333333333333
0 0.41944444444444445 0.5372395833333333 0.02592592592592593 0.011979166666666666
0 0.4375 0.56953125 0.02314814814814815 0.0140625
0 0.9944444444444445 0.23880208333333333 0.012962962962962964 0.018229166666666668
0 0.9449074074074074 0.19739583333333333 0.02314814814814815 0.017708333333333333
0 0.9023148148148149 0.3578125 0.028703703703703703 0.011458333333333333
0 0.9814814814814815 0.4979166666666667 0.02777777777777778 0.015625
0 0.987037037037037 0.5138020833333333 0.02592592592592593 0.015104166666666667
0 0.9949074074074075 0.53125 0.010185185185185186 0.016666666666666666
0 0.9921296296296297 0.5885416666666666 0.017592592592592594 0.0125
0 0.9865740740740742 0.6864583333333333 0.026851851851851852 0.014583333333333334
0 0.9768518518518519 0.74921875 0.03333333333333333 0.0140625
0 0.8592592592592593 0.6666666666666666 0.031481481481481485 0.011458333333333333
0 0.913425925925926 0.59140625 0.025 0.0109375
0 0.4912037037037037 0.30833333333333335 0.017592592592592594 0.008333333333333333
0 0.47175925925925927 0.3802083333333333 0.012037037037037037 0.008333333333333333
0 0.2449074074074074 0.4622395833333333 0.021296296296296296 0.009895833333333333
0 0.2050925925925926 0.33567708333333335 0.015740740740740743 0.005729166666666666
0 0.25416666666666665 0.14296875 0.019444444444444445 0.009895833333333333
0 0.6365740740740741 0.35911458333333335 0.01388888888888889 0.013020833333333334
