0 0.837962962962963 0.0875 0.02777777777777778 0.020833333333333332
0 0.8125 0.09791666666666667 0.026851851851851852 0.02395833333333333
0 0.8282407407407407 0.10859375 0.021296296296296296 0.011979166666666666
0 0.8055555555555556 0.11562499999999999 0.02962962962962963 0.019791666666666666
0 0.7916666666666667 0.171875 0.02962962962962963 0.011458333333333333
0 0.8236111111111112 0.17473958333333334 0.021296296296296296 0.0140625
0 0.9652777777777778 0.24427083333333333 0.025 0.014583333333333334
0 0.8722222222222222 0.25078125 0.014814814814814815 0.009895833333333333
0 0.8222222222222223 0.23255208333333333 0.024074074074074074 0.0171875
0 0.9587962962962964 0.29765625 0.021296296296296296 0.015104166666666667
0 0.9527777777777778 0.3614583333333333 0.02777777777777778 0.015625
0 0.9458333333333334 0.3885416666666667 0.025 0.013541666666666667
0 0.8351851851851853 0.29401041666666666 0.02777777777777778 0.01614583333333333
0 0.763888888888889 0.26979166666666665 0.02592592592592593 0.017708333333333333
0 0.7671296296296296 0.23098958333333333 0.017592592592592594 0.0140625
0 0.7828703703703704 0.2265625 0.019444444444444445 0.010416666666666666
0 0.9324074074074075 0.6611979166666666 0.022222222222222223 0.013020833333333334
0 0.8532407407407407 0.6265625 0.02314814814814815 0.016666666666666666
0 0.8453703703703704 0.5091145833333334 0.024074074074074074 0.013020833333333334
0 0.875462962962963 0.409375 0.026851851851851852 0.013541666666666667
0 0.8467592592592593 0.3653645833333333 0.021296296296296296 0.011979166666666666
0 0.8361111111111111 0.34401041666666665 0.024074074074074074 0.015104166666666667
0 0.8180555555555555 0.3598958333333333 0.02314814814814815 0.0125
0 0.6726851851851852 0.2739583333333333 0.012037037037037037 0.0125
0 0.65 0.28072916666666664 0.024074074074074074 0.019791666666666666
0 0.6870370370370371 0.3065104166666667 0.018518518518518517 0.0171875
0 0.712037037037037 0.35 0.022222222222222223 0.017708333333333333
0 0.6578703703703704 0.3963541666666667 0.02314814814814815 0.015625
0 0.8087962962962963 0.59609375 0.021296296296296296 0.015104166666666667
0 0.6638888888888889 0.5833333333333334 0.02592592592592593 0.013541666666666667
0 0.5504629629629629 0.6338541666666666 0.019444444444444445 0.014583333333333334
0 0.4935185185185185 0.5856770833333333 0.024074074074074074 0.015104166666666667
0 0.39722222222222225 0.6302083333333334 0.024074074074074074 0.013541666666666667
0 0.45740740740740743 0.5322916666666666 0.016666666666666666 0.011458333333333333
0 0.48564814814814816 0.496875 0.02314814814814815 0.0125
0 0.475462962962963 0.4421875 0.02314814814814815 0.015625
0 0.45416666666666666 0.4830729166666667 0.02314814814814815 0.009895833333333333
0 0.42083333333333334 0.515625 0.025 0.015625
0 0.4361111111111111 0.4713541666666667 0.024074074074074074 0.013541666666666667
0 0.4671296296296297 0.36744791666666665 0.026851851851851852 0.0140625
0 0.48379629629629634 0.3971354166666667 0.021296296296296296 0.01614583333333333
0 0.5023148148148149 0.33307291666666666 0.025 0.011979166666666666
0 0.5745370370370371 0.3536458333333333 0.026851851851851852 0.016666666666666666
0 0.5356481481481482 0.34765625 0.02314814814814815 0.015104166666666667
0 0.4486111111111111 0.2661458333333333 0.025 0.016666666666666666
0 0.437962962962963 0.23072916666666665 0.020370370370370372 0.017708333333333333
0 0.47500000000000003 0.18072916666666666 0.024074074074074074 0.016666666666666666
0 0.4310185185185185 0.128125 0.025 0.014583333333333334
0 0.3856481481481482 0.39348958333333334 0.026851851851851852 0.0171875
0 0.4087962962962963 0.4002604166666667 0.02314814814814815 0.011979166666666666
0 0.39305555555555555 0.40859375 0.025 0.013020833333333334
0 0.37222222222222223 0.40911458333333334 0.024074074074074074 0.0140625
0 0.3476851851851852 0.5098958333333333 0.02314814814814815 0.019791666666666666
0 0.34675925925925927 0.54140625 0.015740740740740743 0.0140625
0 0.5106481481481482 0.6838541666666667 0.017592592592592594 0.014583333333333334
0 0.2490740740740741 0.7768229166666667 0.022222222222222223 0.018229166666666668
0 0.12407407407407407 0.84140625 0.018518518518518517 0.0171875
0 0.1476851851851852 0.7294270833333333 0.028703703703703703 0.01614583333333333
0 0.24212962962962964 0.6411458333333333 0.026851851851851852 0.014583333333333334
0 0.09212962962962963 0.6309895833333333 0.015740740740740743 0.01614583333333333
0 0.14351851851851852 0.5854166666666667 0.037037037037037035 0.01875
0 0.20231481481481484 0.5567708333333333 0.028703703703703703 0.013541666666666667
0 0.23657407407407408 0.58828125 0.025 0.011979166666666666
0 0.08935185185185185 0.5752604166666666 0.032407407407407406 0.01614583333333333
0 0.20925925925925926 0.5018229166666667 0.02777777777777778 0.01614583333333333
0 0.1865740740740741 0.47604166666666664 0.036111111111111115 0.015625
0 0.07453703703703704 0.4705729166666667 0.030555555555555558 0.01614583333333333
0 0.1638888888888889 0.42916666666666664 0.03888888888888889 0.01875
0 0.2138888888888889 0.41901041666666666 0.016666666666666666 0.011979166666666666
0 0.20231481481481484 0.36432291666666666 0.032407407407407406 0.013020833333333334
0 0.16111111111111112 0.3567708333333333 0.03333333333333333 0.017708333333333333
0 0.2537037037037037 0.32421875 0.024074074074074074 0.009895833333333333
0 0.12268518518518519 0.296875 0.019444444444444445 0.0125
0 0.07453703703703704 0.25364583333333335 0.032407407407407406 0.017708333333333333
0 0.10648148148148148 0.20416666666666666 0.02962962962962963 0.016666666666666666
0 0.6902777777777778 0.43124999999999997 0.019444444444444445 0.014583333333333334
0 0.6101851851851852 0.5393229166666667 0.02777777777777778 0.011979166666666666
0 0.5865740740740741 0.5705729166666667 0.019444444444444445 0.0140625
0 0.028240740740740743 0.24166666666666667 0.028703703703703703 0.016666666666666666
0 0.08564814814814815 0.20052083333333334 0.02314814814814815 0.017708333333333333
0 0.11990740740740741 0.3768229166666667 0.025 0.01614583333333333
0 0.050462962962962966 0.49973958333333335 0.028703703703703703 0.015104166666666667
0 0.030092592592592594 0.496875 0.019444444444444445 0.010416666666666666
0 0.043055555555555555 0.515625 0.030555555555555558 0.014583333333333334
0 0.007407407407407408 0.5153645833333333 0.012962962962962964 0.0140625
0 0.025462962962962965 0.5330729166666667 0.03425925925925926 0.0171875
0 0.03796296296296296 0.5903645833333333 0.024074074074074074 0.0140625
0 0.04212962962962963 0.6880208333333333 0.026851851851851852 0.014583333333333334
0 0.05555555555555556 0.7505208333333333 0.031481481481481485 0.014583333333333334
0 0.1736111111111111 0.6677083333333333 0.028703703703703703 0.011458333333333333
0 0.11712962962962964 0.5916666666666667 0.02314814814814815 0.010416666666666666
0 0.5370370370370371 0.31171875 0.018518518518518517 0.0109375
0 0.5560185185185186 0.3828125 0.01388888888888889 0.009375
0 0.7787037037037038 0.46380208333333334 0.020370370370370372 0.009895833333333333
0 0.8194444444444445 0.33828125 0.014814814814814815 0.0067708333333333336
0 0.7689814814814815 0.146875 0.021296296296296296 0.011458333333333333
0 0.3925925925925926 0.36223958333333334 0.014814814814814815 0.013020833333333334
