0 0.1537037037037037 0.0875 0.02777777777777778 0.020833333333333332
0 0.1800925925925926 0.09817708333333333 0.026851851851851852 0.0234375
0 0.1638888888888889 0.10859375 0.020370370370370372 0.011979166666666666
0 0.18564814814814815 0.11588541666666667 0.028703703703703703 0.0171875
0 0.20046296296296298 0.171875 0.028703703703703703 0.011458333333333333
0 0.16944444444444445 0.17473958333333334 0.020370370370370372 0.0140625
0 0.028703703703703703 0.24453125 0.02592592592592593 0.015104166666666667
0 0.12175925925925926 0.25104166666666666 0.01388888888888889 0.009375
0 0.17083333333333334 0.2328125 0.025 0.016666666666666666
0 0.034722222222222224 0.2973958333333333 0.021296296296296296 0.014583333333333334
0 0.040740740740740744 0.3611979166666667 0.02777777777777778 0.01614583333333333
0 0.047685185185185185 0.3885416666666667 0.025 0.013541666666666667
0 0.15787037037037038 0.29401041666666666 0.028703703703703703 0.01614583333333333
0 0.22870370370370371 0.26953125 0.02592592592592593 0.0171875
0 0.2263888888888889 0.23072916666666665 0.017592592592592594 0.014583333333333334
0 0.20972222222222223 0.22682291666666665 0.019444444444444445 0.0109375
0 0.0638888888888889 0.6609375 0.020370370370370372 0.0125
0 0.14027777777777778 0.6263020833333334 0.02314814814814815 0.0171875
0 0.14814814814814814 0.5088541666666666 0.024074074074074074 0.013541666666666667
0 0.11851851851851852 0.40911458333333334 0.02777777777777778 0.0140625
0 0.14583333333333334 0.3658854166666667 0.021296296296296296 0.011979166666666666
0 0.1564814814814815 0.34375 0.024074074074074074 0.015625
0 0.17500000000000002 0.36015625 0.022222222222222223 0.011979166666666666
0 0.3199074074074074 0.27447916666666666 0.012037037037037037 0.011458333333333333
0 0.3416666666666667 0.28098958333333335 0.024074074074074074 0.0203125
0 0.30648148148148147 0.3067708333333333 0.018518518518518517 0.017708333333333333
0 0.2814814814814815 0.3502604166666667 0.022222222222222223 0.018229166666666668
0 0.33611111111111114 0.3966145833333333 0.024074074074074074 0.01614583333333333
0 0.1837962962962963 0.59609375 0.019444444444444445 0.015104166666666667
0 0.3282407407407408 0.5828125 0.025 0.013541666666666667
0 0.4425925925925926 0.6338541666666666 0.018518518518518517 0.014583333333333334
0 0.49953703703703706 0.5861979166666667 0.02314814814814815 0.015104166666666667
0 0.5953703703703704 0.6302083333333334 0.024074074074074074 0.013541666666666667
0 0.5361111111111111 0.5325520833333334 0.016666666666666666 0.0109375
0 0.5069444444444444 0.496875 0.02314814814814815 0.0125
0 0.5175925925925926 0.44166666666666665 0.020370370370370372 0.015625
0 0.5388888888888889 0.48333333333333334 0.024074074074074074 0.010416666666666666
0 0.5722222222222223 0.515625 0.02592592592592593 0.015625
0 0.5564814814814815 0.4713541666666667 0.024074074074074074 0.013541666666666667
0 0.5240740740740741 0.36744791666666665 0.02592592592592593 0.0140625
0 0.5083333333333333 0.39739583333333334 0.020370370370370372 0.015625
0 0.48888888888888893 0.3333333333333333 0.024074074074074074 0.0125
0 0.4189814814814815 0.3536458333333333 0.026851851851851852 0.016666666666666666
0 0.4569444444444445 0.34765625 0.02314814814814815 0.015104166666666667
0 0.5444444444444445 0.2661458333333333 0.024074074074074074 0.016666666666666666
0 0.5550925925925926 0.23072916666666665 0.021296296296296296 0.017708333333333333
0 0.5185185185185185 0.18072916666666666 0.024074074074074074 0.016666666666666666
0 0.5615740740740741 0.12786458333333334 0.025 0.0140625
0 0.6078703703703704 0.39401041666666664 0.026851851851851852 0.0171875
0 0.5851851851851853 0.4 0.022222222222222223 0.013541666666666667
0 0.6 0.40859375 0.024074074074074074 0.013020833333333334
0 0.6217592592592592 0.40911458333333334 0.021296296296296296 0.0140625
0 0.6453703703703704 0.5091145833333334 0.024074074074074074 0.018229166666666668
0 0.6458333333333334 0.54140625 0.017592592592592594 0.0140625
0 0.48333333333333334 0.6833333333333333 0.016666666666666666 0.014583333333333334
0 0.7425925925925926 0.7763020833333333 0.022222222222222223 0.0171875
0 0.8675925925925926 0.8408854166666666 0.018518518518518517 0.0171875
0 0.8439814814814816 0.7291666666666666 0.028703703703703703 0.015625
0 0.75 0.6411458333333333 0.02777777777777778 0.014583333333333334
0 0.899537037037037 0.6307291666666667 0.015740740740740743 0.016666666666666666
0 0.8458333333333333 0.58515625 0.036111111111111115 0.019270833333333334
0 0.787962962962963 0.5572916666666666 0.02777777777777778 0.013541666666666667
0 0.7574074074074074 0.5885416666666666 0.024074074074074074 0.0125
0 0.9041666666666667 0.575 0.036111111111111115 0.015625
0 0.7814814814814816 0.50234375 0.02777777777777778 0.01614583333333333
0 0.8037037037037037 0.4765625 0.03518518518518519 0.015625
0 0.9171296296296296 0.47109375 0.030555555555555558 0.01614583333333333
0 0.825462962962963 0.42942708333333335 0.03981481481481482 0.019270833333333334
0 0.787962962962963 0.3640625 0.03333333333333333 0.0125
0 0.8291666666666667 0.3567708333333333 0.032407407407407406 0.017708333333333333
0 0.7388888888888889 0.32421875 0.024074074074074074 0.009895833333333333
0 0.8694444444444445 0.29661458333333335 0.020370370370370372 0.013020833333333334
0 0.9166666666666667 0.2526041666666667 0.031481481481481485 0.016666666666666666
0 0.8861111111111112 0.20364583333333333 0.02962962962962963 0.016666666666666666
0 0.30324074074074076 0.4309895833333333 0.021296296296296296 0.013020833333333334
0 0.3824074074074074 0.5390625 0.02592592592592593 0.0125
0 0.40740740740740744 0.5708333333333333 0.018518518518518517 0.013541666666666667
0 0.9625 0.2421875 0.028703703703703703 0.017708333333333333
0 0.9060185185185186 0.20104166666666667 0.02314814814814815 0.017708333333333333
0 0.9944444444444445 0.33828125 0.012962962962962964 0.01614583333333333
0 0.8736111111111111 0.3815104166666667 0.025 0.0140625
0 0.9402777777777778 0.5 0.028703703703703703 0.015625
0 0.9638888888888889 0.49713541666666666 0.020370370370370372 0.0109375
0 0.9476851851851852 0.5151041666666667 0.030555555555555558 0.014583333333333334
0 0.9916666666666667 0.5153645833333333 0.018518518518518517 0.013020833333333334
0 0.9662037037037038 0.5330729166666667 0.03425925925925926 0.0171875
0 0.9518518518518518 0.5901041666666667 0.024074074074074074 0.013541666666666667
0 0.9490740740740741 0.6872395833333333 0.02592592592592593 0.015104166666666667
0 0.9356481481481482 0.75 0.032407407407407406 0.014583333333333334
0 0.8189814814814815 0.6674479166666667 0.028703703703703703 0.0109375
0 0.875 0.5916666666666667 0.020370370370370372 0.011458333333333333
0 0.45555555555555555 0.31223958333333335 0.016666666666666666 0.0109375
0 0.4375 0.38229166666666664 0.01388888888888889 0.009375
0 0.21574074074074076 0.46380208333333334 0.020370370370370372 0.009895833333333333
0 0.17453703703703705 0.33828125 0.015740740740740743 0.0067708333333333336
0 0.16712962962962963 0.3299479166666667 0.01388888888888889 0.009895833333333333
0 0.22546296296296298 0.146875 0.021296296296296296 0.011458333333333333
0 0.600925925925926 0.36276041666666664 0.014814814814814815 0.0140625
