0 0.1212962962962963 0.08541666666666667 0.02777777777777778 0.020833333333333332
0 0.14675925925925926 0.09557291666666666 0.026851851851851852 0.0234375
0 0.13148148148148148 0.10572916666666667 0.022222222222222223 0.011458333333333333
0 0.15416666666666667 0.11432291666666666 0.025 0.019270833333333334
0 0.1726851851851852 0.17005208333333333 0.028703703703703703 0.0109375
0 0.1398148148148148 0.17239583333333333 0.020370370370370372 0.013541666666666667
0 0.006481481481481482 0.24244791666666665 0.009259259259259259 0.0171875
0 0.09351851851851853 0.24869791666666666 0.012962962962962964 0.0078125
0 0.14074074074074075 0.23046875 0.02592592592592593 0.0171875
0 0.008796296296296297 0.2950520833333333 0.01388888888888889 0.015104166666666667
0 0.013425925925925926 0.359375 0.02314814814814815 0.015625
0 0.01712962962962963 0.3872395833333333 0.025 0.013020833333333334
0 0.1287037037037037 0.29244791666666664 0.02962962962962963 0.01614583333333333
0 0.20046296296296298 0.2677083333333333 0.026851851851851852 0.016666666666666666
0 0.20185185185185187 0.22942708333333334 0.022222222222222223 0.0140625
0 0.18333333333333335 0.225 0.020370370370370372 0.0125
0 0.04120370370370371 0.6596354166666667 0.02314814814814815 0.013020833333333334
0 0.10925925925925926 0.6255208333333333 0.022222222222222223 0.016666666666666666
0 0.12037037037037038 0.5078125 0.024074074074074074 0.013541666666666667
0 0.08888888888888889 0.40781249999999997 0.02592592592592593 0.014583333333333334
0 0.11666666666666667 0.36432291666666666 0.022222222222222223 0.011979166666666666
0 0.1277777777777778 0.3424479166666667 0.024074074074074074 0.015104166666666667
0 0.14444444444444446 0.3578125 0.022222222222222223 0.0125
0 0.3106481481481482 0.2796875 0.025 0.021875
0 0.27870370370370373 0.3052083333333333 0.018518518518518517 0.017708333333333333
0 0.25416666666666665 0.34869791666666666 0.02314814814814815 0.018229166666666668
0 0.3074074074074074 0.3950520833333333 0.024074074074074074 0.01614583333333333
0 0.1513888888888889 0.5950520833333334 0.019444444444444445 0.0140625
0 0.2972222222222222 0.5817708333333333 0.02592592592592593 0.013541666666666667
0 0.41481481481481486 0.6325520833333333 0.018518518518518517 0.0140625
0 0.4712962962962963 0.5848958333333333 0.024074074074074074 0.015625
0 0.5671296296296297 0.62890625 0.02314814814814815 0.013020833333333334
0 0.5111111111111112 0.53125 0.018518518518518517 0.011458333333333333
0 0.47962962962962963 0.49583333333333335 0.024074074074074074 0.0125
0 0.4902777777777778 0.44088541666666664 0.021296296296296296 0.01614583333333333
0 0.512962962962963 0.4825520833333333 0.024074074074074074 0.0109375
0 0.5439814814814815 0.5145833333333333 0.025 0.015625
0 0.5300925925925926 0.4700520833333333 0.02314814814814815 0.013020833333333334
0 0.4930555555555556 0.36614583333333334 0.026851851851851852 0.014583333333333334
0 0.47962962962962963 0.3966145833333333 0.020370370370370372 0.0171875
0 0.4587962962962963 0.33151041666666664 0.02314814814814815 0.011979166666666666
0 0.38981481481481484 0.35234375 0.02592592592592593 0.01614583333333333
0 0.4287037037037037 0.3463541666666667 0.022222222222222223 0.015625
0 0.5175925925925926 0.26484375 0.024074074074074074 0.01614583333333333
0 0.5282407407407408 0.2296875 0.021296296296296296 0.017708333333333333
0 0.4916666666666667 0.1796875 0.02592592592592593 0.016666666666666666
0 0.5351851851851852 0.12630208333333334 0.024074074074074074 0.0140625
0 0.5819444444444445 0.39375 0.026851851851851852 0.015625
0 0.5587962962962963 0.3984375 0.02314814814814815 0.0125
0 0.5750000000000001 0.4075520833333333 0.024074074074074074 0.013020833333333334
0 0.5962962962962963 0.4083333333333333 0.022222222222222223 0.013541666666666667
0 0.6162037037037037 0.5106770833333333 0.02314814814814815 0.018229166666666668
0 0.6166666666666667 0.5411458333333333 0.014814814814814815 0.0125
0 0.45462962962962966 0.6825520833333333 0.016666666666666666 0.0140625
0 0.7083333333333334 0.77421875 0.024074074074074074 0.018229166666666668
0 0.8337962962962964 0.8385416666666666 0.017592592592592594 0.016666666666666666
0 0.8120370370370371 0.7270833333333333 0.02962962962962963 0.016666666666666666
0 0.7203703703703704 0.6395833333333333 0.02777777777777778 0.014583333333333334
0 0.8662037037037037 0.6294270833333333 0.015740740740740743 0.0171875
0 0.8097222222222222 0.5838541666666667 0.036111111111111115 0.01875
0 0.7527777777777778 0.5557291666666666 0.02777777777777778 0.013541666666666667
0 0.7324074074074074 0.5872395833333334 0.022222222222222223 0.011979166666666666
0 0.8736111111111111 0.5729166666666666 0.036111111111111115 0.016666666666666666
0 0.7476851851851852 0.50078125 0.026851851851851852 0.01614583333333333
0 0.7703703703703704 0.47578125 0.03518518518518519 0.015104166666666667
0 0.8861111111111112 0.46979166666666666 0.031481481481481485 0.016666666666666666
0 0.7907407407407407 0.4278645833333333 0.03888888888888889 0.019270833333333334
0 0.7555555555555555 0.36354166666666665 0.03333333333333333 0.0125
0 0.7958333333333334 0.35572916666666665 0.032407407407407406 0.017708333333333333
0 0.7134259259259259 0.32317708333333334 0.02314814814814815 0.009895833333333333
0 0.8407407407407408 0.29583333333333334 0.020370370370370372 0.0125
0 0.888888888888889 0.2526041666666667 0.031481481481481485 0.01875
0 0.8569444444444445 0.20286458333333332 0.030555555555555558 0.0171875
0 0.275 0.42994791666666665 0.020370370370370372 0.0140625
0 0.3523148148148148 0.5385416666666667 0.026851851851851852 0.0125
0 0.3805555555555556 0.5700520833333333 0.012962962962962964 0.013020833333333334
0 0.9944444444444445 0.25234375 0.011111111111111112 0.019270833333333334
0 0.9328703703703705 0.24114583333333334 0.028703703703703703 0.016666666666666666
0 0.5717592592592593 0.36171875 0.015740740740740743 0.0140625
0 0.8777777777777778 0.2 0.022222222222222223 0.017708333333333333
0 0.9768518518518519 0.33697916666666666 0.02962962962962963 0.015625
0 0.8648148148148148 0.3848958333333333 0.018518518518518517 0.010416666666666666
0 0.9087962962962963 0.4984375 0.028703703703703703 0.015625
0 0.9365740740740741 0.49635416666666665 0.02314814814814815 0.011458333333333333
0 0.9157407407407407 0.5143229166666666 0.02962962962962963 0.015104166666666667
0 0.9606481481481481 0.5143229166666666 0.02314814814814815 0.013020833333333334
0 0.9337962962962963 0.5317708333333333 0.032407407407407406 0.016666666666666666
0 0.9194444444444445 0.5893229166666667 0.024074074074074074 0.0140625
0 0.9212962962962963 0.6856770833333333 0.02592592592592593 0.015104166666666667
0 0.9037037037037038 0.7479166666666667 0.031481481481481485 0.014583333333333334
0 0.7856481481481482 0.6653645833333334 0.028703703703703703 0.01614583333333333
0 0.8453703703703704 0.5895833333333333 0.02592592592592593 0.013541666666666667
0 0.4277777777777778 0.3104166666666667 0.014814814814814815 0.011458333333333333
0 0.40925925925925927 0.3815104166666667 0.014814814814814815 0.008854166666666666
0 0.19166666666666668 0.6880208333333333 0.018518518518518517 0.011458333333333333
0 0.19074074074074074 0.46197916666666666 0.020370370370370372 0.010416666666666666
0 0.1486111111111111 0.33697916666666666 0.015740740740740743 0.007291666666666667
0 0.14120370370370372 0.32760416666666664 0.01388888888888889 0.009375
0 0.20694444444444446 0.12265625 0.021296296296296296 0.013020833333333334
0 0.20092592592592592 0.1453125 0.022222222222222223 0.011458333333333333
