0 0.8805555555555555 0.08541666666666667 0.02777777777777778 0.020833333333333332
0 0.8550925925925926 0.09557291666666666 0.026851851851851852 0.0234375
0 0.8703703703703703 0.10572916666666667 0.022222222222222223 0.011458333333333333
0 0.8476851851851852 0.11432291666666666 0.025 0.019270833333333334
0 0.8291666666666667 0.17005208333333333 0.028703703703703703 0.0109375
0 0.862037037037037 0.17239583333333333 0.020370370370370372 0.013541666666666667
0 0.9953703703703705 0.24244791666666665 0.009259259259259259 0.0171875
0 0.9083333333333333 0.24869791666666666 0.012962962962962964 0.0078125
0 0.8611111111111112 0.23046875 0.02592592592592593 0.0171875
0 0.9930555555555556 0.2950520833333333 0.01388888888888889 0.015104166666666667
0 0.9884259259259259 0.359375 0.02314814814814815 0.015625
0 0.9847222222222223 0.3872395833333333 0.025 0.013020833333333334
0 0.8731481481481482 0.29244791666666664 0.02962962962962963 0.01614583333333333
0 0.8013888888888889 0.2677083333333333 0.026851851851851852 0.016666666666666666
0 0.8 0.22942708333333334 0.022222222222222223 0.0140625
0 0.8185185185185185 0.225 0.020370370370370372 0.0125
0 0.9606481481481481 0.6596354166666667 0.02314814814814815 0.013020833333333334
0 0.8925925925925926 0.6255208333333333 0.022222222222222223 0.016666666666666666
0 0.8814814814814815 0.5078125 0.024074074074074074 0.013541666666666667
0 0.912962962962963 0.40781249999999997 0.02592592592592593 0.014583333333333334
0 0.8851851851851852 0.36432291666666666 0.022222222222222223 0.011979166666666666
0 0.8740740740740741 0.3424479166666667 0.024074074074074074 0.015104166666666667
0 0.8574074074074074 0.3578125 0.022222222222222223 0.0125
0 0.6912037037037038 0.2796875 0.025 0.021875
0 0.7231481481481482 0.3052083333333333 0.018518518518518517 0.017708333333333333
0 0.7476851851851852 0.34869791666666666 0.02314814814814815 0.018229166666666668
0 0.6944444444444444 0.3950520833333333 0.024074074074074074 0.01614583333333333
0 0.850462962962963 0.5950520833333334 0.019444444444444445 0.0140625
0 0.7046296296296296 0.5817708333333333 0.02592592592592593 0.013541666666666667
0 0.587037037037037 0.6325520833333333 0.018518518518518517 0.0140625
0 0.5305555555555556 0.5848958333333333 0.024074074074074074 0.015625
0 0.43472222222222223 0.62890625 0.02314814814814815 0.013020833333333334
0 0.49074074074074076 0.53125 0.018518518518518517 0.011458333333333333
0 0.5222222222222223 0.49583333333333335 0.024074074074074074 0.0125
0 0.5115740740740741 0.44088541666666664 0.021296296296296296 0.01614583333333333
0 0.48888888888888893 0.4825520833333333 0.024074074074074074 0.0109375
0 0.45787037037037037 0.5145833333333333 0.025 0.015625
0 0.47175925925925927 0.4700520833333333 0.02314814814814815 0.013020833333333334
0 0.5087962962962963 0.36614583333333334 0.026851851851851852 0.014583333333333334
0 0.5222222222222223 0.3966145833333333 0.020370370370370372 0.0171875
0 0.5430555555555556 0.33151041666666664 0.02314814814814815 0.011979166666666666
0 0.612037037037037 0.35234375 0.02592592592592593 0.01614583333333333
0 0.5731481481481482 0.3463541666666667 0.022222222222222223 0.015625
0 0.4842592592592593 0.26484375 0.024074074074074074 0.01614583333333333
0 0.47361111111111115 0.2296875 0.021296296296296296 0.017708333333333333
0 0.5101851851851852 0.1796875 0.02592592592592593 0.016666666666666666
0 0.4666666666666667 0.12630208333333334 0.024074074074074074 0.0140625
0 0.4199074074074074 0.39375 0.026851851851851852 0.015625
0 0.4430555555555556 0.3984375 0.02314814814814815 0.0125
0 0.42685185185185187 0.4075520833333333 0.024074074074074074 0.013020833333333334
0 0.40555555555555556 0.4083333333333333 0.022222222222222223 0.013541666666666667
0 0.3856481481481482 0.5106770833333333 0.02314814814814815 0.018229166666666668
0 0.3851851851851852 0.5411458333333333 0.014814814814814815 0.0125
0 0.5472222222222223 0.6825520833333333 0.016666666666666666 0.0140625
0 0.2935185185185185 0.77421875 0.024074074074074074 0.018229166666666668
0 0.16805555555555557 0.8385416666666666 0.017592592592592594 0.016666666666666666
0 0.18981481481481483 0.7270833333333333 0.02962962962962963 0.016666666666666666
0 0.2814814814814815 0.6395833333333333 0.02777777777777778 0.014583333333333334
0 0.13564814814814816 0.6294270833333333 0.015740740740740743 0.0171875
0 0.19212962962962965 0.5838541666666667 0.036111111111111115 0.01875
0 0.2490740740740741 0.5557291666666666 0.02777777777777778 0.013541666666666667
0 0.26944444444444443 0.5872395833333334 0.022222222222222223 0.011979166666666666
0 0.12824074074074074 0.5729166666666666 0.036111111111111115 0.016666666666666666
0 0.25416666666666665 0.50078125 0.026851851851851852 0.01614583333333333
0 0.23148148148148148 0.47578125 0.03518518518518519 0.015104166666666667
0 0.11574074074074074 0.46979166666666666 0.031481481481481485 0.016666666666666666
0 0.2111111111111111 0.4278645833333333 0.03888888888888889 0.019270833333333334
0 0.24629629629629632 0.36354166666666665 0.03333333333333333 0.0125
0 0.20601851851851852 0.35572916666666665 0.032407407407407406 0.017708333333333333
0 0.2884259259259259 0.32317708333333334 0.02314814814814815 0.009895833333333333
0 0.16111111111111112 0.29583333333333334 0.020370370370370372 0.0125
0 0.11296296296296297 0.2526041666666667 0.031481481481481485 0.01875
0 0.1449074074074074 0.20286458333333332 0.030555555555555558 0.0171875
0 0.7268518518518519 0.42994791666666665 0.020370370370370372 0.0140625
0 0.649537037037037 0.5385416666666667 0.026851851851851852 0.0125
0 0.6212962962962963 0.5700520833333333 0.012962962962962964 0.013020833333333334
0 0.006944444444444445 0.2520833333333333 0.012037037037037037 0.01875
0 0.06898148148148149 0.24114583333333334 0.028703703703703703 0.016666666666666666
0 0.4300925925925926 0.36171875 0.015740740740740743 0.0140625
0 0.12407407407407407 0.2 0.022222222222222223 0.017708333333333333
0 0.025 0.33697916666666666 0.02962962962962963 0.015625
0 0.13703703703703704 0.3848958333333333 0.018518518518518517 0.010416666666666666
0 0.09305555555555556 0.4984375 0.028703703703703703 0.015625
0 0.06527777777777778 0.49635416666666665 0.02314814814814815 0.011458333333333333
0 0.08611111111111111 0.5143229166666666 0.02962962962962963 0.015104166666666667
0 0.04120370370370371 0.5143229166666666 0.02314814814814815 0.013020833333333334
0 0.06805555555555556 0.5317708333333333 0.032407407407407406 0.016666666666666666
0 0.08240740740740742 0.5893229166666667 0.024074074074074074 0.0140625
0 0.08055555555555556 0.6856770833333333 0.02592592592592593 0.015104166666666667
0 0.09814814814814815 0.7479166666666667 0.031481481481481485 0.014583333333333334
0 0.2162037037037037 0.6653645833333334 0.028703703703703703 0.01614583333333333
0 0.1564814814814815 0.5895833333333333 0.02592592592592593 0.013541666666666667
0 0.5740740740740741 0.3104166666666667 0.014814814814814815 0.011458333333333333
0 0.5925925925925926 0.3815104166666667 0.014814814814814815 0.008854166666666666
0 0.8101851851851852 0.6880208333333333 0.018518518518518517 0.011458333333333333
0 0.8111111111111111 0.46197916666666666 0.020370370370370372 0.010416666666666666
0 0.8532407407407407 0.33697916666666666 0.015740740740740743 0.007291666666666667
0 0.8606481481481482 0.32760416666666664 0.01388888888888889 0.009375
0 0.7949074074074074 0.12265625 0.021296296296296296 0.013020833333333334
0 0.8009259259259259 0.1453125 0.022222222222222223 0.011458333333333333
