0 0.10601851851851853 0.08411458333333333 0.028703703703703703 0.0203125
0 0.13425925925925927 0.09401041666666667 0.02777777777777778 0.0234375
0 0.11712962962962964 0.10442708333333334 0.021296296296296296 0.011979166666666666
0 0.14166666666666666 0.11328125 0.02592592592592593 0.019270833333333334
0 0.16018518518518518 0.16901041666666666 0.02962962962962963 0.0109375
0 0.1277777777777778 0.17135416666666667 0.022222222222222223 0.013541666666666667
0 0.08148148148148149 0.24791666666666667 0.012962962962962964 0.008333333333333333
0 0.12731481481481483 0.22942708333333334 0.026851851851851852 0.0171875
0 0.007870370370370371 0.35963541666666665 0.012037037037037037 0.015104166666666667
0 0.010185185185185186 0.38671875 0.016666666666666666 0.013020833333333334
0 0.11574074074074074 0.29140625 0.02962962962962963 0.01614583333333333
0 0.1875 0.2669270833333333 0.026851851851851852 0.0171875
0 0.18935185185185185 0.22916666666666666 0.02314814814814815 0.014583333333333334
0 0.1726851851851852 0.22447916666666667 0.021296296296296296 0.0125
0 0.030555555555555558 0.659375 0.020370370370370372 0.013541666666666667
0 0.0976851851851852 0.6255208333333333 0.02314814814814815 0.016666666666666666
0 0.10740740740740741 0.5072916666666667 0.024074074074074074 0.013541666666666667
0 0.075 0.40729166666666666 0.02592592592592593 0.014583333333333334
0 0.10416666666666667 0.36328125 0.021296296296296296 0.011979166666666666
0 0.11527777777777778 0.3416666666666667 0.025 0.015625
0 0.13240740740740742 0.3580729166666667 0.020370370370370372 0.013020833333333334
0 0.2976851851851852 0.2791666666666667 0.025 0.021875
0 0.26666666666666666 0.30442708333333335 0.018518518518518517 0.0171875
0 0.2425925925925926 0.3484375 0.024074074074074074 0.01875
0 0.2953703703703704 0.39427083333333335 0.024074074074074074 0.015625
0 0.13796296296296298 0.5947916666666666 0.018518518518518517 0.014583333333333334
0 0.2851851851851852 0.5817708333333333 0.02592592592592593 0.013541666666666667
0 0.40324074074074073 0.6325520833333333 0.019444444444444445 0.0140625
0 0.45972222222222225 0.5846354166666666 0.025 0.01614583333333333
0 0.5564814814814815 0.6283854166666667 0.024074074074074074 0.013020833333333334
0 0.5 0.5309895833333333 0.016666666666666666 0.0109375
0 0.46851851851851856 0.49583333333333335 0.024074074074074074 0.0125
0 0.4791666666666667 0.440625 0.02314814814814815 0.015625
0 0.5023148148148149 0.48203124999999997 0.02314814814814815 0.0109375
0 0.5319444444444444 0.5143229166666666 0.025 0.01614583333333333
0 0.5189814814814815 0.4700520833333333 0.025 0.013020833333333334
0 0.4800925925925926 0.36614583333333334 0.026851851851851852 0.014583333333333334
0 0.4689814814814815 0.3963541666666667 0.019444444444444445 0.016666666666666666
0 0.4467592592592593 0.33125 0.02314814814814815 0.011458333333333333
0 0.37824074074074077 0.3515625 0.026851851851851852 0.016666666666666666
0 0.41620370370370374 0.34609375 0.02314814814814815 0.015104166666666667
0 0.5074074074074074 0.26458333333333334 0.024074074074074074 0.016666666666666666
0 0.5175925925925926 0.22916666666666666 0.020370370370370372 0.017708333333333333
0 0.4810185185185185 0.17864583333333334 0.025 0.016666666666666666
0 0.524537037037037 0.12630208333333334 0.025 0.0140625
0 0.5708333333333333 0.39348958333333334 0.026851851851851852 0.01614583333333333
0 0.5476851851851852 0.3984375 0.02314814814814815 0.0125
0 0.5638888888888889 0.40729166666666666 0.024074074074074074 0.0125
0 0.5861111111111111 0.4080729166666667 0.022222222222222223 0.0140625
0 0.6032407407407407 0.51015625 0.02314814814814815 0.019270833333333334
0 0.6041666666666667 0.5408854166666667 0.01388888888888889 0.011979166666666666
0 0.4430555555555556 0.6817708333333333 0.015740740740740743 0.014583333333333334
0 0.6953703703703704 0.7744791666666666 0.024074074074074074 0.01875
0 0.8203703703703704 0.8380208333333333 0.020370370370370372 0.016666666666666666
0 0.800462962962963 0.7265625 0.030555555555555558 0.016666666666666666
0 0.7083333333333334 0.6395833333333333 0.02777777777777778 0.014583333333333334
0 0.8537037037037037 0.6291666666666667 0.016666666666666666 0.016666666666666666
0 0.7958333333333334 0.58359375 0.036111111111111115 0.019270833333333334
0 0.7398148148148148 0.5552083333333333 0.02777777777777778 0.013541666666666667
0 0.7217592592592593 0.5869791666666666 0.021296296296296296 0.011458333333333333
0 0.8601851851851852 0.57265625 0.03518518518518519 0.01614583333333333
0 0.7347222222222223 0.5002604166666667 0.025 0.01614583333333333
0 0.7583333333333334 0.4752604166666667 0.03333333333333333 0.01614583333333333
0 0.8745370370370371 0.46953125 0.032407407407407406 0.01614583333333333
0 0.7768518518518519 0.4283854166666667 0.03888888888888889 0.019270833333333334
0 0.7430555555555556 0.36276041666666664 0.03425925925925926 0.011979166666666666
0 0.7828703703703704 0.35572916666666665 0.032407407407407406 0.017708333333333333
0 0.7023148148148148 0.3229166666666667 0.02314814814814815 0.010416666666666666
0 0.8291666666666667 0.29635416666666664 0.019444444444444445 0.013541666666666667
0 0.8763888888888889 0.2526041666666667 0.032407407407407406 0.019791666666666666
0 0.8462962962962963 0.20286458333333332 0.02962962962962963 0.01614583333333333
0 0.26342592592592595 0.42890625 0.02314814814814815 0.013020833333333334
0 0.33935185185185185 0.53828125 0.025 0.011979166666666666
0 0.9893518518518519 0.25286458333333334 0.021296296296296296 0.0203125
0 0.9208333333333334 0.24114583333333334 0.028703703703703703 0.016666666666666666
0 0.8671296296296297 0.2 0.021296296296296296 0.017708333333333333
0 0.9652777777777778 0.33671875 0.030555555555555558 0.01614583333333333
0 0.8717592592592593 0.38307291666666665 0.01388888888888889 0.008854166666666666
0 0.8962962962962964 0.4984375 0.02777777777777778 0.015625
0 0.9263888888888889 0.49557291666666664 0.025 0.0109375
0 0.9037037037037038 0.5140625 0.02962962962962963 0.014583333333333334
0 0.9476851851851852 0.5140625 0.02314814814814815 0.013541666666666667
0 0.9208333333333334 0.5315104166666667 0.032407407407407406 0.0171875
0 0.9064814814814816 0.5888020833333333 0.024074074074074074 0.0140625
0 0.9087962962962963 0.6854166666666667 0.026851851851851852 0.014583333333333334
0 0.8902777777777778 0.7479166666666667 0.030555555555555558 0.014583333333333334
0 0.7726851851851853 0.6645833333333333 0.026851851851851852 0.015625
0 0.8351851851851853 0.5888020833333333 0.02592592592592593 0.013020833333333334
0 0.41481481481481486 0.30833333333333335 0.012962962962962964 0.009375
0 0.39722222222222225 0.3809895833333333 0.014814814814814815 0.008854166666666666
0 0.17962962962962964 0.6877604166666667 0.018518518518518517 0.011979166666666666
0 0.1800925925925926 0.46171875 0.019444444444444445 0.009895833333333333
0 0.13703703703703704 0.33697916666666666 0.014814814814814815 0.007291666666666667
0 0.12962962962962962 0.32708333333333334 0.014814814814814815 0.009375
0 0.1962962962962963 0.121875 0.022222222222222223 0.0125
0 0.18935185185185185 0.14401041666666667 0.021296296296296296 0.0109375
0 0.5597222222222222 0.36171875 0.01388888888888889 0.0140625
