0 0.9092592592592593 0.0828125 0.02962962962962963 0.020833333333333332
0 0.8824074074074074 0.09322916666666667 0.02777777777777778 0.02395833333333333
0 0.8976851851851853 0.10390624999999999 0.021296296296296296 0.011979166666666666
0 0.8745370370370371 0.11171874999999999 0.025 0.019270833333333334
0 0.8537037037037037 0.16796875 0.02962962962962963 0.0109375
0 0.8875000000000001 0.1703125 0.02314814814814815 0.013541666666666667
0 0.9324074074074075 0.24713541666666666 0.012962962962962964 0.0078125
0 0.8875000000000001 0.22864583333333333 0.026851851851851852 0.017708333333333333
0 0.8986111111111111 0.2908854166666667 0.028703703703703703 0.01614583333333333
0 0.826388888888889 0.26588541666666665 0.026851851851851852 0.0171875
0 0.8226851851851852 0.22734374999999998 0.017592592592592594 0.013020833333333334
0 0.8407407407407408 0.22291666666666665 0.024074074074074074 0.011458333333333333
0 0.9810185185185185 0.6588541666666666 0.019444444444444445 0.014583333333333334
0 0.9162037037037037 0.6255208333333333 0.02314814814814815 0.016666666666666666
0 0.9060185185185186 0.5067708333333333 0.025 0.013541666666666667
0 0.938425925925926 0.40729166666666666 0.026851851851851852 0.014583333333333334
0 0.9097222222222222 0.36302083333333335 0.021296296296296296 0.011458333333333333
0 0.8986111111111111 0.3411458333333333 0.025 0.015625
0 0.8819444444444445 0.35625 0.021296296296296296 0.011458333333333333
0 0.7180555555555556 0.27734375 0.025 0.021354166666666667
0 0.7486111111111111 0.3033854166666667 0.017592592592592594 0.0171875
0 0.7717592592592593 0.3484375 0.02314814814814815 0.020833333333333332
0 0.7185185185185186 0.39375 0.024074074074074074 0.015625
0 0.8763888888888889 0.5942708333333333 0.017592592592592594 0.014583333333333334
0 0.7291666666666667 0.58125 0.026851851851851852 0.013541666666666667
0 0.6106481481481482 0.6322916666666667 0.017592592592592594 0.013541666666666667
0 0.5537037037037037 0.5841145833333333 0.024074074074074074 0.01614583333333333
0 0.45787037037037037 0.628125 0.02314814814814815 0.013541666666666667
0 0.5143518518518518 0.5307291666666667 0.015740740740740743 0.011458333333333333
0 0.5444444444444445 0.4953125 0.024074074074074074 0.0125
0 0.5347222222222222 0.43984375 0.02314814814814815 0.01614583333333333
0 0.5111111111111112 0.48125 0.024074074074074074 0.010416666666666666
0 0.48194444444444445 0.5138020833333333 0.026851851851851852 0.01614583333333333
0 0.49444444444444446 0.4692708333333333 0.024074074074074074 0.013541666666666667
0 0.5351851851851852 0.3653645833333333 0.02777777777777778 0.0140625
0 0.5449074074074074 0.39609375 0.021296296296296296 0.01614583333333333
0 0.5685185185185185 0.33046875 0.024074074074074074 0.0109375
0 0.6356481481481482 0.35104166666666664 0.026851851851851852 0.016666666666666666
0 0.5972222222222222 0.3458333333333333 0.022222222222222223 0.014583333333333334
0 0.5064814814814815 0.2635416666666667 0.024074074074074074 0.016666666666666666
0 0.4962962962962963 0.22864583333333333 0.022222222222222223 0.017708333333333333
0 0.5337962962962963 0.17786458333333333 0.025 0.0171875
0 0.4898148148148148 0.12473958333333333 0.024074074074074074 0.0140625
0 0.4416666666666667 0.3927083333333333 0.02777777777777778 0.015625
0 0.46620370370370373 0.39765625 0.02314814814814815 0.013020833333333334
0 0.44907407407407407 0.40651041666666665 0.024074074074074074 0.013020833333333334
0 0.42685185185185187 0.40729166666666666 0.022222222222222223 0.014583333333333334
0 0.40972222222222227 0.509375 0.02314814814814815 0.019791666666666666
0 0.40972222222222227 0.5411458333333333 0.01388888888888889 0.010416666666666666
0 0.5699074074074074 0.6817708333333333 0.015740740740740743 0.014583333333333334
0 0.3194444444444445 0.77265625 0.024074074074074074 0.018229166666666668
0 0.19490740740740742 0.8369791666666666 0.019444444444444445 0.016666666666666666
0 0.2138888888888889 0.7255208333333333 0.02962962962962963 0.016666666666666666
0 0.30648148148148147 0.6390625 0.02777777777777778 0.014583333333333334
0 0.16111111111111112 0.6283854166666667 0.016666666666666666 0.01614583333333333
0 0.21944444444444444 0.5828125 0.03518518518518519 0.01875
0 0.2763888888888889 0.5552083333333333 0.028703703703703703 0.013541666666666667
0 0.29074074074074074 0.5859375 0.022222222222222223 0.011458333333333333
0 0.15416666666666667 0.571875 0.03425925925925926 0.016666666666666666
0 0.28101851851851856 0.5002604166666667 0.025 0.01614583333333333
0 0.25787037037037036 0.4747395833333333 0.03425925925925926 0.0171875
0 0.14027777777777778 0.46901041666666665 0.032407407407407406 0.01614583333333333
0 0.2388888888888889 0.4278645833333333 0.03888888888888889 0.019270833333333334
0 0.26990740740740743 0.36223958333333334 0.030555555555555558 0.011979166666666666
0 0.23287037037037037 0.35494791666666664 0.032407407407407406 0.0171875
0 0.3111111111111111 0.3223958333333333 0.022222222222222223 0.010416666666666666
0 0.18472222222222223 0.2955729166666667 0.021296296296296296 0.0140625
0 0.13703703703703704 0.25234375 0.031481481481481485 0.019270833333333334
0 0.16712962962962963 0.20234375 0.030555555555555558 0.0171875
0 0.750462962962963 0.428125 0.021296296296296296 0.014583333333333334
0 0.674537037037037 0.53828125 0.026851851851851852 0.011979166666666666
0 0.022685185185185187 0.2520833333333333 0.025 0.01875
0 0.09398148148148149 0.240625 0.028703703703703703 0.016666666666666666
0 0.14583333333333334 0.19973958333333333 0.021296296296296296 0.018229166666666668
0 0.04953703703703704 0.33671875 0.030555555555555558 0.01614583333333333
0 0.1388888888888889 0.3859375 0.009259259259259259 0.009375
0 0.11898148148148148 0.4973958333333333 0.028703703703703703 0.015625
0 0.09027777777777778 0.4953125 0.02314814814814815 0.011458333333333333
0 0.11203703703703705 0.5135416666666667 0.02962962962962963 0.014583333333333334
0 0.06712962962962964 0.5140625 0.02314814814814815 0.013541666666666667
0 0.09444444444444444 0.53125 0.031481481481481485 0.016666666666666666
0 0.1087962962962963 0.5880208333333333 0.02314814814814815 0.014583333333333334
0 0.1050925925925926 0.6841145833333333 0.026851851851851852 0.015104166666666667
0 0.12453703703703704 0.7471354166666666 0.030555555555555558 0.0140625
0 0.006481481481481482 0.82890625 0.011111111111111112 0.019270833333333334
0 0.24212962962962964 0.6643229166666667 0.026851851851851852 0.015104166666666667
0 0.17824074074074076 0.5885416666666666 0.025 0.013541666666666667
0 0.6 0.30703125 0.011111111111111112 0.0078125
0 0.6162037037037037 0.38046875 0.015740740740740743 0.008854166666666666
0 0.8328703703703704 0.6888020833333334 0.017592592592592594 0.013020833333333334
0 0.8324074074074075 0.4609375 0.018518518518518517 0.010416666666666666
0 0.875462962962963 0.33619791666666665 0.015740740740740743 0.0067708333333333336
0 0.8837962962962963 0.3265625 0.015740740740740743 0.009375
0 0.8180555555555555 0.12083333333333333 0.02314814814814815 0.013541666666666667
0 0.8231481481481482 0.14270833333333333 0.022222222222222223 0.011458333333333333
0 0.4532407407407408 0.3609375 0.01388888888888889 0.013541666666666667
