0 0.9768518518518519 0.075 0.02962962962962963 0.020833333333333332
0 0.9486111111111112 0.08515625 0.030555555555555558 0.0234375
0 0.9625 0.09583333333333333 0.021296296296296296 0.011458333333333333
0 0.9393518518518519 0.10286458333333333 0.025 0.018229166666666668
0 0.9111111111111111 0.16119791666666666 0.031481481481481485 0.011979166666666666
0 0.9476851851851852 0.16302083333333334 0.021296296296296296 0.0125
0 0.9481481481481482 0.22291666666666665 0.02962962962962963 0.01875
0 0.9569444444444445 0.2856770833333333 0.030555555555555558 0.0171875
0 0.8837962962962963 0.2609375 0.028703703703703703 0.017708333333333333
0 0.8782407407407408 0.22213541666666667 0.017592592592592594 0.013020833333333334
0 0.8939814814814815 0.21770833333333334 0.019444444444444445 0.0125
0 0.9736111111111111 0.6231770833333333 0.02314814814814815 0.01614583333333333
0 0.9592592592592593 0.50390625 0.02777777777777778 0.0140625
0 0.9907407407407408 0.4036458333333333 0.018518518518518517 0.014583333333333334
0 0.9666666666666667 0.35833333333333334 0.020370370370370372 0.011458333333333333
0 0.9569444444444445 0.33619791666666665 0.025 0.01614583333333333
0 0.938425925925926 0.3528645833333333 0.017592592592592594 0.0140625
0 0.7796296296296297 0.271875 0.02777777777777778 0.020833333333333332
0 0.8069444444444445 0.2981770833333333 0.015740740740740743 0.0171875
0 0.825462962962963 0.34322916666666664 0.025 0.019791666666666666
0 0.7712962962962964 0.39036458333333335 0.024074074074074074 0.01614583333333333
0 0.7865740740740741 0.5786458333333333 0.026851851851851852 0.013541666666666667
0 0.6643518518518519 0.6286458333333333 0.017592592592592594 0.013541666666666667
0 0.6060185185185185 0.5802083333333333 0.019444444444444445 0.017708333333333333
0 0.5087962962962963 0.6239583333333333 0.02314814814814815 0.013541666666666667
0 0.5638888888888889 0.5270833333333333 0.014814814814814815 0.010416666666666666
0 0.5953703703703704 0.49166666666666664 0.024074074074074074 0.0125
0 0.587962962962963 0.4361979166666667 0.02592592592592593 0.01614583333333333
0 0.5620370370370371 0.47760416666666666 0.022222222222222223 0.010416666666666666
0 0.5356481481481482 0.5104166666666666 0.026851851851851852 0.015625
0 0.5462962962962963 0.4653645833333333 0.024074074074074074 0.013020833333333334
0 0.5949074074074074 0.3614583333333333 0.028703703703703703 0.014583333333333334
0 0.5990740740740741 0.390625 0.018518518518518517 0.015625
0 0.6277777777777778 0.32578125 0.022222222222222223 0.0109375
0 0.6898148148148149 0.346875 0.02777777777777778 0.016666666666666666
0 0.6537037037037037 0.34140625 0.024074074074074074 0.0140625
0 0.5587962962962963 0.25807291666666665 0.02314814814814815 0.0171875
0 0.5481481481481482 0.22291666666666665 0.022222222222222223 0.017708333333333333
0 0.5875 0.17213541666666665 0.025 0.0171875
0 0.5444444444444445 0.11875 0.022222222222222223 0.013541666666666667
0 0.49259259259259264 0.3885416666666667 0.02777777777777778 0.016666666666666666
0 0.5157407407407407 0.39401041666666664 0.024074074074074074 0.013020833333333334
0 0.4981481481481482 0.4028645833333333 0.024074074074074074 0.013020833333333334
0 0.475462962962963 0.40338541666666666 0.02314814814814815 0.0140625
0 0.46574074074074073 0.50546875 0.024074074074074074 0.021354166666666667
0 0.6226851851851852 0.678125 0.01388888888888889 0.014583333333333334
0 0.37222222222222223 0.76875 0.02777777777777778 0.017708333333333333
0 0.25462962962962965 0.83046875 0.022222222222222223 0.0171875
0 0.27037037037037037 0.7208333333333333 0.02962962962962963 0.016666666666666666
0 0.3615740740740741 0.634375 0.028703703703703703 0.014583333333333334
0 0.22175925925925927 0.6221354166666666 0.017592592592592594 0.018229166666666668
0 0.2865740740740741 0.5783854166666667 0.03425925925925926 0.018229166666666668
0 0.33935185185185185 0.5510416666666667 0.028703703703703703 0.014583333333333334
0 0.21064814814814817 0.5674479166666666 0.030555555555555558 0.0171875
0 0.3388888888888889 0.49557291666666664 0.02962962962962963 0.018229166666666668
0 0.3189814814814815 0.46822916666666664 0.030555555555555558 0.021875
0 0.19351851851851853 0.46510416666666665 0.024074074074074074 0.014583333333333334
0 0.3037037037037037 0.4231770833333333 0.037037037037037035 0.019270833333333334
0 0.33101851851851855 0.3572916666666667 0.032407407407407406 0.011458333333333333
0 0.2949074074074074 0.3497395833333333 0.028703703703703703 0.01614583333333333
0 0.36203703703703705 0.31796875 0.020370370370370372 0.009895833333333333
0 0.23935185185185187 0.2911458333333333 0.021296296296296296 0.015625
0 0.18888888888888888 0.24713541666666666 0.02962962962962963 0.018229166666666668
0 0.22222222222222224 0.19661458333333334 0.02962962962962963 0.0171875
0 0.8046296296296297 0.42526041666666664 0.020370370370370372 0.015104166666666667
0 0.7310185185185185 0.5359375 0.026851851851851852 0.011458333333333333
0 0.6717592592592593 0.5653645833333333 0.017592592592592594 0.013020833333333334
0 0.07824074074074075 0.24661458333333333 0.025 0.018229166666666668
0 0.15185185185185185 0.23489583333333333 0.02777777777777778 0.016666666666666666
0 0.20046296296296298 0.19427083333333334 0.021296296296296296 0.017708333333333333
0 0.10462962962962963 0.33177083333333335 0.02777777777777778 0.015625
0 0.2240740740740741 0.36796875 0.016666666666666666 0.011979166666666666
0 0.19722222222222224 0.3809895833333333 0.016666666666666666 0.0109375
0 0.19722222222222224 0.3809895833333333 0.016666666666666666 0.0109375
0 0.1787037037037037 0.49322916666666666 0.02777777777777778 0.015625
0 0.15 0.49140625 0.022222222222222223 0.009895833333333333
0 0.1712962962962963 0.5088541666666666 0.02777777777777778 0.014583333333333334
0 0.12916666666666668 0.509375 0.02314814814814815 0.0125
0 0.1550925925925926 0.5265625 0.028703703703703703 0.016666666666666666
0 0.16944444444444445 0.5833333333333334 0.024074074074074074 0.014583333333333334
0 0.1615740740740741 0.6791666666666667 0.026851851851851852 0.014583333333333334
0 0.1837962962962963 0.74140625 0.030555555555555558 0.0140625
0 0.1287037037037037 0.7729166666666667 0.018518518518518517 0.01875
0 0.05740740740740741 0.8213541666666666 0.03518518518518519 0.022916666666666665
0 0.300462962962963 0.6604166666666667 0.026851851851851852 0.013541666666666667
0 0.23055555555555557 0.5841145833333333 0.022222222222222223 0.0140625
0 0.6421296296296296 0.30572916666666666 0.012037037037037037 0.008333333333333333
0 0.6708333333333334 0.37578125 0.017592592592592594 0.009895833333333333
0 0.8819444444444445 0.6838541666666667 0.015740740740740743 0.013541666666666667
0 0.8819444444444445 0.45703125 0.019444444444444445 0.0109375
0 0.9273148148148148 0.33151041666666664 0.017592592592592594 0.0078125
0 0.9347222222222222 0.3221354166666667 0.015740740740740743 0.008854166666666666
0 0.8671296296296297 0.11354166666666667 0.021296296296296296 0.013541666666666667
0 0.8731481481481482 0.13645833333333332 0.022222222222222223 0.0125
0 0.5083333333333333 0.3572916666666667 0.014814814814814815 0.014583333333333334
