0 0.7023148148148148 0.013541666666666667 0.032407407407407406 0.026041666666666668
0 0.6787037037037037 0.02786458333333333 0.02962962962962963 0.028645833333333332
0 0.7023148148148148 0.038802083333333334 0.025 0.018229166666666668
0 0.6870370370370371 0.053906249999999996 0.024074074074074074 0.018229166666666668
0 0.7046296296296296 0.1875 0.02592592592592593 0.020833333333333332
0 0.7833333333333333 0.21119791666666665 0.022222222222222223 0.0140625
0 0.8810185185185185 0.2 0.028703703703703703 0.016666666666666666
0 0.8773148148148149 0.26197916666666665 0.025 0.015625
0 0.8472222222222222 0.2421875 0.020370370370370372 0.014583333333333334
0 0.8717592592592593 0.3377604166666667 0.030555555555555558 0.018229166666666668
0 0.8578703703703704 0.3684895833333333 0.028703703703703703 0.01614583333333333
0 0.9175925925925926 0.40703125 0.03333333333333333 0.0171875
0 0.9333333333333333 0.45468749999999997 0.03333333333333333 0.016666666666666666
0 0.7731481481481481 0.3932291666666667 0.02777777777777778 0.016666666666666666
0 0.7430555555555556 0.3463541666666667 0.026851851851851852 0.015625
0 0.7314814814814815 0.31796875 0.02592592592592593 0.01614583333333333
0 0.725 0.2598958333333333 0.02592592592592593 0.015625
0 0.8453703703703704 0.5333333333333333 0.020370370370370372 0.011458333333333333
0 0.7439814814814815 0.5083333333333333 0.019444444444444445 0.011458333333333333
0 0.6944444444444444 0.7369791666666666 0.024074074074074074 0.015625
0 0.6768518518518519 0.6083333333333333 0.02962962962962963 0.017708333333333333
0 0.6375000000000001 0.5869791666666666 0.026851851851851852 0.014583333333333334
0 0.7462962962962963 0.6450520833333333 0.031481481481481485 0.0140625
0 0.5120370370370371 0.5932291666666667 0.02592592592592593 0.015625
0 0.4527777777777778 0.5440104166666666 0.02777777777777778 0.0171875
0 0.39537037037037037 0.6497395833333334 0.024074074074074074 0.01614583333333333
0 0.4814814814814815 0.5791666666666666 0.018518518518518517 0.008333333333333333
0 0.437962962962963 0.4666666666666667 0.016666666666666666 0.015625
0 0.562962962962963 0.4197916666666667 0.016666666666666666 0.015625
0 0.7495370370370371 0.4278645833333333 0.017592592592592594 0.015104166666666667
0 0.5287037037037037 0.38177083333333334 0.02777777777777778 0.015625
0 0.5976851851851852 0.328125 0.028703703703703703 0.013541666666666667
0 0.6430555555555556 0.23307291666666666 0.028703703703703703 0.019270833333333334
0 0.6064814814814815 0.275 0.020370370370370372 0.016666666666666666
0 0.5555555555555556 0.278125 0.024074074074074074 0.019791666666666666
0 0.5787037037037037 0.2838541666666667 0.022222222222222223 0.013541666666666667
0 0.5314814814814816 0.24140625 0.024074074074074074 0.015104166666666667
0 0.5240740740740741 0.25364583333333335 0.022222222222222223 0.014583333333333334
0 0.49583333333333335 0.24453125 0.032407407407407406 0.0171875
0 0.7439814814814815 0.30364583333333334 0.012037037037037037 0.008333333333333333
0 0.3995370370370371 0.2872395833333333 0.028703703703703703 0.0109375
0 0.4236111111111111 0.3328125 0.028703703703703703 0.017708333333333333
0 0.4027777777777778 0.32447916666666665 0.018518518518518517 0.013541666666666667
0 0.3814814814814815 0.32526041666666666 0.022222222222222223 0.015104166666666667
0 0.36342592592592593 0.3216145833333333 0.017592592592592594 0.0109375
0 0.27314814814814814 0.0828125 0.02592592592592593 0.016666666666666666
0 0.32083333333333336 0.13958333333333334 0.028703703703703703 0.017708333333333333
0 0.2828703703703704 0.19765625 0.025 0.019270833333333334
0 0.2986111111111111 0.2375 0.026851851851851852 0.017708333333333333
0 0.3236111111111111 0.3067708333333333 0.032407407407407406 0.015625
0 0.27222222222222225 0.34661458333333334 0.03333333333333333 0.01614583333333333
0 0.32916666666666666 0.38229166666666664 0.026851851851851852 0.01875
0 0.23055555555555557 0.38203125 0.022222222222222223 0.013020833333333334
0 0.25601851851851853 0.38776041666666666 0.021296296296296296 0.011979166666666666
0 0.2439814814814815 0.3966145833333333 0.025 0.015104166666666667
0 0.22222222222222224 0.39739583333333334 0.022222222222222223 0.015625
0 0.32592592592592595 0.4341145833333333 0.02592592592592593 0.01614583333333333
0 0.27685185185185185 0.46588541666666666 0.02777777777777778 0.0140625
0 0.3050925925925926 0.48046875 0.025 0.011979166666666666
0 0.3337962962962963 0.4947916666666667 0.025 0.013541666666666667
0 0.2263888888888889 0.48359375 0.019444444444444445 0.009895833333333333
0 0.15972222222222224 0.51015625 0.021296296296296296 0.0171875
0 0.24953703703703706 0.5169270833333334 0.032407407407407406 0.01614583333333333
0 0.3111111111111111 0.5330729166666667 0.020370370370370372 0.015104166666666667
0 0.3365740740740741 0.5953125 0.021296296296296296 0.016666666666666666
0 0.22731481481481483 0.64375 0.028703703703703703 0.015625
0 0.1564814814814815 0.5442708333333334 0.020370370370370372 0.015625
0 0.08333333333333334 0.5932291666666667 0.02592592592592593 0.014583333333333334
0 0.05740740740740741 0.5986979166666666 0.02592592592592593 0.015104166666666667
0 0.3560185185185185 0.703125 0.02314814814814815 0.01875
0 0.05462962962962963 0.40911458333333334 0.02592592592592593 0.015104166666666667
0 0.1425925925925926 0.340625 0.016666666666666666 0.013541666666666667
0 0.1300925925925926 0.3489583333333333 0.015740740740740743 0.015625
0 0.4203703703703704 0.49140625 0.020370370370370372 0.013020833333333334
0 0.6361111111111112 0.28984375 0.024074074074074074 0.01614583333333333
0 0.6861111111111111 0.075 0.020370370370370372 0.015625
0 0.08842592592592594 0.3065104166666667 0.025 0.013020833333333334
0 0.6851851851851852 0.45651041666666664 0.022222222222222223 0.011979166666666666
