0 0.2638888888888889 0.016927083333333332 0.03888888888888889 0.028645833333333332
0 0.2884259259259259 0.03125 0.032407407407407406 0.027083333333333334
0 0.2652777777777778 0.0421875 0.025 0.01875
0 0.28194444444444444 0.05755208333333333 0.025 0.018229166666666668
0 0.2652777777777778 0.18958333333333333 0.026851851851851852 0.020833333333333332
0 0.1902777777777778 0.21302083333333333 0.021296296296296296 0.013541666666666667
0 0.09027777777777778 0.20182291666666666 0.028703703703703703 0.018229166666666668
0 0.09351851851851853 0.26458333333333334 0.02592592592592593 0.01875
0 0.12314814814814816 0.24427083333333333 0.020370370370370372 0.013541666666666667
0 0.10092592592592593 0.33880208333333334 0.031481481481481485 0.018229166666666668
0 0.1125 0.3690104166666667 0.030555555555555558 0.0171875
0 0.04861111111111111 0.4075520833333333 0.03425925925925926 0.018229166666666668
0 0.029166666666666667 0.4552083333333333 0.032407407407407406 0.016666666666666666
0 0.19768518518518519 0.39427083333333335 0.030555555555555558 0.016666666666666666
0 0.22777777777777777 0.34661458333333334 0.02777777777777778 0.0140625
0 0.24074074074074076 0.31953125 0.02777777777777778 0.0171875
0 0.24537037037037038 0.26145833333333335 0.02777777777777778 0.016666666666666666
0 0.1287037037037037 0.5341145833333333 0.020370370370370372 0.013020833333333334
0 0.22731481481481483 0.5080729166666667 0.02314814814814815 0.0140625
0 0.2777777777777778 0.7377604166666667 0.03518518518518519 0.011979166666666666
0 0.2902777777777778 0.6078125 0.032407407407407406 0.017708333333333333
0 0.3300925925925926 0.58671875 0.026851851851851852 0.015104166666666667
0 0.22268518518518518 0.64453125 0.030555555555555558 0.0140625
0 0.45462962962962966 0.5919270833333333 0.02777777777777778 0.015104166666666667
0 0.5148148148148148 0.5434895833333333 0.024074074074074074 0.0171875
0 0.5745370370370371 0.6486979166666667 0.02314814814814815 0.01614583333333333
0 0.48935185185185187 0.5791666666666666 0.012037037037037037 0.008333333333333333
0 0.5305555555555556 0.46640624999999997 0.018518518518518517 0.015104166666666667
0 0.4083333333333333 0.4197916666666667 0.018518518518518517 0.015625
0 0.2263888888888889 0.42890625 0.019444444444444445 0.015104166666666667
0 0.4430555555555556 0.38177083333333334 0.028703703703703703 0.016666666666666666
0 0.375 0.32916666666666666 0.024074074074074074 0.015625
0 0.3282407407407408 0.234375 0.026851851851851852 0.019791666666666666
0 0.3652777777777778 0.2760416666666667 0.02314814814814815 0.015625
0 0.41481481481481486 0.2791666666666667 0.024074074074074074 0.019791666666666666
0 0.3944444444444445 0.28515625 0.02592592592592593 0.009895833333333333
0 0.4393518518518519 0.2421875 0.025 0.013541666666666667
0 0.4449074074074074 0.2546875 0.026851851851851852 0.011458333333333333
0 0.47175925925925927 0.24557291666666667 0.032407407407407406 0.0171875
0 0.23148148148148148 0.30442708333333335 0.012962962962962964 0.0078125
0 0.5708333333333333 0.2875 0.025 0.008333333333333333
0 0.5462962962962963 0.33359375 0.02962962962962963 0.0171875
0 0.5666666666666667 0.32447916666666665 0.018518518518518517 0.011458333333333333
0 0.5884259259259259 0.3263020833333333 0.021296296296296296 0.015104166666666667
0 0.6069444444444445 0.32135416666666666 0.02314814814814815 0.0125
0 0.6986111111111112 0.08411458333333333 0.026851851851851852 0.015104166666666667
0 0.6513888888888889 0.14140625 0.028703703703703703 0.019270833333333334
0 0.6902777777777778 0.19817708333333334 0.026851851851851852 0.019270833333333334
0 0.674074074074074 0.23802083333333332 0.02777777777777778 0.01875
0 0.6435185185185185 0.3072916666666667 0.03333333333333333 0.014583333333333334
0 0.6916666666666667 0.34713541666666664 0.03333333333333333 0.01614583333333333
0 0.6412037037037037 0.38255208333333335 0.028703703703703703 0.018229166666666668
0 0.7416666666666667 0.3828125 0.02592592592592593 0.0125
0 0.7162037037037037 0.38828125 0.02314814814814815 0.0109375
0 0.7296296296296296 0.3963541666666667 0.02592592592592593 0.014583333333333334
0 0.750925925925926 0.39791666666666664 0.024074074074074074 0.015625
0 0.6439814814814815 0.4341145833333333 0.02314814814814815 0.01614583333333333
0 0.6949074074074074 0.46640624999999997 0.028703703703703703 0.0140625
0 0.6675925925925926 0.47942708333333334 0.02592592592592593 0.0109375
0 0.6375000000000001 0.49453125 0.026851851851851852 0.0140625
0 0.7449074074074075 0.48333333333333334 0.017592592592592594 0.010416666666666666
0 0.8083333333333333 0.509375 0.02962962962962963 0.017708333333333333
0 0.7189814814814816 0.5158854166666667 0.032407407407407406 0.01614583333333333
0 0.662962962962963 0.5330729166666667 0.020370370370370372 0.015104166666666667
0 0.6319444444444444 0.5942708333333333 0.02314814814814815 0.015625
0 0.7425925925925926 0.6421875 0.02962962962962963 0.015625
0 0.8101851851851852 0.54375 0.020370370370370372 0.015625
0 0.8912037037037037 0.5927083333333333 0.026851851851851852 0.014583333333333334
0 0.9162037037037037 0.5979166666666667 0.025 0.013541666666666667
0 0.6143518518518519 0.7020833333333333 0.026851851851851852 0.017708333333333333
0 0.9212962962962963 0.4088541666666667 0.02592592592592593 0.014583333333333334
0 0.3375 0.2911458333333333 0.025 0.015625
0 0.8300925925925926 0.34010416666666665 0.019444444444444445 0.0125
0 0.8430555555555556 0.34869791666666666 0.017592592592592594 0.013020833333333334
0 0.5518518518518519 0.49192708333333335 0.02592592592592593 0.013020833333333334
0 0.8842592592592593 0.3067708333333333 0.02592592592592593 0.013541666666666667
0 0.9888888888888889 0.5002604166666667 0.022222222222222223 0.018229166666666668
0 0.5638888888888889 0.36614583333333334 0.012962962962962964 0.009375
0 0.2898148148148148 0.45677083333333335 0.024074074074074074 0.010416666666666666
