0 0.737962962962963 0.016927083333333332 0.03888888888888889 0.028645833333333332
0 0.7134259259259259 0.03125 0.032407407407407406 0.027083333333333334
0 0.736574074074074 0.0421875 0.025 0.01875
0 0.7199074074074074 0.05755208333333333 0.025 0.018229166666666668
0 0.736574074074074 0.18958333333333333 0.026851851851851852 0.020833333333333332
0 0.8115740740740741 0.21302083333333333 0.021296296296296296 0.013541666666666667
0 0.9115740740740741 0.20182291666666666 0.028703703703703703 0.018229166666666668
0 0.9083333333333333 0.26458333333333334 0.02592592592592593 0.01875
0 0.8787037037037038 0.24427083333333333 0.020370370370370372 0.013541666666666667
0 0.9009259259259259 0.33880208333333334 0.031481481481481485 0.018229166666666668
0 0.8893518518518518 0.3690104166666667 0.030555555555555558 0.0171875
0 0.9532407407407407 0.4075520833333333 0.03425925925925926 0.018229166666666668
0 0.9726851851851852 0.4552083333333333 0.032407407407407406 0.016666666666666666
0 0.8041666666666667 0.39427083333333335 0.030555555555555558 0.016666666666666666
0 0.7740740740740741 0.34661458333333334 0.02777777777777778 0.0140625
0 0.7611111111111112 0.31953125 0.02777777777777778 0.0171875
0 0.7564814814814815 0.26145833333333335 0.02777777777777778 0.016666666666666666
0 0.8731481481481482 0.5341145833333333 0.020370370370370372 0.013020833333333334
0 0.774537037037037 0.5080729166666667 0.02314814814814815 0.0140625
0 0.7240740740740741 0.7377604166666667 0.03518518518518519 0.011979166666666666
0 0.7115740740740741 0.6078125 0.032407407407407406 0.017708333333333333
0 0.6717592592592593 0.58671875 0.026851851851851852 0.015104166666666667
0 0.7791666666666667 0.64453125 0.030555555555555558 0.0140625
0 0.5472222222222223 0.5919270833333333 0.02777777777777778 0.015104166666666667
0 0.48703703703703705 0.5434895833333333 0.024074074074074074 0.0171875
0 0.4273148148148148 0.6486979166666667 0.02314814814814815 0.01614583333333333
0 0.5125000000000001 0.5791666666666666 0.012037037037037037 0.008333333333333333
0 0.4712962962962963 0.46640624999999997 0.018518518518518517 0.015104166666666667
0 0.5935185185185186 0.4197916666666667 0.018518518518518517 0.015625
0 0.775462962962963 0.42890625 0.019444444444444445 0.015104166666666667
0 0.5587962962962963 0.38177083333333334 0.028703703703703703 0.016666666666666666
0 0.6268518518518519 0.32916666666666666 0.024074074074074074 0.015625
0 0.6736111111111112 0.234375 0.026851851851851852 0.019791666666666666
0 0.6365740740740741 0.2760416666666667 0.02314814814814815 0.015625
0 0.587037037037037 0.2791666666666667 0.024074074074074074 0.019791666666666666
0 0.6074074074074074 0.28515625 0.02592592592592593 0.009895833333333333
0 0.5625 0.2421875 0.025 0.013541666666666667
0 0.5569444444444445 0.2546875 0.026851851851851852 0.011458333333333333
0 0.5300925925925926 0.24557291666666667 0.032407407407407406 0.0171875
0 0.7703703703703704 0.30442708333333335 0.012962962962962964 0.0078125
0 0.4310185185185185 0.2875 0.025 0.008333333333333333
0 0.45555555555555555 0.33359375 0.02962962962962963 0.0171875
0 0.4351851851851852 0.32447916666666665 0.018518518518518517 0.011458333333333333
0 0.4134259259259259 0.3263020833333333 0.021296296296296296 0.015104166666666667
0 0.39490740740740743 0.32135416666666666 0.02314814814814815 0.0125
0 0.30324074074074076 0.08411458333333333 0.026851851851851852 0.015104166666666667
0 0.350462962962963 0.14140625 0.028703703703703703 0.019270833333333334
0 0.31157407407407406 0.19817708333333334 0.026851851851851852 0.019270833333333334
0 0.3277777777777778 0.23802083333333332 0.02777777777777778 0.01875
0 0.35833333333333334 0.3072916666666667 0.03333333333333333 0.014583333333333334
0 0.3101851851851852 0.34713541666666664 0.03333333333333333 0.01614583333333333
0 0.36064814814814816 0.38255208333333335 0.028703703703703703 0.018229166666666668
0 0.2601851851851852 0.3828125 0.02592592592592593 0.0125
0 0.28564814814814815 0.38828125 0.02314814814814815 0.0109375
0 0.27222222222222225 0.3963541666666667 0.02592592592592593 0.014583333333333334
0 0.25092592592592594 0.39791666666666664 0.024074074074074074 0.015625
0 0.3578703703703704 0.4341145833333333 0.02314814814814815 0.01614583333333333
0 0.30694444444444446 0.46640624999999997 0.028703703703703703 0.0140625
0 0.33425925925925926 0.47942708333333334 0.02592592592592593 0.0109375
0 0.36435185185185187 0.49453125 0.026851851851851852 0.0140625
0 0.2569444444444445 0.48333333333333334 0.017592592592592594 0.010416666666666666
0 0.19351851851851853 0.509375 0.02962962962962963 0.017708333333333333
0 0.2828703703703704 0.5158854166666667 0.032407407407407406 0.01614583333333333
0 0.3388888888888889 0.5330729166666667 0.020370370370370372 0.015104166666666667
0 0.3699074074074074 0.5942708333333333 0.02314814814814815 0.015625
0 0.25925925925925924 0.6421875 0.02962962962962963 0.015625
0 0.19166666666666668 0.54375 0.020370370370370372 0.015625
0 0.11064814814814815 0.5927083333333333 0.026851851851851852 0.014583333333333334
0 0.08564814814814815 0.5979166666666667 0.025 0.013541666666666667
0 0.3875 0.7020833333333333 0.026851851851851852 0.017708333333333333
0 0.08055555555555556 0.4088541666666667 0.02592592592592593 0.014583333333333334
0 0.6643518518518519 0.2911458333333333 0.025 0.015625
0 0.17175925925925928 0.34010416666666665 0.019444444444444445 0.0125
0 0.1587962962962963 0.34869791666666666 0.017592592592592594 0.013020833333333334
0 0.45 0.49192708333333335 0.02592592592592593 0.013020833333333334
0 0.1175925925925926 0.3067708333333333 0.02592592592592593 0.013541666666666667
0 0.0125 0.5 0.02314814814814815 0.017708333333333333
0 0.437962962962963 0.36614583333333334 0.012962962962962964 0.009375
0 0.712037037037037 0.45677083333333335 0.024074074074074074 0.010416666666666666
