0 0.22361111111111112 0.022916666666666665 0.03796296296296296 0.025
0 0.24861111111111112 0.036458333333333336 0.032407407407407406 0.027083333333333334
0 0.22685185185185186 0.047135416666666666 0.02592592592592593 0.0171875
0 0.24444444444444446 0.06197916666666667 0.02592592592592593 0.017708333333333333
0 0.22824074074074074 0.19296875 0.028703703703703703 0.0203125
0 0.1574074074074074 0.21588541666666666 0.020370370370370372 0.013020833333333334
0 0.05416666666666667 0.20416666666666666 0.030555555555555558 0.017708333333333333
0 0.05740740740740741 0.2669270833333333 0.02592592592592593 0.018229166666666668
0 0.08564814814814815 0.24661458333333333 0.019444444444444445 0.013020833333333334
0 0.06435185185185185 0.3403645833333333 0.032407407407407406 0.018229166666666668
0 0.07592592592592592 0.37109375 0.031481481481481485 0.01614583333333333
0 0.0125 0.40989583333333335 0.021296296296296296 0.017708333333333333
0 0.16111111111111112 0.39609375 0.031481481481481485 0.0171875
0 0.1912037037037037 0.3481770833333333 0.026851851851851852 0.0140625
0 0.20416666666666666 0.3216145833333333 0.028703703703703703 0.0171875
0 0.2087962962962963 0.2643229166666667 0.028703703703703703 0.0171875
0 0.09444444444444444 0.5348958333333333 0.020370370370370372 0.0125
0 0.1912037037037037 0.5098958333333333 0.025 0.014583333333333334
0 0.23842592592592593 0.7361979166666667 0.032407407407407406 0.0171875
0 0.2490740740740741 0.6096354166666667 0.02962962962962963 0.018229166666666668
0 0.2902777777777778 0.5880208333333333 0.028703703703703703 0.015625
0 0.1837962962962963 0.6466145833333333 0.032407407407407406 0.0140625
0 0.4138888888888889 0.5934895833333333 0.02962962962962963 0.015104166666666667
0 0.4740740740740741 0.5450520833333333 0.024074074074074074 0.0171875
0 0.5356481481481482 0.6502604166666667 0.02314814814814815 0.01614583333333333
0 0.49074074074074076 0.46875 0.018518518518518517 0.015625
0 0.3717592592592593 0.42265625 0.017592592592592594 0.015104166666666667
0 0.1925925925925926 0.4315104166666667 0.018518518518518517 0.0140625
0 0.4078703703703704 0.3841145833333333 0.028703703703703703 0.0171875
0 0.34305555555555556 0.33203125 0.026851851851851852 0.0171875
0 0.2916666666666667 0.23776041666666667 0.02777777777777778 0.0203125
0 0.3287037037037037 0.2791666666666667 0.022222222222222223 0.015625
0 0.3791666666666667 0.28229166666666666 0.02314814814814815 0.019791666666666666
0 0.3601851851851852 0.2864583333333333 0.024074074074074074 0.014583333333333334
0 0.40092592592592596 0.24505208333333334 0.024074074074074074 0.013020833333333334
0 0.40972222222222227 0.25755208333333335 0.02314814814814815 0.0109375
0 0.4328703703703704 0.24921875 0.030555555555555558 0.018229166666666668
0 0.5333333333333333 0.2911458333333333 0.020370370370370372 0.007291666666666667
0 0.5087962962962963 0.3359375 0.030555555555555558 0.016666666666666666
0 0.5287037037037037 0.32708333333333334 0.018518518518518517 0.010416666666666666
0 0.5509259259259259 0.3296875 0.022222222222222223 0.014583333333333334
0 0.5680555555555555 0.32526041666666666 0.021296296296296296 0.013020833333333334
0 0.6625 0.08984375 0.026851851851851852 0.015104166666666667
0 0.6143518518518519 0.14609375 0.028703703703703703 0.019270833333333334
0 0.6527777777777778 0.20286458333333332 0.02777777777777778 0.019270833333333334
0 0.638425925925926 0.2421875 0.028703703703703703 0.01875
0 0.6018518518518519 0.3104166666666667 0.03333333333333333 0.013541666666666667
0 0.6476851851851853 0.35 0.032407407407407406 0.016666666666666666
0 0.6023148148148149 0.38515625 0.028703703703703703 0.018229166666666668
0 0.7041666666666667 0.38619791666666664 0.028703703703703703 0.013020833333333334
0 0.6796296296296297 0.39036458333333335 0.024074074074074074 0.013020833333333334
0 0.6939814814814815 0.39947916666666666 0.026851851851851852 0.013541666666666667
0 0.7157407407407408 0.4005208333333333 0.024074074074074074 0.015625
0 0.6069444444444445 0.4361979166666667 0.02314814814814815 0.015104166666666667
0 0.6569444444444444 0.46822916666666664 0.026851851851851852 0.014583333333333334
0 0.6314814814814815 0.48151041666666666 0.02592592592592593 0.0109375
0 0.600925925925926 0.49635416666666665 0.02592592592592593 0.013541666666666667
0 0.7087962962962964 0.48541666666666666 0.019444444444444445 0.010416666666666666
0 0.7666666666666667 0.5114583333333333 0.02962962962962963 0.017708333333333333
0 0.6800925925925926 0.5184895833333333 0.032407407407407406 0.01614583333333333
0 0.6273148148148149 0.5354166666666667 0.019444444444444445 0.015625
0 0.5935185185185186 0.59609375 0.022222222222222223 0.015104166666666667
0 0.7032407407407407 0.6434895833333333 0.028703703703703703 0.015104166666666667
0 0.7694444444444445 0.5455729166666666 0.018518518518518517 0.015104166666666667
0 0.8560185185185185 0.5942708333333333 0.025 0.014583333333333334
0 0.8800925925925926 0.5989583333333334 0.02314814814814815 0.013541666666666667
0 0.576388888888889 0.7036458333333333 0.025 0.017708333333333333
0 0.8865740740740741 0.4114583333333333 0.025 0.013541666666666667
0 0.7953703703703704 0.3424479166666667 0.018518518518518517 0.0140625
0 0.8050925925925926 0.35260416666666666 0.015740740740740743 0.0125
0 0.2569444444444445 0.4588541666666667 0.02314814814814815 0.009375
0 0.5189814814814815 0.49583333333333335 0.025 0.008333333333333333
0 0.25416666666666665 0.1328125 0.019444444444444445 0.015625
0 0.2763888888888889 0.12317708333333333 0.017592592592592594 0.013020833333333334
0 0.9884259259259259 0.34348958333333335 0.02314814814814815 0.021354166666666667
0 0.8449074074074074 0.3098958333333333 0.028703703703703703 0.0125
0 0.9916666666666667 0.4200520833333333 0.016666666666666666 0.021354166666666667
0 0.9694444444444444 0.47265625 0.0462962962962963 0.0203125
0 0.950925925925926 0.5018229166666667 0.040740740740740744 0.0171875
0 0.9634259259259259 0.5638020833333334 0.036111111111111115 0.0171875
0 0.8824074074074074 0.6518229166666667 0.024074074074074074 0.008854166666666666
0 0.9851851851851853 0.7502604166666667 0.02962962962962963 0.018229166666666668
0 0.5282407407407408 0.36875 0.01388888888888889 0.009375
0 0.3060185185185185 0.2942708333333333 0.026851851851851852 0.013541666666666667
