0 0.2050925925925926 0.023697916666666666 0.03425925925925926 0.025520833333333333
0 0.2300925925925926 0.03854166666666667 0.032407407407407406 0.027083333333333334
0 0.2087962962962963 0.048177083333333336 0.025 0.0171875
0 0.22685185185185186 0.06380208333333333 0.02592592592592593 0.018229166666666668
0 0.21064814814814817 0.19375 0.028703703703703703 0.020833333333333332
0 0.1425925925925926 0.21666666666666667 0.020370370370370372 0.013541666666666667
0 0.0375 0.20520833333333333 0.030555555555555558 0.017708333333333333
0 0.04212962962962963 0.2677083333333333 0.025 0.01875
0 0.06944444444444445 0.24765625 0.020370370370370372 0.013020833333333334
0 0.047685185185185185 0.34088541666666666 0.032407407407407406 0.018229166666666668
0 0.058333333333333334 0.37057291666666664 0.02962962962962963 0.01614583333333333
0 0.1439814814814815 0.396875 0.030555555555555558 0.016666666666666666
0 0.17500000000000002 0.3489583333333333 0.02592592592592593 0.013541666666666667
0 0.1865740740740741 0.3221354166666667 0.028703703703703703 0.0171875
0 0.19351851851851853 0.26536458333333335 0.02962962962962963 0.0171875
0 0.07916666666666666 0.5354166666666667 0.02314814814814815 0.0125
0 0.17407407407407408 0.5104166666666666 0.02592592592592593 0.014583333333333334
0 0.22037037037037038 0.7364583333333333 0.03518518518518519 0.017708333333333333
0 0.22916666666666669 0.6098958333333333 0.028703703703703703 0.01875
0 0.27083333333333337 0.58828125 0.028703703703703703 0.01614583333333333
0 0.16574074074074074 0.646875 0.03333333333333333 0.014583333333333334
0 0.39490740740740743 0.5942708333333333 0.028703703703703703 0.015625
0 0.45462962962962966 0.5450520833333333 0.024074074074074074 0.01614583333333333
0 0.5175925925925926 0.6502604166666667 0.024074074074074074 0.01614583333333333
0 0.4726851851851852 0.46953125 0.017592592592592594 0.01614583333333333
0 0.3560185185185185 0.4231770833333333 0.017592592592592594 0.015104166666666667
0 0.17685185185185187 0.43203125 0.020370370370370372 0.013020833333333334
0 0.3902777777777778 0.3848958333333333 0.028703703703703703 0.016666666666666666
0 0.325 0.3333333333333333 0.02777777777777778 0.017708333333333333
0 0.275 0.23880208333333333 0.02777777777777778 0.0203125
0 0.3125 0.28020833333333334 0.02314814814814815 0.015625
0 0.36203703703703705 0.2833333333333333 0.022222222222222223 0.019791666666666666
0 0.34444444444444444 0.2872395833333333 0.024074074074074074 0.013020833333333334
0 0.38472222222222224 0.24661458333333333 0.025 0.013020833333333334
0 0.39351851851851855 0.25885416666666666 0.022222222222222223 0.011458333333333333
0 0.41435185185185186 0.25026041666666665 0.030555555555555558 0.018229166666666668
0 0.5171296296296296 0.29192708333333334 0.021296296296296296 0.0078125
0 0.4912037037037037 0.33697916666666666 0.030555555555555558 0.016666666666666666
0 0.5101851851851852 0.328125 0.018518518518518517 0.010416666666666666
0 0.5333333333333333 0.3307291666666667 0.022222222222222223 0.014583333333333334
0 0.6444444444444445 0.09192708333333333 0.02592592592592593 0.015104166666666667
0 0.5976851851851852 0.14817708333333332 0.028703703703703703 0.019270833333333334
0 0.6356481481481482 0.20494791666666667 0.026851851851851852 0.019270833333333334
0 0.6212962962962963 0.24348958333333334 0.02777777777777778 0.019270833333333334
0 0.5828703703703704 0.31197916666666664 0.032407407407407406 0.013541666666666667
0 0.6282407407407408 0.35182291666666665 0.03425925925925926 0.01614583333333333
0 0.5842592592592593 0.38671875 0.02777777777777778 0.018229166666666668
0 0.6875 0.3880208333333333 0.028703703703703703 0.0125
0 0.6625 0.39140625 0.025 0.013020833333333334
0 0.6777777777777778 0.40078125 0.02592592592592593 0.0140625
0 0.6986111111111112 0.4015625 0.02314814814814815 0.015625
0 0.5925925925925926 0.4375 0.02962962962962963 0.015625
0 0.638888888888889 0.4692708333333333 0.02777777777777778 0.014583333333333334
0 0.6143518518518519 0.4825520833333333 0.025 0.0109375
0 0.5828703703703704 0.49713541666666666 0.026851851851851852 0.0140625
0 0.6902777777777778 0.48593749999999997 0.019444444444444445 0.009375
0 0.7467592592592592 0.51328125 0.028703703703703703 0.019270833333333334
0 0.6615740740740741 0.51875 0.032407407407407406 0.016666666666666666
0 0.6101851851851852 0.5359375 0.020370370370370372 0.014583333333333334
0 0.5750000000000001 0.5966145833333333 0.022222222222222223 0.015104166666666667
0 0.6847222222222222 0.64453125 0.028703703703703703 0.015104166666666667
0 0.750462962962963 0.5463541666666667 0.019444444444444445 0.015625
0 0.8398148148148148 0.5947916666666666 0.02592592592592593 0.014583333333333334
0 0.862037037037037 0.6 0.022222222222222223 0.013541666666666667
0 0.5583333333333333 0.70390625 0.024074074074074074 0.018229166666666668
0 0.8699074074074075 0.4127604166666667 0.025 0.0140625
0 0.7782407407407408 0.34375 0.021296296296296296 0.013541666666666667
0 0.7875 0.3541666666666667 0.015740740740740743 0.011458333333333333
0 0.2050925925925926 0.13020833333333334 0.025 0.017708333333333333
0 0.5027777777777778 0.49635416666666665 0.02592592592592593 0.009375
0 0.9888888888888889 0.18177083333333333 0.024074074074074074 0.01875
0 0.9888888888888889 0.28203125 0.018518518518518517 0.015104166666666667
0 0.975462962962963 0.34322916666666664 0.04166666666666667 0.019791666666666666
0 0.8277777777777778 0.3111979166666667 0.02777777777777778 0.011979166666666666
0 0.9796296296296296 0.42291666666666666 0.040740740740740744 0.021875
0 0.9476851851851852 0.4734375 0.04722222222222222 0.020833333333333332
0 0.9291666666666667 0.5026041666666666 0.04166666666666667 0.017708333333333333
0 0.9388888888888889 0.56484375 0.03518518518518519 0.0171875
0 0.9930555555555556 0.5950520833333334 0.015740740740740743 0.0203125
0 0.8615740740740742 0.6528645833333333 0.025 0.009895833333333333
0 0.9657407407407408 0.75078125 0.031481481481481485 0.0171875
0 0.5097222222222222 0.3697916666666667 0.012037037037037037 0.009375
0 0.24583333333333335 0.19244791666666666 0.019444444444444445 0.015104166666666667
0 0.29305555555555557 0.2955729166666667 0.017592592592592594 0.011979166666666666
0 0.23750000000000002 0.13463541666666667 0.026851851851851852 0.015104166666666667
0 0.2625 0.12473958333333333 0.021296296296296296 0.011979166666666666
