0 0.8175925925925926 0.02421875 0.03518518518518519 0.024479166666666666
0 0.7912037037037037 0.0390625 0.032407407407407406 0.027083333333333334
0 0.812962962962963 0.049479166666666664 0.024074074074074074 0.017708333333333333
0 0.7935185185185185 0.06432291666666666 0.02592592592592593 0.018229166666666668
0 0.8101851851851852 0.19348958333333333 0.02962962962962963 0.021354166666666667
0 0.875925925925926 0.21640625 0.020370370370370372 0.013020833333333334
0 0.9824074074074074 0.20494791666666667 0.031481481481481485 0.018229166666666668
0 0.9773148148148149 0.2677083333333333 0.025 0.017708333333333333
0 0.9495370370370371 0.24739583333333334 0.021296296296296296 0.013541666666666667
0 0.9708333333333333 0.34088541666666666 0.032407407407407406 0.018229166666666668
0 0.9615740740740741 0.37109375 0.028703703703703703 0.01614583333333333
0 0.875 0.3966145833333333 0.031481481481481485 0.0171875
0 0.8444444444444444 0.3484375 0.02592592592592593 0.013541666666666667
0 0.8314814814814815 0.3223958333333333 0.02962962962962963 0.017708333333333333
0 0.825925925925926 0.26536458333333335 0.031481481481481485 0.0171875
0 0.9370370370370371 0.53515625 0.022222222222222223 0.013020833333333334
0 0.8444444444444444 0.5098958333333333 0.02777777777777778 0.014583333333333334
0 0.799537037037037 0.7356770833333334 0.032407407407407406 0.0171875
0 0.7921296296296296 0.6096354166666667 0.028703703703703703 0.018229166666666668
0 0.7495370370370371 0.58828125 0.028703703703703703 0.01614583333333333
0 0.8532407407407407 0.646875 0.03425925925925926 0.014583333333333334
0 0.625462962962963 0.5940104166666667 0.028703703703703703 0.015104166666666667
0 0.5666666666666667 0.5447916666666667 0.024074074074074074 0.015625
0 0.5018518518518519 0.6502604166666667 0.024074074074074074 0.01614583333333333
0 0.5481481481481482 0.4692708333333333 0.018518518518518517 0.014583333333333334
0 0.663425925925926 0.4231770833333333 0.017592592592592594 0.015104166666666667
0 0.837962962962963 0.43203125 0.022222222222222223 0.013020833333333334
0 0.6287037037037038 0.3846354166666667 0.02777777777777778 0.0171875
0 0.6930555555555555 0.3328125 0.028703703703703703 0.017708333333333333
0 0.7453703703703703 0.23906249999999998 0.02777777777777778 0.020833333333333332
0 0.7064814814814815 0.28046875 0.022222222222222223 0.015104166666666667
0 0.6574074074074074 0.2833333333333333 0.022222222222222223 0.019791666666666666
0 0.675 0.28802083333333334 0.024074074074074074 0.013541666666666667
0 0.6342592592592593 0.24739583333333334 0.02592592592592593 0.015625
0 0.6245370370370371 0.2609375 0.021296296296296296 0.0125
0 0.6064814814814815 0.2505208333333333 0.031481481481481485 0.017708333333333333
0 0.5282407407407408 0.3380208333333333 0.030555555555555558 0.016666666666666666
0 0.5120370370370371 0.32838541666666665 0.020370370370370372 0.011979166666666666
0 0.4861111111111111 0.33098958333333334 0.022222222222222223 0.015104166666666667
0 0.37453703703703706 0.09296875 0.025 0.015104166666666667
0 0.42083333333333334 0.14895833333333333 0.028703703703703703 0.019791666666666666
0 0.3837962962962963 0.20546875 0.026851851851851852 0.019270833333333334
0 0.39675925925925926 0.24427083333333333 0.026851851851851852 0.01875
0 0.437962962962963 0.31276041666666665 0.03333333333333333 0.0140625
0 0.3944444444444445 0.3520833333333333 0.03333333333333333 0.016666666666666666
0 0.43472222222222223 0.38645833333333335 0.028703703703703703 0.01875
0 0.32916666666666666 0.38567708333333334 0.026851851851851852 0.0140625
0 0.3560185185185185 0.39166666666666666 0.025 0.013541666666666667
0 0.34074074074074073 0.40078125 0.02592592592592593 0.0140625
0 0.3194444444444445 0.40182291666666664 0.024074074074074074 0.015104166666666667
0 0.42453703703703705 0.4375 0.030555555555555558 0.015625
0 0.37962962962962965 0.46953125 0.02592592592592593 0.0140625
0 0.4041666666666667 0.4825520833333333 0.025 0.0109375
0 0.4351851851851852 0.49765624999999997 0.02592592592592593 0.0140625
0 0.3277777777777778 0.4861979166666667 0.020370370370370372 0.008854166666666666
0 0.27361111111111114 0.51171875 0.028703703703703703 0.0171875
0 0.3578703703703704 0.5184895833333333 0.032407407407407406 0.0171875
0 0.4078703703703704 0.5364583333333334 0.019444444444444445 0.014583333333333334
0 0.4449074074074074 0.5966145833333333 0.021296296296296296 0.015104166666666667
0 0.33472222222222225 0.64453125 0.028703703703703703 0.015104166666666667
0 0.27083333333333337 0.5463541666666667 0.019444444444444445 0.015625
0 0.17824074074074076 0.5953125 0.025 0.014583333333333334
0 0.15601851851851853 0.6002604166666666 0.021296296296296296 0.013020833333333334
0 0.4615740740740741 0.70390625 0.02314814814814815 0.018229166666666668
0 0.14722222222222223 0.4140625 0.02592592592592593 0.014583333333333334
0 0.2388888888888889 0.34401041666666665 0.018518518518518517 0.0140625
0 0.5143518518518518 0.49713541666666666 0.026851851851851852 0.008854166666666666
0 0.024537037037037038 0.18385416666666665 0.036111111111111115 0.01875
0 0.032407407407407406 0.2833333333333333 0.014814814814814815 0.013541666666666667
0 0.05 0.3442708333333333 0.03888888888888889 0.020833333333333332
0 0.19074074074074074 0.31197916666666664 0.02777777777777778 0.011458333333333333
0 0.04259259259259259 0.42343749999999997 0.044444444444444446 0.021875
0 0.07777777777777778 0.4747395833333333 0.044444444444444446 0.019270833333333334
0 0.0962962962962963 0.5033854166666667 0.03888888888888889 0.0171875
0 0.08611111111111111 0.565625 0.03518518518518519 0.016666666666666666
0 0.01990740740740741 0.596875 0.03796296296296296 0.020833333333333332
0 0.1587962962962963 0.6528645833333333 0.025 0.009895833333333333
0 0.05648148148148149 0.75078125 0.03333333333333333 0.018229166666666668
0 0.5087962962962963 0.3697916666666667 0.01388888888888889 0.009375
0 0.7717592592592593 0.19296875 0.017592592592592594 0.015104166666666667
0 0.7555555555555555 0.19739583333333333 0.024074074074074074 0.016666666666666666
0 0.725 0.2950520833333333 0.016666666666666666 0.011979166666666666
0 0.8143518518518519 0.1296875 0.025 0.01875
0 0.7805555555555556 0.13515625 0.02777777777777778 0.015104166666666667
0 0.7537037037037038 0.12473958333333333 0.024074074074074074 0.011979166666666666
