0 0.08472222222222223 0.02786458333333333 0.036111111111111115 0.0234375
0 0.11296296296296297 0.041666666666666664 0.03333333333333333 0.026041666666666668
0 0.09305555555555556 0.05182291666666666 0.025 0.0171875
0 0.11527777777777778 0.0671875 0.025 0.016666666666666666
0 0.10231481481481482 0.19453125 0.028703703703703703 0.021354166666666667
0 0.04583333333333334 0.21692708333333333 0.017592592592592594 0.013020833333333334
0 0.040740740740740744 0.3958333333333333 0.03333333333333333 0.016666666666666666
0 0.07407407407407407 0.34765625 0.02592592592592593 0.011979166666666666
0 0.08564814814814815 0.3223958333333333 0.030555555555555558 0.017708333333333333
0 0.08796296296296297 0.26510416666666664 0.031481481481481485 0.017708333333333333
0 0.07453703703703704 0.5075520833333333 0.028703703703703703 0.01614583333333333
0 0.11342592592592593 0.7330729166666666 0.025 0.0203125
0 0.11481481481481481 0.6080729166666666 0.02777777777777778 0.0203125
0 0.1615740740740741 0.584375 0.030555555555555558 0.011458333333333333
0 0.06296296296296297 0.6447916666666667 0.03333333333333333 0.014583333333333334
0 0.2847222222222222 0.5919270833333333 0.028703703703703703 0.015104166666666667
0 0.3458333333333333 0.5434895833333333 0.026851851851851852 0.01614583333333333
0 0.412962962962963 0.646875 0.022222222222222223 0.015625
0 0.3717592592592593 0.5760416666666667 0.02314814814814815 0.015625
0 0.36435185185185187 0.46588541666666666 0.017592592592592594 0.011979166666666666
0 0.25462962962962965 0.42291666666666666 0.018518518518518517 0.017708333333333333
0 0.29305555555555557 0.38385416666666666 0.030555555555555558 0.016666666666666666
0 0.22870370370370371 0.3328125 0.02777777777777778 0.021875
0 0.17083333333333334 0.23984375 0.028703703703703703 0.021354166666666667
0 0.2111111111111111 0.28046875 0.024074074074074074 0.018229166666666668
0 0.2601851851851852 0.2828125 0.022222222222222223 0.019791666666666666
0 0.24212962962962964 0.28463541666666664 0.021296296296296296 0.019270833333333334
0 0.27731481481481485 0.24687499999999998 0.017592592592592594 0.014583333333333334
0 0.30092592592592593 0.2513020833333333 0.031481481481481485 0.019270833333333334
0 0.38796296296296295 0.33697916666666666 0.031481481481481485 0.017708333333333333
0 0.4300925925925926 0.3302083333333333 0.025 0.015625
0 0.5435185185185185 0.09270833333333334 0.02592592592592593 0.015625
0 0.41574074074074074 0.4927083333333333 0.018518518518518517 0.0125
0 0.4962962962962963 0.14895833333333333 0.02962962962962963 0.020833333333333332
0 0.537962962962963 0.20677083333333332 0.024074074074074074 0.016666666666666666
0 0.5231481481481481 0.24348958333333334 0.02592592592592593 0.018229166666666668
0 0.46944444444444444 0.31197916666666664 0.031481481481481485 0.0125
0 0.5069444444444444 0.35104166666666664 0.03425925925925926 0.016666666666666666
0 0.4814814814814815 0.3859375 0.02962962962962963 0.017708333333333333
0 0.5925925925925926 0.3833333333333333 0.02777777777777778 0.016666666666666666
0 0.5671296296296297 0.39036458333333335 0.025 0.0140625
0 0.5837962962962964 0.39947916666666666 0.026851851851851852 0.014583333333333334
0 0.6055555555555556 0.4002604166666667 0.02592592592592593 0.015104166666666667
0 0.4949074074074074 0.4359375 0.028703703703703703 0.015625
0 0.5393518518518519 0.4674479166666667 0.026851851851851852 0.015104166666666667
0 0.5180555555555556 0.48020833333333335 0.025 0.010416666666666666
0 0.4851851851851852 0.4953125 0.02592592592592593 0.013541666666666667
0 0.6365740740740741 0.5111979166666667 0.030555555555555558 0.019270833333333334
0 0.5560185185185186 0.5166666666666666 0.032407407407407406 0.016666666666666666
0 0.5152777777777778 0.5338541666666666 0.019444444444444445 0.014583333333333334
0 0.4703703703703704 0.59375 0.018518518518518517 0.014583333333333334
0 0.5814814814814815 0.6408854166666667 0.02777777777777778 0.015104166666666667
0 0.6402777777777778 0.5440104166666666 0.017592592592592594 0.015104166666666667
0 0.7495370370370371 0.5924479166666666 0.026851851851851852 0.0140625
0 0.45555555555555555 0.7013020833333333 0.020370370370370372 0.01614583333333333
0 0.7805555555555556 0.4119791666666667 0.02777777777777778 0.014583333333333334
0 0.8902777777777778 0.18333333333333332 0.036111111111111115 0.01875
0 0.9125000000000001 0.18020833333333333 0.02314814814814815 0.020833333333333332
0 0.9773148148148149 0.22291666666666665 0.030555555555555558 0.017708333333333333
0 0.9259259259259259 0.2375 0.031481481481481485 0.021875
0 0.8782407407407408 0.2825520833333333 0.015740740740740743 0.013020833333333334
0 0.8467592592592593 0.34270833333333334 0.03796296296296296 0.019791666666666666
0 0.7296296296296296 0.31171875 0.022222222222222223 0.013020833333333334
0 0.8472222222222222 0.42135416666666664 0.04259259259259259 0.020833333333333332
0 0.8180555555555555 0.471875 0.04166666666666667 0.019791666666666666
0 0.9310185185185186 0.46640624999999997 0.032407407407407406 0.0171875
0 0.9560185185185186 0.49973958333333335 0.028703703703703703 0.0140625
0 0.9648148148148149 0.515625 0.03518518518518519 0.015625
0 0.9833333333333334 0.5341145833333333 0.03333333333333333 0.0171875
0 0.799537037037037 0.5005208333333333 0.03796296296296296 0.017708333333333333
0 0.8050925925925926 0.5611979166666666 0.03425925925925926 0.01614583333333333
0 0.8699074074074075 0.5924479166666666 0.04166666666666667 0.021354166666666667
0 0.9194444444444445 0.5802083333333333 0.03333333333333333 0.017708333333333333
0 0.9666666666666667 0.5953125 0.03333333333333333 0.013541666666666667
0 0.9166666666666667 0.6393229166666666 0.012962962962962964 0.015104166666666667
0 0.750925925925926 0.6520833333333333 0.02962962962962963 0.014583333333333334
0 0.9523148148148148 0.7684895833333333 0.03425925925925926 0.01614583333333333
0 0.850925925925926 0.7453125 0.031481481481481485 0.017708333333333333
0 0.9518518518518518 0.6971354166666667 0.02777777777777778 0.013020833333333334
0 0.5851851851851853 0.35104166666666664 0.020370370370370372 0.015625
0 0.4078703703703704 0.3690104166666667 0.015740740740740743 0.009895833333333333
0 0.15462962962962964 0.4575520833333333 0.024074074074074074 0.013020833333333334
0 0.1513888888888889 0.19375 0.021296296296296296 0.015625
0 0.1675925925925926 0.19869791666666667 0.024074074074074074 0.0171875
0 0.19583333333333333 0.29635416666666664 0.01388888888888889 0.009375
0 0.1 0.13098958333333333 0.02592592592592593 0.018229166666666668
0 0.16712962962962963 0.08307291666666666 0.02314814814814815 0.0109375
0 0.14027777777777778 0.13515625 0.030555555555555558 0.01614583333333333
