0 0.051388888888888894 0.0359375 0.03425925925925926 0.022916666666666665
0 0.07962962962962963 0.04869791666666667 0.03333333333333333 0.025520833333333333
0 0.05925925925925926 0.058854166666666666 0.022222222222222223 0.016666666666666666
0 0.08240740740740742 0.07447916666666667 0.02592592592592593 0.017708333333333333
0 0.0699074074074074 0.19921875 0.030555555555555558 0.021354166666666667
0 0.019444444444444445 0.22083333333333333 0.018518518518518517 0.0125
0 0.0125 0.3989583333333333 0.021296296296296296 0.016666666666666666
0 0.04166666666666667 0.35052083333333334 0.024074074074074074 0.0125
0 0.05462962962962963 0.3260416666666667 0.02962962962962963 0.017708333333333333
0 0.05648148148148149 0.26901041666666664 0.031481481481481485 0.018229166666666668
0 0.04351851851851852 0.5096354166666667 0.02777777777777778 0.01614583333333333
0 0.07777777777777778 0.7364583333333333 0.024074074074074074 0.017708333333333333
0 0.08055555555555556 0.6096354166666667 0.02962962962962963 0.021354166666666667
0 0.12592592592592594 0.5856770833333333 0.031481481481481485 0.011979166666666666
0 0.029166666666666667 0.6466145833333333 0.032407407407407406 0.015104166666666667
0 0.24861111111111112 0.5940104166666667 0.030555555555555558 0.015104166666666667
0 0.30972222222222223 0.5455729166666666 0.028703703703703703 0.015104166666666667
0 0.37962962962962965 0.6479166666666667 0.020370370370370372 0.014583333333333334
0 0.3421296296296296 0.5783854166666667 0.017592592592592594 0.015104166666666667
0 0.2240740740740741 0.4236979166666667 0.020370370370370372 0.0171875
0 0.2601851851851852 0.38645833333333335 0.02962962962962963 0.017708333333333333
0 0.19907407407407407 0.33671875 0.02777777777777778 0.021354166666666667
0 0.13935185185185187 0.24348958333333334 0.028703703703703703 0.019270833333333334
0 0.22685185185185186 0.2864583333333333 0.022222222222222223 0.020833333333333332
0 0.21435185185185185 0.28984375 0.021296296296296296 0.0171875
0 0.26342592592592595 0.2565104166666667 0.03425925925925926 0.021354166666666667
0 0.0712962962962963 0.3104166666666667 0.012962962962962964 0.007291666666666667
0 0.3851851851851852 0.49505208333333334 0.022222222222222223 0.013020833333333334
0 0.39675925925925926 0.2947916666666667 0.019444444444444445 0.010416666666666666
0 0.3541666666666667 0.34010416666666665 0.030555555555555558 0.01875
0 0.39537037037037037 0.3338541666666667 0.02592592592592593 0.014583333333333334
0 0.5115740740740741 0.09869791666666666 0.026851851851851852 0.015104166666666667
0 0.46435185185185185 0.15390625 0.028703703703703703 0.0203125
0 0.5055555555555555 0.21145833333333333 0.022222222222222223 0.015625
0 0.49074074074074076 0.24739583333333334 0.02592592592592593 0.01875
0 0.43194444444444446 0.31588541666666664 0.02314814814814815 0.013020833333333334
0 0.46944444444444444 0.35520833333333335 0.03333333333333333 0.016666666666666666
0 0.4513888888888889 0.3885416666666667 0.025 0.01875
0 0.5601851851851852 0.3875 0.02962962962962963 0.016666666666666666
0 0.5351851851851852 0.3927083333333333 0.024074074074074074 0.013541666666666667
0 0.5546296296296297 0.4015625 0.02777777777777778 0.013541666666666667
0 0.5750000000000001 0.403125 0.02592592592592593 0.015625
0 0.46435185185185185 0.43723958333333335 0.025 0.0171875
0 0.5050925925925926 0.46979166666666666 0.028703703703703703 0.015625
0 0.4865740740740741 0.4825520833333333 0.025 0.0109375
0 0.45231481481481484 0.4979166666666667 0.025 0.013541666666666667
0 0.6013888888888889 0.5119791666666667 0.026851851851851852 0.017708333333333333
0 0.5212962962962964 0.5182291666666666 0.031481481481481485 0.016666666666666666
0 0.4851851851851852 0.5364583333333334 0.022222222222222223 0.013541666666666667
0 0.4361111111111111 0.5953125 0.016666666666666666 0.014583333333333334
0 0.5467592592592593 0.6421875 0.026851851851851852 0.014583333333333334
0 0.6023148148148149 0.5463541666666667 0.015740740740740743 0.013541666666666667
0 0.7194444444444444 0.59375 0.02962962962962963 0.013541666666666667
0 0.4217592592592593 0.703125 0.019444444444444445 0.015625
0 0.8527777777777779 0.1875 0.03518518518518519 0.01875
0 0.875462962962963 0.18463541666666666 0.02314814814814815 0.0203125
0 0.9356481481481482 0.22682291666666665 0.030555555555555558 0.0171875
0 0.8875000000000001 0.24114583333333334 0.030555555555555558 0.021875
0 0.9912037037037037 0.24036458333333333 0.019444444444444445 0.018229166666666668
0 0.9787037037037037 0.33046875 0.02962962962962963 0.01614583333333333
0 0.8398148148148148 0.2859375 0.014814814814814815 0.0125
0 0.8027777777777778 0.3463541666666667 0.037037037037037035 0.019791666666666666
0 0.6995370370370371 0.31354166666666666 0.025 0.009375
0 0.8013888888888889 0.4244791666666667 0.04166666666666667 0.020833333333333332
0 0.775462962962963 0.4739583333333333 0.03981481481481482 0.019791666666666666
0 0.8921296296296297 0.46901041666666665 0.030555555555555558 0.0171875
0 0.913888888888889 0.5013020833333334 0.02777777777777778 0.0140625
0 0.9236111111111112 0.5174479166666667 0.03425925925925926 0.01614583333333333
0 0.9421296296296297 0.5359375 0.03425925925925926 0.016666666666666666
0 0.9675925925925927 0.5182291666666666 0.031481481481481485 0.014583333333333334
0 0.7555555555555555 0.50234375 0.03518518518518519 0.0171875
0 0.7592592592592593 0.5627604166666667 0.03333333333333333 0.01614583333333333
0 0.8231481481481482 0.5934895833333333 0.040740740740740744 0.021354166666666667
0 0.8745370370370371 0.58125 0.03796296296296296 0.016666666666666666
0 0.925462962962963 0.59609375 0.03425925925925926 0.0140625
0 0.8740740740740741 0.63984375 0.014814814814814815 0.01614583333333333
0 0.7125 0.6533854166666666 0.032407407407407406 0.015104166666666667
0 0.9111111111111111 0.76875 0.03333333333333333 0.016666666666666666
0 0.812962962962963 0.74609375 0.02962962962962963 0.0171875
0 0.9175925925925926 0.6979166666666666 0.031481481481481485 0.0125
0 0.5509259259259259 0.35442708333333334 0.022222222222222223 0.0171875
0 0.3736111111111111 0.37265625 0.015740740740740743 0.009895833333333333
0 0.12731481481481483 0.45989583333333334 0.02314814814814815 0.0125
0 0.12175925925925926 0.19765625 0.017592592592592594 0.0140625
0 0.14212962962962963 0.20364583333333333 0.028703703703703703 0.016666666666666666
0 0.16574074074074074 0.2994791666666667 0.014814814814814815 0.009375
0 0.06944444444444445 0.13567708333333334 0.02592592592592593 0.0171875
0 0.14305555555555557 0.08828125 0.02314814814814815 0.011979166666666666
0 0.11064814814814815 0.140625 0.026851851851851852 0.015625
