0 0.9925925925925926 0.046614583333333334 0.014814814814814815 0.024479166666666666
0 0.9736111111111111 0.057291666666666664 0.03425925925925926 0.025
0 0.9902777777777778 0.06640625 0.019444444444444445 0.0171875
0 0.9805555555555556 0.20442708333333334 0.02962962962962963 0.021354166666666667
0 0.9893518518518519 0.3294270833333333 0.021296296296296296 0.0171875
0 0.9888888888888889 0.27421875 0.022222222222222223 0.018229166666666668
0 0.9773148148148149 0.7393229166666666 0.021296296296296296 0.0140625
0 0.9296296296296297 0.5869791666666666 0.03333333333333333 0.011458333333333333
0 0.8083333333333333 0.59609375 0.02962962962962963 0.015104166666666667
0 0.7467592592592592 0.5484375 0.025 0.014583333333333334
0 0.6731481481481482 0.64921875 0.020370370370370372 0.0140625
0 0.8273148148148148 0.4263020833333333 0.019444444444444445 0.0171875
0 0.7898148148148149 0.3893229166666667 0.02777777777777778 0.0171875
0 0.8495370370370371 0.34088541666666666 0.032407407407407406 0.024479166666666666
0 0.9097222222222222 0.24791666666666667 0.030555555555555558 0.01875
0 0.8240740740740741 0.2903645833333333 0.022222222222222223 0.021354166666666667
0 0.6620370370370371 0.49765624999999997 0.022222222222222223 0.013020833333333334
0 0.8342592592592593 0.29270833333333335 0.022222222222222223 0.016666666666666666
0 0.7930555555555556 0.26119791666666664 0.036111111111111115 0.0234375
0 0.9708333333333333 0.3145833333333333 0.017592592592592594 0.009375
0 0.6518518518518519 0.30026041666666664 0.020370370370370372 0.0109375
0 0.6972222222222223 0.34401041666666665 0.02962962962962963 0.018229166666666668
0 0.6555555555555556 0.33828125 0.02962962962962963 0.015104166666666667
0 0.5375 0.10598958333333333 0.025 0.0140625
0 0.5847222222222223 0.16119791666666666 0.028703703703703703 0.019270833333333334
0 0.5416666666666667 0.21614583333333334 0.024074074074074074 0.017708333333333333
0 0.5569444444444445 0.25364583333333335 0.025 0.017708333333333333
0 0.6231481481481481 0.32005208333333335 0.024074074074074074 0.0109375
0 0.587962962962963 0.359375 0.031481481481481485 0.014583333333333334
0 0.5995370370370371 0.3927083333333333 0.025 0.01875
0 0.48842592592592593 0.390625 0.030555555555555558 0.017708333333333333
0 0.5120370370370371 0.3963541666666667 0.024074074074074074 0.013541666666666667
0 0.49259259259259264 0.40546875 0.02962962962962963 0.013020833333333334
0 0.4708333333333333 0.4067708333333333 0.025 0.015625
0 0.5875 0.44088541666666664 0.026851851851851852 0.0171875
0 0.5435185185185185 0.47239583333333335 0.02777777777777778 0.015625
0 0.5611111111111111 0.4856770833333333 0.024074074074074074 0.0109375
0 0.5972222222222222 0.5005208333333333 0.024074074074074074 0.013541666666666667
0 0.4532407407407408 0.5151041666666667 0.026851851851851852 0.017708333333333333
0 0.5305555555555556 0.5213541666666667 0.031481481481481485 0.017708333333333333
0 0.562962962962963 0.53828125 0.020370370370370372 0.015104166666666667
0 0.6171296296296297 0.5979166666666667 0.015740740740740743 0.014583333333333334
0 0.5055555555555555 0.64375 0.02592592592592593 0.014583333333333334
0 0.4532407407407408 0.5502604166666667 0.01388888888888889 0.0109375
0 0.3263888888888889 0.596875 0.025 0.0125
0 0.6310185185185185 0.7046875 0.019444444444444445 0.014583333333333334
0 0.20092592592592592 0.1953125 0.03333333333333333 0.01875
0 0.17685185185185187 0.19244791666666666 0.022222222222222223 0.019270833333333334
0 0.12175925925925926 0.234375 0.030555555555555558 0.017708333333333333
0 0.16435185185185186 0.24817708333333333 0.028703703703703703 0.0203125
0 0.052314814814814814 0.24921875 0.025 0.0171875
0 0.07592592592592592 0.33671875 0.02777777777777778 0.01614583333333333
0 0.2138888888888889 0.29244791666666664 0.016666666666666666 0.013020833333333334
0 0.26157407407407407 0.35182291666666665 0.03425925925925926 0.019270833333333334
0 0.350462962962963 0.3190104166666667 0.021296296296296296 0.009895833333333333
0 0.26481481481481484 0.42864583333333334 0.03888888888888889 0.020833333333333332
0 0.28703703703703703 0.47812499999999997 0.03518518518518519 0.017708333333333333
0 0.16620370370370371 0.47239583333333335 0.028703703703703703 0.015625
0 0.14583333333333334 0.5044270833333333 0.026851851851851852 0.0140625
0 0.13611111111111113 0.5205729166666666 0.03333333333333333 0.015104166666666667
0 0.11944444444444445 0.5388020833333333 0.031481481481481485 0.0171875
0 0.09490740740740741 0.52109375 0.026851851851851852 0.0140625
0 0.3087962962962963 0.50546875 0.032407407407407406 0.0171875
0 0.30694444444444446 0.5653645833333333 0.032407407407407406 0.01614583333333333
0 0.24537037037037038 0.5955729166666667 0.03888888888888889 0.0203125
0 0.18101851851851852 0.5838541666666667 0.03796296296296296 0.015625
0 0.20833333333333334 0.6 0.02592592592592593 0.013541666666666667
0 0.13611111111111113 0.5989583333333334 0.03333333333333333 0.013541666666666667
0 0.1875 0.6416666666666666 0.017592592592592594 0.017708333333333333
0 0.3425925925925926 0.6549479166666666 0.02962962962962963 0.015104166666666667
0 0.14953703703703705 0.7700520833333333 0.032407407407407406 0.015104166666666667
0 0.24537037037037038 0.7471354166666666 0.02962962962962963 0.0171875
0 0.13703703703703704 0.7 0.02592592592592593 0.013541666666666667
0 0.5013888888888889 0.35859375 0.021296296296296296 0.01614583333333333
0 0.675462962962963 0.37578125 0.017592592592592594 0.009895833333333333
0 0.9171296296296296 0.46171875 0.02314814814814815 0.0140625
0 0.9226851851851853 0.20286458333333332 0.017592592592592594 0.0140625
0 0.9046296296296297 0.20703125 0.024074074074074074 0.0140625
0 0.8800925925925926 0.3026041666666667 0.015740740740740743 0.010416666666666666
0 0.9750000000000001 0.14322916666666666 0.02592592592592593 0.017708333333333333
0 0.8930555555555556 0.09505208333333333 0.02314814814814815 0.011979166666666666
0 0.9402777777777778 0.14557291666666666 0.028703703703703703 0.01614583333333333
