0 0.812962962962963 0.03203125 0.03333333333333333 0.0203125
0 0.7898148148148149 0.04765625 0.03518518518518519 0.0265625
0 0.788888888888889 0.07291666666666667 0.02592592592592593 0.016666666666666666
0 0.8060185185185186 0.2 0.028703703703703703 0.019791666666666666
0 0.9773148148148149 0.21145833333333333 0.030555555555555558 0.016666666666666666
0 0.9740740740740741 0.2713541666666667 0.02592592592592593 0.015625
0 0.8717592592592593 0.221875 0.021296296296296296 0.013541666666666667
0 0.8245370370370371 0.2700520833333333 0.03425925925925926 0.0171875
0 0.9467592592592593 0.253125 0.017592592592592594 0.0125
0 0.9666666666666667 0.3450520833333333 0.03333333333333333 0.018229166666666668
0 0.9569444444444445 0.3755208333333333 0.030555555555555558 0.015625
0 0.8291666666666667 0.32734375 0.026851851851851852 0.0171875
0 0.8412037037037038 0.35182291666666665 0.025 0.011979166666666666
0 0.8712962962962963 0.39921875 0.031481481481481485 0.015104166666666667
0 0.8407407407407408 0.5130208333333334 0.022222222222222223 0.0125
0 0.8375 0.4348958333333333 0.017592592592592594 0.0125
0 0.7467592592592592 0.5901041666666667 0.028703703703703703 0.015625
0 0.7907407407407407 0.6111979166666667 0.02962962962962963 0.01614583333333333
0 0.6226851851851852 0.59609375 0.028703703703703703 0.015104166666666667
0 0.5615740740740741 0.546875 0.025 0.014583333333333334
0 0.6606481481481482 0.4263020833333333 0.021296296296296296 0.015104166666666667
0 0.6870370370370371 0.3372395833333333 0.024074074074074074 0.019270833333333334
0 0.625462962962963 0.3888020833333333 0.026851851851851852 0.01614583333333333
0 0.7425925925925926 0.24505208333333334 0.02962962962962963 0.0203125
0 0.7023148148148148 0.2859375 0.02314814814814815 0.014583333333333334
0 0.6328703703703704 0.2520833333333333 0.025 0.0125
0 0.6046296296296296 0.2557291666666667 0.03333333333333333 0.017708333333333333
0 0.525 0.340625 0.02962962962962963 0.015625
0 0.48379629629629634 0.334375 0.025 0.015625
0 0.4342592592592593 0.31640625 0.03333333333333333 0.0140625
0 0.39305555555555555 0.24817708333333333 0.028703703703703703 0.019270833333333334
0 0.3791666666666667 0.21041666666666667 0.026851851851851852 0.016666666666666666
0 0.4185185185185185 0.1546875 0.02777777777777778 0.019791666666666666
0 0.37222222222222223 0.09791666666666667 0.024074074074074074 0.014583333333333334
0 0.38981481481481484 0.35572916666666665 0.03333333333333333 0.015625
0 0.4314814814814815 0.3890625 0.02777777777777778 0.01875
0 0.3143518518518519 0.40390624999999997 0.02314814814814815 0.015104166666666667
0 0.4217592592592593 0.43984375 0.026851851851851852 0.015104166666666667
0 0.375462962962963 0.4705729166666667 0.026851851851851852 0.0140625
0 0.39861111111111114 0.48411458333333335 0.026851851851851852 0.0109375
0 0.4310185185185185 0.5 0.025 0.013541666666666667
0 0.3527777777777778 0.5200520833333333 0.03518518518518519 0.01614583333333333
0 0.4046296296296297 0.5385416666666667 0.020370370370370372 0.014583333333333334
0 0.44074074074074077 0.5986979166666666 0.016666666666666666 0.015104166666666667
0 0.49768518518518523 0.6515625 0.02314814814814815 0.015625
0 0.32916666666666666 0.6458333333333334 0.030555555555555558 0.015625
0 0.13472222222222222 0.8083333333333333 0.026851851851851852 0.021875
0 0.2638888888888889 0.5481770833333334 0.020370370370370372 0.01614583333333333
0 0.17175925925925928 0.5963541666666666 0.02314814814814815 0.014583333333333334
0 0.14722222222222223 0.6018229166666667 0.022222222222222223 0.011979166666666666
0 0.45555555555555555 0.7052083333333333 0.024074074074074074 0.016666666666666666
0 0.018518518518518517 0.18567708333333333 0.03333333333333333 0.0171875
0 0.03287037037037037 0.284375 0.025 0.015625
0 0.03981481481481482 0.3458333333333333 0.04259259259259259 0.019791666666666666
0 0.03287037037037037 0.42473958333333334 0.04537037037037037 0.0203125
0 0.04722222222222222 0.7518229166666667 0.031481481481481485 0.018229166666666668
0 0.15 0.6546875 0.02777777777777778 0.009375
0 0.015740740740740743 0.5973958333333333 0.02777777777777778 0.021875
0 0.07685185185185185 0.5661458333333333 0.03518518518518519 0.015625
0 0.08888888888888889 0.5052083333333334 0.03518518518518519 0.017708333333333333
0 0.06851851851851852 0.475 0.044444444444444446 0.020833333333333332
0 0.32546296296296295 0.3885416666666667 0.025 0.015625
0 0.3365740740740741 0.4036458333333333 0.028703703703703703 0.013541666666666667
0 0.35000000000000003 0.39348958333333334 0.024074074074074074 0.013020833333333334
0 0.5050925925925926 0.3723958333333333 0.015740740740740743 0.009375
0 0.8115740740740741 0.13645833333333332 0.025 0.01875
0 0.8537037037037037 0.6463541666666667 0.037037037037037035 0.017708333333333333
