0 0.15833333333333333 0.034375 0.03333333333333333 0.025
0 0.18287037037037038 0.04791666666666666 0.03425925925925926 0.026041666666666668
0 0.1837962962962963 0.07265625 0.025 0.01614583333333333
0 0.16712962962962963 0.2 0.028703703703703703 0.020833333333333332
0 0.007407407407407408 0.2700520833333333 0.011111111111111112 0.01614583333333333
0 0.10462962962962963 0.22135416666666666 0.020370370370370372 0.013541666666666667
0 0.14814814814814814 0.2700520833333333 0.03333333333333333 0.0171875
0 0.027314814814814816 0.2518229166666667 0.017592592592592594 0.013020833333333334
0 0.012962962962962964 0.34348958333333335 0.022222222222222223 0.018229166666666668
0 0.016666666666666666 0.37395833333333334 0.02962962962962963 0.015625
0 0.1449074074074074 0.3268229166666667 0.028703703703703703 0.0171875
0 0.13240740740740742 0.35104166666666664 0.024074074074074074 0.0125
0 0.10185185185185186 0.39869791666666665 0.031481481481481485 0.01614583333333333
0 0.13148148148148148 0.5106770833333333 0.024074074074074074 0.015104166666666667
0 0.13796296296296298 0.43385416666666665 0.016666666666666666 0.010416666666666666
0 0.22361111111111112 0.5888020833333333 0.030555555555555558 0.015104166666666667
0 0.17962962962962964 0.6106770833333334 0.02962962962962963 0.01614583333333333
0 0.3458333333333333 0.5955729166666667 0.028703703703703703 0.015104166666666667
0 0.4087962962962963 0.54609375 0.026851851851851852 0.0140625
0 0.3138888888888889 0.4265625 0.022222222222222223 0.015625
0 0.28564814814814815 0.3364583333333333 0.026851851851851852 0.016666666666666666
0 0.3490740740740741 0.38828125 0.02592592592592593 0.01614583333333333
0 0.23055555555555557 0.24479166666666666 0.02962962962962963 0.020833333333333332
0 0.27175925925925926 0.2856770833333333 0.02314814814814815 0.015104166666666667
0 0.3421296296296296 0.25416666666666665 0.026851851851851852 0.015625
0 0.3666666666666667 0.2559895833333333 0.03333333333333333 0.018229166666666668
0 0.4486111111111111 0.3416666666666667 0.032407407407407406 0.016666666666666666
0 0.487962962962963 0.33489583333333334 0.024074074074074074 0.015625
0 0.5365740740740741 0.3171875 0.03425925925925926 0.013541666666666667
0 0.5814814814814815 0.24947916666666667 0.02777777777777778 0.019791666666666666
0 0.5958333333333333 0.21197916666666666 0.026851851851851852 0.016666666666666666
0 0.5564814814814815 0.15572916666666667 0.02777777777777778 0.020833333333333332
0 0.6027777777777777 0.1 0.024074074074074074 0.014583333333333334
0 0.5787037037037037 0.3567708333333333 0.03333333333333333 0.015625
0 0.5416666666666667 0.38984375 0.02962962962962963 0.018229166666666668
0 0.6611111111111111 0.4049479166666667 0.024074074074074074 0.01614583333333333
0 0.5527777777777778 0.440625 0.02777777777777778 0.014583333333333334
0 0.5986111111111111 0.47109375 0.026851851851851852 0.0140625
0 0.5745370370370371 0.484375 0.025 0.010416666666666666
0 0.5421296296296296 0.5 0.025 0.013541666666666667
0 0.6180555555555556 0.5205729166666666 0.03425925925925926 0.01614583333333333
0 0.5685185185185185 0.53828125 0.020370370370370372 0.0140625
0 0.5300925925925926 0.5984375 0.015740740740740743 0.014583333333333334
0 0.4740740740740741 0.6515625 0.024074074074074074 0.015625
0 0.6416666666666667 0.6458333333333334 0.02962962962962963 0.015625
0 0.8282407407407407 0.8091145833333333 0.019444444444444445 0.021354166666666667
0 0.7046296296296296 0.5484375 0.020370370370370372 0.015625
0 0.8023148148148148 0.59765625 0.02314814814814815 0.015104166666666667
0 0.8240740740740741 0.6026041666666666 0.018518518518518517 0.0125
0 0.5152777777777778 0.7049479166666667 0.02314814814814815 0.0171875
0 0.9537037037037037 0.18958333333333333 0.03518518518518519 0.015625
0 0.9398148148148149 0.2872395833333333 0.024074074074074074 0.0140625
0 0.9240740740740742 0.3481770833333333 0.040740740740740744 0.019270833333333334
0 0.9287037037037037 0.42682291666666666 0.044444444444444446 0.0203125
0 0.9902777777777778 0.4713541666666667 0.021296296296296296 0.016666666666666666
0 0.9199074074074074 0.75234375 0.032407407407407406 0.018229166666666668
0 0.8166666666666667 0.6559895833333333 0.02777777777777778 0.0109375
0 0.9537037037037037 0.5981770833333333 0.044444444444444446 0.021354166666666667
0 0.8847222222222223 0.5669270833333333 0.03425925925925926 0.01614583333333333
0 0.8731481481481482 0.5059895833333333 0.03518518518518519 0.0171875
0 0.8939814814814815 0.47630208333333335 0.04351851851851852 0.021354166666666667
0 0.649537037037037 0.39010416666666664 0.030555555555555558 0.016666666666666666
0 0.637962962962963 0.4046875 0.02777777777777778 0.013541666666666667
0 0.6240740740740741 0.39479166666666665 0.022222222222222223 0.0125
0 0.4675925925925926 0.3736979166666667 0.016666666666666666 0.0109375
0 0.1625 0.13619791666666667 0.025 0.018229166666666668
0 0.11620370370370371 0.6450520833333333 0.036111111111111115 0.019270833333333334
