0 0.924537037037037 0.20286458333333332 0.019444444444444445 0.018229166666666668
0 0.05092592592592593 0.596875 0.02962962962962963 0.014583333333333334
0 0.7967592592592593 0.34140625 0.026851851851851852 0.015104166666666667
0 0.8245370370370371 0.25416666666666665 0.026851851851851852 0.016666666666666666
0 0.11481481481481481 0.5484375 0.024074074074074074 0.013541666666666667
0 0.7476851851851852 0.24244791666666665 0.02314814814814815 0.0171875
0 0.6976851851851852 0.20104166666666667 0.019444444444444445 0.016666666666666666
0 0.05 0.42942708333333335 0.02777777777777778 0.0171875
0 0.6731481481481482 0.203125 0.02962962962962963 0.01875
0 0.7134259259259259 0.25416666666666665 0.028703703703703703 0.01875
0 0.6583333333333333 0.29765625 0.020370370370370372 0.015104166666666667
0 0.031018518518518518 0.34270833333333334 0.032407407407407406 0.020833333333333332
0 0.5935185185185186 0.35520833333333335 0.03333333333333333 0.016666666666666666
0 0.5819444444444445 0.4309895833333333 0.036111111111111115 0.019270833333333334
0 0.0837962962962963 0.3921875 0.019444444444444445 0.017708333333333333
0 0.700462962962963 0.39036458333333335 0.021296296296296296 0.011979166666666666
0 0.7032407407407407 0.4752604166666667 0.025 0.015104166666666667
0 0.7175925925925927 0.5052083333333334 0.02777777777777778 0.015625
0 0.7268518518518519 0.5216145833333333 0.02777777777777778 0.015104166666666667
0 0.7425925925925926 0.5393229166666667 0.02592592592592593 0.0171875
0 0.7675925925925926 0.5234375 0.024074074074074074 0.013541666666666667
0 0.6851851851851852 0.5828125 0.031481481481481485 0.016666666666666666
0 0.06620370370370371 0.2640625 0.030555555555555558 0.021875
0 0.6717592592592593 0.5989583333333334 0.021296296296296296 0.014583333333333334
0 0.17546296296296296 0.34661458333333334 0.032407407407407406 0.018229166666666668
0 0.7240740740740741 0.5984375 0.02592592592592593 0.014583333333333334
0 0.6736111111111112 0.64140625 0.017592592592592594 0.0171875
0 0.8407407407407408 0.8546874999999999 0.03518518518518519 0.019791666666666666
0 0.2152777777777778 0.34010416666666665 0.028703703703703703 0.014583333333333334
0 0.7134259259259259 0.7674479166666667 0.028703703703703703 0.015104166666666667
0 0.6245370370370371 0.7463541666666667 0.028703703703703703 0.013541666666666667
0 0.5296296296296297 0.6544270833333333 0.02777777777777778 0.015104166666666667
0 0.2425925925925926 0.32395833333333335 0.02962962962962963 0.011458333333333333
0 0.5995370370370371 0.59453125 0.036111111111111115 0.0203125
0 0.325 0.25755208333333335 0.02592592592592593 0.018229166666666668
0 0.5421296296296296 0.5651041666666666 0.026851851851851852 0.014583333333333334
0 0.5412037037037037 0.50703125 0.025 0.01614583333333333
0 0.33796296296296297 0.22291666666666665 0.024074074074074074 0.014583333333333334
0 0.5689814814814815 0.48125 0.030555555555555558 0.014583333333333334
0 0.2939814814814815 0.16770833333333332 0.028703703703703703 0.019791666666666666
0 0.3990740740740741 0.39348958333333334 0.024074074074074074 0.015104166666666667
0 0.3402777777777778 0.11354166666666667 0.021296296296296296 0.014583333333333334
0 0.39351851851851855 0.4088541666666667 0.022222222222222223 0.014583333333333334
0 0.26851851851851855 0.3625 0.02962962962962963 0.013541666666666667
0 0.37453703703703706 0.39947916666666666 0.019444444444444445 0.0125
0 0.3773148148148148 0.36171875 0.017592592592592594 0.01614583333333333
0 0.27685185185185185 0.39401041666666664 0.022222222222222223 0.0171875
0 0.31203703703703706 0.40651041666666665 0.020370370370370372 0.0140625
0 0.4175925925925926 0.40989583333333335 0.02592592592592593 0.015625
0 0.29953703703703705 0.3559895833333333 0.017592592592592594 0.019270833333333334
0 0.23240740740740742 0.3046875 0.022222222222222223 0.011458333333333333
0 0.2898148148148148 0.44140625 0.02592592592592593 0.011979166666666666
0 0.19768518518518519 0.37786458333333334 0.021296296296296296 0.011979166666666666
0 0.33796296296296297 0.4739583333333333 0.02592592592592593 0.014583333333333334
0 0.20555555555555557 0.5822916666666667 0.02777777777777778 0.013541666666666667
0 0.32175925925925924 0.4869791666666667 0.025 0.011458333333333333
0 0.9935185185185186 0.3872395833333333 0.014814814814814815 0.018229166666666668
0 0.2828703703703704 0.5018229166666667 0.02314814814814815 0.011979166666666666
0 0.7412037037037037 0.6989583333333333 0.028703703703703703 0.017708333333333333
0 0.34490740740740744 0.5221354166666666 0.030555555555555558 0.0171875
0 0.37083333333333335 0.6440104166666667 0.026851851851851852 0.015104166666666667
