0 0.07731481481481482 0.20286458333333332 0.019444444444444445 0.018229166666666668
0 0.950925925925926 0.596875 0.02962962962962963 0.014583333333333334
0 0.2050925925925926 0.34140625 0.026851851851851852 0.015104166666666667
0 0.17731481481481481 0.25416666666666665 0.026851851851851852 0.016666666666666666
0 0.8870370370370371 0.5484375 0.024074074074074074 0.013541666666666667
0 0.25416666666666665 0.24244791666666665 0.02314814814814815 0.0171875
0 0.3041666666666667 0.20104166666666667 0.019444444444444445 0.016666666666666666
0 0.9518518518518518 0.42942708333333335 0.02777777777777778 0.0171875
0 0.3287037037037037 0.203125 0.02962962962962963 0.01875
0 0.2884259259259259 0.25416666666666665 0.028703703703703703 0.01875
0 0.34351851851851856 0.29765625 0.020370370370370372 0.015104166666666667
0 0.9708333333333333 0.34270833333333334 0.032407407407407406 0.020833333333333332
0 0.4083333333333333 0.35520833333333335 0.03333333333333333 0.016666666666666666
0 0.4199074074074074 0.4309895833333333 0.036111111111111115 0.019270833333333334
0 0.9180555555555556 0.3921875 0.019444444444444445 0.017708333333333333
0 0.3013888888888889 0.39036458333333335 0.021296296296296296 0.011979166666666666
0 0.2986111111111111 0.4752604166666667 0.025 0.015104166666666667
0 0.28425925925925927 0.5052083333333334 0.02777777777777778 0.015625
0 0.275 0.5216145833333333 0.02777777777777778 0.015104166666666667
0 0.25925925925925924 0.5393229166666667 0.02592592592592593 0.0171875
0 0.23425925925925928 0.5234375 0.024074074074074074 0.013541666666666667
0 0.31666666666666665 0.5828125 0.031481481481481485 0.016666666666666666
0 0.9356481481481482 0.2640625 0.030555555555555558 0.021875
0 0.3300925925925926 0.5989583333333334 0.021296296296296296 0.014583333333333334
0 0.826388888888889 0.34661458333333334 0.032407407407407406 0.018229166666666668
0 0.2777777777777778 0.5984375 0.02592592592592593 0.014583333333333334
0 0.3282407407407408 0.64140625 0.017592592592592594 0.0171875
0 0.16111111111111112 0.8546874999999999 0.03518518518518519 0.019791666666666666
0 0.7865740740740741 0.34010416666666665 0.028703703703703703 0.014583333333333334
0 0.2884259259259259 0.7674479166666667 0.028703703703703703 0.015104166666666667
0 0.3773148148148148 0.7463541666666667 0.028703703703703703 0.013541666666666667
0 0.47222222222222227 0.6544270833333333 0.02777777777777778 0.015104166666666667
0 0.7592592592592593 0.32395833333333335 0.02962962962962963 0.011458333333333333
0 0.40231481481481485 0.59453125 0.036111111111111115 0.0203125
0 0.6768518518518519 0.25755208333333335 0.02592592592592593 0.018229166666666668
0 0.45972222222222225 0.5651041666666666 0.026851851851851852 0.014583333333333334
0 0.46064814814814814 0.50703125 0.025 0.01614583333333333
0 0.6638888888888889 0.22291666666666665 0.024074074074074074 0.014583333333333334
0 0.4328703703703704 0.48125 0.030555555555555558 0.014583333333333334
0 0.7078703703703704 0.16770833333333332 0.028703703703703703 0.019791666666666666
0 0.6027777777777777 0.39348958333333334 0.024074074074074074 0.015104166666666667
0 0.6615740740740741 0.11354166666666667 0.021296296296296296 0.014583333333333334
0 0.6083333333333334 0.4088541666666667 0.022222222222222223 0.014583333333333334
0 0.7333333333333334 0.3625 0.02962962962962963 0.013541666666666667
0 0.6273148148148149 0.39947916666666666 0.019444444444444445 0.0125
0 0.6245370370370371 0.36171875 0.017592592592592594 0.01614583333333333
0 0.725 0.39401041666666664 0.022222222222222223 0.0171875
0 0.6898148148148149 0.40651041666666665 0.020370370370370372 0.0140625
0 0.5842592592592593 0.40989583333333335 0.02592592592592593 0.015625
0 0.7023148148148148 0.3559895833333333 0.017592592592592594 0.019270833333333334
0 0.7694444444444445 0.3046875 0.022222222222222223 0.011458333333333333
0 0.712037037037037 0.44140625 0.02592592592592593 0.011979166666666666
0 0.8041666666666667 0.37786458333333334 0.021296296296296296 0.011979166666666666
0 0.6638888888888889 0.4739583333333333 0.02592592592592593 0.014583333333333334
0 0.7962962962962963 0.5822916666666667 0.02777777777777778 0.013541666666666667
0 0.6800925925925926 0.4869791666666667 0.025 0.011458333333333333
0 0.008333333333333333 0.3872395833333333 0.014814814814814815 0.018229166666666668
0 0.7189814814814816 0.5018229166666667 0.02314814814814815 0.011979166666666666
0 0.2606481481481482 0.6989583333333333 0.028703703703703703 0.017708333333333333
0 0.6569444444444444 0.5221354166666666 0.030555555555555558 0.0171875
0 0.6310185185185185 0.6440104166666667 0.026851851851851852 0.015104166666666667
