0 0.20370370370370372 0.87578125 0.04259259259259259 0.0296875
0 0.01898148148148148 0.8244791666666667 0.02314814814814815 0.020833333333333332
0 0.014814814814814815 0.7223958333333333 0.02592592592592593 0.017708333333333333
0 0.0462962962962963 0.6911458333333333 0.037037037037037035 0.019791666666666666
0 0.12638888888888888 0.6950520833333333 0.026851851851851852 0.018229166666666668
0 0.10462962962962963 0.6911458333333333 0.024074074074074074 0.013541666666666667
0 0.12824074074074074 0.6486979166666667 0.04166666666666667 0.022395833333333334
0 0.26666666666666666 0.7114583333333333 0.020370370370370372 0.010416666666666666
0 0.29444444444444445 0.6473958333333333 0.02777777777777778 0.017708333333333333
0 0.23564814814814816 0.63125 0.021296296296296296 0.014583333333333334
0 0.11481481481481481 0.5541666666666667 0.022222222222222223 0.015625
0 0.05277777777777778 0.5190104166666667 0.020370370370370372 0.009895833333333333
0 0.1824074074074074 0.51953125 0.03518518518518519 0.018229166666666668
0 0.23287037037037037 0.5385416666666667 0.032407407407407406 0.017708333333333333
0 0.24953703703703706 0.5244791666666666 0.032407407407407406 0.019791666666666666
0 0.18333333333333335 0.48776041666666664 0.02592592592592593 0.019270833333333334
0 0.1587962962962963 0.44166666666666665 0.03425925925925926 0.01875
0 0.2111111111111111 0.4322916666666667 0.031481481481481485 0.017708333333333333
0 0.24027777777777778 0.4166666666666667 0.021296296296296296 0.0125
0 0.2606481481481482 0.4166666666666667 0.021296296296296296 0.0125
0 0.20231481481481484 0.33359375 0.032407407407407406 0.021354166666666667
0 0.22685185185185186 0.32135416666666666 0.02592592592592593 0.014583333333333334
0 0.2439814814814815 0.3143229166666667 0.028703703703703703 0.0171875
0 0.18101851851851852 0.2752604166666667 0.030555555555555558 0.018229166666666668
0 0.14953703703703705 0.27369791666666665 0.030555555555555558 0.018229166666666668
0 0.09722222222222222 0.2747395833333333 0.031481481481481485 0.0171875
0 0.08796296296296297 0.25625 0.031481481481481485 0.020833333333333332
0 0.031481481481481485 0.24479166666666666 0.03518518518518519 0.01875
0 0.13472222222222222 0.23124999999999998 0.032407407407407406 0.017708333333333333
0 0.1962962962962963 0.19348958333333333 0.02592592592592593 0.021354166666666667
0 0.1675925925925926 0.17838541666666666 0.031481481481481485 0.018229166666666668
0 0.1425925925925926 0.17630208333333333 0.031481481481481485 0.021354166666666667
0 0.05416666666666667 0.1140625 0.03796296296296296 0.028125
0 0.26481481481481484 0.18958333333333333 0.02777777777777778 0.017708333333333333
0 0.46111111111111114 0.15104166666666666 0.031481481481481485 0.022916666666666665
0 0.5106481481481482 0.20442708333333334 0.017592592592592594 0.015104166666666667
0 0.5328703703703704 0.22942708333333334 0.032407407407407406 0.0203125
0 0.5041666666666667 0.2921875 0.030555555555555558 0.020833333333333332
0 0.5444444444444445 0.3325520833333333 0.02962962962962963 0.0171875
0 0.5625 0.37083333333333335 0.030555555555555558 0.01875
0 0.4518518518518519 0.35130208333333335 0.024074074074074074 0.013020833333333334
0 0.47731481481481486 0.35442708333333334 0.030555555555555558 0.0203125
0 0.500462962962963 0.35 0.019444444444444445 0.01875
0 0.5472222222222223 0.43307291666666664 0.02962962962962963 0.01614583333333333
0 0.5055555555555555 0.43385416666666665 0.02777777777777778 0.016666666666666666
0 0.4625 0.4515625 0.032407407407407406 0.015625
0 0.4444444444444445 0.46380208333333334 0.022222222222222223 0.013020833333333334
0 0.46990740740740744 0.48046875 0.028703703703703703 0.018229166666666668
0 0.5518518518518519 0.4518229166666667 0.022222222222222223 0.0109375
0 0.5847222222222223 0.46041666666666664 0.028703703703703703 0.015625
0 0.5986111111111111 0.51328125 0.025 0.0140625
0 0.5898148148148148 0.5453125 0.02592592592592593 0.013541666666666667
0 0.32962962962962966 0.69296875 0.024074074074074074 0.0171875
0 0.41620370370370374 0.75078125 0.017592592592592594 0.011979166666666666
0 0.4013888888888889 0.6572916666666666 0.028703703703703703 0.014583333333333334
0 0.4638888888888889 0.6776041666666667 0.022222222222222223 0.015625
0 0.5217592592592593 0.7369791666666666 0.028703703703703703 0.021875
0 0.6 0.6846354166666666 0.012962962962962964 0.009895833333333333
0 0.5212962962962964 0.6395833333333333 0.02962962962962963 0.019791666666666666
0 0.5453703703703704 0.6421875 0.022222222222222223 0.014583333333333334
0 0.6162037037037037 0.6145833333333334 0.026851851851851852 0.0125
0 0.6768518518518519 0.7518229166666667 0.024074074074074074 0.0140625
0 0.7435185185185186 0.8322916666666667 0.03333333333333333 0.021875
0 0.7194444444444444 0.5885416666666666 0.03333333333333333 0.015625
0 0.7296296296296296 0.5776041666666667 0.02777777777777778 0.016666666666666666
0 0.7819444444444444 0.65234375 0.030555555555555558 0.01614583333333333
0 0.7708333333333334 0.6559895833333333 0.028703703703703703 0.015104166666666667
0 0.8476851851851852 0.7216145833333333 0.025 0.01614583333333333
0 0.8398148148148148 0.7049479166666667 0.02777777777777778 0.0140625
0 0.8564814814814815 0.65390625 0.031481481481481485 0.021354166666666667
0 0.8328703703703704 0.6260416666666666 0.032407407407407406 0.017708333333333333
0 0.9222222222222223 0.8312499999999999 0.031481481481481485 0.017708333333333333
0 0.8902777777777778 0.64140625 0.026851851851851852 0.015104166666666667
0 0.9342592592592593 0.5901041666666667 0.024074074074074074 0.016666666666666666
0 0.9162037037037037 0.56875 0.032407407407407406 0.014583333333333334
0 0.8435185185185186 0.565625 0.020370370370370372 0.0125
0 0.8865740740740741 0.5526041666666667 0.026851851851851852 0.010416666666666666
0 0.9185185185185185 0.53125 0.024074074074074074 0.013541666666666667
0 0.8944444444444445 0.5057291666666667 0.024074074074074074 0.016666666666666666
0 0.8175925925925926 0.4223958333333333 0.02777777777777778 0.016666666666666666
0 0.7800925925925927 0.42864583333333334 0.01388888888888889 0.014583333333333334
0 0.8777777777777778 0.3888020833333333 0.02777777777777778 0.0140625
0 0.8148148148148149 0.3697916666666667 0.02962962962962963 0.017708333333333333
0 0.9615740740740741 0.37473958333333335 0.03425925925925926 0.018229166666666668
0 0.9333333333333333 0.36432291666666666 0.03333333333333333 0.015104166666666667
0 0.4476851851851852 0.7138020833333333 0.028703703703703703 0.015104166666666667
0 0.052314814814814814 0.5682291666666667 0.030555555555555558 0.020833333333333332
0 0.4152777777777778 0.48151041666666666 0.025 0.0140625
0 0.47222222222222227 0.30833333333333335 0.022222222222222223 0.015625
0 0.47222222222222227 0.30833333333333335 0.022222222222222223 0.015625
0 0.5069444444444444 0.3072916666666667 0.019444444444444445 0.010416666666666666
0 0.5856481481481481 0.71640625 0.032407407407407406 0.01614583333333333
0 0.4759259259259259 0.5888020833333333 0.022222222222222223 0.008854166666666666
0 0.15601851851851853 0.221875 0.017592592592592594 0.0125
0 0.2351851851851852 0.2752604166666667 0.02777777777777778 0.0140625
0 0.1125 0.5981770833333333 0.036111111111111115 0.0140625
0 0.11712962962962964 0.6768229166666666 0.028703703703703703 0.015104166666666667
0 0.43333333333333335 0.67109375 0.024074074074074074 0.018229166666666668
0 0.4990740740740741 0.6309895833333333 0.014814814814814815 0.0109375
0 0.9708333333333333 0.8106770833333333 0.03796296296296296 0.0234375
0 0.9023148148148149 0.6979166666666666 0.028703703703703703 0.016666666666666666
0 0.9592592592592593 0.6703125 0.022222222222222223 0.015625
0 0.9861111111111112 0.50390625 0.02777777777777778 0.019270833333333334
0 0.19351851851851853 0.4549479166666667 0.024074074074074074 0.0140625
0 0.1615740740740741 0.4419270833333333 0.03981481481481482 0.019270833333333334
0 0.15092592592592594 0.2908854166666667 0.022222222222222223 0.013020833333333334
0 0.9412037037037038 0.5 0.028703703703703703 0.015625
