0 0.7981481481481482 0.87578125 0.04259259259259259 0.0296875
0 0.9828703703703704 0.8244791666666667 0.02314814814814815 0.020833333333333332
0 0.987037037037037 0.7223958333333333 0.02592592592592593 0.017708333333333333
0 0.9555555555555556 0.6911458333333333 0.037037037037037035 0.019791666666666666
0 0.875462962962963 0.6950520833333333 0.026851851851851852 0.018229166666666668
0 0.8972222222222223 0.6911458333333333 0.024074074074074074 0.013541666666666667
0 0.8736111111111111 0.6486979166666667 0.04166666666666667 0.022395833333333334
0 0.7351851851851852 0.7114583333333333 0.020370370370370372 0.010416666666666666
0 0.7074074074074075 0.6473958333333333 0.02777777777777778 0.017708333333333333
0 0.7662037037037037 0.63125 0.021296296296296296 0.014583333333333334
0 0.8870370370370371 0.5541666666666667 0.022222222222222223 0.015625
0 0.9490740740740741 0.5190104166666667 0.020370370370370372 0.009895833333333333
0 0.8194444444444445 0.51953125 0.03518518518518519 0.018229166666666668
0 0.7689814814814815 0.5385416666666667 0.032407407407407406 0.017708333333333333
0 0.7523148148148149 0.5244791666666666 0.032407407407407406 0.019791666666666666
0 0.8185185185185185 0.48776041666666664 0.02592592592592593 0.019270833333333334
0 0.8430555555555556 0.44166666666666665 0.03425925925925926 0.01875
0 0.7907407407407407 0.4322916666666667 0.031481481481481485 0.017708333333333333
0 0.7615740740740741 0.4166666666666667 0.021296296296296296 0.0125
0 0.7412037037037037 0.4166666666666667 0.021296296296296296 0.0125
0 0.799537037037037 0.33359375 0.032407407407407406 0.021354166666666667
0 0.775 0.32135416666666666 0.02592592592592593 0.014583333333333334
0 0.7578703703703704 0.3143229166666667 0.028703703703703703 0.0171875
0 0.8208333333333334 0.2752604166666667 0.030555555555555558 0.018229166666666668
0 0.8523148148148149 0.27369791666666665 0.030555555555555558 0.018229166666666668
0 0.9046296296296297 0.2747395833333333 0.031481481481481485 0.0171875
0 0.913888888888889 0.25625 0.031481481481481485 0.020833333333333332
0 0.9703703703703704 0.24479166666666666 0.03518518518518519 0.01875
0 0.8671296296296297 0.23124999999999998 0.032407407407407406 0.017708333333333333
0 0.8055555555555556 0.19348958333333333 0.02592592592592593 0.021354166666666667
0 0.8342592592592593 0.17838541666666666 0.031481481481481485 0.018229166666666668
0 0.8592592592592593 0.17630208333333333 0.031481481481481485 0.021354166666666667
0 0.9476851851851852 0.1140625 0.03796296296296296 0.028125
0 0.737037037037037 0.18958333333333333 0.02777777777777778 0.017708333333333333
0 0.5407407407407407 0.15104166666666666 0.031481481481481485 0.022916666666666665
0 0.4912037037037037 0.20442708333333334 0.017592592592592594 0.015104166666666667
0 0.4689814814814815 0.22942708333333334 0.032407407407407406 0.0203125
0 0.49768518518518523 0.2921875 0.030555555555555558 0.020833333333333332
0 0.45740740740740743 0.3325520833333333 0.02962962962962963 0.0171875
0 0.4393518518518519 0.37083333333333335 0.030555555555555558 0.01875
0 0.55 0.35130208333333335 0.024074074074074074 0.013020833333333334
0 0.524537037037037 0.35442708333333334 0.030555555555555558 0.0203125
0 0.5013888888888889 0.35 0.019444444444444445 0.01875
0 0.45462962962962966 0.43307291666666664 0.02962962962962963 0.01614583333333333
0 0.4962962962962963 0.43385416666666665 0.02777777777777778 0.016666666666666666
0 0.5393518518518519 0.4515625 0.032407407407407406 0.015625
0 0.5574074074074075 0.46380208333333334 0.022222222222222223 0.013020833333333334
0 0.5319444444444444 0.48046875 0.028703703703703703 0.018229166666666668
0 0.45 0.4518229166666667 0.022222222222222223 0.0109375
0 0.41712962962962963 0.46041666666666664 0.028703703703703703 0.015625
0 0.40324074074074073 0.51328125 0.025 0.0140625
0 0.41203703703703703 0.5453125 0.02592592592592593 0.013541666666666667
0 0.6722222222222223 0.69296875 0.024074074074074074 0.0171875
0 0.5856481481481481 0.75078125 0.017592592592592594 0.011979166666666666
0 0.600462962962963 0.6572916666666666 0.028703703703703703 0.014583333333333334
0 0.537962962962963 0.6776041666666667 0.022222222222222223 0.015625
0 0.4800925925925926 0.7369791666666666 0.028703703703703703 0.021875
0 0.40185185185185185 0.6846354166666666 0.012962962962962964 0.009895833333333333
0 0.48055555555555557 0.6395833333333333 0.02962962962962963 0.019791666666666666
0 0.4564814814814815 0.6421875 0.022222222222222223 0.014583333333333334
0 0.3856481481481482 0.6145833333333334 0.026851851851851852 0.0125
0 0.325 0.7518229166666667 0.024074074074074074 0.0140625
0 0.25833333333333336 0.8322916666666667 0.03333333333333333 0.021875
0 0.28240740740740744 0.5885416666666666 0.03333333333333333 0.015625
0 0.27222222222222225 0.5776041666666667 0.02777777777777778 0.016666666666666666
0 0.2199074074074074 0.65234375 0.030555555555555558 0.01614583333333333
0 0.23101851851851854 0.6559895833333333 0.028703703703703703 0.015104166666666667
0 0.15416666666666667 0.7216145833333333 0.025 0.01614583333333333
0 0.16203703703703703 0.7049479166666667 0.02777777777777778 0.0140625
0 0.14537037037037037 0.65390625 0.031481481481481485 0.021354166666666667
0 0.16898148148148148 0.6260416666666666 0.032407407407407406 0.017708333333333333
0 0.07962962962962963 0.8312499999999999 0.031481481481481485 0.017708333333333333
0 0.11157407407407408 0.64140625 0.026851851851851852 0.015104166666666667
0 0.06759259259259259 0.5901041666666667 0.024074074074074074 0.016666666666666666
0 0.08564814814814815 0.56875 0.032407407407407406 0.014583333333333334
0 0.15833333333333333 0.565625 0.020370370370370372 0.0125
0 0.11527777777777778 0.5526041666666667 0.026851851851851852 0.010416666666666666
0 0.08333333333333334 0.53125 0.024074074074074074 0.013541666666666667
0 0.10740740740740741 0.5057291666666667 0.024074074074074074 0.016666666666666666
0 0.18425925925925926 0.4223958333333333 0.02777777777777778 0.016666666666666666
0 0.22175925925925927 0.42864583333333334 0.01388888888888889 0.014583333333333334
0 0.12407407407407407 0.3888020833333333 0.02777777777777778 0.0140625
0 0.18703703703703706 0.3697916666666667 0.02962962962962963 0.017708333333333333
0 0.04027777777777778 0.37473958333333335 0.03425925925925926 0.018229166666666668
0 0.06851851851851852 0.36432291666666666 0.03333333333333333 0.015104166666666667
0 0.5541666666666667 0.7138020833333333 0.028703703703703703 0.015104166666666667
0 0.9495370370370371 0.5682291666666667 0.030555555555555558 0.020833333333333332
0 0.5865740740740741 0.48151041666666666 0.025 0.0140625
0 0.5296296296296297 0.30833333333333335 0.022222222222222223 0.015625
0 0.5296296296296297 0.30833333333333335 0.022222222222222223 0.015625
0 0.4949074074074074 0.3072916666666667 0.019444444444444445 0.010416666666666666
0 0.41620370370370374 0.71640625 0.032407407407407406 0.01614583333333333
0 0.5259259259259259 0.5888020833333333 0.022222222222222223 0.008854166666666666
0 0.8458333333333333 0.221875 0.017592592592592594 0.0125
0 0.7666666666666667 0.2752604166666667 0.02777777777777778 0.0140625
0 0.8893518518518518 0.5981770833333333 0.036111111111111115 0.0140625
0 0.8847222222222223 0.6768229166666666 0.028703703703703703 0.015104166666666667
0 0.5685185185185185 0.67109375 0.024074074074074074 0.018229166666666668
0 0.5027777777777778 0.6309895833333333 0.014814814814814815 0.0109375
0 0.031018518518518518 0.8106770833333333 0.03796296296296296 0.0234375
0 0.09953703703703703 0.6979166666666666 0.028703703703703703 0.016666666666666666
0 0.04259259259259259 0.6703125 0.022222222222222223 0.015625
0 0.015740740740740743 0.50390625 0.02777777777777778 0.019270833333333334
0 0.8083333333333333 0.4549479166666667 0.024074074074074074 0.0140625
0 0.8402777777777778 0.4419270833333333 0.03981481481481482 0.019270833333333334
0 0.850925925925926 0.2908854166666667 0.022222222222222223 0.013020833333333334
0 0.06064814814814815 0.5 0.028703703703703703 0.015625
