0 0.8393518518518519 0.8734375 0.04351851851851852 0.029166666666666667
0 0.987962962962963 0.6872395833333333 0.024074074074074074 0.018229166666666668
0 0.9120370370370371 0.6927083333333334 0.024074074074074074 0.017708333333333333
0 0.9328703703703705 0.6890625 0.02314814814814815 0.013541666666666667
0 0.9180555555555556 0.6463541666666667 0.04166666666666667 0.021875
0 0.763425925925926 0.7083333333333334 0.021296296296296296 0.011458333333333333
0 0.7412037037037037 0.6453125 0.028703703703703703 0.017708333333333333
0 0.8018518518518519 0.6283854166666667 0.022222222222222223 0.015104166666666667
0 0.9263888888888889 0.55078125 0.02314814814814815 0.015104166666666667
0 0.8574074074074074 0.5166666666666666 0.03518518518518519 0.017708333333333333
0 0.8064814814814815 0.5359375 0.03333333333333333 0.017708333333333333
0 0.7893518518518519 0.5213541666666667 0.03425925925925926 0.019791666666666666
0 0.850925925925926 0.48671875 0.02592592592592593 0.013020833333333334
0 0.8800925925925926 0.43776041666666665 0.036111111111111115 0.018229166666666668
0 0.8236111111111112 0.42916666666666664 0.032407407407407406 0.017708333333333333
0 0.7925925925925926 0.4127604166666667 0.022222222222222223 0.011979166666666666
0 0.7722222222222223 0.4127604166666667 0.018518518518518517 0.013020833333333334
0 0.8365740740740741 0.3286458333333333 0.03425925925925926 0.021875
0 0.8106481481481482 0.31640625 0.028703703703703703 0.01614583333333333
0 0.7939814814814815 0.309375 0.030555555555555558 0.017708333333333333
0 0.8611111111111112 0.26979166666666665 0.031481481481481485 0.01875
0 0.8916666666666667 0.2677083333333333 0.031481481481481485 0.017708333333333333
0 0.9444444444444445 0.26927083333333335 0.031481481481481485 0.016666666666666666
0 0.9537037037037037 0.2505208333333333 0.03333333333333333 0.020833333333333332
0 0.9060185185185186 0.225 0.03425925925925926 0.01875
0 0.8430555555555556 0.18697916666666667 0.028703703703703703 0.021875
0 0.8703703703703703 0.171875 0.031481481481481485 0.017708333333333333
0 0.8944444444444445 0.16953125 0.031481481481481485 0.022395833333333334
0 0.9851851851851853 0.10546875 0.02962962962962963 0.0296875
0 0.7731481481481481 0.18333333333333332 0.031481481481481485 0.019791666666666666
0 0.5768518518518518 0.14453125 0.031481481481481485 0.0234375
0 0.525 0.1984375 0.016666666666666666 0.014583333333333334
0 0.5046296296296297 0.22291666666666665 0.03333333333333333 0.019791666666666666
0 0.5310185185185186 0.2869791666666667 0.030555555555555558 0.020833333333333332
0 0.4912037037037037 0.32734375 0.028703703703703703 0.018229166666666668
0 0.4712962962962963 0.36640625 0.031481481481481485 0.019270833333333334
0 0.5837962962962964 0.34739583333333335 0.025 0.013541666666666667
0 0.5574074074074075 0.35 0.02962962962962963 0.020833333333333332
0 0.5356481481481482 0.3463541666666667 0.019444444444444445 0.019791666666666666
0 0.48750000000000004 0.42916666666666664 0.030555555555555558 0.015625
0 0.5268518518518519 0.4317708333333333 0.02962962962962963 0.016666666666666666
0 0.5722222222222223 0.44817708333333334 0.031481481481481485 0.01614583333333333
0 0.5898148148148148 0.46041666666666664 0.022222222222222223 0.013541666666666667
0 0.5643518518518519 0.47734375 0.028703703703703703 0.018229166666666668
0 0.4814814814814815 0.4484375 0.024074074074074074 0.011458333333333333
0 0.4467592592592593 0.45729166666666665 0.030555555555555558 0.015625
0 0.4287037037037037 0.5106770833333333 0.02592592592592593 0.0140625
0 0.4439814814814815 0.5424479166666667 0.026851851851851852 0.013020833333333334
0 0.7060185185185186 0.6903645833333333 0.025 0.0171875
0 0.6166666666666667 0.7479166666666667 0.016666666666666666 0.0125
0 0.6328703703703704 0.6544270833333333 0.028703703703703703 0.015104166666666667
0 0.5666666666666667 0.6752604166666667 0.022222222222222223 0.015104166666666667
0 0.5189814814814815 0.7341145833333333 0.028703703703703703 0.021354166666666667
0 0.5175925925925926 0.6375 0.02962962962962963 0.019791666666666666
0 0.4935185185185185 0.6390625 0.022222222222222223 0.014583333333333334
0 0.42083333333333334 0.6091145833333333 0.026851851851851852 0.019270833333333334
0 0.3615740740740741 0.7486979166666666 0.02314814814814815 0.0140625
0 0.29583333333333334 0.8291666666666666 0.032407407407407406 0.021875
0 0.3148148148148148 0.5854166666666667 0.031481481481481485 0.014583333333333334
0 0.3037037037037037 0.57421875 0.02777777777777778 0.01614583333333333
0 0.25277777777777777 0.64921875 0.02962962962962963 0.01614583333333333
0 0.26435185185185184 0.6526041666666667 0.028703703703703703 0.015625
0 0.18981481481481483 0.7184895833333333 0.024074074074074074 0.01614583333333333
0 0.1962962962962963 0.7020833333333333 0.02592592592592593 0.013541666666666667
0 0.18101851851851852 0.65078125 0.032407407407407406 0.021354166666666667
0 0.20324074074074075 0.6229166666666667 0.032407407407407406 0.017708333333333333
0 0.11620370370370371 0.8273437499999999 0.030555555555555558 0.0171875
0 0.1449074074074074 0.6388020833333333 0.028703703703703703 0.013020833333333334
0 0.10092592592592593 0.5869791666666666 0.024074074074074074 0.016666666666666666
0 0.11898148148148148 0.5653645833333333 0.030555555555555558 0.015104166666666667
0 0.18888888888888888 0.5622395833333333 0.018518518518518517 0.013020833333333334
0 0.14814814814814814 0.5497395833333333 0.02592592592592593 0.009895833333333333
0 0.11712962962962964 0.5278645833333333 0.025 0.0140625
0 0.14305555555555557 0.5020833333333333 0.02314814814814815 0.016666666666666666
0 0.2162037037037037 0.41822916666666665 0.026851851851851852 0.015625
0 0.15555555555555556 0.3846354166666667 0.02777777777777778 0.0140625
0 0.2175925925925926 0.3658854166666667 0.02962962962962963 0.018229166666666668
0 0.0699074074074074 0.37005208333333334 0.03425925925925926 0.019270833333333334
0 0.09953703703703703 0.3598958333333333 0.030555555555555558 0.014583333333333334
0 0.5851851851851853 0.7104166666666667 0.02962962962962963 0.015625
0 0.9837962962962963 0.5666666666666667 0.032407407407407406 0.019791666666666666
0 0.6203703703703703 0.4783854166666667 0.02592592592592593 0.0140625
0 0.5611111111111111 0.3033854166666667 0.024074074074074074 0.0140625
0 0.5611111111111111 0.3033854166666667 0.024074074074074074 0.0140625
0 0.8851851851851852 0.21562499999999998 0.024074074074074074 0.013541666666666667
0 0.925 0.5947916666666666 0.03518518518518519 0.015625
0 0.5273148148148148 0.3020833333333333 0.019444444444444445 0.010416666666666666
0 0.44537037037037036 0.7140625 0.024074074074074074 0.014583333333333334
0 0.5611111111111111 0.5861979166666667 0.022222222222222223 0.008854166666666666
0 0.7986111111111112 0.26901041666666664 0.02314814814814815 0.015104166666666667
0 0.5986111111111111 0.6684895833333333 0.02314814814814815 0.0171875
0 0.5393518518518519 0.6283854166666667 0.017592592592592594 0.0109375
0 0.4046296296296297 0.5169270833333334 0.024074074074074074 0.013020833333333334
0 0.06898148148148149 0.8072916666666666 0.036111111111111115 0.022916666666666665
0 0.029166666666666667 0.8138020833333334 0.04351851851851852 0.024479166666666666
0 0.13657407407407407 0.6955729166666667 0.026851851851851852 0.019270833333333334
0 0.02638888888888889 0.54375 0.02314814814814815 0.013541666666666667
0 0.0462962962962963 0.5005208333333333 0.037037037037037035 0.01875
0 0.8435185185185186 0.44947916666666665 0.02962962962962963 0.016666666666666666
0 0.888888888888889 0.2856770833333333 0.02592592592592593 0.0140625
0 0.9236111111111112 0.6744791666666666 0.028703703703703703 0.016666666666666666
0 0.11851851851851852 0.5046875 0.024074074074074074 0.01875
0 0.09444444444444444 0.4966145833333333 0.02962962962962963 0.0171875
