0 0.15231481481481482 0.8734375 0.04351851851851852 0.029166666666666667
0 0.08009259259259259 0.6934895833333333 0.026851851851851852 0.018229166666666668
0 0.05925925925925926 0.6895833333333333 0.024074074074074074 0.013541666666666667
0 0.07175925925925926 0.64609375 0.04166666666666667 0.022395833333333334
0 0.23055555555555557 0.7080729166666666 0.022222222222222223 0.0109375
0 0.2518518518518519 0.6447916666666667 0.02777777777777778 0.017708333333333333
0 0.1902777777777778 0.6283854166666667 0.021296296296296296 0.015104166666666667
0 0.06481481481481481 0.5502604166666667 0.022222222222222223 0.015104166666666667
0 0.13564814814814816 0.51640625 0.036111111111111115 0.018229166666666668
0 0.1851851851851852 0.5354166666666667 0.03333333333333333 0.017708333333333333
0 0.20185185185185187 0.5208333333333334 0.03518518518518519 0.020833333333333332
0 0.1425925925925926 0.4864583333333333 0.024074074074074074 0.0125
0 0.11203703703703705 0.43697916666666664 0.03518518518518519 0.01875
0 0.1685185185185185 0.42864583333333334 0.02962962962962963 0.016666666666666666
0 0.2 0.4122395833333333 0.022222222222222223 0.011979166666666666
0 0.2199074074074074 0.4119791666666667 0.019444444444444445 0.0125
0 0.15324074074074073 0.32760416666666664 0.03425925925925926 0.021875
0 0.18055555555555555 0.315625 0.02962962962962963 0.016666666666666666
0 0.19814814814814816 0.30755208333333334 0.031481481481481485 0.018229166666666668
0 0.12962962962962962 0.26796875 0.031481481481481485 0.019270833333333334
0 0.09861111111111112 0.26588541666666665 0.030555555555555558 0.018229166666666668
0 0.04537037037037037 0.26796875 0.031481481481481485 0.0171875
0 0.03657407407407408 0.24895833333333334 0.03425925925925926 0.020833333333333332
0 0.08425925925925926 0.22343749999999998 0.03518518518518519 0.017708333333333333
0 0.14814814814814814 0.18489583333333334 0.02962962962962963 0.021875
0 0.12083333333333333 0.16953125 0.032407407407407406 0.0171875
0 0.09675925925925927 0.16744791666666667 0.032407407407407406 0.022395833333333334
0 0.010648148148148148 0.10520833333333333 0.017592592592592594 0.027083333333333334
0 0.2189814814814815 0.18151041666666667 0.032407407407407406 0.0203125
0 0.41574074074074074 0.14192708333333334 0.031481481481481485 0.0234375
0 0.4675925925925926 0.19713541666666667 0.016666666666666666 0.0140625
0 0.48703703703703705 0.22109375 0.03333333333333333 0.019270833333333334
0 0.4601851851851852 0.2856770833333333 0.031481481481481485 0.021354166666666667
0 0.5018518518518519 0.3260416666666667 0.02962962962962963 0.017708333333333333
0 0.5208333333333334 0.3653645833333333 0.030555555555555558 0.019270833333333334
0 0.40972222222222227 0.3458333333333333 0.025 0.013541666666666667
0 0.43472222222222223 0.34869791666666666 0.030555555555555558 0.0203125
0 0.4569444444444445 0.3450520833333333 0.021296296296296296 0.0203125
0 0.5050925925925926 0.428125 0.030555555555555558 0.015625
0 0.46620370370370373 0.42994791666666665 0.028703703703703703 0.0171875
0 0.42129629629629634 0.4471354166666667 0.031481481481481485 0.01614583333333333
0 0.40370370370370373 0.4588541666666667 0.022222222222222223 0.013541666666666667
0 0.4291666666666667 0.47630208333333335 0.028703703703703703 0.018229166666666668
0 0.5125000000000001 0.4466145833333333 0.025 0.011979166666666666
0 0.5458333333333334 0.45598958333333334 0.030555555555555558 0.01614583333333333
0 0.5666666666666667 0.5088541666666666 0.02962962962962963 0.013541666666666667
0 0.549537037037037 0.5419270833333333 0.026851851851851852 0.013020833333333334
0 0.28611111111111115 0.6901041666666666 0.024074074074074074 0.017708333333333333
0 0.3768518518518519 0.7471354166666666 0.016666666666666666 0.011979166666666666
0 0.3601851851851852 0.65390625 0.02777777777777778 0.015104166666666667
0 0.42685185185185187 0.6747395833333333 0.022222222222222223 0.01614583333333333
0 0.47314814814814815 0.7333333333333333 0.02777777777777778 0.020833333333333332
0 0.47500000000000003 0.63671875 0.02962962962962963 0.0203125
0 0.4981481481481482 0.63828125 0.022222222222222223 0.0140625
0 0.5722222222222223 0.6075520833333333 0.02962962962962963 0.019270833333333334
0 0.6319444444444444 0.7479166666666667 0.02314814814814815 0.013541666666666667
0 0.6958333333333334 0.8283854166666667 0.032407407407407406 0.022395833333333334
0 0.6800925925925926 0.5841145833333333 0.032407407407407406 0.015104166666666667
0 0.6898148148148149 0.5734375 0.02777777777777778 0.016666666666666666
0 0.7407407407407408 0.6481770833333333 0.02962962962962963 0.01614583333333333
0 0.7296296296296296 0.6520833333333333 0.02777777777777778 0.015625
0 0.8027777777777778 0.7171875 0.024074074074074074 0.016666666666666666
0 0.7962962962962963 0.7010416666666667 0.02592592592592593 0.013541666666666667
0 0.8111111111111111 0.6489583333333333 0.03333333333333333 0.021875
0 0.7898148148148149 0.6223958333333334 0.031481481481481485 0.017708333333333333
0 0.8763888888888889 0.8263020833333333 0.030555555555555558 0.0171875
0 0.8481481481481482 0.6369791666666667 0.02777777777777778 0.013541666666666667
0 0.8921296296296297 0.5859375 0.025 0.016666666666666666
0 0.8740740740740741 0.5643229166666667 0.031481481481481485 0.015104166666666667
0 0.8055555555555556 0.5614583333333333 0.016666666666666666 0.0125
0 0.8453703703703704 0.5484375 0.02592592592592593 0.010416666666666666
0 0.8768518518518519 0.5265625 0.02592592592592593 0.014583333333333334
0 0.85 0.5013020833333334 0.022222222222222223 0.01614583333333333
0 0.7773148148148148 0.41692708333333334 0.026851851851851852 0.01614583333333333
0 0.8388888888888889 0.3833333333333333 0.02777777777777778 0.014583333333333334
0 0.775462962962963 0.3640625 0.028703703703703703 0.01875
0 0.9236111111111112 0.3684895833333333 0.03425925925925926 0.018229166666666668
0 0.8944444444444445 0.35833333333333334 0.031481481481481485 0.013541666666666667
0 0.40740740740740744 0.7098958333333333 0.02962962962962963 0.015625
0 0.014351851851851852 0.56796875 0.026851851851851852 0.01614583333333333
0 0.3726851851851852 0.47760416666666666 0.025 0.013541666666666667
0 0.10601851851851853 0.21484375 0.028703703703703703 0.013020833333333334
0 0.43194444444444446 0.3020833333333333 0.025 0.013541666666666667
0 0.43194444444444446 0.3020833333333333 0.025 0.013541666666666667
0 0.4652777777777778 0.30078125 0.019444444444444445 0.009895833333333333
0 0.5472222222222223 0.7135416666666666 0.02592592592592593 0.014583333333333334
0 0.43333333333333335 0.58515625 0.022222222222222223 0.009895833333333333
0 0.1925925925925926 0.2677083333333333 0.024074074074074074 0.015625
0 0.39537037037037037 0.6674479166666667 0.024074074074074074 0.0171875
0 0.4527777777777778 0.6276041666666666 0.018518518518518517 0.011458333333333333
0 0.5898148148148148 0.5161458333333333 0.024074074074074074 0.013541666666666667
0 0.9236111111111112 0.8059895833333334 0.03796296296296296 0.0234375
0 0.962962962962963 0.8119791666666667 0.04259259259259259 0.02395833333333333
0 0.8560185185185185 0.6942708333333333 0.026851851851851852 0.01875
0 0.9680555555555556 0.5427083333333333 0.02314814814814815 0.013541666666666667
0 0.9462962962962963 0.49895833333333334 0.03518518518518519 0.019791666666666666
0 0.14675925925925926 0.44895833333333335 0.02314814814814815 0.015625
0 0.10277777777777779 0.284375 0.02592592592592593 0.013541666666666667
0 0.06620370370370371 0.5947916666666666 0.03796296296296296 0.014583333333333334
0 0.06851851851851852 0.6736979166666667 0.031481481481481485 0.0171875
0 0.8740740740740741 0.5036458333333333 0.02592592592592593 0.01875
0 0.8976851851851853 0.49557291666666664 0.028703703703703703 0.0171875
