0 0.10972222222222222 0.86953125 0.04537037037037037 0.028645833333333332
0 0.040740740740740744 0.6888020833333334 0.020370370370370372 0.018229166666666668
0 0.022222222222222223 0.6848958333333334 0.024074074074074074 0.013541666666666667
0 0.02638888888888889 0.6419270833333334 0.03981481481481482 0.022395833333333334
0 0.2 0.7033854166666667 0.020370370370370372 0.0109375
0 0.2175925925925926 0.640625 0.02962962962962963 0.017708333333333333
0 0.15462962962962964 0.6239583333333333 0.020370370370370372 0.014583333333333334
0 0.024537037037037038 0.5447916666666667 0.021296296296296296 0.014583333333333334
0 0.09814814814814815 0.5109375 0.037037037037037035 0.01875
0 0.14675925925925926 0.53046875 0.03425925925925926 0.018229166666666668
0 0.1638888888888889 0.5158854166666667 0.037037037037037035 0.0203125
0 0.10972222222222222 0.48072916666666665 0.017592592592592594 0.011458333333333333
0 0.075 0.43072916666666666 0.037037037037037035 0.01875
0 0.13564814814814816 0.4239583333333333 0.028703703703703703 0.014583333333333334
0 0.16898148148148148 0.40572916666666664 0.02314814814814815 0.0125
0 0.18888888888888888 0.40598958333333335 0.020370370370370372 0.0140625
0 0.11574074074074074 0.31953125 0.03518518518518519 0.022395833333333334
0 0.1449074074074074 0.30703125 0.032407407407407406 0.0171875
0 0.16296296296296298 0.29973958333333334 0.03333333333333333 0.019270833333333334
0 0.08888888888888889 0.25859375 0.031481481481481485 0.019270833333333334
0 0.05787037037037037 0.25703125 0.032407407407407406 0.018229166666666668
0 0.012037037037037037 0.25885416666666666 0.022222222222222223 0.01875
0 0.04351851851851852 0.21302083333333333 0.03518518518518519 0.01875
0 0.10972222222222222 0.17421875 0.030555555555555558 0.022395833333333334
0 0.08425925925925926 0.15859375 0.031481481481481485 0.018229166666666668
0 0.059722222222222225 0.15625 0.032407407407407406 0.022916666666666665
0 0.1837962962962963 0.17109375 0.03425925925925926 0.022395833333333334
0 0.3837962962962963 0.13177083333333334 0.032407407407407406 0.025
0 0.43703703703703706 0.18880208333333334 0.014814814814814815 0.013020833333333334
0 0.45555555555555555 0.21328125 0.03518518518518519 0.021354166666666667
0 0.4287037037037037 0.2778645833333333 0.031481481481481485 0.0203125
0 0.47222222222222227 0.31953125 0.02962962962962963 0.018229166666666668
0 0.49212962962962964 0.35911458333333335 0.032407407407407406 0.019270833333333334
0 0.37777777777777777 0.3390625 0.02592592592592593 0.014583333333333334
0 0.4027777777777778 0.3419270833333333 0.02962962962962963 0.021354166666666667
0 0.4277777777777778 0.33932291666666664 0.022222222222222223 0.022395833333333334
0 0.4277777777777778 0.33932291666666664 0.022222222222222223 0.022395833333333334
0 0.47361111111111115 0.42265625 0.030555555555555558 0.01614583333333333
0 0.4365740740740741 0.425 0.030555555555555558 0.016666666666666666
0 0.3902777777777778 0.4419270833333333 0.032407407407407406 0.01614583333333333
0 0.37222222222222223 0.45390625 0.022222222222222223 0.013020833333333334
0 0.3990740740740741 0.47161458333333334 0.02962962962962963 0.018229166666666668
0 0.48379629629629634 0.4421875 0.025 0.010416666666666666
0 0.5180555555555556 0.4510416666666667 0.030555555555555558 0.015625
0 0.5407407407407407 0.5044270833333333 0.02777777777777778 0.0140625
0 0.5185185185185185 0.5375 0.02592592592592593 0.013541666666666667
0 0.2523148148148148 0.6848958333333334 0.025 0.01875
0 0.34444444444444444 0.7432291666666666 0.012962962962962964 0.0125
0 0.3287037037037037 0.6494791666666666 0.02777777777777778 0.015625
0 0.39675925925925926 0.66953125 0.021296296296296296 0.0140625
0 0.43472222222222223 0.72890625 0.026851851851851852 0.0203125
0 0.43842592592592594 0.6325520833333333 0.028703703703703703 0.019270833333333334
0 0.4620370370370371 0.6341145833333334 0.022222222222222223 0.0140625
0 0.538425925925926 0.6036458333333333 0.026851851851851852 0.01875
0 0.5967592592592593 0.7447916666666666 0.025 0.0125
0 0.6578703703703704 0.8244791666666667 0.032407407407407406 0.021875
0 0.6490740740740741 0.5799479166666667 0.031481481481481485 0.015104166666666667
0 0.6587962962962963 0.56953125 0.026851851851851852 0.01614583333333333
0 0.7083333333333334 0.6434895833333333 0.02962962962962963 0.0171875
0 0.7291666666666667 0.42213541666666665 0.021296296296296296 0.0109375
0 0.6972222222222223 0.6479166666666667 0.02592592592592593 0.015625
0 0.7685185185185186 0.7135416666666666 0.024074074074074074 0.016666666666666666
0 0.7625000000000001 0.69765625 0.021296296296296296 0.013020833333333334
0 0.7773148148148148 0.6455729166666666 0.032407407407407406 0.021354166666666667
0 0.7569444444444444 0.6182291666666666 0.032407407407407406 0.017708333333333333
0 0.8388888888888889 0.8229166666666666 0.02592592592592593 0.015625
0 0.8143518518518519 0.6338541666666666 0.028703703703703703 0.013541666666666667
0 0.8601851851851852 0.5828125 0.024074074074074074 0.015625
0 0.8439814814814816 0.5606770833333333 0.032407407407407406 0.015104166666666667
0 0.775 0.5578125 0.016666666666666666 0.0125
0 0.8138888888888889 0.5453125 0.02592592592592593 0.010416666666666666
0 0.8453703703703704 0.52265625 0.02777777777777778 0.0140625
0 0.8166666666666667 0.4966145833333333 0.022222222222222223 0.015104166666666667
0 0.7486111111111111 0.4122395833333333 0.028703703703703703 0.01614583333333333
0 0.8120370370370371 0.37864583333333335 0.02777777777777778 0.013541666666666667
0 0.7472222222222222 0.3598958333333333 0.02962962962962963 0.01875
0 0.8990740740740741 0.3645833333333333 0.03518518518518519 0.019791666666666666
0 0.8689814814814815 0.3541666666666667 0.030555555555555558 0.014583333333333334
0 0.3731481481481482 0.7052083333333333 0.02592592592592593 0.015625
0 0.34120370370370373 0.47239583333333335 0.025 0.013541666666666667
0 0.4046296296296297 0.2955729166666667 0.02592592592592593 0.0140625
0 0.4046296296296297 0.2955729166666667 0.02592592592592593 0.0140625
0 0.4361111111111111 0.29244791666666664 0.016666666666666666 0.008854166666666666
0 0.5115740740740741 0.7078125 0.026851851851851852 0.017708333333333333
0 0.40092592592592596 0.5809895833333333 0.024074074074074074 0.009895833333333333
0 0.1675925925925926 0.465625 0.016666666666666666 0.009375
0 0.16296296296296298 0.2591145833333333 0.018518518518518517 0.01614583333333333
0 0.3662037037037037 0.6622395833333333 0.028703703703703703 0.018229166666666668
0 0.41712962962962963 0.6236979166666666 0.019444444444444445 0.0109375
0 0.5055555555555555 0.55546875 0.016666666666666666 0.0078125
0 0.5638888888888889 0.5119791666666667 0.024074074074074074 0.013541666666666667
0 0.8851851851851852 0.80234375 0.037037037037037035 0.0234375
0 0.924537037037037 0.8088541666666667 0.04166666666666667 0.02395833333333333
0 0.8194444444444445 0.6908854166666667 0.02777777777777778 0.0203125
0 0.9365740740740741 0.5393229166666667 0.019444444444444445 0.0140625
0 0.9148148148148149 0.49635416666666665 0.037037037037037035 0.019791666666666666
0 0.11666666666666667 0.44114583333333335 0.024074074074074074 0.011458333333333333
0 0.06527777777777778 0.2752604166666667 0.026851851851851852 0.0140625
0 0.06666666666666667 0.20572916666666666 0.02777777777777778 0.013541666666666667
0 0.02962962962962963 0.590625 0.037037037037037035 0.016666666666666666
0 0.031481481481481485 0.6690104166666666 0.03518518518518519 0.019270833333333334
0 0.8412037037037038 0.49973958333333335 0.028703703703703703 0.019270833333333334
0 0.8662037037037037 0.4921875 0.030555555555555558 0.016666666666666666
