0 0.9027777777777778 0.8690104166666667 0.044444444444444446 0.028645833333333332
0 0.9703703703703704 0.6869791666666667 0.020370370370370372 0.017708333333333333
0 0.987962962962963 0.6838541666666667 0.024074074074074074 0.014583333333333334
0 0.9833333333333334 0.6408854166666667 0.03333333333333333 0.022395833333333334
0 0.8083333333333333 0.7028645833333333 0.020370370370370372 0.0109375
0 0.7916666666666667 0.6393229166666666 0.02962962962962963 0.018229166666666668
0 0.8564814814814815 0.6229166666666667 0.020370370370370372 0.014583333333333334
0 0.9861111111111112 0.54375 0.020370370370370372 0.014583333333333334
0 0.9120370370370371 0.5098958333333333 0.037037037037037035 0.01875
0 0.8638888888888889 0.5291666666666667 0.03518518518518519 0.01875
0 0.8467592592592593 0.5145833333333333 0.03796296296296296 0.020833333333333332
0 0.900462962962963 0.4796875 0.017592592592592594 0.010416666666666666
0 0.9347222222222222 0.42916666666666664 0.036111111111111115 0.01875
0 0.8398148148148148 0.4049479166666667 0.024074074074074074 0.013020833333333334
0 0.8208333333333334 0.4044270833333333 0.019444444444444445 0.0140625
0 0.8944444444444445 0.3182291666666667 0.03518518518518519 0.021875
0 0.8648148148148148 0.3059895833333333 0.031481481481481485 0.01614583333333333
0 0.8462962962962963 0.2981770833333333 0.03333333333333333 0.019270833333333334
0 0.9208333333333334 0.25755208333333335 0.032407407407407406 0.019270833333333334
0 0.9523148148148148 0.2552083333333333 0.032407407407407406 0.01875
0 0.9648148148148149 0.21145833333333333 0.03518518518518519 0.01875
0 0.8981481481481481 0.17265625 0.031481481481481485 0.022395833333333334
0 0.925 0.15677083333333333 0.031481481481481485 0.01875
0 0.9486111111111112 0.15546875 0.032407407407407406 0.022395833333333334
0 0.8236111111111112 0.1703125 0.03425925925925926 0.022916666666666665
0 0.6245370370370371 0.13098958333333333 0.032407407407407406 0.024479166666666666
0 0.5717592592592593 0.18776041666666665 0.015740740740740743 0.013020833333333334
0 0.5532407407407408 0.2125 0.03425925925925926 0.020833333333333332
0 0.5796296296296296 0.27760416666666665 0.031481481481481485 0.020833333333333332
0 0.5365740740740741 0.3190104166666667 0.030555555555555558 0.018229166666666668
0 0.5157407407407407 0.35885416666666664 0.031481481481481485 0.019791666666666666
0 0.6310185185185185 0.33828125 0.025 0.0140625
0 0.6055555555555556 0.34088541666666666 0.02962962962962963 0.021354166666666667
0 0.5810185185185185 0.3390625 0.02314814814814815 0.022916666666666665
0 0.5810185185185185 0.3390625 0.02314814814814815 0.022916666666666665
0 0.5351851851851852 0.42213541666666665 0.031481481481481485 0.01614583333333333
0 0.5712962962962963 0.425 0.031481481481481485 0.017708333333333333
0 0.6180555555555556 0.44114583333333335 0.032407407407407406 0.016666666666666666
0 0.6365740740740741 0.453125 0.02314814814814815 0.013541666666666667
0 0.6101851851851852 0.4708333333333333 0.02962962962962963 0.01875
0 0.524537037037037 0.4419270833333333 0.025 0.0109375
0 0.4902777777777778 0.45078124999999997 0.030555555555555558 0.01614583333333333
0 0.46620370370370373 0.5044270833333333 0.028703703703703703 0.0140625
0 0.4912037037037037 0.5369791666666667 0.026851851851851852 0.013541666666666667
0 0.7583333333333334 0.6848958333333334 0.024074074074074074 0.01875
0 0.6652777777777779 0.7427083333333333 0.01388888888888889 0.0125
0 0.6800925925925926 0.6479166666666667 0.028703703703703703 0.016666666666666666
0 0.611574074074074 0.6703125 0.02314814814814815 0.016666666666666666
0 0.575925925925926 0.7291666666666666 0.02777777777777778 0.020833333333333332
0 0.5717592592592593 0.6322916666666667 0.028703703703703703 0.019791666666666666
0 0.549074074074074 0.6338541666666666 0.022222222222222223 0.014583333333333334
0 0.4712962962962963 0.6028645833333334 0.02777777777777778 0.019270833333333334
0 0.4138888888888889 0.74453125 0.02592592592592593 0.011979166666666666
0 0.35370370370370374 0.8239583333333333 0.031481481481481485 0.021875
0 0.3601851851851852 0.58046875 0.03333333333333333 0.015104166666666667
0 0.3509259259259259 0.56953125 0.02777777777777778 0.01614583333333333
0 0.30092592592592593 0.6434895833333333 0.02962962962962963 0.0171875
0 0.3125 0.64765625 0.026851851851851852 0.015104166666666667
0 0.24120370370370373 0.7135416666666666 0.02314814814814815 0.016666666666666666
0 0.2476851851851852 0.6973958333333333 0.021296296296296296 0.0125
0 0.23333333333333334 0.64609375 0.03333333333333333 0.021354166666666667
0 0.25324074074074077 0.6182291666666666 0.032407407407407406 0.017708333333333333
0 0.17222222222222222 0.8231770833333333 0.02592592592592593 0.01614583333333333
0 0.1962962962962963 0.6338541666666666 0.02777777777777778 0.014583333333333334
0 0.14907407407407408 0.5825520833333333 0.024074074074074074 0.01614583333333333
0 0.16574074074074074 0.5606770833333333 0.031481481481481485 0.015104166666666667
0 0.2337962962962963 0.5578125 0.015740740740740743 0.0125
0 0.1953703703703704 0.5455729166666666 0.02592592592592593 0.0109375
0 0.16342592592592592 0.5234375 0.026851851851851852 0.014583333333333334
0 0.19305555555555556 0.4966145833333333 0.021296296296296296 0.015104166666666667
0 0.2611111111111111 0.4127604166666667 0.02777777777777778 0.01614583333333333
0 0.2791666666666667 0.42213541666666665 0.021296296296296296 0.0109375
0 0.19675925925925927 0.37890625 0.026851851851851852 0.0140625
0 0.2611111111111111 0.3598958333333333 0.02962962962962963 0.017708333333333333
0 0.10972222222222222 0.36432291666666666 0.036111111111111115 0.0203125
0 0.7763888888888889 0.3958333333333333 0.026851851851851852 0.014583333333333334
0 0.14027777777777778 0.3541666666666667 0.030555555555555558 0.014583333333333334
0 0.6370370370370371 0.703125 0.02592592592592593 0.013541666666666667
0 0.6675925925925926 0.4713541666666667 0.02592592592592593 0.013541666666666667
0 0.6027777777777777 0.2942708333333333 0.02592592592592593 0.015625
0 0.6027777777777777 0.2942708333333333 0.02592592592592593 0.015625
0 0.5726851851851852 0.29192708333333334 0.015740740740740743 0.008854166666666666
0 0.4981481481481482 0.7072916666666667 0.02777777777777778 0.017708333333333333
0 0.6092592592592593 0.5807291666666666 0.024074074074074074 0.010416666666666666
0 0.8421296296296297 0.46458333333333335 0.017592592592592594 0.009375
0 0.8462962962962963 0.25807291666666665 0.020370370370370372 0.01614583333333333
0 0.6425925925925926 0.6622395833333333 0.02777777777777778 0.0171875
0 0.5935185185185186 0.6229166666666667 0.020370370370370372 0.011458333333333333
0 0.5037037037037038 0.5552083333333333 0.016666666666666666 0.008333333333333333
0 0.4439814814814815 0.51171875 0.02314814814814815 0.013020833333333334
0 0.12638888888888888 0.8028645833333333 0.036111111111111115 0.0234375
0 0.08657407407407408 0.8088541666666667 0.04166666666666667 0.02395833333333333
0 0.19166666666666668 0.6908854166666667 0.02777777777777778 0.0203125
0 0.07453703703703704 0.5390625 0.021296296296296296 0.013541666666666667
0 0.09444444444444444 0.49609375 0.037037037037037035 0.0203125
0 0.8925925925925926 0.43984375 0.024074074074074074 0.011979166666666666
0 0.9430555555555556 0.27369791666666665 0.026851851851851852 0.0140625
0 0.9425925925925926 0.20390624999999998 0.02777777777777778 0.0140625
0 0.9810185185185185 0.5895833333333333 0.03796296296296296 0.017708333333333333
0 0.9796296296296296 0.6682291666666667 0.03518518518518519 0.019791666666666666
0 0.1685185185185185 0.49895833333333334 0.02777777777777778 0.020833333333333332
0 0.14351851851851852 0.4921875 0.031481481481481485 0.017708333333333333
