0 0.08148148148148149 0.8682291666666666 0.044444444444444446 0.029166666666666667
0 0.014351851851851852 0.6875 0.02314814814814815 0.01875
0 0.007407407407407408 0.6403645833333333 0.012962962962962964 0.022395833333333334
0 0.18055555555555555 0.7026041666666667 0.020370370370370372 0.011458333333333333
0 0.19583333333333333 0.63984375 0.030555555555555558 0.018229166666666668
0 0.13055555555555556 0.62265625 0.020370370370370372 0.0140625
0 0.07453703703703704 0.509375 0.03796296296296296 0.01875
0 0.12222222222222223 0.5291666666666667 0.03518518518518519 0.01875
0 0.13842592592592592 0.5138020833333333 0.03796296296296296 0.021354166666666667
0 0.05277777777777778 0.42890625 0.037037037037037035 0.019270833333333334
0 0.14907407407407408 0.4044270833333333 0.022222222222222223 0.011979166666666666
0 0.1685185185185185 0.4046875 0.022222222222222223 0.014583333333333334
0 0.09305555555555556 0.31796875 0.03425925925925926 0.022395833333333334
0 0.12361111111111112 0.30572916666666666 0.032407407407407406 0.015625
0 0.14074074074074075 0.2984375 0.03333333333333333 0.01875
0 0.06527777777777778 0.25703125 0.032407407407407406 0.019270833333333334
0 0.03425925925925926 0.25494791666666666 0.031481481481481485 0.018229166666666668
0 0.021296296296296296 0.21067708333333332 0.03518518518518519 0.019270833333333334
0 0.08842592592592594 0.17239583333333333 0.032407407407407406 0.022916666666666665
0 0.0638888888888889 0.15677083333333333 0.031481481481481485 0.01875
0 0.03888888888888889 0.1546875 0.031481481481481485 0.022916666666666665
0 0.16342592592592592 0.17005208333333333 0.036111111111111115 0.0234375
0 0.3625 0.13098958333333333 0.032407407407407406 0.024479166666666666
0 0.4152777777777778 0.18828125 0.01388888888888889 0.011979166666666666
0 0.4324074074074074 0.2125 0.03333333333333333 0.020833333333333332
0 0.40694444444444444 0.27734375 0.032407407407407406 0.021354166666666667
0 0.45046296296296295 0.31927083333333334 0.028703703703703703 0.01875
0 0.47175925925925927 0.35911458333333335 0.032407407407407406 0.019270833333333334
0 0.3574074074074074 0.3380208333333333 0.02592592592592593 0.014583333333333334
0 0.3819444444444445 0.34140625 0.030555555555555558 0.021354166666666667
0 0.4064814814814815 0.33880208333333334 0.024074074074074074 0.022395833333333334
0 0.4064814814814815 0.33880208333333334 0.024074074074074074 0.022395833333333334
0 0.4518518518518519 0.4223958333333333 0.031481481481481485 0.015625
0 0.4166666666666667 0.425 0.031481481481481485 0.017708333333333333
0 0.3689814814814815 0.44140625 0.032407407407407406 0.01614583333333333
0 0.35185185185185186 0.45286458333333335 0.022222222222222223 0.0140625
0 0.3773148148148148 0.4708333333333333 0.030555555555555558 0.01875
0 0.4638888888888889 0.4419270833333333 0.02592592592592593 0.0109375
0 0.4986111111111111 0.4510416666666667 0.030555555555555558 0.015625
0 0.5231481481481481 0.5049479166666666 0.02777777777777778 0.015104166666666667
0 0.4967592592592593 0.5369791666666667 0.026851851851851852 0.013541666666666667
0 0.22870370370370371 0.6848958333333334 0.024074074074074074 0.01875
0 0.3226851851851852 0.74296875 0.012037037037037037 0.013020833333333334
0 0.30694444444444446 0.64765625 0.030555555555555558 0.0171875
0 0.3768518518518519 0.6697916666666667 0.022222222222222223 0.015625
0 0.4083333333333333 0.7286458333333333 0.02777777777777778 0.020833333333333332
0 0.4138888888888889 0.63203125 0.02962962962962963 0.019270833333333334
0 0.4361111111111111 0.6338541666666666 0.022222222222222223 0.014583333333333334
0 0.513888888888889 0.6026041666666666 0.02962962962962963 0.01875
0 0.5726851851851852 0.74453125 0.025 0.011979166666666666
0 0.6314814814814815 0.8236979166666667 0.031481481481481485 0.022395833333333334
0 0.6277777777777778 0.5799479166666667 0.031481481481481485 0.015104166666666667
0 0.6361111111111112 0.5692708333333333 0.02777777777777778 0.016666666666666666
0 0.6861111111111111 0.64296875 0.02962962962962963 0.0171875
0 0.674074074074074 0.64765625 0.02592592592592593 0.015104166666666667
0 0.7449074074074075 0.71328125 0.02314814814814815 0.0171875
0 0.736574074074074 0.6973958333333333 0.021296296296296296 0.0125
0 0.7532407407407408 0.64609375 0.032407407407407406 0.021354166666666667
0 0.7324074074074074 0.61796875 0.031481481481481485 0.018229166666666668
0 0.812962962962963 0.8229166666666666 0.024074074074074074 0.014583333333333334
0 0.7898148148148149 0.6330729166666667 0.02777777777777778 0.0140625
0 0.8375 0.5830729166666666 0.025 0.01614583333333333
0 0.8203703703703704 0.5606770833333333 0.02962962962962963 0.015104166666666667
0 0.7541666666666667 0.5575520833333333 0.01388888888888889 0.011979166666666666
0 0.7902777777777779 0.5455729166666666 0.026851851851851852 0.0109375
0 0.8231481481481482 0.5229166666666667 0.02777777777777778 0.014583333333333334
0 0.7925925925925926 0.4953125 0.022222222222222223 0.013541666666666667
0 0.725 0.4125 0.02592592592592593 0.015625
0 0.7092592592592593 0.421875 0.024074074074074074 0.011458333333333333
0 0.7902777777777779 0.37916666666666665 0.026851851851851852 0.013541666666666667
0 0.725925925925926 0.3598958333333333 0.02962962962962963 0.017708333333333333
0 0.8777777777777778 0.3645833333333333 0.03518518518518519 0.019791666666666666
0 0.8476851851851852 0.35546875 0.030555555555555558 0.011979166666666666
0 0.31851851851851853 0.47109375 0.02592592592592593 0.0140625
0 0.3856481481481482 0.29401041666666666 0.026851851851851852 0.0171875
0 0.3856481481481482 0.29401041666666666 0.026851851851851852 0.0171875
0 0.41620370370370374 0.2916666666666667 0.01388888888888889 0.009375
0 0.48842592592592593 0.7072916666666667 0.026851851851851852 0.01875
0 0.37592592592592594 0.5799479166666667 0.024074074074074074 0.009895833333333333
0 0.14444444444444446 0.46458333333333335 0.018518518518518517 0.009375
0 0.1425925925925926 0.2596354166666667 0.016666666666666666 0.011979166666666666
0 0.4203703703703704 0.24296874999999998 0.02592592592592593 0.013020833333333334
0 0.4027777777777778 0.21067708333333332 0.020370370370370372 0.021354166666666667
0 0.34490740740740744 0.6622395833333333 0.028703703703703703 0.018229166666666668
0 0.39166666666666666 0.6229166666666667 0.020370370370370372 0.011458333333333333
0 0.4847222222222222 0.5557291666666666 0.017592592592592594 0.008333333333333333
0 0.5458333333333334 0.51171875 0.025 0.013020833333333334
0 0.8583333333333334 0.80234375 0.037037037037037035 0.0234375
0 0.8972222222222223 0.80859375 0.040740740740740744 0.024479166666666666
0 0.7930555555555556 0.6911458333333333 0.028703703703703703 0.020833333333333332
0 0.9861111111111112 0.6565104166666667 0.02777777777777778 0.018229166666666668
0 0.9833333333333334 0.621875 0.024074074074074074 0.016666666666666666
0 0.9120370370370371 0.5390625 0.020370370370370372 0.014583333333333334
0 0.8898148148148148 0.49635416666666665 0.037037037037037035 0.019791666666666666
0 0.09861111111111112 0.44036458333333334 0.026851851851851852 0.013020833333333334
0 0.043055555555555555 0.27291666666666664 0.02314814814814815 0.013541666666666667
0 0.04490740740740741 0.20416666666666666 0.028703703703703703 0.013541666666666667
0 0.21342592592592594 0.3953125 0.028703703703703703 0.0125
0 0.012962962962962964 0.5888020833333333 0.024074074074074074 0.018229166666666668
0 0.0125 0.66796875 0.02314814814814815 0.019270833333333334
0 0.8152777777777778 0.4986979166666667 0.032407407407407406 0.021354166666666667
0 0.8407407407407408 0.4921875 0.031481481481481485 0.017708333333333333
