0 0.0638888888888889 0.8697916666666666 0.044444444444444446 0.029166666666666667
0 0.16944444444444445 0.7041666666666666 0.022222222222222223 0.011458333333333333
0 0.18101851851851852 0.64140625 0.030555555555555558 0.018229166666666668
0 0.11435185185185186 0.625 0.019444444444444445 0.013541666666666667
0 0.0587962962962963 0.51171875 0.03796296296296296 0.018229166666666668
0 0.10648148148148148 0.5315104166666667 0.03518518518518519 0.018229166666666668
0 0.12453703703703704 0.5153645833333333 0.03796296296296296 0.019270833333333334
0 0.037037037037037035 0.4309895833333333 0.037037037037037035 0.018229166666666668
0 0.13564814814814816 0.4067708333333333 0.02314814814814815 0.0125
0 0.15787037037037038 0.4067708333333333 0.026851851851851852 0.013541666666666667
0 0.07592592592592592 0.32057291666666665 0.03518518518518519 0.022395833333333334
0 0.10462962962962963 0.30807291666666664 0.02962962962962963 0.015104166666666667
0 0.125 0.30104166666666665 0.03333333333333333 0.01875
0 0.04722222222222222 0.26015625 0.031481481481481485 0.019270833333333334
0 0.017592592592592594 0.25703125 0.02962962962962963 0.018229166666666668
0 0.012962962962962964 0.2140625 0.024074074074074074 0.020833333333333332
0 0.07175925925925926 0.17578125 0.032407407407407406 0.022395833333333334
0 0.049074074074074076 0.16015625 0.031481481481481485 0.018229166666666668
0 0.024074074074074074 0.1578125 0.031481481481481485 0.022916666666666665
0 0.1486111111111111 0.1734375 0.03425925925925926 0.022916666666666665
0 0.34444444444444444 0.134375 0.03333333333333333 0.02395833333333333
0 0.39675925925925926 0.19166666666666665 0.012037037037037037 0.010416666666666666
0 0.4138888888888889 0.21536458333333333 0.03333333333333333 0.0203125
0 0.3893518518518519 0.28046875 0.032407407407407406 0.021354166666666667
0 0.43333333333333335 0.3216145833333333 0.02962962962962963 0.018229166666666668
0 0.45555555555555555 0.36171875 0.031481481481481485 0.019270833333333334
0 0.34120370370370373 0.340625 0.025 0.014583333333333334
0 0.3652777777777778 0.34375 0.028703703703703703 0.020833333333333332
0 0.38981481481481484 0.34140625 0.024074074074074074 0.022395833333333334
0 0.38981481481481484 0.34140625 0.024074074074074074 0.022395833333333334
0 0.4351851851851852 0.42421875 0.031481481481481485 0.01614583333333333
0 0.40231481481481485 0.4263020833333333 0.032407407407407406 0.0171875
0 0.3541666666666667 0.44296874999999997 0.032407407407407406 0.01614583333333333
0 0.337037037037037 0.4549479166666667 0.022222222222222223 0.013020833333333334
0 0.3625 0.47265625 0.030555555555555558 0.018229166666666668
0 0.44953703703703707 0.4440104166666667 0.025 0.0109375
0 0.48333333333333334 0.45286458333333335 0.031481481481481485 0.01614583333333333
0 0.5111111111111112 0.50625 0.02777777777777778 0.014583333333333334
0 0.4810185185185185 0.5388020833333333 0.026851851851851852 0.0140625
0 0.2138888888888889 0.6864583333333333 0.024074074074074074 0.01875
0 0.30972222222222223 0.7447916666666666 0.010185185185185186 0.011458333333333333
0 0.2935185185185185 0.6494791666666666 0.02962962962962963 0.017708333333333333
0 0.3625 0.6716145833333333 0.019444444444444445 0.01614583333333333
0 0.38981481481481484 0.7302083333333333 0.02777777777777778 0.020833333333333332
0 0.39583333333333337 0.63359375 0.028703703703703703 0.019270833333333334
0 0.41805555555555557 0.63515625 0.021296296296296296 0.0140625
0 0.4953703703703704 0.6052083333333333 0.02962962962962963 0.019791666666666666
0 0.5550925925925926 0.7458333333333333 0.02314814814814815 0.011458333333333333
0 0.6138888888888889 0.82578125 0.031481481481481485 0.022395833333333334
0 0.612037037037037 0.58125 0.031481481481481485 0.014583333333333334
0 0.6203703703703703 0.57109375 0.02777777777777778 0.0171875
0 0.6699074074074074 0.6447916666666667 0.028703703703703703 0.017708333333333333
0 0.6578703703703704 0.6486979166666667 0.025 0.015104166666666667
0 0.7282407407407407 0.7145833333333333 0.021296296296296296 0.016666666666666666
0 0.7171296296296297 0.6984375 0.021296296296296296 0.013541666666666667
0 0.7347222222222223 0.646875 0.032407407407407406 0.021875
0 0.7157407407407408 0.6192708333333333 0.031481481481481485 0.017708333333333333
0 0.7967592592592593 0.8244791666666667 0.02314814814814815 0.014583333333333334
0 0.7722222222222223 0.6348958333333333 0.02777777777777778 0.014583333333333334
0 0.8199074074074074 0.5841145833333333 0.025 0.01614583333333333
0 0.8027777777777778 0.5622395833333333 0.02962962962962963 0.015104166666666667
0 0.737962962962963 0.5591145833333333 0.014814814814814815 0.011979166666666666
0 0.7722222222222223 0.5463541666666667 0.02777777777777778 0.010416666666666666
0 0.8050925925925926 0.525 0.028703703703703703 0.014583333333333334
0 0.7731481481481481 0.4973958333333333 0.020370370370370372 0.013541666666666667
0 0.7069444444444445 0.41510416666666666 0.025 0.015625
0 0.6949074074074074 0.42343749999999997 0.025 0.0125
0 0.7722222222222223 0.38125 0.02592592592592593 0.014583333333333334
0 0.7083333333333334 0.36223958333333334 0.02962962962962963 0.018229166666666668
0 0.8597222222222223 0.36692708333333335 0.03425925925925926 0.019270833333333334
0 0.8291666666666667 0.3578125 0.030555555555555558 0.0125
0 0.30324074074074076 0.4739583333333333 0.021296296296296296 0.014583333333333334
0 0.3689814814814815 0.29713541666666665 0.026851851851851852 0.0171875
0 0.3689814814814815 0.29713541666666665 0.026851851851851852 0.0171875
0 0.39861111111111114 0.2942708333333333 0.01388888888888889 0.009375
0 0.47175925925925927 0.7091145833333333 0.026851851851851852 0.018229166666666668
0 0.3611111111111111 0.5817708333333333 0.024074074074074074 0.009375
0 0.1287037037037037 0.4666666666666667 0.018518518518518517 0.009375
0 0.1277777777777778 0.26197916666666665 0.016666666666666666 0.011458333333333333
0 0.40185185185185185 0.24687499999999998 0.02777777777777778 0.013541666666666667
0 0.3851851851851852 0.21432291666666667 0.020370370370370372 0.021354166666666667
0 0.33240740740740743 0.66484375 0.02777777777777778 0.01614583333333333
0 0.3736111111111111 0.6247395833333333 0.019444444444444445 0.0109375
0 0.46990740740740744 0.5578125 0.017592592592592594 0.008333333333333333
0 0.5333333333333333 0.5135416666666667 0.024074074074074074 0.014583333333333334
0 0.8402777777777778 0.8041666666666667 0.036111111111111115 0.022916666666666665
0 0.8787037037037038 0.81015625 0.040740740740740744 0.024479166666666666
0 0.7740740740740741 0.6921875 0.02962962962962963 0.019791666666666666
0 0.9699074074074074 0.6578125 0.032407407407407406 0.017708333333333333
0 0.9824074074074074 0.67890625 0.03333333333333333 0.01614583333333333
0 0.9643518518518519 0.6229166666666667 0.025 0.016666666666666666
0 0.8935185185185186 0.540625 0.020370370370370372 0.013541666666666667
0 0.8699074074074075 0.49765624999999997 0.036111111111111115 0.019270833333333334
0 0.08611111111111111 0.4419270833333333 0.02777777777777778 0.011979166666666666
0 0.028240740740740743 0.2760416666666667 0.02314814814814815 0.013541666666666667
0 0.026851851851851852 0.20729166666666665 0.031481481481481485 0.013541666666666667
0 0.2013888888888889 0.396875 0.026851851851851852 0.0125
0 0.7972222222222223 0.5002604166666667 0.02777777777777778 0.021354166666666667
0 0.8208333333333334 0.4942708333333333 0.032407407407407406 0.017708333333333333
