0 0.018055555555555557 0.8794270833333333 0.03425925925925926 0.027604166666666666
0 0.13518518518518519 0.71015625 0.024074074074074074 0.013020833333333334
0 0.1398148148148148 0.6486979166666667 0.031481481481481485 0.018229166666666668
0 0.07175925925925926 0.6322916666666667 0.017592592592592594 0.013541666666666667
0 0.01898148148148148 0.5184895833333333 0.03425925925925926 0.0203125
0 0.061111111111111116 0.5377604166666666 0.037037037037037035 0.018229166666666668
0 0.07777777777777778 0.5223958333333333 0.040740740740740744 0.019791666666666666
0 0.09814814814814815 0.41380208333333335 0.024074074074074074 0.013020833333333334
0 0.12268518518518519 0.41354166666666664 0.025 0.014583333333333334
0 0.03333333333333333 0.32890625 0.03518518518518519 0.021354166666666667
0 0.07314814814814816 0.3169270833333333 0.031481481481481485 0.013020833333333334
0 0.08518518518518518 0.309375 0.03333333333333333 0.01875
0 0.012037037037037037 0.26927083333333335 0.020370370370370372 0.019791666666666666
0 0.031018518518518518 0.18645833333333334 0.032407407407407406 0.021875
0 0.012962962962962964 0.17109375 0.024074074074074074 0.015104166666666667
0 0.10925925925925926 0.184375 0.03518518518518519 0.020833333333333332
0 0.3023148148148148 0.14609375 0.032407407407407406 0.0234375
0 0.3699074074074074 0.22447916666666667 0.03425925925925926 0.019791666666666666
0 0.3472222222222222 0.28828125 0.03333333333333333 0.0203125
0 0.39212962962962966 0.32890625 0.028703703703703703 0.0171875
0 0.41574074074074074 0.36796875 0.031481481481481485 0.019270833333333334
0 0.30185185185185187 0.34713541666666664 0.024074074074074074 0.015104166666666667
0 0.32407407407407407 0.35104166666666664 0.02592592592592593 0.020833333333333332
0 0.34814814814814815 0.3484375 0.02592592592592593 0.021875
0 0.34814814814814815 0.3484375 0.02592592592592593 0.021875
0 0.3944444444444445 0.43046875 0.02962962962962963 0.01614583333333333
0 0.3625 0.4328125 0.032407407407407406 0.017708333333333333
0 0.3138888888888889 0.44921875 0.03333333333333333 0.01614583333333333
0 0.2967592592592593 0.4614583333333333 0.02314814814814815 0.013541666666666667
0 0.3226851851851852 0.47890625 0.030555555555555558 0.018229166666666668
0 0.4115740740740741 0.45026041666666666 0.026851851851851852 0.0109375
0 0.4449074074074074 0.45859374999999997 0.032407407407407406 0.01614583333333333
0 0.47685185185185186 0.5125 0.02592592592592593 0.014583333333333334
0 0.44074074074074077 0.5442708333333334 0.02592592592592593 0.013541666666666667
0 0.1726851851851852 0.6934895833333333 0.025 0.018229166666666668
0 0.25092592592592594 0.6559895833333333 0.031481481481481485 0.018229166666666668
0 0.32222222222222224 0.6768229166666666 0.012962962962962964 0.01614583333333333
0 0.3421296296296296 0.7364583333333333 0.025 0.019791666666666666
0 0.350462962962963 0.63984375 0.028703703703703703 0.019270833333333334
0 0.3712962962962963 0.6411458333333333 0.022222222222222223 0.014583333333333334
0 0.44953703703703707 0.61015625 0.028703703703703703 0.018229166666666668
0 0.5106481481481482 0.75234375 0.026851851851851852 0.009895833333333333
0 0.5675925925925926 0.8315104166666667 0.031481481481481485 0.022395833333333334
0 0.5731481481481482 0.5864583333333333 0.031481481481481485 0.015625
0 0.5791666666666667 0.5763020833333333 0.026851851851851852 0.01614583333333333
0 0.6273148148148149 0.6497395833333334 0.028703703703703703 0.018229166666666668
0 0.6171296296296297 0.6528645833333333 0.02314814814814815 0.0140625
0 0.6851851851851852 0.7197916666666666 0.020370370370370372 0.016666666666666666
0 0.6717592592592593 0.7033854166666667 0.017592592592592594 0.013020833333333334
0 0.6898148148148149 0.6518229166666667 0.031481481481481485 0.021354166666666667
0 0.6712962962962963 0.6255208333333333 0.03333333333333333 0.016666666666666666
0 0.7527777777777778 0.8299479166666667 0.022222222222222223 0.0140625
0 0.7314814814814815 0.6390625 0.02777777777777778 0.016666666666666666
0 0.7763888888888889 0.5888020833333333 0.025 0.01614583333333333
0 0.7587962962962963 0.5669270833333333 0.028703703703703703 0.015104166666666667
0 0.6976851851851852 0.5635416666666666 0.012037037037037037 0.011458333333333333
0 0.7291666666666667 0.5513020833333333 0.026851851851851852 0.0109375
0 0.7611111111111112 0.5294270833333333 0.02592592592592593 0.0140625
0 0.7347222222222223 0.5041666666666667 0.030555555555555558 0.01875
0 0.6643518518518519 0.42109375 0.025 0.01614583333333333
0 0.6611111111111111 0.4283854166666667 0.02777777777777778 0.0140625
0 0.4305555555555556 0.7151041666666667 0.024074074074074074 0.017708333333333333
0 0.7310185185185185 0.38776041666666666 0.025 0.015104166666666667
0 0.6662037037037037 0.3692708333333333 0.028703703703703703 0.017708333333333333
0 0.8171296296296297 0.3731770833333333 0.03425925925925926 0.018229166666666668
0 0.788425925925926 0.36484375 0.028703703703703703 0.0109375
0 0.2638888888888889 0.47994791666666664 0.022222222222222223 0.013020833333333334
0 0.3175925925925926 0.5872395833333334 0.022222222222222223 0.009895833333333333
0 0.08564814814814815 0.4739583333333333 0.019444444444444445 0.010416666666666666
0 0.08888888888888889 0.27109375 0.018518518518518517 0.0109375
0 0.3611111111111111 0.2578125 0.02592592592592593 0.017708333333333333
0 0.34120370370370373 0.22369791666666666 0.019444444444444445 0.021354166666666667
0 0.29583333333333334 0.6721354166666667 0.026851851851851852 0.015104166666666667
0 0.32962962962962966 0.6309895833333333 0.022222222222222223 0.0109375
0 0.4310185185185185 0.5640625 0.019444444444444445 0.009375
0 0.49953703703703706 0.5190104166666667 0.02314814814814815 0.013020833333333334
0 0.7921296296296296 0.809375 0.036111111111111115 0.022916666666666665
0 0.8305555555555556 0.8151041666666666 0.03888888888888889 0.02395833333333333
0 0.7268518518518519 0.6963541666666666 0.031481481481481485 0.019791666666666666
0 0.924537037037037 0.6627604166666666 0.030555555555555558 0.018229166666666668
0 0.9351851851851852 0.6828125 0.02592592592592593 0.014583333333333334
0 0.9185185185185185 0.62734375 0.024074074074074074 0.0171875
0 0.9819444444444445 0.5890625 0.021296296296296296 0.013541666666666667
0 0.8467592592592593 0.5458333333333333 0.019444444444444445 0.013541666666666667
0 0.8231481481481482 0.5028645833333333 0.03518518518518519 0.019270833333333334
0 0.047685185185185185 0.44921875 0.025 0.011979166666666666
0 0.02314814814814815 0.4473958333333333 0.022222222222222223 0.0125
0 0.16666666666666669 0.40338541666666666 0.02962962962962963 0.011979166666666666
0 0.750925925925926 0.50546875 0.02777777777777778 0.021354166666666667
0 0.775 0.49921875 0.031481481481481485 0.0171875
