0 0.03564814814814815 0.9338541666666667 0.049074074074074076 0.051041666666666666
0 0.09166666666666667 0.8416666666666667 0.07777777777777778 0.05520833333333333
0 0.3439814814814815 0.8484375 0.11388888888888889 0.07916666666666666
0 0.27731481481481485 0.6765625 0.03981481481481482 0.020833333333333332
0 0.2111111111111111 0.63828125 0.04814814814814815 0.03802083333333333
0 0.5865740740740741 0.72578125 0.05277777777777778 0.033854166666666664
0 0.07824074074074075 0.5682291666666667 0.06944444444444445 0.046875
0 0.06851851851851852 0.45859374999999997 0.05 0.0265625
0 0.24722222222222223 0.5486979166666667 0.07407407407407407 0.04739583333333333
0 0.37824074074074077 0.4627604166666667 0.07685185185185185 0.04114583333333333
0 0.29444444444444445 0.27578125 0.07407407407407407 0.04739583333333333
0 0.37777777777777777 0.2721354166666667 0.06851851851851852 0.044270833333333336
0 0.5212962962962964 0.5135416666666667 0.07592592592592592 0.042708333333333334
0 0.5601851851851852 0.4744791666666667 0.07777777777777778 0.04583333333333333
0 0.46435185185185185 0.24505208333333334 0.03425925925925926 0.0265625
0 0.42083333333333334 0.24505208333333334 0.05462962962962963 0.0234375
0 0.5805555555555556 0.5393229166666667 0.053703703703703705 0.027604166666666666
0 0.8449074074074074 0.38255208333333335 0.06944444444444445 0.03697916666666667
0 0.7939814814814815 0.7479166666666667 0.05092592592592593 0.0375
0 0.7824074074074074 0.8921875 0.0462962962962963 0.03125
0 0.862962962962963 0.8429687499999999 0.053703703703703705 0.04010416666666666
0 0.14675925925925926 0.6388020833333333 0.049074074074074076 0.025520833333333333
0 0.33055555555555555 0.3182291666666667 0.040740740740740744 0.03125
0 0.4916666666666667 0.703125 0.053703703703703705 0.034375
0 0.5027777777777778 0.36744791666666665 0.040740740740740744 0.033854166666666664
0 0.9717592592592593 0.37734375 0.05648148148148149 0.04010416666666666
0 0.913425925925926 0.33828125 0.05462962962962963 0.0328125
0 0.9666666666666667 0.30833333333333335 0.06666666666666667 0.04479166666666667
0 0.9773148148148149 0.0515625 0.04166666666666667 0.04375
0 0.8518518518518519 0.7611979166666667 0.03888888888888889 0.025520833333333333
0 0.9101851851851852 0.6778645833333333 0.03333333333333333 0.021354166666666667
0 0.9569444444444445 0.61015625 0.04166666666666667 0.027604166666666666
0 0.9148148148148149 0.4015625 0.03888888888888889 0.02395833333333333
