0 0.022222222222222223 0.9361979166666666 0.040740740740740744 0.0484375
0 0.07453703703703704 0.8429687499999999 0.0787037037037037 0.05364583333333333
0 0.3162037037037037 0.8494791666666667 0.11388888888888889 0.078125
0 0.2657407407407408 0.678125 0.040740740740740744 0.021875
0 0.1912037037037037 0.6395833333333333 0.04351851851851852 0.0375
0 0.5648148148148149 0.7268229166666667 0.04259259259259259 0.034895833333333334
0 0.0587962962962963 0.57109375 0.0638888888888889 0.049479166666666664
0 0.053703703703703705 0.4591145833333333 0.0462962962962963 0.025520833333333333
0 0.22592592592592595 0.55078125 0.07592592592592592 0.04739583333333333
0 0.3592592592592593 0.46484375 0.07777777777777778 0.04114583333333333
0 0.274537037037037 0.27760416666666665 0.075 0.04791666666666666
0 0.3666666666666667 0.27317708333333335 0.05925925925925926 0.04010416666666666
0 0.49953703703703706 0.51484375 0.075 0.043229166666666666
0 0.538425925925926 0.47630208333333335 0.07685185185185185 0.0453125
0 0.40694444444444444 0.24661458333333333 0.05462962962962963 0.0234375
0 0.5592592592592592 0.5408854166666667 0.053703703703703705 0.0265625
0 0.8250000000000001 0.3833333333333333 0.06481481481481481 0.0375
0 0.7777777777777778 0.7489583333333333 0.05 0.0375
0 0.7694444444444445 0.89296875 0.044444444444444446 0.030729166666666665
0 0.85 0.84375 0.05185185185185186 0.040625
0 0.12916666666666668 0.6388020833333333 0.04722222222222222 0.0234375
0 0.3148148148148148 0.31979166666666664 0.044444444444444446 0.030208333333333334
0 0.47314814814814815 0.703125 0.053703703703703705 0.036458333333333336
0 0.4828703703703704 0.3692708333333333 0.04166666666666667 0.034375
0 0.9592592592592593 0.378125 0.06666666666666667 0.040625
0 0.8944444444444445 0.340625 0.053703703703703705 0.03333333333333333
0 0.9523148148148148 0.3104166666666667 0.07685185185185185 0.04375
0 0.9657407407407408 0.054427083333333334 0.05925925925925926 0.0421875
0 0.4462962962962963 0.24739583333333334 0.02592592592592593 0.026041666666666668
0 0.8356481481481481 0.7614583333333333 0.04166666666666667 0.026041666666666668
0 0.8967592592592593 0.6778645833333333 0.03425925925925926 0.021354166666666667
0 0.9365740740740741 0.6111979166666667 0.04351851851851852 0.028645833333333332
0 0.8986111111111111 0.40208333333333335 0.04351851851851852 0.02395833333333333
