0 0.11574074074074074 0.6403645833333333 0.031481481481481485 0.03697916666666667
0 0.13796296296296298 0.8518229166666667 0.12222222222222223 0.08072916666666667
0 0.4759259259259259 0.7346354166666667 0.061111111111111116 0.04010416666666666
0 0.20972222222222223 0.41354166666666664 0.04351851851851852 0.026041666666666668
0 0.22083333333333335 0.3893229166666667 0.032407407407407406 0.022395833333333334
0 0.0925925925925926 0.553125 0.07037037037037037 0.04375
0 0.24074074074074076 0.46901041666666665 0.07777777777777778 0.0421875
0 0.16296296296296298 0.2825520833333333 0.07962962962962963 0.04739583333333333
0 0.27222222222222225 0.2778645833333333 0.05925925925925926 0.043229166666666666
0 0.3717592592592593 0.5184895833333333 0.07685185185185185 0.0421875
0 0.4050925925925926 0.48046875 0.06574074074074074 0.0453125
0 0.3199074074074074 0.24921875 0.04166666666666667 0.024479166666666666
0 0.42962962962962964 0.5427083333333333 0.05925925925925926 0.028125
0 0.7194444444444444 0.38697916666666665 0.05555555555555556 0.036458333333333336
0 0.6837962962962963 0.75078125 0.05462962962962963 0.03802083333333333
0 0.5638888888888889 0.8296875 0.05555555555555556 0.03854166666666667
0 0.6870370370370371 0.8955729166666666 0.0462962962962963 0.030729166666666665
0 0.8138888888888889 0.8854166666666666 0.03518518518518519 0.030208333333333334
0 0.7574074074074074 0.8455729166666667 0.053703703703703705 0.04010416666666666
0 0.9773148148148149 0.7309895833333333 0.04537037037037037 0.03177083333333333
0 0.02314814814814815 0.640625 0.04259259259259259 0.021875
0 0.23101851851851854 0.3263020833333333 0.05462962962962963 0.028645833333333332
0 0.36388888888888893 0.70703125 0.05 0.0359375
0 0.36574074074074076 0.37395833333333334 0.053703703703703705 0.036458333333333336
0 0.851388888888889 0.384375 0.06759259259259259 0.042708333333333334
0 0.7893518518518519 0.34713541666666664 0.05277777777777778 0.034895833333333334
0 0.8435185185185186 0.3169270833333333 0.07407407407407407 0.043229166666666666
0 0.925 0.2833333333333333 0.053703703703703705 0.041666666666666664
0 0.9796296296296296 0.33307291666666666 0.040740740740740744 0.034895833333333334
0 0.9856481481481482 0.36484375 0.028703703703703703 0.019270833333333334
0 0.9606481481481481 0.4244791666666667 0.021296296296296296 0.022916666666666665
0 0.9694444444444444 0.45807291666666666 0.05 0.0265625
0 0.9402777777777778 0.08307291666666666 0.05648148148148149 0.034895833333333334
0 0.9717592592592593 0.043229166666666666 0.05648148148148149 0.053125
0 0.9083333333333333 0.07369791666666667 0.07222222222222223 0.05260416666666667
0 0.8490740740740741 0.06041666666666667 0.06296296296296297 0.046875
0 0.3685185185185185 0.253125 0.02777777777777778 0.03229166666666666
0 0.7611111111111112 0.7658854166666667 0.03518518518518519 0.022395833333333334
0 0.8125 0.6796875 0.036111111111111115 0.022916666666666665
0 0.8222222222222223 0.6138020833333333 0.0462962962962963 0.0328125
0 0.8990740740740741 0.6216145833333333 0.06851851851851852 0.033854166666666664
0 0.8013888888888889 0.40781249999999997 0.05092592592592593 0.021875
0 0.18101851851851852 0.3151041666666667 0.058333333333333334 0.021875
