0 0.03981481481481482 0.8075520833333333 0.07777777777777778 0.034895833333333334
0 0.024537037037037038 0.8510416666666667 0.04722222222222222 0.075
0 0.01712962962962963 0.6434895833333333 0.032407407407407406 0.0390625
0 0.38981481481481484 0.73671875 0.05925925925925926 0.0390625
0 0.14305555555555557 0.4708333333333333 0.08240740740740742 0.040625
0 0.06944444444444445 0.28463541666666664 0.08148148148148149 0.0453125
0 0.19444444444444445 0.28020833333333334 0.061111111111111116 0.03958333333333333
0 0.26435185185185184 0.5200520833333333 0.0787037037037037 0.043229166666666666
0 0.30462962962962964 0.48125 0.08333333333333334 0.04791666666666666
0 0.32685185185185184 0.54765625 0.05 0.027604166666666666
0 0.6430555555555556 0.3885416666666667 0.06759259259259259 0.035416666666666666
0 0.5990740740740741 0.7526041666666666 0.053703703703703705 0.03854166666666667
0 0.47685185185185186 0.83203125 0.053703703703703705 0.04114583333333333
0 0.611574074074074 0.8984375 0.04166666666666667 0.03125
0 0.6782407407407408 0.8468749999999999 0.05648148148148149 0.03854166666666667
0 0.1388888888888889 0.4125 0.04814814814814815 0.016666666666666666
0 0.15 0.39166666666666666 0.0462962962962963 0.02395833333333333
0 0.1564814814814815 0.32838541666666665 0.05555555555555556 0.0234375
0 0.27361111111111114 0.70859375 0.05277777777777778 0.0359375
0 0.274537037037037 0.37734375 0.05277777777777778 0.034895833333333334
0 0.9740740740740741 0.7760416666666666 0.05185185185185186 0.053125
0 0.762962962962963 0.3875 0.06666666666666667 0.041666666666666664
0 0.7041666666666667 0.35052083333333334 0.058333333333333334 0.034375
0 0.7550925925925926 0.3190104166666667 0.0712962962962963 0.0421875
0 0.8351851851851853 0.2877604166666667 0.06296296296296297 0.04010416666666666
0 0.9750000000000001 0.265625 0.05 0.04479166666666667
0 0.8986111111111111 0.3364583333333333 0.04537037037037037 0.03333333333333333
0 0.9819444444444445 0.34479166666666666 0.036111111111111115 0.034375
0 0.9046296296296297 0.3692708333333333 0.031481481481481485 0.019791666666666666
0 0.8912037037037037 0.42734374999999997 0.030555555555555558 0.021354166666666667
0 0.9 0.45989583333333334 0.03518518518518519 0.026041666666666668
0 0.9490740740740741 0.47421874999999997 0.0462962962962963 0.024479166666666666
0 0.9847222222222223 0.12005208333333334 0.030555555555555558 0.0515625
0 0.8541666666666667 0.08776041666666666 0.05092592592592593 0.03697916666666667
0 0.9810185185185185 0.018229166666666668 0.03796296296296296 0.034375
0 0.8791666666666667 0.04895833333333333 0.075 0.053125
0 0.813425925925926 0.07916666666666666 0.0712962962962963 0.051041666666666666
0 0.7546296296296297 0.06822916666666666 0.06296296296296297 0.04375
0 0.6842592592592592 0.7651041666666667 0.04814814814814815 0.029166666666666667
0 0.7412037037037037 0.6809895833333334 0.036111111111111115 0.0234375
0 0.7282407407407407 0.6122395833333333 0.04351851851851852 0.03177083333333333
0 0.8046296296296297 0.6231770833333333 0.07962962962962963 0.033854166666666664
0 0.7208333333333333 0.4140625 0.03425925925925926 0.014583333333333334
0 0.7407407407407408 0.88828125 0.037037037037037035 0.028645833333333332
0 0.875462962962963 0.7317708333333334 0.062037037037037036 0.03229166666666666
0 0.962037037037037 0.12005208333333334 0.06666666666666667 0.049479166666666664
0 0.10092592592592593 0.3177083333333333 0.061111111111111116 0.022916666666666665
