0 0.01898148148148148 0.8106770833333333 0.036111111111111115 0.04010416666666666
0 0.36203703703703705 0.7346354166666667 0.05925925925925926 0.0390625
0 0.10601851851851853 0.4674479166666667 0.08425925925925926 0.0421875
0 0.03981481481481482 0.28072916666666664 0.07592592592592592 0.04583333333333333
0 0.16712962962962963 0.2765625 0.062037037037037036 0.03958333333333333
0 0.22685185185185186 0.51796875 0.07962962962962963 0.043229166666666666
0 0.2675925925925926 0.4778645833333333 0.08333333333333334 0.0515625
0 0.2949074074074074 0.5447916666666667 0.0638888888888889 0.029166666666666667
0 0.6148148148148148 0.38619791666666664 0.06666666666666667 0.0359375
0 0.5731481481481482 0.7515625 0.05925925925925926 0.03854166666666667
0 0.44537037037037036 0.8299479166666667 0.0462962962962963 0.0421875
0 0.587037037037037 0.896875 0.040740740740740744 0.030208333333333334
0 0.6518518518518519 0.8455729166666667 0.05740740740740741 0.03697916666666667
0 0.12407407407407407 0.3890625 0.044444444444444446 0.021875
0 0.13148148148148148 0.325 0.05555555555555556 0.025
0 0.2513888888888889 0.7052083333333333 0.04722222222222222 0.03854166666666667
0 0.2425925925925926 0.37421875 0.053703703703703705 0.0359375
0 0.9500000000000001 0.7752604166666667 0.08518518518518518 0.05364583333333333
0 0.9055555555555556 0.5677083333333334 0.05185185185185186 0.027083333333333334
0 0.9851851851851853 0.5307291666666667 0.02962962962962963 0.028125
0 0.7342592592592593 0.38567708333333334 0.06481481481481481 0.0421875
0 0.6773148148148148 0.3489583333333333 0.05648148148148149 0.035416666666666666
0 0.725925925925926 0.3171875 0.07222222222222223 0.041666666666666664
0 0.8074074074074075 0.28541666666666665 0.06481481481481481 0.040625
0 0.9550925925925926 0.26328125 0.0787037037037037 0.0453125
0 0.8805555555555555 0.33307291666666666 0.05740740740740741 0.03802083333333333
0 0.9675925925925927 0.34348958333333335 0.061111111111111116 0.034895833333333334
0 0.8731481481481482 0.4263020833333333 0.02777777777777778 0.022395833333333334
0 0.8898148148148148 0.4591145833333333 0.05185185185185186 0.024479166666666666
0 0.9305555555555556 0.47239583333333335 0.053703703703703705 0.02395833333333333
0 0.9689814814814816 0.1140625 0.062037037037037036 0.058333333333333334
0 0.8236111111111112 0.08411458333333333 0.05092592592592593 0.03697916666666667
0 0.9648148148148149 0.015885416666666666 0.06851851851851852 0.028645833333333332
0 0.8481481481481482 0.04348958333333333 0.07222222222222223 0.0546875
0 0.7837962962962963 0.07526041666666666 0.06944444444444445 0.0515625
0 0.7236111111111111 0.06458333333333333 0.062037037037037036 0.042708333333333334
0 0.6597222222222222 0.7630208333333334 0.05092592592592593 0.030208333333333334
0 0.7180555555555556 0.6796875 0.03796296296296296 0.02395833333333333
0 0.6967592592592593 0.6109375 0.04166666666666667 0.03229166666666666
0 0.7685185185185186 0.6216145833333333 0.07037037037037037 0.033854166666666664
0 0.6976851851851852 0.41171874999999997 0.03425925925925926 0.0140625
0 0.7152777777777778 0.8864583333333333 0.03981481481481482 0.028125
0 0.8398148148148148 0.7296875 0.061111111111111116 0.03125
0 0.9222222222222223 0.11927083333333333 0.0462962962962963 0.04479166666666667
0 0.07268518518518519 0.31354166666666666 0.0638888888888889 0.02395833333333333
