0 0.3111111111111111 0.7356770833333334 0.061111111111111116 0.04010416666666666
0 0.04212962962962963 0.46875 0.0787037037037037 0.042708333333333334
0 0.11620370370370371 0.27682291666666664 0.0638888888888889 0.0421875
0 0.15694444444444444 0.5190104166666667 0.08055555555555556 0.044270833333333336
0 0.19490740740740742 0.4786458333333333 0.08981481481481482 0.051041666666666666
0 0.23240740740740742 0.54609375 0.06666666666666667 0.03697916666666667
0 0.5611111111111111 0.38515625 0.06481481481481481 0.0359375
0 0.5217592592592593 0.7528645833333333 0.05277777777777778 0.0421875
0 0.39166666666666666 0.8315104166666667 0.044444444444444446 0.043229166666666666
0 0.5430555555555556 0.8976562499999999 0.036111111111111115 0.030729166666666665
0 0.6078703703703704 0.8453125 0.05648148148148149 0.0375
0 0.07824074074074075 0.32786458333333335 0.04537037037037037 0.024479166666666666
0 0.1851851851851852 0.7075520833333333 0.04814814814814815 0.03697916666666667
0 0.22685185185185186 0.25104166666666666 0.05 0.03125
0 0.1800925925925926 0.37421875 0.06018518518518519 0.03697916666666667
0 0.8791666666666667 0.7744791666666666 0.08425925925925926 0.052083333333333336
0 0.9574074074074075 0.7861979166666666 0.07962962962962963 0.043229166666666666
0 0.850925925925926 0.56875 0.04814814814814815 0.030208333333333334
0 0.9472222222222223 0.5296875 0.06296296296296297 0.029166666666666667
0 0.6787037037037037 0.3859375 0.06481481481481481 0.041666666666666664
0 0.6222222222222222 0.3489583333333333 0.053703703703703705 0.035416666666666666
0 0.6675925925925926 0.3171875 0.07037037037037037 0.042708333333333334
0 0.7527777777777778 0.28515625 0.061111111111111116 0.04114583333333333
0 0.8902777777777778 0.26197916666666665 0.075 0.04479166666666667
0 0.826388888888889 0.3328125 0.049074074074074076 0.03958333333333333
0 0.9148148148148149 0.34270833333333334 0.06296296296296297 0.034375
0 0.8550925925925926 0.45859374999999997 0.036111111111111115 0.024479166666666666
0 0.888888888888889 0.47109375 0.04814814814814815 0.024479166666666666
0 0.9148148148148149 0.11432291666666666 0.07962962962962963 0.05572916666666666
0 0.7606481481481482 0.08385416666666666 0.049074074074074076 0.036458333333333336
0 0.900462962962963 0.014583333333333334 0.075 0.027083333333333334
0 0.7782407407407408 0.0421875 0.07314814814814816 0.057291666666666664
0 0.7175925925925927 0.07421875 0.06666666666666667 0.05260416666666667
0 0.6583333333333333 0.06197916666666667 0.061111111111111116 0.04479166666666667
0 0.6199074074074075 0.7669270833333334 0.04537037037037037 0.0234375
0 0.675 0.6791666666666667 0.040740740740740744 0.02395833333333333
0 0.6444444444444445 0.6098958333333333 0.0462962962962963 0.034375
0 0.7101851851851853 0.6223958333333334 0.06666666666666667 0.03333333333333333
0 0.6472222222222223 0.4109375 0.03518518518518519 0.016666666666666666
0 0.6768518518518519 0.8861979166666667 0.040740740740740744 0.028645833333333332
0 0.7763888888888889 0.7296875 0.062037037037037036 0.03229166666666666
0 0.8611111111111112 0.11927083333333333 0.0462962962962963 0.04375
