0 0.7087962962962964 0.7372395833333333 0.062037037037037036 0.04114583333333333
0 0.9694444444444444 0.47031249999999997 0.061111111111111116 0.041666666666666664
0 0.9060185185185186 0.2765625 0.062037037037037036 0.03958333333333333
0 0.8689814814814815 0.5197916666666667 0.08240740740740742 0.04375
0 0.8310185185185186 0.4791666666666667 0.08796296296296297 0.051041666666666666
0 0.7944444444444445 0.5471354166666667 0.06851851851851852 0.0359375
0 0.4587962962962963 0.38567708333333334 0.062037037037037036 0.0359375
0 0.5023148148148149 0.753125 0.06018518518518519 0.04375
0 0.6277777777777778 0.8325520833333333 0.04259259259259259 0.0421875
0 0.47222222222222227 0.8981770833333333 0.03518518518518519 0.030729166666666665
0 0.4087962962962963 0.8458333333333333 0.05648148148148149 0.0375
0 0.9449074074074074 0.33098958333333334 0.04166666666666667 0.024479166666666666
0 0.837962962962963 0.70859375 0.04814814814814815 0.03697916666666667
0 0.8449074074074074 0.375 0.058333333333333334 0.0375
0 0.14583333333333334 0.77421875 0.08425925925925926 0.0515625
0 0.06712962962962964 0.7864583333333334 0.08055555555555556 0.04375
0 0.17037037037037037 0.56796875 0.053703703703703705 0.0296875
0 0.07407407407407407 0.5299479166666666 0.06296296296296297 0.0296875
0 0.3416666666666667 0.38619791666666664 0.06296296296296297 0.0421875
0 0.3976851851851852 0.3497395833333333 0.05092592592592593 0.034895833333333334
0 0.3527777777777778 0.31744791666666666 0.07037037037037037 0.043229166666666666
0 0.26666666666666666 0.2856770833333333 0.05925925925925926 0.04114583333333333
0 0.1328703703703704 0.2625 0.075 0.04583333333333333
0 0.1925925925925926 0.3338541666666667 0.04814814814814815 0.03958333333333333
0 0.10555555555555556 0.3424479166666667 0.06296296296296297 0.034895833333333334
0 0.1615740740740741 0.4596354166666667 0.03796296296296296 0.024479166666666666
0 0.12685185185185185 0.4713541666666667 0.04814814814814815 0.02395833333333333
0 0.10740740740740741 0.11484375 0.08148148148148149 0.05572916666666666
0 0.26203703703703707 0.08385416666666666 0.05 0.0375
0 0.12453703703703704 0.014583333333333334 0.075 0.027083333333333334
0 0.24629629629629632 0.042708333333333334 0.07222222222222223 0.057291666666666664
0 0.30648148148148147 0.07447916666666667 0.06666666666666667 0.052083333333333336
0 0.3652777777777778 0.06302083333333333 0.06018518518518519 0.04479166666666667
0 0.7958333333333334 0.25338541666666664 0.04722222222222222 0.0265625
0 0.39490740740740743 0.7674479166666667 0.04351851851851852 0.0234375
0 0.34074074074074073 0.6799479166666667 0.040740740740740744 0.024479166666666666
0 0.3763888888888889 0.6096354166666667 0.04351851851851852 0.034895833333333334
0 0.3106481481481482 0.6229166666666667 0.0638888888888889 0.03333333333333333
0 0.37222222222222223 0.4088541666666667 0.03333333333333333 0.021875
0 0.33842592592592596 0.8869791666666667 0.04166666666666667 0.028125
0 0.24675925925925926 0.7299479166666667 0.06018518518518519 0.03177083333333333
0 0.1615740740740741 0.12057291666666667 0.04722222222222222 0.043229166666666666
