0 0.20092592592592592 0.73671875 0.06481481481481481 0.04010416666666666
0 0.02962962962962963 0.51875 0.05555555555555556 0.041666666666666664
0 0.05092592592592593 0.4765625 0.09444444444444444 0.04895833333333333
0 0.07175925925925926 0.24583333333333332 0.032407407407407406 0.020833333333333332
0 0.08518518518518518 0.5458333333333333 0.07592592592592592 0.03854166666666667
0 0.4532407407407408 0.3841145833333333 0.062037037037037036 0.03697916666666667
0 0.42592592592592593 0.7598958333333333 0.044444444444444446 0.028125
0 0.27546296296296297 0.8325520833333333 0.03981481481481482 0.04114583333333333
0 0.4462962962962963 0.8986979166666667 0.02962962962962963 0.030729166666666665
0 0.5106481481481482 0.8434895833333333 0.05648148148148149 0.033854166666666664
0 0.0587962962962963 0.70234375 0.04351851851851852 0.0296875
0 0.050462962962962966 0.3716145833333333 0.06574074074074074 0.03697916666666667
0 0.2087962962962963 0.24973958333333332 0.04537037037037037 0.0359375
0 0.7342592592592593 0.7734375 0.08148148148148149 0.052083333333333336
0 0.8069444444444445 0.7861979166666666 0.075 0.043229166666666666
0 0.9736111111111111 0.7106770833333333 0.05277777777777778 0.0484375
0 0.7564814814814815 0.5697916666666667 0.0462962962962963 0.029166666666666667
0 0.8337962962962964 0.5299479166666666 0.06018518518518519 0.030729166666666665
0 0.5708333333333333 0.3854166666666667 0.0638888888888889 0.041666666666666664
0 0.5157407407407407 0.3484375 0.05 0.035416666666666666
0 0.5569444444444445 0.31614583333333335 0.06944444444444445 0.041666666666666664
0 0.6481481481481481 0.28619791666666666 0.06296296296296297 0.04114583333333333
0 0.7694444444444445 0.26328125 0.07222222222222223 0.044270833333333336
0 0.813425925925926 0.34348958333333335 0.062037037037037036 0.034895833333333334
0 0.7652777777777778 0.42552083333333335 0.03981481481481482 0.021875
0 0.7726851851851853 0.4591145833333333 0.04537037037037037 0.025520833333333333
0 0.8115740740740741 0.4692708333333333 0.04351851851851852 0.029166666666666667
0 0.8027777777777778 0.11458333333333333 0.07962962962962963 0.05520833333333333
0 0.6476851851851853 0.08229166666666667 0.05092592592592593 0.03854166666666667
0 0.7782407407407408 0.013802083333333333 0.07314814814814816 0.025520833333333333
0 0.6537037037037037 0.04114583333333333 0.07222222222222223 0.058333333333333334
0 0.5990740740740741 0.07369791666666667 0.06481481481481481 0.0515625
0 0.5407407407407407 0.0609375 0.05925925925925926 0.046875
0 0.12824074074074074 0.2526041666666667 0.05277777777777778 0.026041666666666668
0 0.5319444444444444 0.76171875 0.03796296296296296 0.0296875
0 0.587962962962963 0.6778645833333333 0.04259259259259259 0.021354166666666667
0 0.5282407407407408 0.6080729166666666 0.03796296296296296 0.034895833333333334
0 0.5587962962962963 0.40703125 0.05277777777777778 0.0234375
0 0.5902777777777778 0.8872395833333333 0.03981481481481482 0.027604166666666666
0 0.6365740740740741 0.73125 0.04537037037037037 0.027083333333333334
0 0.7532407407407408 0.1203125 0.04537037037037037 0.04375
0 0.5856481481481481 0.62109375 0.06018518518518519 0.033854166666666664
