0 0.15231481481481482 0.73671875 0.06574074074074074 0.04010416666666666
0 0.020833333333333336 0.47578125 0.03425925925925926 0.0453125
0 0.029166666666666667 0.54296875 0.05648148148148149 0.0390625
0 0.4046296296296297 0.38385416666666666 0.05555555555555556 0.035416666666666666
0 0.37222222222222223 0.7567708333333333 0.04814814814814815 0.028125
0 0.22175925925925927 0.8351562499999999 0.03981481481481482 0.03697916666666667
0 0.40324074074074073 0.9 0.025 0.030208333333333334
0 0.4666666666666667 0.8447916666666666 0.05555555555555556 0.034375
0 0.16944444444444445 0.24895833333333334 0.05 0.034375
0 0.6680555555555556 0.7729166666666667 0.08055555555555556 0.052083333333333336
0 0.7375 0.7841145833333333 0.0712962962962963 0.044270833333333336
0 0.9152777777777779 0.70703125 0.06759259259259259 0.044270833333333336
0 0.7083333333333334 0.5705729166666667 0.053703703703703705 0.03177083333333333
0 0.7824074074074074 0.5299479166666666 0.05925925925925926 0.0296875
0 0.5217592592592593 0.38567708333333334 0.0638888888888889 0.04114583333333333
0 0.4652777777777778 0.34765625 0.05277777777777778 0.033854166666666664
0 0.5050925925925926 0.31614583333333335 0.06944444444444445 0.041666666666666664
0 0.5990740740740741 0.28619791666666666 0.061111111111111116 0.04114583333333333
0 0.7115740740740741 0.2630208333333333 0.06944444444444445 0.04479166666666667
0 0.6944444444444444 0.3302083333333333 0.0462962962962963 0.03333333333333333
0 0.7643518518518518 0.34348958333333335 0.06018518518518519 0.034895833333333334
0 0.7263888888888889 0.4263020833333333 0.03796296296296296 0.022395833333333334
0 0.7351851851851852 0.4596354166666667 0.04259259259259259 0.025520833333333333
0 0.7768518518518519 0.47239583333333335 0.0462962962962963 0.02395833333333333
0 0.7449074074074075 0.11458333333333333 0.07685185185185185 0.05520833333333333
0 0.5925925925925926 0.08203125 0.053703703703703705 0.0390625
0 0.7166666666666667 0.014322916666666666 0.07222222222222223 0.025520833333333333
0 0.5930555555555556 0.042708333333333334 0.0712962962962963 0.057291666666666664
0 0.5421296296296296 0.07447916666666667 0.0638888888888889 0.051041666666666666
0 0.48333333333333334 0.06145833333333333 0.05925925925925926 0.04583333333333333
0 0.9944444444444445 0.6072916666666667 0.011111111111111112 0.027083333333333334
0 0.08009259259259259 0.25364583333333335 0.06018518518518519 0.022916666666666665
0 0.4939814814814815 0.7635416666666667 0.04722222222222222 0.03229166666666666
0 0.5486111111111112 0.6791666666666667 0.04351851851851852 0.02395833333333333
0 0.4777777777777778 0.6067708333333334 0.040740740740740744 0.034375
0 0.5115740740740741 0.4067708333333333 0.049074074074074076 0.026041666666666668
0 0.5504629629629629 0.8877604166666666 0.03981481481481482 0.0265625
0 0.5722222222222223 0.7317708333333334 0.03518518518518519 0.022916666666666665
0 0.6995370370370371 0.12135416666666667 0.03981481481481482 0.04375
0 0.5277777777777778 0.6208333333333333 0.05555555555555556 0.03333333333333333
