0 0.13240740740740742 0.7375 0.06666666666666667 0.040625
0 0.027314814814814816 0.5466145833333333 0.05277777777777778 0.0421875
0 0.38287037037037036 0.384375 0.05648148148148149 0.036458333333333336
0 0.35324074074074074 0.7598958333333333 0.032407407407407406 0.03125
0 0.20324074074074075 0.8359375 0.03981481481481482 0.0375
0 0.38796296296296295 0.9013020833333333 0.024074074074074074 0.0296875
0 0.45092592592592595 0.8450520833333334 0.05740740740740741 0.034895833333333334
0 0.15 0.25 0.061111111111111116 0.035416666666666666
0 0.6444444444444445 0.7734375 0.07962962962962963 0.053125
0 0.7138888888888889 0.7848958333333333 0.07037037037037037 0.042708333333333334
0 0.4810185185185185 0.76328125 0.036111111111111115 0.0296875
0 0.8921296296296297 0.7015625 0.06759259259259259 0.03854166666666667
0 0.6921296296296297 0.56875 0.05462962962962963 0.028125
0 0.762962962962963 0.5294270833333333 0.05740740740740741 0.028645833333333332
0 0.5027777777777778 0.38567708333333334 0.06481481481481481 0.04114583333333333
0 0.4467592592592593 0.34791666666666665 0.05277777777777778 0.034375
0 0.4861111111111111 0.3171875 0.06851851851851852 0.041666666666666664
0 0.5800925925925926 0.28619791666666666 0.06018518518518519 0.04114583333333333
0 0.6898148148148149 0.2630208333333333 0.06851851851851852 0.04479166666666667
0 0.675 0.33098958333333334 0.044444444444444446 0.0296875
0 0.7458333333333333 0.34322916666666664 0.06018518518518519 0.034375
0 0.7152777777777778 0.4263020833333333 0.03796296296296296 0.0234375
0 0.7236111111111111 0.4596354166666667 0.04722222222222222 0.025520833333333333
0 0.762962962962963 0.47213541666666664 0.0462962962962963 0.024479166666666666
0 0.7245370370370371 0.11588541666666667 0.07685185185185185 0.0546875
0 0.5712962962962963 0.08020833333333333 0.05185185185185186 0.042708333333333334
0 0.6930555555555555 0.0140625 0.07314814814814816 0.026041666666666668
0 0.5694444444444444 0.04296875 0.07222222222222223 0.05677083333333333
0 0.5208333333333334 0.07473958333333333 0.0638888888888889 0.050520833333333334
0 0.46296296296296297 0.061718749999999996 0.05925925925925926 0.04739583333333333
0 0.9875 0.6135416666666667 0.025 0.03333333333333333
0 0.06018518518518519 0.2544270833333333 0.061111111111111116 0.0234375
0 0.5347222222222222 0.6794270833333333 0.04166666666666667 0.024479166666666666
0 0.45925925925925926 0.6075520833333333 0.03888888888888889 0.033854166666666664
0 0.4939814814814815 0.4083333333333333 0.04722222222222222 0.025
0 0.5356481481481482 0.88828125 0.03981481481481482 0.0265625
0 0.5476851851851852 0.7317708333333334 0.032407407407407406 0.020833333333333332
0 0.6787037037037037 0.121875 0.03888888888888889 0.042708333333333334
0 0.5060185185185185 0.6208333333333333 0.05648148148148149 0.03229166666666666
