0 0.9375 0.7369791666666666 0.06944444444444445 0.040625
0 0.6842592592592592 0.38229166666666664 0.04814814814814815 0.036458333333333336
0 0.7074074074074075 0.75390625 0.05185185185185186 0.0359375
0 0.8712962962962963 0.8354166666666667 0.03888888888888889 0.0375
0 0.6092592592592593 0.8453125 0.05925925925925926 0.036458333333333336
0 0.9018518518518519 0.24322916666666666 0.05740740740740741 0.03125
0 0.4449074074074074 0.7713541666666667 0.0787037037037037 0.053125
0 0.3851851851851852 0.7817708333333333 0.06296296296296297 0.04479166666666667
0 0.20277777777777778 0.7026041666666667 0.07222222222222223 0.0375
0 0.36712962962962964 0.5666666666666667 0.05277777777777778 0.027083333333333334
0 0.30694444444444446 0.5286458333333334 0.05648148148148149 0.029166666666666667
0 0.5666666666666667 0.38385416666666666 0.06481481481481481 0.041666666666666664
0 0.6226851851851852 0.34609375 0.05277777777777778 0.0328125
0 0.5856481481481481 0.3145833333333333 0.06944444444444445 0.041666666666666664
0 0.48703703703703705 0.28359375 0.06296296296296297 0.04114583333333333
0 0.38657407407407407 0.26119791666666664 0.06759259259259259 0.0453125
0 0.38703703703703707 0.33046875 0.044444444444444446 0.0265625
0 0.3189814814814815 0.3424479166666667 0.058333333333333334 0.034895833333333334
0 0.3351851851851852 0.4244791666666667 0.03888888888888889 0.022916666666666665
0 0.32407407407407407 0.4588541666666667 0.0462962962962963 0.026041666666666668
0 0.28425925925925927 0.47109375 0.040740740740740744 0.0234375
0 0.3476851851851852 0.11119791666666666 0.075 0.05364583333333333
0 0.31203703703703706 0.08671875 0.06481481481481481 0.0515625
0 0.500925925925926 0.07630208333333333 0.05185185185185186 0.044270833333333336
0 0.3851851851851852 0.01171875 0.07037037037037037 0.021354166666666667
0 0.5115740740740741 0.037760416666666664 0.06944444444444445 0.057812499999999996
0 0.5541666666666667 0.07109375 0.06759259259259259 0.050520833333333334
0 0.6134259259259259 0.05677083333333333 0.058333333333333334 0.04791666666666666
0 0.051388888888888894 0.61328125 0.07314814814814816 0.034895833333333334
0 0.019444444444444445 0.5981770833333333 0.03518518518518519 0.0359375
0 0.525 0.6786458333333333 0.03888888888888889 0.026041666666666668
0 0.5657407407407408 0.4080729166666667 0.053703703703703705 0.022395833333333334
0 0.5189814814814815 0.8877604166666666 0.04166666666666667 0.025520833333333333
0 0.38981481481481484 0.11901041666666666 0.037037037037037035 0.0421875
0 0.047685185185185185 0.53671875 0.04351851851851852 0.025520833333333333
0 0.576388888888889 0.61953125 0.05462962962962963 0.0328125
