0 0.9541666666666667 0.7375 0.06944444444444445 0.040625
0 0.7023148148148148 0.38229166666666664 0.04537037037037037 0.036458333333333336
0 0.7226851851851852 0.7528645833333333 0.05092592592592593 0.0390625
0 0.888888888888889 0.8359375 0.03888888888888889 0.0375
0 0.6245370370370371 0.8458333333333333 0.058333333333333334 0.0375
0 0.912962962962963 0.24270833333333333 0.06481481481481481 0.030208333333333334
0 0.4675925925925926 0.7716145833333333 0.07777777777777778 0.05260416666666667
0 0.40925925925925927 0.7825520833333334 0.05740740740740741 0.044270833333333336
0 0.22314814814814815 0.6989583333333333 0.06666666666666667 0.030208333333333334
0 0.3819444444444445 0.5669270833333333 0.05277777777777778 0.0265625
0 0.3236111111111111 0.5283854166666666 0.05462962962962963 0.028645833333333332
0 0.5828703703703704 0.3833333333333333 0.0638888888888889 0.041666666666666664
0 0.6398148148148148 0.3458333333333333 0.05185185185185186 0.03333333333333333
0 0.6023148148148149 0.3138020833333333 0.06944444444444445 0.04114583333333333
0 0.5013888888888889 0.2833333333333333 0.06018518518518519 0.041666666666666664
0 0.4041666666666667 0.26067708333333334 0.06759259259259259 0.0453125
0 0.40324074074074073 0.3299479166666667 0.04537037037037037 0.025520833333333333
0 0.33287037037037037 0.3424479166666667 0.058333333333333334 0.0359375
0 0.34675925925925927 0.42526041666666664 0.03796296296296296 0.022395833333333334
0 0.33611111111111114 0.45807291666666666 0.0462962962962963 0.024479166666666666
0 0.29814814814814816 0.4705729166666667 0.03888888888888889 0.024479166666666666
0 0.3648148148148148 0.10989583333333333 0.07222222222222223 0.051041666666666666
0 0.32962962962962966 0.08697916666666666 0.06481481481481481 0.051041666666666666
0 0.5185185185185185 0.07578125 0.05185185185185186 0.044270833333333336
0 0.4050925925925926 0.01171875 0.06944444444444445 0.021354166666666667
0 0.5287037037037037 0.03723958333333333 0.06851851851851852 0.058854166666666666
0 0.5712962962962963 0.07057291666666667 0.06666666666666667 0.050520833333333334
0 0.6314814814814815 0.05651041666666667 0.05740740740740741 0.04739583333333333
0 0.06898148148148149 0.61328125 0.07314814814814816 0.0359375
0 0.028240740740740743 0.5989583333333334 0.05277777777777778 0.0375
0 0.5800925925925926 0.40781249999999997 0.05462962962962963 0.020833333333333332
0 0.5319444444444444 0.8885416666666667 0.04166666666666667 0.025
0 0.40601851851851856 0.11927083333333333 0.036111111111111115 0.042708333333333334
0 0.062037037037037036 0.5369791666666667 0.040740740740740744 0.025
