0 0.024074074074074074 0.7372395833333333 0.0462962962962963 0.04114583333333333
0 0.2740740740740741 0.384375 0.06481481481481481 0.040625
0 0.24212962962962964 0.7528645833333333 0.058333333333333334 0.04010416666666666
0 0.075 0.83671875 0.037037037037037035 0.03697916666666667
0 0.3472222222222222 0.84765625 0.05740740740740741 0.03697916666666667
0 0.0638888888888889 0.24479166666666666 0.05740740740740741 0.03333333333333333
0 0.487962962962963 0.7723958333333333 0.07592592592592592 0.05416666666666667
0 0.5476851851851852 0.7854166666666667 0.06018518518518519 0.042708333333333334
0 0.7314814814814815 0.70078125 0.06666666666666667 0.0328125
0 0.5453703703703704 0.5591145833333333 0.040740740740740744 0.021354166666666667
0 0.5884259259259259 0.5674479166666666 0.05092592592592593 0.025520833333333333
0 0.6435185185185185 0.5286458333333334 0.05555555555555556 0.029166666666666667
0 0.3851851851851852 0.3833333333333333 0.06481481481481481 0.041666666666666664
0 0.3282407407407408 0.3450520833333333 0.05277777777777778 0.0328125
0 0.36435185185185187 0.3143229166666667 0.0712962962962963 0.04114583333333333
0 0.4671296296296297 0.2838541666666667 0.06574074074074074 0.040625
0 0.5578703703703703 0.26119791666666664 0.06944444444444445 0.0453125
0 0.5671296296296297 0.3299479166666667 0.04722222222222222 0.0265625
0 0.6356481481481482 0.34296875 0.058333333333333334 0.0359375
0 0.6106481481481482 0.36953125 0.028703703703703703 0.01614583333333333
0 0.6300925925925926 0.42526041666666664 0.03796296296296296 0.021354166666666667
0 0.6421296296296296 0.45807291666666666 0.04351851851851852 0.024479166666666666
0 0.6800925925925926 0.4713541666666667 0.04537037037037037 0.026041666666666668
0 0.5986111111111111 0.11119791666666666 0.075 0.0515625
0 0.6356481481481482 0.0859375 0.06759259259259259 0.051041666666666666
0 0.4476851851851852 0.07421875 0.05092592592592593 0.04635416666666667
0 0.5574074074074075 0.011458333333333333 0.06851851851851852 0.020833333333333332
0 0.4324074074074074 0.03671875 0.07037037037037037 0.058854166666666666
0 0.39305555555555555 0.07005208333333333 0.06759259259259259 0.050520833333333334
0 0.3314814814814815 0.05546875 0.05555555555555556 0.04739583333333333
0 0.9009259259259259 0.6130208333333333 0.06666666666666667 0.0375
0 0.9425925925925926 0.59921875 0.061111111111111116 0.03697916666666667
0 0.987962962962963 0.5625 0.024074074074074074 0.030208333333333334
0 0.3893518518518519 0.4083333333333333 0.05092592592592593 0.021875
0 0.4398148148148148 0.8916666666666666 0.031481481481481485 0.021875
0 0.5620370370370371 0.11901041666666666 0.03518518518518519 0.0421875
0 0.6180555555555556 0.4015625 0.03796296296296296 0.016666666666666666
0 0.9152777777777779 0.5372395833333333 0.04722222222222222 0.024479166666666666
