0 0.015740740740740743 0.73671875 0.02962962962962963 0.03802083333333333
0 0.25324074074074077 0.3815104166666667 0.062037037037037036 0.03697916666666667
0 0.22731481481481483 0.75390625 0.05462962962962963 0.0390625
0 0.05601851851851852 0.8372395833333334 0.036111111111111115 0.03802083333333333
0 0.33240740740740743 0.8479166666666667 0.05925925925925926 0.03854166666666667
0 0.04953703703703704 0.24401041666666667 0.05648148148148149 0.033854166666666664
0 0.46481481481481485 0.77265625 0.07222222222222223 0.0546875
0 0.5296296296296297 0.7864583333333334 0.06851851851851852 0.041666666666666664
0 0.7087962962962964 0.7013020833333333 0.06574074074074074 0.034895833333333334
0 0.5314814814814816 0.5583333333333333 0.037037037037037035 0.021875
0 0.5722222222222223 0.5682291666666667 0.04814814814814815 0.028125
0 0.6263888888888889 0.5283854166666666 0.05648148148148149 0.0296875
0 0.36712962962962964 0.3828125 0.06574074074074074 0.041666666666666664
0 0.3111111111111111 0.34479166666666666 0.053703703703703705 0.03229166666666666
0 0.3462962962962963 0.31354166666666666 0.07037037037037037 0.040625
0 0.45046296296296295 0.2830729166666667 0.06574074074074074 0.04010416666666666
0 0.5388888888888889 0.2604166666666667 0.06851851851851852 0.04583333333333333
0 0.5513888888888889 0.3302083333333333 0.04722222222222222 0.026041666666666668
0 0.6194444444444445 0.3424479166666667 0.05925925925925926 0.0359375
0 0.5976851851851852 0.3697916666666667 0.026851851851851852 0.015625
0 0.6185185185185186 0.425 0.037037037037037035 0.021875
0 0.6319444444444444 0.45807291666666666 0.04351851851851852 0.025520833333333333
0 0.6712962962962963 0.4713541666666667 0.0462962962962963 0.025
0 0.5787037037037037 0.10989583333333333 0.07592592592592592 0.052083333333333336
0 0.6171296296296297 0.08671875 0.062037037037037036 0.049479166666666664
0 0.42824074074074076 0.07317708333333334 0.05092592592592593 0.04739583333333333
0 0.5361111111111111 0.0109375 0.06666666666666667 0.019791666666666666
0 0.4101851851851852 0.0359375 0.07037037037037037 0.059375
0 0.3731481481481482 0.06901041666666667 0.06851851851851852 0.050520833333333334
0 0.31203703703703706 0.05416666666666667 0.05555555555555556 0.04791666666666666
0 0.8851851851851852 0.6127604166666667 0.06851851851851852 0.03802083333333333
0 0.925 0.5989583333333334 0.061111111111111116 0.0375
0 0.9787037037037037 0.5625 0.040740740740740744 0.029166666666666667
0 0.9888888888888889 0.2908854166666667 0.022222222222222223 0.03697916666666667
0 0.3726851851851852 0.40781249999999997 0.05092592592592593 0.020833333333333332
0 0.5435185185185185 0.11770833333333333 0.03333333333333333 0.041666666666666664
0 0.6023148148148149 0.4010416666666667 0.03981481481481482 0.017708333333333333
0 0.900462962962963 0.5361979166666666 0.04537037037037037 0.025520833333333333
