0 0.1537037037037037 0.37916666666666665 0.06296296296296297 0.03854166666666667
0 0.1439814814814815 0.7544270833333333 0.0638888888888889 0.044270833333333336
0 0.25462962962962965 0.8494791666666667 0.061111111111111116 0.040625
0 0.3439814814814815 0.7747395833333334 0.06574074074074074 0.0546875
0 0.40972222222222227 0.78984375 0.07685185185185185 0.03697916666666667
0 0.5930555555555556 0.7041666666666666 0.062037037037037036 0.041666666666666664
0 0.3592592592592593 0.6138020833333333 0.02777777777777778 0.028645833333333332
0 0.44953703703703707 0.55625 0.04351851851851852 0.019791666666666666
0 0.4953703703703704 0.565625 0.05185185185185186 0.026041666666666668
0 0.5351851851851852 0.5265625 0.053703703703703705 0.029166666666666667
0 0.27175925925925926 0.3796875 0.06944444444444445 0.042708333333333334
0 0.21296296296296297 0.34088541666666666 0.053703703703703705 0.0328125
0 0.24583333333333335 0.30859375 0.07314814814814816 0.04010416666666666
0 0.3560185185185185 0.27838541666666666 0.06574074074074074 0.04114583333333333
0 0.4337962962962963 0.25546875 0.06944444444444445 0.04635416666666667
0 0.4625 0.32734375 0.05277777777777778 0.028645833333333332
0 0.5333333333333333 0.3385416666666667 0.05925925925925926 0.036458333333333336
0 0.513425925925926 0.3677083333333333 0.03981481481481482 0.015625
0 0.5532407407407408 0.42213541666666665 0.036111111111111115 0.0203125
0 0.5675925925925926 0.4544270833333333 0.0462962962962963 0.022395833333333334
0 0.6078703703703704 0.46822916666666664 0.04166666666666667 0.022916666666666665
0 0.475462962962963 0.10416666666666667 0.07685185185185185 0.05520833333333333
0 0.5180555555555556 0.07786458333333333 0.0712962962962963 0.05364583333333333
0 0.3226851851851852 0.06432291666666666 0.05277777777777778 0.049479166666666664
0 0.42453703703703705 0.00625 0.05648148148148149 0.010416666666666666
0 0.29212962962962963 0.028645833333333332 0.07314814814814816 0.05520833333333333
0 0.2625 0.06041666666666667 0.06944444444444445 0.051041666666666666
0 0.19907407407407407 0.04635416666666667 0.05555555555555556 0.04791666666666666
0 0.8023148148148148 0.6114583333333333 0.0638888888888889 0.035416666666666666
0 0.8337962962962964 0.5958333333333333 0.058333333333333334 0.0375
0 0.8907407407407407 0.5591145833333333 0.04259259259259259 0.0328125
0 0.937962962962963 0.28541666666666665 0.05740740740740741 0.03854166666666667
0 0.28564814814814815 0.40598958333333335 0.05277777777777778 0.022395833333333334
0 0.5277777777777778 0.39817708333333335 0.02592592592592593 0.01614583333333333
0 0.8268518518518518 0.5309895833333333 0.04814814814814815 0.0234375
0 0.525 0.8934895833333333 0.044444444444444446 0.025520833333333333
0 0.9462962962962963 0.7565104166666666 0.06851851851851852 0.04010416666666666
0 0.9361111111111111 0.78828125 0.04814814814814815 0.025520833333333333
0 0.8939814814814815 0.7546875 0.036111111111111115 0.029166666666666667
