0 0.13842592592592592 0.37864583333333335 0.06574074074074074 0.03958333333333333
0 0.12453703703703704 0.75234375 0.0638888888888889 0.04739583333333333
0 0.24027777777777778 0.84921875 0.058333333333333334 0.04010416666666666
0 0.32037037037037036 0.7747395833333334 0.06481481481481481 0.0546875
0 0.3856481481481482 0.7888020833333333 0.075 0.03802083333333333
0 0.5703703703703704 0.7049479166666667 0.06296296296296297 0.043229166666666666
0 0.33935185185185185 0.6127604166666667 0.026851851851851852 0.027604166666666666
0 0.36064814814814816 0.6197916666666666 0.028703703703703703 0.015625
0 0.4356481481481482 0.5565104166666667 0.04351851851851852 0.021354166666666667
0 0.4814814814814815 0.56484375 0.05185185185185186 0.0265625
0 0.5185185185185185 0.5265625 0.05555555555555556 0.029166666666666667
0 0.2550925925925926 0.37916666666666665 0.06944444444444445 0.042708333333333334
0 0.19583333333333333 0.340625 0.05277777777777778 0.03229166666666666
0 0.22962962962962963 0.30807291666666664 0.07407407407407407 0.04010416666666666
0 0.34074074074074073 0.2778645833333333 0.06666666666666667 0.04114583333333333
0 0.41481481481481486 0.25494791666666666 0.06851851851851852 0.04635416666666667
0 0.4476851851851852 0.3260416666666667 0.05277777777777778 0.026041666666666668
0 0.5180555555555556 0.33880208333333334 0.058333333333333334 0.0359375
0 0.49953703703703706 0.36744791666666665 0.03796296296296296 0.01614583333333333
0 0.5425925925925926 0.421875 0.037037037037037035 0.020833333333333332
0 0.250462962962963 0.6203125 0.058333333333333334 0.034375
0 0.5569444444444445 0.45416666666666666 0.04537037037037037 0.022916666666666665
0 0.5962962962962963 0.46848958333333335 0.040740740740740744 0.0234375
0 0.45833333333333337 0.10338541666666666 0.07592592592592592 0.05572916666666666
0 0.5 0.07708333333333334 0.07037037037037037 0.053125
0 0.3041666666666667 0.06380208333333333 0.05277777777777778 0.049479166666666664
0 0.4064814814814815 0.005989583333333333 0.05555555555555556 0.009895833333333333
0 0.2740740740740741 0.028385416666666666 0.07407407407407407 0.05364583333333333
0 0.2439814814814815 0.059895833333333336 0.06944444444444445 0.05
0 0.18055555555555555 0.0453125 0.05555555555555556 0.04791666666666666
0 0.7870370370370371 0.6119791666666666 0.06296296296296297 0.03333333333333333
0 0.8180555555555555 0.5958333333333333 0.06018518518518519 0.0375
0 0.875462962962963 0.559375 0.04537037037037037 0.030208333333333334
0 0.9268518518518519 0.28619791666666666 0.05740740740740741 0.0390625
0 0.2689814814814815 0.4046875 0.05092592592592593 0.02395833333333333
0 0.5148148148148148 0.39817708333333335 0.024074074074074074 0.0171875
0 0.5023148148148149 0.8937499999999999 0.04722222222222222 0.025
0 0.9296296296296297 0.7575520833333333 0.06851851851851852 0.04114583333333333
0 0.9199074074074074 0.7877604166666666 0.049074074074074076 0.025520833333333333
0 0.8777777777777778 0.7546875 0.037037037037037035 0.029166666666666667
