0 0.028240740740740743 0.3841145833333333 0.05462962962962963 0.043229166666666666
0 0.15787037037037038 0.7796875 0.049074074074074076 0.05416666666666667
0 0.225 0.78984375 0.07037037037037037 0.04010416666666666
0 0.4138888888888889 0.71015625 0.06481481481481481 0.04739583333333333
0 0.20787037037037037 0.6174479166666667 0.030555555555555558 0.0265625
0 0.2425925925925926 0.6268229166666667 0.04259259259259259 0.019270833333333334
0 0.33194444444444443 0.56328125 0.04537037037037037 0.0265625
0 0.37962962962962965 0.56953125 0.05185185185185186 0.027604166666666666
0 0.40092592592592596 0.5307291666666667 0.05555555555555556 0.029166666666666667
0 0.14027777777777778 0.38307291666666665 0.07314814814814816 0.0421875
0 0.08055555555555556 0.34401041666666665 0.05185185185185186 0.030729166666666665
0 0.11157407407407408 0.3138020833333333 0.07685185185185185 0.0421875
0 0.22916666666666669 0.28203125 0.06574074074074074 0.04010416666666666
0 0.2851851851851852 0.26145833333333335 0.06851851851851852 0.04583333333333333
0 0.34351851851851856 0.33229166666666665 0.05185185185185186 0.028125
0 0.41111111111111115 0.34375 0.061111111111111116 0.034375
0 0.4115740740740741 0.371875 0.04537037037037037 0.019791666666666666
0 0.4601851851851852 0.42578125 0.037037037037037035 0.019270833333333334
0 0.47731481481481486 0.45989583333333334 0.04537037037037037 0.026041666666666668
0 0.5166666666666667 0.47291666666666665 0.03888888888888889 0.02395833333333333
0 0.3337962962962963 0.11276041666666667 0.07314814814814816 0.05364583333333333
0 0.3726851851851852 0.09166666666666666 0.07314814814814816 0.03958333333333333
0 0.1837962962962963 0.07239583333333333 0.05462962962962963 0.05
0 0.4620370370370371 0.7888020833333333 0.03888888888888889 0.028645833333333332
0 0.26944444444444443 0.011197916666666667 0.06851851851851852 0.0203125
0 0.14074074074074075 0.033854166666666664 0.07777777777777778 0.05416666666666667
0 0.11990740740740741 0.06901041666666667 0.06944444444444445 0.050520833333333334
0 0.05694444444444444 0.05546875 0.05277777777777778 0.0453125
0 0.674537037037037 0.6140625 0.058333333333333334 0.035416666666666666
0 0.6972222222222223 0.59921875 0.05555555555555556 0.03697916666666667
0 0.7578703703703704 0.5622395833333333 0.049074074074074076 0.03177083333333333
0 0.937962962962963 0.56953125 0.0462962962962963 0.03177083333333333
0 0.8314814814814815 0.29192708333333334 0.053703703703703705 0.03802083333333333
0 0.8976851851851853 0.2526041666666667 0.05277777777777778 0.035416666666666666
0 0.9240740740740742 0.24036458333333333 0.07037037037037037 0.044270833333333336
0 0.9287037037037037 0.11302083333333333 0.07037037037037037 0.057291666666666664
0 0.9703703703703704 0.7942708333333334 0.05925925925925926 0.053125
0 0.8032407407407408 0.76015625 0.062037037037037036 0.03802083333333333
0 0.7625000000000001 0.7528645833333333 0.03425925925925926 0.0203125
