0 0.17453703703703705 0.715625 0.07685185185185185 0.046875
0 0.016666666666666666 0.6239583333333333 0.031481481481481485 0.021875
0 0.18055555555555555 0.56875 0.0462962962962963 0.03125
0 0.225 0.5747395833333333 0.05555555555555556 0.027604166666666666
0 0.22222222222222224 0.5361979166666666 0.05740740740740741 0.0296875
0 0.05648148148148149 0.29296875 0.05740740740740741 0.043229166666666666
0 0.09074074074074075 0.2721354166666667 0.07407407407407407 0.0453125
0 0.18564814814814815 0.33958333333333335 0.04722222222222222 0.028125
0 0.24675925925925926 0.35234375 0.062037037037037036 0.034895833333333334
0 0.27222222222222225 0.37864583333333335 0.05 0.025
0 0.33333333333333337 0.4328125 0.03888888888888889 0.020833333333333332
0 0.3560185185185185 0.46588541666666666 0.04537037037037037 0.024479166666666666
0 0.39583333333333337 0.47890625 0.04351851851851852 0.024479166666666666
0 0.14675925925925926 0.12786458333333334 0.0787037037037037 0.05260416666666667
0 0.1925925925925926 0.10677083333333333 0.07592592592592592 0.04791666666666666
0 0.01990740740740741 0.08776041666666666 0.03425925925925926 0.05260416666666667
0 0.0712962962962963 0.021875 0.07407407407407407 0.041666666666666664
0 0.9893518518518519 0.821875 0.021296296296296296 0.036458333333333336
0 0.611574074074074 0.7653645833333333 0.06018518518518519 0.0359375
0 0.5078703703703704 0.6190104166666667 0.062037037037037036 0.034895833333333334
0 0.5171296296296296 0.6046875 0.05462962962962963 0.036458333333333336
0 0.5898148148148148 0.5661458333333333 0.04814814814814815 0.034375
0 0.7652777777777778 0.5755208333333334 0.028703703703703703 0.027083333333333334
0 0.6930555555555555 0.3028645833333333 0.049074074074074076 0.03697916666666667
0 0.7106481481481481 0.2682291666666667 0.058333333333333334 0.030208333333333334
0 0.7199074074074074 0.25625 0.06574074074074074 0.04583333333333333
0 0.7287037037037037 0.1296875 0.06666666666666667 0.057291666666666664
0 0.3050925925925926 0.4044270833333333 0.05092592592592593 0.024479166666666666
0 0.5935185185185186 0.5408854166666667 0.03518518518518519 0.019270833333333334
0 0.08981481481481482 0.6057291666666667 0.03888888888888889 0.014583333333333334
0 0.30972222222222223 0.79296875 0.049074074074074076 0.03177083333333333
0 0.20416666666666666 0.8937499999999999 0.06574074074074074 0.04583333333333333
0 0.1550925925925926 0.4036458333333333 0.05092592592592593 0.02395833333333333
0 0.937962962962963 0.6333333333333333 0.06851851851851852 0.03333333333333333
0 0.9078703703703704 0.5893229166666667 0.0712962962962963 0.034895833333333334
0 0.9712962962962963 0.4354166666666667 0.05740740740740741 0.03958333333333333
0 0.925 0.46458333333333335 0.0462962962962963 0.026041666666666668
0 0.8453703703703704 0.4744791666666667 0.053703703703703705 0.03125
0 0.8717592592592593 0.44947916666666665 0.06018518518518519 0.046875
0 0.8787037037037038 0.7341145833333333 0.03518518518518519 0.018229166666666668
0 0.8611111111111112 0.7606770833333333 0.031481481481481485 0.0359375
0 0.8430555555555556 0.91015625 0.08240740740740742 0.0609375
0 0.7601851851851852 0.7958333333333333 0.07407407407407407 0.05625
0 0.8634259259259259 0.18567708333333333 0.0638888888888889 0.04114583333333333
0 0.9796296296296296 0.13671875 0.040740740740740744 0.0390625
0 0.8416666666666667 0.5505208333333333 0.06666666666666667 0.035416666666666666
0 0.913425925925926 0.5065104166666666 0.06574074074074074 0.03177083333333333
0 0.7361111111111112 0.921875 0.040740740740740744 0.04375
