0 0.9023148148148149 0.71796875 0.07685185185185185 0.04635416666666667
0 0.8712962962962963 0.56953125 0.04814814814814815 0.03177083333333333
0 0.825925925925926 0.5755208333333334 0.05740740740740741 0.027083333333333334
0 0.837962962962963 0.5380208333333333 0.061111111111111116 0.029166666666666667
0 0.9689814814814816 0.271875 0.062037037037037036 0.04583333333333333
0 0.8685185185185186 0.3390625 0.044444444444444446 0.028125
0 0.8092592592592593 0.35182291666666665 0.06481481481481481 0.034895833333333334
0 0.774537037037037 0.3770833333333333 0.05277777777777778 0.026041666666666668
0 0.7097222222222223 0.43359375 0.03981481481481482 0.0234375
0 0.6847222222222222 0.4661458333333333 0.04537037037037037 0.025
0 0.6444444444444445 0.4786458333333333 0.040740740740740744 0.02395833333333333
0 0.9185185185185185 0.12708333333333333 0.07962962962962963 0.052083333333333336
0 0.787962962962963 0.6471354166666666 0.02962962962962963 0.021354166666666667
0 0.8671296296296297 0.10625 0.08981481481481482 0.046875
0 0.9796296296296296 0.0234375 0.037037037037037035 0.04479166666666667
0 0.44583333333333336 0.7645833333333333 0.05462962962962963 0.0375
0 0.5453703703703704 0.6190104166666667 0.06481481481481481 0.0359375
0 0.5407407407407407 0.6044270833333333 0.05555555555555556 0.0359375
0 0.45925925925925926 0.5690104166666666 0.04259259259259259 0.028645833333333332
0 0.2898148148148148 0.575 0.02592592592592593 0.025
0 0.35185185185185186 0.30234375 0.04814814814814815 0.034895833333333334
0 0.3439814814814815 0.253125 0.0638888888888889 0.04375
0 0.33611111111111114 0.12708333333333333 0.06481481481481481 0.057291666666666664
0 0.7425925925925926 0.4041666666666667 0.053703703703703705 0.025
0 0.45740740740740743 0.5416666666666666 0.03518518518518519 0.017708333333333333
0 0.9675925925925927 0.6080729166666666 0.031481481481481485 0.015104166666666667
0 0.737962962962963 0.7940104166666666 0.05 0.030729166666666665
0 0.850462962962963 0.8942708333333333 0.06574074074074074 0.04895833333333333
0 0.8986111111111111 0.403125 0.058333333333333334 0.025
0 0.04027777777777778 0.7901041666666666 0.07314814814814816 0.028125
0 0.061111111111111116 0.8221354166666667 0.06296296296296297 0.0390625
0 0.12175925925925926 0.6317708333333333 0.06759259259259259 0.03333333333333333
0 0.15185185185185185 0.5875 0.06666666666666667 0.036458333333333336
0 0.0912037037037037 0.43463541666666666 0.07685185185185185 0.04114583333333333
0 0.1476851851851852 0.4622395833333333 0.05277777777777778 0.0265625
0 0.21851851851851853 0.4739583333333333 0.05740740740740741 0.03333333333333333
0 0.18888888888888888 0.44869791666666664 0.07777777777777778 0.044270833333333336
0 0.1814814814814815 0.73359375 0.044444444444444446 0.0203125
0 0.20694444444444446 0.759375 0.03425925925925926 0.0375
0 0.22361111111111112 0.91171875 0.07314814814814816 0.0609375
0 0.3060185185185185 0.7955729166666666 0.07314814814814816 0.05677083333333333
0 0.33472222222222225 0.9013020833333333 0.04537037037037037 0.018229166666666668
0 0.19583333333333333 0.1828125 0.062037037037037036 0.042708333333333334
0 0.06851851851851852 0.13229166666666667 0.06481481481481481 0.041666666666666664
0 0.025 0.16171875 0.0462962962962963 0.04635416666666667
0 0.2162037037037037 0.54921875 0.062037037037037036 0.033854166666666664
0 0.1462962962962963 0.50546875 0.06296296296296297 0.033854166666666664
0 0.3601851851851852 0.7989583333333333 0.04259259259259259 0.03229166666666666
0 0.32685185185185184 0.928125 0.037037037037037035 0.03333333333333333
