0 0.05092592592592593 0.71875 0.07777777777777778 0.046875
0 0.09907407407407408 0.5692708333333333 0.0462962962962963 0.03229166666666666
0 0.1449074074074074 0.5752604166666666 0.062037037037037036 0.027604166666666666
0 0.1277777777777778 0.5377604166666666 0.061111111111111116 0.0296875
0 0.09814814814814815 0.3380208333333333 0.0462962962962963 0.030208333333333334
0 0.1574074074074074 0.35104166666666664 0.06481481481481481 0.035416666666666666
0 0.19768518518518519 0.37604166666666666 0.05648148148148149 0.028125
0 0.2662037037037037 0.43203125 0.04351851851851852 0.022395833333333334
0 0.29305555555555557 0.46484375 0.04722222222222222 0.024479166666666666
0 0.33240740740740743 0.47812499999999997 0.03888888888888889 0.022916666666666665
0 0.04166666666666667 0.12526041666666665 0.08148148148148149 0.050520833333333334
0 0.09351851851851853 0.10494791666666667 0.09444444444444444 0.04739583333333333
0 0.5194444444444445 0.7640625 0.053703703703703705 0.03958333333333333
0 0.425462962962963 0.6192708333333333 0.0638888888888889 0.034375
0 0.42824074074074076 0.6041666666666666 0.05462962962962963 0.035416666666666666
0 0.5087962962962963 0.56796875 0.04166666666666667 0.028645833333333332
0 0.6810185185185186 0.5760416666666667 0.02314814814814815 0.022916666666666665
0 0.6231481481481481 0.30104166666666665 0.044444444444444446 0.0375
0 0.6203703703703703 0.25234375 0.061111111111111116 0.0453125
0 0.6268518518518519 0.12578125 0.06481481481481481 0.057812499999999996
0 0.23333333333333334 0.4028645833333333 0.053703703703703705 0.024479166666666666
0 0.23750000000000002 0.7932291666666667 0.05277777777777778 0.03125
0 0.11527777777777778 0.8940104166666667 0.0638888888888889 0.04635416666666667
0 0.07314814814814816 0.40078125 0.06481481481481481 0.028645833333333332
0 0.18055555555555555 0.6458333333333334 0.04259259259259259 0.022916666666666665
0 0.9731481481481482 0.44244791666666666 0.053703703703703705 0.0484375
0 0.9356481481481482 0.7880208333333333 0.058333333333333334 0.03125
0 0.9018518518518519 0.8223958333333333 0.05925925925925926 0.040625
0 0.8518518518518519 0.6309895833333333 0.05 0.033854166666666664
0 0.8148148148148149 0.58671875 0.06851851851851852 0.0359375
0 0.8699074074074075 0.434375 0.075 0.042708333333333334
0 0.8143518518518519 0.4627604166666667 0.05092592592592593 0.024479166666666666
0 0.7467592592592592 0.47369791666666666 0.05648148148148149 0.0328125
0 0.7731481481481481 0.44817708333333334 0.07962962962962963 0.0453125
0 0.7828703703703704 0.7330729166666666 0.049074074074074076 0.019270833333333334
0 0.7537037037037038 0.759375 0.03518518518518519 0.03958333333333333
0 0.7342592592592593 0.9109375 0.07962962962962963 0.05625
0 0.6560185185185186 0.7947916666666667 0.075 0.05625
0 0.6273148148148149 0.9002604166666667 0.03796296296296296 0.018229166666666668
0 0.6212962962962963 0.728125 0.06851851851851852 0.03333333333333333
0 0.7712962962962964 0.18151041666666667 0.061111111111111116 0.043229166666666666
0 0.8986111111111111 0.13151041666666666 0.062037037037037036 0.0421875
0 0.9587962962962964 0.15911458333333334 0.075 0.049479166666666664
0 0.7513888888888889 0.5484375 0.062037037037037036 0.034375
0 0.8222222222222223 0.5041666666666667 0.061111111111111116 0.03229166666666666
0 0.6032407407407407 0.79921875 0.04166666666666667 0.03697916666666667
0 0.637962962962963 0.9252604166666667 0.037037037037037035 0.0328125
