0 0.02638888888888889 0.58046875 0.049074074074074076 0.03177083333333333
0 0.03425925925925926 0.35052083333333334 0.06481481481481481 0.035416666666666666
0 0.08472222222222223 0.3763020833333333 0.058333333333333334 0.027604166666666666
0 0.1675925925925926 0.4341145833333333 0.04814814814814815 0.022395833333333334
0 0.19583333333333333 0.46484375 0.05092592592592593 0.0234375
0 0.23796296296296296 0.47942708333333334 0.0462962962962963 0.024479166666666666
0 0.3726851851851852 0.7677083333333333 0.036111111111111115 0.03958333333333333
0 0.2935185185185185 0.6234375 0.05740740740740741 0.03125
0 0.29212962962962963 0.6109375 0.05648148148148149 0.03958333333333333
0 0.38101851851851853 0.5713541666666666 0.036111111111111115 0.030208333333333334
0 0.5203703703703704 0.30026041666666664 0.05 0.03802083333333333
0 0.47361111111111115 0.2513020833333333 0.06018518518518519 0.044270833333333336
0 0.47824074074074074 0.12552083333333333 0.06759259259259259 0.057291666666666664
0 0.12731481481481483 0.40182291666666664 0.05462962962962963 0.025520833333333333
0 0.11990740740740741 0.7971354166666667 0.05277777777777778 0.030729166666666665
0 0.0638888888888889 0.64609375 0.05 0.028645833333333332
0 0.8643518518518519 0.5424479166666667 0.04166666666666667 0.034895833333333334
0 0.8166666666666667 0.4453125 0.08703703703703704 0.04895833333333333
0 0.8101851851851852 0.7354166666666666 0.04814814814814815 0.02395833333333333
0 0.7851851851851852 0.7932291666666667 0.061111111111111116 0.034375
0 0.7384259259259259 0.8247395833333333 0.05092592592592593 0.04010416666666666
0 0.7064814814814815 0.6330729166666667 0.05 0.033854166666666664
0 0.6703703703703704 0.5895833333333333 0.061111111111111116 0.03333333333333333
0 0.7074074074074075 0.43723958333333335 0.06666666666666667 0.04114583333333333
0 0.662962962962963 0.45859374999999997 0.037037037037037035 0.03802083333333333
0 0.6060185185185185 0.48072916666666665 0.04351851851851852 0.027083333333333334
0 0.6180555555555556 0.4484375 0.062037037037037036 0.04479166666666667
0 0.6041666666666667 0.61640625 0.04351851851851852 0.028645833333333332
0 0.6314814814814815 0.7377604166666667 0.05185185185185186 0.0234375
0 0.5921296296296297 0.7625 0.05277777777777778 0.040625
0 0.5680555555555555 0.9158854166666667 0.06944444444444445 0.05364583333333333
0 0.4949074074074074 0.8010416666666667 0.07314814814814816 0.053125
0 0.4666666666666667 0.9041666666666667 0.044444444444444446 0.021875
0 0.4726851851851852 0.7265625 0.06759259259259259 0.03854166666666667
0 0.6319444444444444 0.18177083333333333 0.058333333333333334 0.04375
0 0.7648148148148148 0.1296875 0.05740740740740741 0.04375
0 0.8268518518518518 0.16041666666666665 0.07037037037037037 0.04791666666666666
0 0.6083333333333334 0.5513020833333333 0.05925925925925926 0.0328125
0 0.6731481481481482 0.5067708333333333 0.044444444444444446 0.03229166666666666
0 0.44537037037037036 0.80546875 0.037037037037037035 0.0390625
