0 0.975462962962963 0.58046875 0.049074074074074076 0.03177083333333333
0 0.9675925925925927 0.35052083333333334 0.06481481481481481 0.035416666666666666
0 0.9171296296296296 0.3763020833333333 0.058333333333333334 0.027604166666666666
0 0.8342592592592593 0.4341145833333333 0.04814814814814815 0.022395833333333334
0 0.8060185185185186 0.46484375 0.05092592592592593 0.0234375
0 0.763888888888889 0.47942708333333334 0.0462962962962963 0.024479166666666666
0 0.6291666666666667 0.7677083333333333 0.036111111111111115 0.03958333333333333
0 0.7083333333333334 0.6234375 0.05740740740740741 0.03125
0 0.7097222222222223 0.6109375 0.05648148148148149 0.03958333333333333
0 0.6208333333333333 0.5713541666666666 0.036111111111111115 0.030208333333333334
0 0.4814814814814815 0.30026041666666664 0.05 0.03802083333333333
0 0.5282407407407408 0.2513020833333333 0.06018518518518519 0.044270833333333336
0 0.5236111111111111 0.12552083333333333 0.06759259259259259 0.057291666666666664
0 0.8745370370370371 0.40182291666666664 0.05462962962962963 0.025520833333333333
0 0.8819444444444445 0.7971354166666667 0.05277777777777778 0.030729166666666665
0 0.937962962962963 0.64609375 0.05 0.028645833333333332
0 0.1375 0.5424479166666667 0.04166666666666667 0.034895833333333334
0 0.1851851851851852 0.4453125 0.08703703703703704 0.04895833333333333
0 0.19166666666666668 0.7354166666666666 0.04814814814814815 0.02395833333333333
0 0.21666666666666667 0.7932291666666667 0.061111111111111116 0.034375
0 0.26342592592592595 0.8247395833333333 0.05092592592592593 0.04010416666666666
0 0.2953703703703704 0.6330729166666667 0.05 0.033854166666666664
0 0.3314814814814815 0.5895833333333333 0.061111111111111116 0.03333333333333333
0 0.29444444444444445 0.43723958333333335 0.06666666666666667 0.04114583333333333
0 0.3388888888888889 0.45859374999999997 0.037037037037037035 0.03802083333333333
0 0.39583333333333337 0.48072916666666665 0.04351851851851852 0.027083333333333334
0 0.3837962962962963 0.4484375 0.062037037037037036 0.04479166666666667
0 0.3976851851851852 0.61640625 0.04351851851851852 0.028645833333333332
0 0.3703703703703704 0.7377604166666667 0.05185185185185186 0.0234375
0 0.40972222222222227 0.7625 0.05277777777777778 0.040625
0 0.4337962962962963 0.9158854166666667 0.06944444444444445 0.05364583333333333
0 0.5069444444444444 0.8010416666666667 0.07314814814814816 0.053125
0 0.5351851851851852 0.9041666666666667 0.044444444444444446 0.021875
0 0.5291666666666667 0.7265625 0.06759259259259259 0.03854166666666667
0 0.3699074074074074 0.18177083333333333 0.058333333333333334 0.04375
0 0.23703703703703705 0.1296875 0.05740740740740741 0.04375
0 0.17500000000000002 0.16041666666666665 0.07037037037037037 0.04791666666666666
0 0.39351851851851855 0.5513020833333333 0.05925925925925926 0.0328125
0 0.3287037037037037 0.5067708333333333 0.044444444444444446 0.03229166666666666
0 0.5564814814814815 0.80546875 0.037037037037037035 0.0390625
