0 0.01712962962962963 0.58125 0.032407407407407406 0.03229166666666666
0 0.02361111111111111 0.35078125 0.04537037037037037 0.0359375
0 0.06666666666666667 0.3763020833333333 0.05740740740740741 0.027604166666666666
0 0.15231481481481482 0.4341145833333333 0.049074074074074076 0.021354166666666667
0 0.1787037037037037 0.46458333333333335 0.05185185185185186 0.022916666666666665
0 0.22361111111111112 0.4796875 0.04537037037037037 0.02395833333333333
0 0.34953703703703703 0.76953125 0.03425925925925926 0.0390625
0 0.274537037037037 0.6247395833333333 0.058333333333333334 0.03177083333333333
0 0.2726851851851852 0.6153645833333333 0.058333333333333334 0.0453125
0 0.3611111111111111 0.5703125 0.037037037037037035 0.03125
0 0.5041666666666667 0.2986979166666667 0.049074074074074076 0.0390625
0 0.4518518518518519 0.2520833333333333 0.06666666666666667 0.042708333333333334
0 0.4550925925925926 0.125 0.06574074074074074 0.057291666666666664
0 0.10925925925925926 0.40260416666666665 0.05555555555555556 0.02395833333333333
0 0.10185185185185186 0.7986979166666667 0.053703703703703705 0.030729166666666665
0 0.044444444444444446 0.6473958333333333 0.05185185185185186 0.029166666666666667
0 0.9791666666666667 0.728125 0.04166666666666667 0.03229166666666666
0 0.9810185185185185 0.8052083333333333 0.03796296296296296 0.04479166666666667
0 0.8416666666666667 0.5421875 0.040740740740740744 0.03333333333333333
0 0.7912037037037037 0.44505208333333335 0.08611111111111111 0.049479166666666664
0 0.787962962962963 0.7348958333333333 0.053703703703703705 0.02395833333333333
0 0.7662037037037037 0.7916666666666666 0.062037037037037036 0.0375
0 0.7166666666666667 0.82421875 0.05 0.0390625
0 0.6861111111111111 0.6330729166666667 0.05 0.033854166666666664
0 0.6509259259259259 0.5895833333333333 0.05925925925925926 0.03333333333333333
0 0.6837962962962963 0.4375 0.06574074074074074 0.041666666666666664
0 0.6370370370370371 0.4583333333333333 0.03518518518518519 0.0375
0 0.5837962962962964 0.48072916666666665 0.04351851851851852 0.027083333333333334
0 0.5925925925925926 0.44765625 0.061111111111111116 0.0453125
0 0.5824074074074075 0.615625 0.0462962962962963 0.028125
0 0.6101851851851852 0.7380208333333333 0.05 0.025
0 0.5675925925925926 0.76171875 0.05185185185185186 0.03802083333333333
0 0.5444444444444445 0.9161458333333333 0.07222222222222223 0.05520833333333333
0 0.4726851851851852 0.8026041666666667 0.075 0.051041666666666666
0 0.4439814814814815 0.9036458333333334 0.04537037037037037 0.020833333333333332
0 0.44953703703703707 0.72578125 0.06944444444444445 0.04114583333333333
0 0.6111111111111112 0.18151041666666667 0.05740740740740741 0.044270833333333336
0 0.7439814814814815 0.12942708333333333 0.05462962962962963 0.044270833333333336
0 0.8060185185185186 0.16067708333333333 0.0712962962962963 0.0484375
0 0.5884259259259259 0.5518229166666666 0.058333333333333334 0.03177083333333333
0 0.6513888888888889 0.5067708333333333 0.03981481481481482 0.03229166666666666
0 0.42314814814814816 0.8065104166666667 0.03888888888888889 0.04010416666666666
