0 0.02592592592592593 0.37526041666666665 0.0462962962962963 0.028645833333333332
0 0.11435185185185186 0.43203125 0.04351851851851852 0.022395833333333334
0 0.14212962962962963 0.46432291666666664 0.049074074074074076 0.021354166666666667
0 0.41203703703703703 0.26145833333333335 0.04814814814814815 0.0375
0 0.18564814814814815 0.47890625 0.05092592592592593 0.024479166666666666
0 0.3013888888888889 0.7700520833333333 0.05277777777777778 0.044270833333333336
0 0.22175925925925927 0.6265625 0.049074074074074076 0.027083333333333334
0 0.2152777777777778 0.61015625 0.05462962962962963 0.0359375
0 0.3106481481481482 0.5705729166666667 0.03796296296296296 0.028645833333333332
0 0.4675925925925926 0.2984375 0.05185185185185186 0.040625
0 0.39490740740740743 0.2515625 0.0638888888888889 0.046875
0 0.40046296296296297 0.12291666666666666 0.06759259259259259 0.057291666666666664
0 0.06527777777777778 0.40130208333333334 0.058333333333333334 0.024479166666666666
0 0.053703703703703705 0.7994791666666666 0.05185185185185186 0.030208333333333334
0 0.012962962962962964 0.6466145833333333 0.022222222222222223 0.0296875
0 0.9689814814814816 0.6346354166666667 0.06018518518518519 0.021354166666666667
0 0.9472222222222223 0.7286458333333333 0.05185185185185186 0.035416666666666666
0 0.5967592592592593 0.50625 0.032407407407407406 0.03125
0 0.9652777777777778 0.8559895833333333 0.06944444444444445 0.0453125
0 0.9412037037037038 0.8052083333333333 0.07314814814814816 0.042708333333333334
0 0.7837962962962963 0.54140625 0.04166666666666667 0.034895833333333334
0 0.7287037037037037 0.44427083333333334 0.08333333333333334 0.04895833333333333
0 0.7282407407407407 0.7359375 0.05092592592592593 0.026041666666666668
0 0.7134259259259259 0.78984375 0.05648148148148149 0.03697916666666667
0 0.6537037037037037 0.825 0.044444444444444446 0.035416666666666666
0 0.6324074074074074 0.6322916666666667 0.05 0.03333333333333333
0 0.5967592592592593 0.5880208333333333 0.06018518518518519 0.03333333333333333
0 0.625925925925926 0.4356770833333333 0.05925925925925926 0.0421875
0 0.5898148148148148 0.4583333333333333 0.044444444444444446 0.035416666666666666
0 0.5277777777777778 0.4796875 0.04814814814814815 0.027083333333333334
0 0.5319444444444444 0.44765625 0.06944444444444445 0.0453125
0 0.5342592592592593 0.61484375 0.040740740740740744 0.03177083333333333
0 0.5583333333333333 0.73671875 0.05185185185185186 0.027604166666666666
0 0.5060185185185185 0.76171875 0.05462962962962963 0.0359375
0 0.47731481481481486 0.9158854166666667 0.075 0.05572916666666666
0 0.4115740740740741 0.8028645833333333 0.075 0.050520833333333334
0 0.3819444444444445 0.90390625 0.04351851851851852 0.025520833333333333
0 0.38703703703703707 0.725 0.07222222222222223 0.040625
0 0.5606481481481481 0.18072916666666666 0.05648148148148149 0.04375
0 0.6953703703703704 0.12942708333333333 0.05740740740740741 0.044270833333333336
0 0.7615740740740741 0.159375 0.06944444444444445 0.04791666666666666
0 0.5365740740740741 0.5510416666666667 0.05648148148148149 0.03229166666666666
