0 0.014351851851851852 0.37395833333333334 0.025 0.028125
0 0.09074074074074075 0.4309895833333333 0.04814814814814815 0.0234375
0 0.12083333333333333 0.4627604166666667 0.049074074074074076 0.0203125
0 0.16620370370370371 0.4783854166666667 0.05092592592592593 0.024479166666666666
0 0.2726851851851852 0.7674479166666667 0.05462962962962963 0.0421875
0 0.1902777777777778 0.6283854166666667 0.04537037037037037 0.0203125
0 0.18287037037037038 0.6091145833333333 0.05277777777777778 0.0359375
0 0.2837962962962963 0.5682291666666667 0.03796296296296296 0.03229166666666666
0 0.4467592592592593 0.29791666666666666 0.05462962962962963 0.03958333333333333
0 0.37824074074074077 0.2596354166666667 0.05648148148148149 0.03697916666666667
0 0.36388888888888893 0.25234375 0.06851851851851852 0.0484375
0 0.3675925925925926 0.12239583333333333 0.06851851851851852 0.057291666666666664
0 0.04259259259259259 0.4 0.05925925925925926 0.02395833333333333
0 0.02777777777777778 0.7981770833333334 0.053703703703703705 0.0296875
0 0.9421296296296297 0.6369791666666667 0.06018518518518519 0.022916666666666665
0 0.9152777777777779 0.7276041666666666 0.05648148148148149 0.036458333333333336
0 0.9310185185185186 0.8557291666666667 0.075 0.04479166666666667
0 0.9032407407407408 0.80546875 0.0712962962962963 0.043229166666666666
0 0.7467592592592592 0.5416666666666666 0.03981481481481482 0.034375
0 0.6888888888888889 0.44453125 0.08333333333333334 0.049479166666666664
0 0.6925925925925926 0.7346354166666667 0.053703703703703705 0.022395833333333334
0 0.6782407407407408 0.7895833333333333 0.05648148148148149 0.034375
0 0.6152777777777778 0.82578125 0.03981481481481482 0.0328125
0 0.5990740740740741 0.6325520833333333 0.04814814814814815 0.0328125
0 0.5638888888888889 0.5880208333333333 0.05925925925925926 0.03333333333333333
0 0.5884259259259259 0.4356770833333333 0.06018518518518519 0.0421875
0 0.5509259259259259 0.4578125 0.04814814814814815 0.035416666666666666
0 0.4935185185185185 0.4791666666666667 0.05185185185185186 0.028125
0 0.4981481481481482 0.44947916666666665 0.07222222222222223 0.042708333333333334
0 0.512962962962963 0.6140625 0.03333333333333333 0.029166666666666667
0 0.5217592592592593 0.7364583333333333 0.06018518518518519 0.022916666666666665
0 0.46620370370370373 0.76171875 0.05648148148148149 0.034895833333333334
0 0.4356481481481482 0.9151041666666666 0.0787037037037037 0.05416666666666667
0 0.3717592592592593 0.8020833333333334 0.07314814814814816 0.051041666666666666
0 0.34305555555555556 0.9020833333333333 0.04166666666666667 0.026041666666666668
0 0.34953703703703703 0.7247395833333333 0.07314814814814816 0.0421875
0 0.5310185185185186 0.18020833333333333 0.05648148148148149 0.04375
0 0.6685185185185185 0.12942708333333333 0.05185185185185186 0.043229166666666666
0 0.7337962962962963 0.15989583333333332 0.06759259259259259 0.04791666666666666
0 0.5046296296296297 0.5510416666666667 0.05740740740740741 0.03229166666666666
