0 0.7337962962962963 0.58984375 0.04722222222222222 0.0296875
0 0.8675925925925926 0.6895833333333333 0.020370370370370372 0.017708333333333333
0 0.8578703703703704 0.6669270833333333 0.03981481481481482 0.01614583333333333
0 0.675462962962963 0.578125 0.032407407407407406 0.026041666666666668
0 0.6782407407407408 0.46588541666666666 0.03796296296296296 0.030729166666666665
0 0.5333333333333333 0.6596354166666667 0.03333333333333333 0.021354166666666667
0 0.44351851851851853 0.7161458333333334 0.020370370370370372 0.013541666666666667
0 0.49722222222222223 0.5390625 0.02777777777777778 0.01875
0 0.41712962962962963 0.5497395833333333 0.030555555555555558 0.021354166666666667
0 0.4708333333333333 0.5067708333333333 0.028703703703703703 0.014583333333333334
0 0.6125 0.48515625 0.05462962962962963 0.034895833333333334
0 0.45416666666666666 0.4466145833333333 0.04537037037037037 0.027604166666666666
0 0.7064814814814815 0.39791666666666664 0.024074074074074074 0.020833333333333332
0 0.7712962962962964 0.35260416666666666 0.03518518518518519 0.022916666666666665
0 0.7166666666666667 0.28854166666666664 0.03888888888888889 0.02395833333333333
0 0.725 0.24895833333333334 0.044444444444444446 0.03125
0 0.8050925925925926 0.2825520833333333 0.032407407407407406 0.01614583333333333
0 0.9453703703703704 0.22005208333333334 0.02592592592592593 0.0140625
0 0.9333333333333333 0.25885416666666666 0.022222222222222223 0.0125
0 0.9282407407407408 0.25026041666666665 0.02314814814814815 0.013020833333333334
0 0.5115740740740741 0.32734375 0.03796296296296296 0.0296875
0 0.5393518518518519 0.32760416666666664 0.02314814814814815 0.020833333333333332
0 0.5 0.2171875 0.02592592592592593 0.015625
0 0.5277777777777778 0.21614583333333334 0.020370370370370372 0.0125
0 0.6347222222222223 0.25286458333333334 0.04166666666666667 0.0296875
0 0.6578703703703704 0.27317708333333335 0.02314814814814815 0.019270833333333334
0 0.563425925925926 0.2778645833333333 0.028703703703703703 0.01614583333333333
0 0.11805555555555557 0.8088541666666667 0.04351851851851852 0.016666666666666666
0 0.017592592592592594 0.8052083333333333 0.031481481481481485 0.021875
0 0.07083333333333333 0.7153645833333333 0.049074074074074076 0.027604166666666666
0 0.10277777777777779 0.6872395833333333 0.0462962962962963 0.027604166666666666
0 0.0699074074074074 0.6174479166666667 0.036111111111111115 0.0265625
0 0.09305555555555556 0.4421875 0.03981481481481482 0.026041666666666668
0 0.11203703703703705 0.41484375 0.04814814814814815 0.025520833333333333
0 0.036111111111111115 0.3697916666666667 0.040740740740740744 0.020833333333333332
0 0.1277777777777778 0.353125 0.037037037037037035 0.021875
0 0.18981481481481483 0.34322916666666664 0.0462962962962963 0.028125
0 0.13796296296296298 0.32109375 0.04259259259259259 0.025520833333333333
0 0.0125 0.2830729166666667 0.021296296296296296 0.013020833333333334
0 0.0763888888888889 0.26067708333333334 0.032407407407407406 0.0140625
0 0.1287037037037037 0.24921875 0.044444444444444446 0.027604166666666666
0 0.11990740740740741 0.22421875 0.04537037037037037 0.022395833333333334
0 0.062037037037037036 0.19453125 0.05740740740740741 0.0390625
0 0.1615740740740741 0.24661458333333333 0.021296296296296296 0.0140625
0 0.12222222222222223 0.09765625 0.044444444444444446 0.028645833333333332
0 0.0462962962962963 0.00625 0.03518518518518519 0.010416666666666666
0 0.8185185185185185 0.12109375 0.053703703703703705 0.0453125
0 0.7981481481481482 0.3302083333333333 0.04259259259259259 0.019791666666666666
0 0.7074074074074075 0.46249999999999997 0.03518518518518519 0.019791666666666666
0 0.3180555555555556 0.6450520833333333 0.03425925925925926 0.015104166666666667
0 0.2726851851851852 0.60546875 0.036111111111111115 0.015104166666666667
0 0.3597222222222222 0.43906249999999997 0.025 0.013541666666666667
0 0.3402777777777778 0.42421875 0.03981481481481482 0.0234375
0 0.33472222222222225 0.39375 0.03796296296296296 0.019791666666666666
0 0.26805555555555555 0.37916666666666665 0.03981481481481482 0.02395833333333333
0 0.22685185185185186 0.37526041666666665 0.03518518518518519 0.0171875
0 0.22361111111111112 0.36432291666666666 0.03981481481481482 0.0171875
0 0.7870370370370371 0.10182291666666667 0.037037037037037035 0.024479166666666666
0 0.8532407407407407 0.55 0.026851851851851852 0.011458333333333333
0 0.5212962962962964 0.40338541666666666 0.02962962962962963 0.019270833333333334
0 0.14953703703703705 0.84453125 0.030555555555555558 0.0203125
0 0.058333333333333334 0.5861979166666667 0.018518518518518517 0.018229166666666668
0 0.12222222222222223 0.4671875 0.03888888888888889 0.02395833333333333
