0 0.24814814814814815 0.5901041666666667 0.0462962962962963 0.030208333333333334
0 0.11203703703703705 0.690625 0.022222222222222223 0.017708333333333333
0 0.12222222222222223 0.6666666666666666 0.040740740740740744 0.016666666666666666
0 0.30694444444444446 0.5783854166666667 0.03425925925925926 0.0265625
0 0.2986111111111111 0.4661458333333333 0.036111111111111115 0.03125
0 0.45462962962962966 0.659375 0.03518518518518519 0.020833333333333332
0 0.5370370370370371 0.71640625 0.018518518518518517 0.011979166666666666
0 0.4898148148148148 0.5388020833333333 0.02592592592592593 0.019270833333333334
0 0.5689814814814815 0.5497395833333333 0.030555555555555558 0.021354166666666667
0 0.5157407407407407 0.5067708333333333 0.02777777777777778 0.015625
0 0.36342592592592593 0.4848958333333333 0.05277777777777778 0.036458333333333336
0 0.5305555555555556 0.44687499999999997 0.0462962962962963 0.028125
0 0.46342592592592596 0.40234375 0.032407407407407406 0.0171875
0 0.27314814814814814 0.39765625 0.02777777777777778 0.018229166666666668
0 0.21203703703703705 0.35182291666666665 0.031481481481481485 0.0234375
0 0.26435185185185184 0.2877604166666667 0.036111111111111115 0.025520833333333333
0 0.2490740740740741 0.24895833333333334 0.04259259259259259 0.03229166666666666
0 0.17777777777777778 0.2817708333333333 0.03333333333333333 0.013541666666666667
0 0.03796296296296296 0.21927083333333333 0.02592592592592593 0.013541666666666667
0 0.051388888888888894 0.25807291666666665 0.02314814814814815 0.011979166666666666
0 0.05324074074074074 0.24765625 0.030555555555555558 0.013020833333333334
0 0.4703703703703704 0.3268229166666667 0.03888888888888889 0.028645833333333332
0 0.44351851851851853 0.32786458333333335 0.020370370370370372 0.021354166666666667
0 0.48564814814814816 0.21692708333333333 0.025 0.015104166666666667
0 0.45740740740740743 0.21614583333333334 0.020370370370370372 0.0125
0 0.3416666666666667 0.25338541666666664 0.044444444444444446 0.030729166666666665
0 0.31851851851851853 0.271875 0.024074074074074074 0.021875
0 0.4175925925925926 0.27760416666666665 0.02962962962962963 0.015625
0 0.8648148148148148 0.809375 0.03888888888888889 0.01875
0 0.9699074074074074 0.8052083333333333 0.03425925925925926 0.021875
0 0.912962962962963 0.7158854166666666 0.05 0.0265625
0 0.8833333333333334 0.6869791666666667 0.03888888888888889 0.03229166666666666
0 0.913425925925926 0.61796875 0.03981481481481482 0.0234375
0 0.8925925925925926 0.44296874999999997 0.03888888888888889 0.0265625
0 0.8731481481481482 0.41484375 0.04814814814814815 0.024479166666666666
0 0.9518518518518518 0.36953125 0.044444444444444446 0.019270833333333334
0 0.8592592592592593 0.353125 0.03518518518518519 0.021875
0 0.7962962962962963 0.34348958333333335 0.0462962962962963 0.027604166666666666
0 0.8476851851851852 0.32135416666666666 0.04166666666666667 0.025
0 0.9791666666666667 0.2830729166666667 0.03796296296296296 0.009895833333333333
0 0.9106481481481482 0.26119791666666664 0.032407407407407406 0.0140625
0 0.8574074074074074 0.24921875 0.0462962962962963 0.0265625
0 0.8643518518518519 0.22395833333333334 0.03981481481481482 0.026041666666666668
0 0.9199074074074074 0.19505208333333332 0.05648148148148149 0.0390625
0 0.825462962962963 0.24687499999999998 0.019444444444444445 0.014583333333333334
0 0.862962962962963 0.09765625 0.04814814814814815 0.0265625
0 0.9407407407407408 0.00546875 0.03333333333333333 0.008854166666666666
0 0.15462962962962964 0.12057291666666667 0.05 0.044270833333333336
0 0.19490740740740742 0.3296875 0.026851851851851852 0.019791666666666666
0 0.27083333333333337 0.46197916666666666 0.03425925925925926 0.017708333333333333
0 0.6643518518518519 0.6453125 0.036111111111111115 0.016666666666666666
0 0.7134259259259259 0.6059895833333333 0.03796296296296296 0.0140625
0 0.625 0.4388020833333333 0.02962962962962963 0.011979166666666666
0 0.6449074074074075 0.4236979166666667 0.04166666666666667 0.0234375
0 0.650462962962963 0.39375 0.036111111111111115 0.020833333333333332
0 0.7162037037037037 0.3794270833333333 0.03796296296296296 0.024479166666666666
0 0.7578703703703704 0.37526041666666665 0.036111111111111115 0.0171875
0 0.7611111111111112 0.36484375 0.044444444444444446 0.01614583333333333
0 0.1300925925925926 0.55 0.032407407407407406 0.008333333333333333
0 0.8324074074074075 0.8447916666666666 0.031481481481481485 0.019791666666666666
0 0.924537037037037 0.5864583333333333 0.019444444444444445 0.01875
0 0.8625 0.4671875 0.03796296296296296 0.02395833333333333
