0 0.9166666666666667 0.5919270833333333 0.044444444444444446 0.0296875
0 0.85 0.5791666666666666 0.040740740740740744 0.026041666666666668
0 0.9120370370370371 0.4661458333333333 0.024074074074074074 0.028125
0 0.5611111111111111 0.5515625 0.031481481481481485 0.020833333333333332
0 0.611574074074074 0.5083333333333333 0.030555555555555558 0.016666666666666666
0 0.8458333333333333 0.48593749999999997 0.06759259259259259 0.036458333333333336
0 0.6148148148148148 0.4479166666666667 0.0462962962962963 0.028125
0 0.9083333333333333 0.40078125 0.02777777777777778 0.018229166666666668
0 0.9523148148148148 0.35104166666666664 0.030555555555555558 0.021875
0 0.9787037037037037 0.24869791666666666 0.04259259259259259 0.0296875
0 0.9875 0.28203125 0.01388888888888889 0.009895833333333333
0 0.6944444444444444 0.32838541666666665 0.05 0.028645833333333332
0 0.6791666666666667 0.21979166666666666 0.02314814814814815 0.017708333333333333
0 0.8273148148148148 0.25338541666666664 0.05277777777777778 0.027604166666666666
0 0.27731481481481485 0.8190104166666666 0.03796296296296296 0.0265625
0 0.17546296296296296 0.8080729166666667 0.032407407407407406 0.0234375
0 0.225 0.715625 0.04814814814814815 0.022916666666666665
0 0.25092592592592594 0.6885416666666666 0.0462962962962963 0.03125
0 0.24074074074074076 0.6184895833333334 0.04259259259259259 0.024479166666666666
0 0.24814814814814815 0.44479166666666664 0.040740740740740744 0.026041666666666668
0 0.2611111111111111 0.41770833333333335 0.0462962962962963 0.025
0 0.1564814814814815 0.371875 0.040740740740740744 0.01875
0 0.2652777777777778 0.35625 0.026851851851851852 0.021875
0 0.3421296296296296 0.3455729166666667 0.04537037037037037 0.0265625
0 0.28703703703703703 0.3234375 0.037037037037037035 0.025
0 0.14907407407407408 0.28619791666666666 0.03333333333333333 0.015104166666666667
0 0.20370370370370372 0.26276041666666666 0.024074074074074074 0.011979166666666666
0 0.27175925925925926 0.2515625 0.04351851851851852 0.026041666666666668
0 0.26944444444444443 0.22760416666666666 0.040740740740740744 0.022916666666666665
0 0.24444444444444446 0.1984375 0.05185185185185186 0.03854166666666667
0 0.300462962962963 0.2484375 0.019444444444444445 0.015625
0 0.26851851851851855 0.10078125 0.04259259259259259 0.0328125
0 0.9736111111111111 0.3296875 0.036111111111111115 0.019791666666666666
0 0.4587962962962963 0.6481770833333333 0.036111111111111115 0.021354166666666667
0 0.41250000000000003 0.6072916666666667 0.036111111111111115 0.014583333333333334
0 0.5097222222222222 0.4395833333333333 0.036111111111111115 0.013541666666666667
0 0.4902777777777778 0.42552083333333335 0.04351851851851852 0.022916666666666665
0 0.487962962962963 0.3963541666666667 0.02962962962962963 0.01875
0 0.42962962962962964 0.38125 0.03333333333333333 0.021875
0 0.3861111111111111 0.378125 0.03888888888888889 0.01875
0 0.38101851851851853 0.36614583333333334 0.05277777777777778 0.017708333333333333
0 0.9893518518518519 0.5533854166666666 0.021296296296296296 0.0078125
0 0.3180555555555556 0.8442708333333333 0.036111111111111115 0.026041666666666668
0 0.06296296296296297 0.7825520833333334 0.05 0.0265625
0 0.037037037037037035 0.8716145833333333 0.03888888888888889 0.0171875
0 0.06296296296296297 0.5565104166666667 0.037037037037037035 0.022395833333333334
0 0.22824074074074074 0.5908854166666666 0.030555555555555558 0.022395833333333334
0 0.27592592592592596 0.4692708333333333 0.040740740740740744 0.022916666666666665
0 0.021296296296296296 0.34010416666666665 0.03888888888888889 0.035416666666666666
0 0.013425925925925926 0.3026041666666667 0.02314814814814815 0.034375
0 0.20416666666666666 0.21015625 0.028703703703703703 0.019270833333333334
0 0.10277777777777779 0.075 0.05740740740740741 0.04479166666666667
0 0.0375 0.048177083333333336 0.058333333333333334 0.030729166666666665
0 0.029166666666666667 0.023697916666666666 0.05462962962962963 0.04114583333333333
0 0.11851851851851852 0.2609375 0.02962962962962963 0.019791666666666666
0 0.8532407407407407 0.19557291666666665 0.030555555555555558 0.018229166666666668
0 0.8074074074074075 0.31875 0.02777777777777778 0.015625
0 0.1328703703703704 0.7419270833333333 0.05648148148148149 0.034895833333333334
