0 0.07546296296296297 0.5932291666666667 0.04351851851851852 0.030208333333333334
0 0.14212962962962963 0.5802083333333333 0.04166666666666667 0.026041666666666668
0 0.07685185185185185 0.46770833333333334 0.024074074074074074 0.028125
0 0.4310185185185185 0.5526041666666667 0.028703703703703703 0.020833333333333332
0 0.3814814814814815 0.5096354166666667 0.031481481481481485 0.01614583333333333
0 0.14212962962962963 0.4864583333333333 0.06944444444444445 0.036458333333333336
0 0.37777777777777777 0.44921875 0.0462962962962963 0.027604166666666666
0 0.08425925925925926 0.40182291666666664 0.03333333333333333 0.018229166666666668
0 0.043055555555555555 0.3533854166666667 0.032407407407407406 0.022395833333333334
0 0.014814814814814815 0.2513020833333333 0.02777777777777778 0.030729166666666665
0 0.2986111111111111 0.3299479166666667 0.04537037037037037 0.028645833333333332
0 0.3143518518518519 0.221875 0.025 0.017708333333333333
0 0.1625 0.25546875 0.05462962962962963 0.028645833333333332
0 0.7152777777777778 0.8192708333333333 0.04166666666666667 0.026041666666666668
0 0.8175925925925926 0.8088541666666667 0.031481481481481485 0.021875
0 0.7680555555555556 0.7166666666666667 0.04722222222222222 0.022916666666666665
0 0.7412037037037037 0.6901041666666666 0.04722222222222222 0.03125
0 0.750925925925926 0.6197916666666666 0.04259259259259259 0.02395833333333333
0 0.7444444444444445 0.4458333333333333 0.04259259259259259 0.026041666666666668
0 0.7310185185185185 0.41875 0.04537037037037037 0.025
0 0.8361111111111111 0.3731770833333333 0.040740740740740744 0.019270833333333334
0 0.7282407407407407 0.3572916666666667 0.025 0.021875
0 0.65 0.34713541666666664 0.044444444444444446 0.0265625
0 0.7046296296296296 0.32526041666666666 0.037037037037037035 0.025520833333333333
0 0.8458333333333333 0.28802083333333334 0.028703703703703703 0.015625
0 0.7199074074074074 0.25364583333333335 0.04351851851851852 0.026041666666666668
0 0.7217592592592593 0.22890625 0.03981481481481482 0.0234375
0 0.7449074074074075 0.20026041666666666 0.05092592592592593 0.03802083333333333
0 0.6925925925925926 0.24947916666666667 0.020370370370370372 0.015625
0 0.7236111111111111 0.10338541666666666 0.04351851851851852 0.0328125
0 0.018518518518518517 0.33046875 0.03333333333333333 0.018229166666666668
0 0.5342592592592593 0.64921875 0.03888888888888889 0.0203125
0 0.5796296296296296 0.6075520833333333 0.03888888888888889 0.015104166666666667
0 0.4842592592592593 0.44140625 0.03888888888888889 0.013020833333333334
0 0.5013888888888889 0.4270833333333333 0.04351851851851852 0.022916666666666665
0 0.5046296296296297 0.39791666666666664 0.02962962962962963 0.01875
0 0.5625 0.3828125 0.032407407407407406 0.022916666666666665
0 0.6060185185185185 0.3794270833333333 0.03981481481481482 0.018229166666666668
0 0.611574074074074 0.3677083333333333 0.05648148148148149 0.017708333333333333
0 0.008796296296296297 0.5544270833333333 0.015740740740740743 0.0067708333333333336
0 0.674537037037037 0.8450520833333334 0.036111111111111115 0.025520833333333333
0 0.9263888888888889 0.7841145833333333 0.05092592592592593 0.0265625
0 0.975462962962963 0.8640625 0.032407407407407406 0.017708333333333333
0 0.9282407407407408 0.5588541666666667 0.036111111111111115 0.021875
0 0.763425925925926 0.59140625 0.032407407407407406 0.022395833333333334
0 0.7148148148148148 0.4708333333333333 0.04259259259259259 0.022916666666666665
0 0.9750000000000001 0.3403645833333333 0.05 0.03177083333333333
0 0.9819444444444445 0.3046875 0.036111111111111115 0.035416666666666666
0 0.7870370370370371 0.21197916666666666 0.02962962962962963 0.01875
0 0.8833333333333334 0.078125 0.05555555555555556 0.04479166666666667
0 0.9481481481481482 0.050520833333333334 0.05925925925925926 0.03125
0 0.9587962962962964 0.025520833333333333 0.06018518518518519 0.040625
0 0.8740740740740741 0.2625 0.02962962962962963 0.019791666666666666
0 0.13796296296296298 0.19791666666666666 0.031481481481481485 0.01875
0 0.18472222222222223 0.32005208333333335 0.028703703703703703 0.01614583333333333
0 0.8578703703703704 0.7440104166666667 0.05648148148148149 0.0359375
