0 0.05462962962962963 0.596875 0.04259259259259259 0.030208333333333334
0 0.1212962962962963 0.58359375 0.044444444444444446 0.025520833333333333
0 0.049074074074074076 0.4713541666666667 0.022222222222222223 0.027083333333333334
0 0.41203703703703703 0.55546875 0.02777777777777778 0.021354166666666667
0 0.3648148148148148 0.5125 0.031481481481481485 0.016666666666666666
0 0.11388888888888889 0.4895833333333333 0.06851851851851852 0.035416666666666666
0 0.3578703703703704 0.45208333333333334 0.04722222222222222 0.027083333333333334
0 0.05925925925925926 0.40625 0.02592592592592593 0.016666666666666666
0 0.022685185185185187 0.3578125 0.03796296296296296 0.017708333333333333
0 0.27731481481481485 0.3328125 0.04351851851851852 0.028125
0 0.2935185185185185 0.22682291666666665 0.020370370370370372 0.0171875
0 0.1375 0.2591145833333333 0.05648148148148149 0.0296875
0 0.6972222222222223 0.8203125 0.040740740740740744 0.028125
0 0.7976851851851852 0.8111979166666666 0.030555555555555558 0.021354166666666667
0 0.750462962962963 0.7182291666666667 0.049074074074074076 0.020833333333333332
0 0.7231481481481482 0.69140625 0.0462962962962963 0.03177083333333333
0 0.7291666666666667 0.6216145833333333 0.03981481481481482 0.0234375
0 0.7245370370370371 0.44869791666666664 0.04351851851851852 0.025520833333333333
0 0.7111111111111111 0.42161458333333335 0.0462962962962963 0.025520833333333333
0 0.8194444444444445 0.3763020833333333 0.03888888888888889 0.0203125
0 0.7092592592592593 0.36015625 0.024074074074074074 0.021354166666666667
0 0.6296296296296297 0.35104166666666664 0.044444444444444446 0.027083333333333334
0 0.6847222222222222 0.32838541666666665 0.036111111111111115 0.025520833333333333
0 0.825925925925926 0.2942708333333333 0.02592592592592593 0.016666666666666666
0 0.6995370370370371 0.25755208333333335 0.04351851851851852 0.025520833333333333
0 0.700462962962963 0.23411458333333332 0.03981481481481482 0.022395833333333334
0 0.7189814814814816 0.20546875 0.05092592592592593 0.03802083333333333
0 0.6726851851851852 0.25390625 0.017592592592592594 0.01614583333333333
0 0.701388888888889 0.10885416666666667 0.03981481481481482 0.03229166666666666
0 0.008796296296296297 0.33489583333333334 0.015740740740740743 0.019791666666666666
0 0.5175925925925926 0.6513020833333333 0.03888888888888889 0.0203125
0 0.562962962962963 0.6104166666666666 0.037037037037037035 0.014583333333333334
0 0.4620370370370371 0.44375 0.03333333333333333 0.013541666666666667
0 0.4828703703703704 0.42994791666666665 0.04351851851851852 0.022395833333333334
0 0.4851851851851852 0.40130208333333334 0.02962962962962963 0.018229166666666668
0 0.5398148148148149 0.3859375 0.02962962962962963 0.022916666666666665
0 0.5861111111111111 0.38307291666666665 0.03888888888888889 0.018229166666666668
0 0.600462962962963 0.37265625 0.04722222222222222 0.022395833333333334
0 0.6541666666666667 0.8468749999999999 0.036111111111111115 0.026041666666666668
0 0.9037037037037038 0.7848958333333333 0.05 0.028125
0 0.9912037037037037 0.7908854166666667 0.017592592592592594 0.0234375
0 0.9092592592592593 0.56015625 0.03888888888888889 0.0234375
0 0.7425925925925926 0.5942708333333333 0.031481481481481485 0.022916666666666665
0 0.6967592592592593 0.4734375 0.03981481481481482 0.021875
0 0.9546296296296297 0.34296875 0.053703703703703705 0.030729166666666665
0 0.962037037037037 0.30833333333333335 0.04814814814814815 0.035416666666666666
0 0.7662037037037037 0.21692708333333333 0.028703703703703703 0.0171875
0 0.9921296296296297 0.19947916666666665 0.015740740740740743 0.013541666666666667
0 0.9824074074074074 0.7450520833333333 0.03518518518518519 0.011979166666666666
0 0.8541666666666667 0.08385416666666666 0.058333333333333334 0.04479166666666667
0 0.9175925925925926 0.05703125 0.05925925925925926 0.028645833333333332
0 0.9282407407407408 0.03203125 0.062037037037037036 0.04114583333333333
0 0.8546296296296296 0.26640625 0.02962962962962963 0.0203125
0 0.1175925925925926 0.20234375 0.031481481481481485 0.018229166666666668
0 0.1638888888888889 0.32395833333333335 0.02962962962962963 0.016666666666666666
0 0.8384259259259259 0.7450520833333333 0.05462962962962963 0.034895833333333334
