0 0.03564814814814815 0.5973958333333333 0.04166666666666667 0.030208333333333334
0 0.10324074074074074 0.5841145833333333 0.04537037037037037 0.025520833333333333
0 0.025462962962962965 0.47239583333333335 0.021296296296296296 0.026041666666666668
0 0.39814814814814814 0.5565104166666667 0.02777777777777778 0.021354166666666667
0 0.350462962962963 0.51328125 0.030555555555555558 0.01614583333333333
0 0.09166666666666667 0.490625 0.07037037037037037 0.035416666666666666
0 0.3416666666666667 0.4536458333333333 0.0462962962962963 0.027083333333333334
0 0.26157407407407407 0.33515625 0.04351851851851852 0.028645833333333332
0 0.3106481481481482 0.22994791666666667 0.025 0.01614583333333333
0 0.12314814814814816 0.26119791666666664 0.044444444444444446 0.0234375
0 0.6800925925925926 0.821875 0.04166666666666667 0.029166666666666667
0 0.7791666666666667 0.8127604166666667 0.028703703703703703 0.021354166666666667
0 0.7342592592592593 0.7192708333333333 0.04814814814814815 0.020833333333333332
0 0.7078703703703704 0.6924479166666666 0.04722222222222222 0.0296875
0 0.7111111111111111 0.6223958333333334 0.040740740740740744 0.022916666666666665
0 0.7097222222222223 0.45078124999999997 0.04351851851851852 0.025520833333333333
0 0.6976851851851852 0.4231770833333333 0.04537037037037037 0.025520833333333333
0 0.8083333333333333 0.378125 0.03888888888888889 0.020833333333333332
0 0.763425925925926 0.011197916666666667 0.03796296296296296 0.0203125
0 0.6962962962962963 0.3619791666666667 0.024074074074074074 0.020833333333333332
0 0.6157407407407408 0.35260416666666666 0.044444444444444446 0.027083333333333334
0 0.6703703703703704 0.33046875 0.037037037037037035 0.024479166666666666
0 0.812962962962963 0.29635416666666664 0.02592592592592593 0.016666666666666666
0 0.6861111111111111 0.2598958333333333 0.04259259259259259 0.026041666666666668
0 0.6875 0.23645833333333333 0.03981481481481482 0.021875
0 0.7027777777777778 0.20833333333333334 0.05185185185185186 0.03854166666666667
0 0.6601851851851852 0.2559895833333333 0.018518518518518517 0.01614583333333333
0 0.6875 0.11171874999999999 0.03796296296296296 0.0328125
0 0.5032407407407408 0.6526041666666667 0.03796296296296296 0.020833333333333332
0 0.5481481481481482 0.6111979166666667 0.037037037037037035 0.015104166666666667
0 0.44722222222222224 0.44505208333333335 0.03333333333333333 0.013020833333333334
0 0.4689814814814815 0.4315104166666667 0.04351851851851852 0.022395833333333334
0 0.4703703703703704 0.40260416666666665 0.02962962962962963 0.01875
0 0.5240740740740741 0.3872395833333333 0.02962962962962963 0.022395833333333334
0 0.5712962962962963 0.384375 0.03888888888888889 0.01875
0 0.5856481481481481 0.37395833333333334 0.049074074074074076 0.021875
0 0.6356481481481482 0.8479166666666667 0.036111111111111115 0.026041666666666668
0 0.8828703703703704 0.7864583333333334 0.049074074074074076 0.027083333333333334
0 0.9800925925925926 0.7942708333333334 0.026851851851851852 0.022916666666666665
0 0.8666666666666667 0.6177083333333333 0.018518518518518517 0.013541666666666667
0 0.8675925925925926 0.6174479166666667 0.018518518518518517 0.013020833333333334
0 0.8939814814814815 0.5611979166666666 0.03981481481481482 0.024479166666666666
0 0.725925925925926 0.5950520833333334 0.03333333333333333 0.0234375
0 0.6814814814814815 0.4752604166666667 0.040740740740740744 0.022395833333333334
0 0.9365740740740741 0.34479166666666666 0.05462962962962963 0.030208333333333334
0 0.9449074074074074 0.31015625 0.049074074074074076 0.034895833333333334
0 0.7541666666666667 0.21979166666666666 0.026851851851851852 0.016666666666666666
0 0.9805555555555556 0.20286458333333332 0.020370370370370372 0.013020833333333334
0 0.9703703703703704 0.74296875 0.03333333333333333 0.0203125
0 0.8347222222222223 0.08723958333333333 0.05648148148148149 0.044270833333333336
0 0.8981481481481481 0.06067708333333333 0.05925925925925926 0.028645833333333332
0 0.9078703703703704 0.03671875 0.0638888888888889 0.043229166666666666
0 0.10185185185185186 0.20546875 0.03518518518518519 0.018229166666666668
0 0.14814814814814814 0.32578125 0.02777777777777778 0.01614583333333333
0 0.8212962962962963 0.7458333333333333 0.053703703703703705 0.035416666666666666
0 0.8430555555555556 0.26666666666666666 0.032407407407407406 0.025
