0 0.01388888888888889 0.5979166666666667 0.024074074074074074 0.030208333333333334
0 0.07407407407407407 0.5846354166666666 0.0462962962962963 0.025520833333333333
0 0.2888888888888889 0.6661458333333333 0.020370370370370372 0.01875
0 0.375462962962963 0.55703125 0.032407407407407406 0.022395833333333334
0 0.32685185185185184 0.5138020833333333 0.031481481481481485 0.0171875
0 0.05416666666666667 0.490625 0.06944444444444445 0.034375
0 0.31342592592592594 0.4536458333333333 0.04537037037037037 0.027083333333333334
0 0.28240740740740744 0.4106770833333333 0.031481481481481485 0.015104166666666667
0 0.23148148148148148 0.33541666666666664 0.044444444444444446 0.028125
0 0.28564814814814815 0.22916666666666666 0.026851851851851852 0.017708333333333333
0 0.09074074074074075 0.259375 0.0462962962962963 0.020833333333333332
0 0.6532407407407408 0.8213541666666666 0.03981481481481482 0.029166666666666667
0 0.750462962962963 0.8135416666666666 0.028703703703703703 0.019791666666666666
0 0.7074074074074075 0.7197916666666666 0.0462962962962963 0.019791666666666666
0 0.6819444444444445 0.6924479166666666 0.04722222222222222 0.030729166666666665
0 0.6824074074074075 0.6229166666666667 0.04259259259259259 0.022916666666666665
0 0.6828703703703703 0.4510416666666667 0.04351851851851852 0.025
0 0.6717592592592593 0.4231770833333333 0.04537037037037037 0.025520833333333333
0 0.7875 0.37838541666666664 0.03796296296296296 0.021354166666666667
0 0.6726851851851852 0.36171875 0.02314814814814815 0.0203125
0 0.5898148148148148 0.35260416666666666 0.044444444444444446 0.027083333333333334
0 0.6444444444444445 0.3307291666666667 0.037037037037037035 0.02395833333333333
0 0.7893518518518519 0.29661458333333335 0.026851851851851852 0.0171875
0 0.6615740740740741 0.2596354166666667 0.04166666666666667 0.025520833333333333
0 0.6615740740740741 0.23671875 0.03981481481481482 0.022395833333333334
0 0.6717592592592593 0.20781249999999998 0.05092592592592593 0.03854166666666667
0 0.6351851851851852 0.2557291666666667 0.018518518518518517 0.015625
0 0.6620370370370371 0.11145833333333333 0.037037037037037035 0.03229166666666666
0 0.7361111111111112 0.010677083333333334 0.037037037037037035 0.019270833333333334
0 0.4791666666666667 0.6528645833333333 0.03981481481481482 0.021354166666666667
0 0.5240740740740741 0.61171875 0.037037037037037035 0.015104166666666667
0 0.4222222222222222 0.4453125 0.03518518518518519 0.013541666666666667
0 0.4430555555555556 0.4315104166666667 0.04351851851851852 0.021354166666666667
0 0.4439814814814815 0.40234375 0.025 0.021354166666666667
0 0.4967592592592593 0.3880208333333333 0.028703703703703703 0.021875
0 0.5439814814814815 0.384375 0.03981481481481482 0.019791666666666666
0 0.5606481481481481 0.37473958333333335 0.049074074074074076 0.0234375
0 0.6069444444444445 0.8481770833333333 0.036111111111111115 0.027604166666666666
0 0.8476851851851852 0.7869791666666667 0.04722222222222222 0.027083333333333334
0 0.9662037037037038 0.8252604166666666 0.028703703703703703 0.013020833333333334
0 0.9518518518518518 0.7893229166666667 0.03333333333333333 0.030729166666666665
0 0.8398148148148148 0.6203125 0.02777777777777778 0.01875
0 0.8388888888888889 0.61953125 0.02592592592592593 0.0171875
0 0.8675925925925926 0.5606770833333333 0.04259259259259259 0.025520833333333333
0 0.6976851851851852 0.5958333333333333 0.03425925925925926 0.022916666666666665
0 0.6550925925925927 0.475 0.04166666666666667 0.021875
0 0.9078703703703704 0.34453125 0.05277777777777778 0.0296875
0 0.913888888888889 0.31015625 0.05 0.0359375
0 0.7263888888888889 0.21796875 0.032407407407407406 0.018229166666666668
0 0.9555555555555556 0.20182291666666666 0.022222222222222223 0.013020833333333334
0 0.9518518518518518 0.73984375 0.037037037037037035 0.018229166666666668
0 0.7976851851851852 0.08645833333333333 0.05462962962962963 0.04479166666666667
0 0.8606481481481482 0.058854166666666666 0.058333333333333334 0.029166666666666667
0 0.8680555555555556 0.03359375 0.062037037037037036 0.043229166666666666
0 0.20833333333333334 0.15520833333333334 0.020370370370370372 0.011458333333333333
0 0.9787037037037037 0.3572916666666667 0.04259259259259259 0.025
0 0.07453703703703704 0.20520833333333333 0.032407407407407406 0.017708333333333333
0 0.11898148148148148 0.3263020833333333 0.026851851851851852 0.01614583333333333
0 0.7916666666666667 0.7473958333333334 0.04814814814814815 0.03333333333333333
0 0.8194444444444445 0.2669270833333333 0.03333333333333333 0.025520833333333333
