0 0.061111111111111116 0.5846354166666666 0.04814814814814815 0.025520833333333333
0 0.27685185185185185 0.6661458333333333 0.02777777777777778 0.019791666666666666
0 0.36574074074074076 0.5565104166666667 0.031481481481481485 0.022395833333333334
0 0.3175925925925926 0.5135416666666667 0.031481481481481485 0.016666666666666666
0 0.037037037037037035 0.4903645833333333 0.06851851851851852 0.033854166666666664
0 0.30185185185185187 0.4536458333333333 0.044444444444444446 0.027083333333333334
0 0.27083333333333337 0.40989583333333335 0.032407407407407406 0.014583333333333334
0 0.21851851851851853 0.33489583333333334 0.0462962962962963 0.028125
0 0.2740740740740741 0.22760416666666666 0.02592592592592593 0.016666666666666666
0 0.075 0.25885416666666666 0.0462962962962963 0.020833333333333332
0 0.6444444444444445 0.8208333333333333 0.03888888888888889 0.029166666666666667
0 0.7416666666666667 0.8130208333333333 0.02777777777777778 0.019791666666666666
0 0.6990740740740741 0.71875 0.04814814814814815 0.019791666666666666
0 0.674074074074074 0.6921875 0.0462962962962963 0.030208333333333334
0 0.6717592592592593 0.6221354166666666 0.04166666666666667 0.0234375
0 0.674074074074074 0.4497395833333333 0.044444444444444446 0.025520833333333333
0 0.6615740740740741 0.42213541666666665 0.04537037037037037 0.025520833333333333
0 0.7800925925925927 0.37734375 0.03796296296296296 0.021354166666666667
0 0.6648148148148149 0.3606770833333333 0.022222222222222223 0.0203125
0 0.5796296296296296 0.3520833333333333 0.04259259259259259 0.027083333333333334
0 0.6356481481481482 0.32916666666666666 0.036111111111111115 0.02395833333333333
0 0.7805555555555556 0.2947916666666667 0.02777777777777778 0.017708333333333333
0 0.6523148148148148 0.2578125 0.04166666666666667 0.026041666666666668
0 0.6532407407407408 0.23463541666666665 0.03981481481481482 0.022395833333333334
0 0.6597222222222222 0.20572916666666666 0.05092592592592593 0.03854166666666667
0 0.625462962962963 0.2546875 0.017592592592592594 0.015625
0 0.6532407407407408 0.109375 0.03796296296296296 0.03229166666666666
0 0.725462962962963 0.009375 0.036111111111111115 0.016666666666666666
0 0.47314814814814815 0.6528645833333333 0.03518518518518519 0.021354166666666667
0 0.5148148148148148 0.6114583333333333 0.037037037037037035 0.014583333333333334
0 0.4138888888888889 0.44479166666666664 0.037037037037037035 0.013541666666666667
0 0.43333333333333335 0.4309895833333333 0.04259259259259259 0.021354166666666667
0 0.4337962962962963 0.40130208333333334 0.025 0.021354166666666667
0 0.4851851851851852 0.38671875 0.02592592592592593 0.021354166666666667
0 0.5333333333333333 0.38359375 0.040740740740740744 0.019270833333333334
0 0.55 0.3734375 0.05 0.022916666666666665
0 0.5976851851851852 0.84765625 0.036111111111111115 0.028645833333333332
0 0.837037037037037 0.7859375 0.0462962962962963 0.028125
0 0.9569444444444445 0.82421875 0.028703703703703703 0.013020833333333334
0 0.9421296296296297 0.78828125 0.036111111111111115 0.030729166666666665
0 0.8300925925925926 0.61953125 0.028703703703703703 0.018229166666666668
0 0.8296296296296297 0.61875 0.02777777777777778 0.017708333333333333
0 0.8587962962962963 0.5598958333333334 0.04351851851851852 0.025
0 0.688425925925926 0.5947916666666666 0.03425925925925926 0.022916666666666665
0 0.6458333333333334 0.47369791666666666 0.04166666666666667 0.022395833333333334
0 0.8976851851851853 0.34296875 0.05277777777777778 0.0296875
0 0.9037037037037038 0.30885416666666665 0.05 0.036458333333333336
0 0.7175925925925927 0.21588541666666666 0.031481481481481485 0.018229166666666668
0 0.9467592592592593 0.19947916666666665 0.021296296296296296 0.013541666666666667
0 0.9444444444444445 0.7390625 0.037037037037037035 0.020833333333333332
0 0.7837962962962963 0.08359375 0.05462962962962963 0.0453125
0 0.8472222222222222 0.05572916666666666 0.05740740740740741 0.030208333333333334
0 0.8537037037037037 0.030729166666666665 0.061111111111111116 0.042708333333333334
0 0.19814814814814816 0.15390625 0.020370370370370372 0.011979166666666666
0 0.9699074074074074 0.3559895833333333 0.04537037037037037 0.024479166666666666
0 0.0587962962962963 0.20442708333333334 0.032407407407407406 0.018229166666666668
0 0.10648148148148148 0.3255208333333333 0.02592592592592593 0.015625
0 0.7819444444444444 0.7463541666666667 0.04722222222222222 0.03333333333333333
0 0.8106481481481482 0.26458333333333334 0.03425925925925926 0.025
