0 0.050462962962962966 0.5846354166666666 0.04722222222222222 0.025520833333333333
0 0.2657407407407408 0.665625 0.02962962962962963 0.019791666666666666
0 0.3564814814814815 0.5559895833333334 0.031481481481481485 0.022395833333333334
0 0.30833333333333335 0.5127604166666666 0.031481481481481485 0.0171875
0 0.030092592592592594 0.4908854166666667 0.05648148148148149 0.033854166666666664
0 0.2916666666666667 0.453125 0.044444444444444446 0.027083333333333334
0 0.2611111111111111 0.4088541666666667 0.03333333333333333 0.014583333333333334
0 0.20555555555555557 0.33359375 0.0462962962962963 0.028645833333333332
0 0.2638888888888889 0.22578125 0.02592592592592593 0.01614583333333333
0 0.06018518518518519 0.25703125 0.0462962962962963 0.021354166666666667
0 0.6351851851851852 0.8200520833333333 0.040740740740740744 0.028645833333333332
0 0.7324074074074074 0.8127604166666667 0.02777777777777778 0.019270833333333334
0 0.6898148148148149 0.7182291666666667 0.0462962962962963 0.019791666666666666
0 0.6652777777777779 0.6916666666666667 0.04722222222222222 0.030208333333333334
0 0.6615740740740741 0.6216145833333333 0.04166666666666667 0.0234375
0 0.6662037037037037 0.44921875 0.04351851851851852 0.025520833333333333
0 0.6537037037037037 0.42135416666666664 0.0462962962962963 0.026041666666666668
0 0.7736111111111111 0.37578125 0.03796296296296296 0.021354166666666667
0 0.6564814814814816 0.359375 0.022222222222222223 0.020833333333333332
0 0.5703703703703704 0.3502604166666667 0.04259259259259259 0.027604166666666666
0 0.6263888888888889 0.32760416666666664 0.03796296296296296 0.02395833333333333
0 0.7731481481481481 0.29322916666666665 0.02777777777777778 0.017708333333333333
0 0.6439814814814815 0.25625 0.04166666666666667 0.026041666666666668
0 0.6444444444444445 0.2328125 0.040740740740740744 0.022916666666666665
0 0.6490740740740741 0.20364583333333333 0.05185185185185186 0.03958333333333333
0 0.6171296296296297 0.25286458333333334 0.017592592592592594 0.01614583333333333
0 0.6444444444444445 0.10703125 0.040740740740740744 0.03177083333333333
0 0.7157407407407408 0.0078125 0.037037037037037035 0.013541666666666667
0 0.46435185185185185 0.6520833333333333 0.03796296296296296 0.019791666666666666
0 0.5074074074074074 0.6106770833333334 0.037037037037037035 0.015104166666666667
0 0.4041666666666667 0.44427083333333334 0.03796296296296296 0.013541666666666667
0 0.4226851851851852 0.42994791666666665 0.04351851851851852 0.022395833333333334
0 0.42314814814814816 0.4002604166666667 0.02592592592592593 0.021354166666666667
0 0.475462962962963 0.38619791666666664 0.026851851851851852 0.022395833333333334
0 0.5222222222222223 0.38385416666666666 0.040740740740740744 0.022916666666666665
0 0.5412037037037037 0.3729166666666667 0.05092592592592593 0.022916666666666665
0 0.5893518518518519 0.8471354166666667 0.036111111111111115 0.028645833333333332
0 0.8268518518518518 0.7856770833333333 0.0462962962962963 0.027604166666666666
0 0.9481481481481482 0.8234374999999999 0.031481481481481485 0.013541666666666667
0 0.9337962962962963 0.7875 0.03796296296296296 0.030208333333333334
0 0.8222222222222223 0.61875 0.02962962962962963 0.01875
0 0.8217592592592593 0.6184895833333334 0.028703703703703703 0.018229166666666668
0 0.850925925925926 0.55859375 0.044444444444444446 0.025520833333333333
0 0.6791666666666667 0.5942708333333333 0.03425925925925926 0.022916666666666665
0 0.6375000000000001 0.47291666666666665 0.04166666666666667 0.021875
0 0.888425925925926 0.34140625 0.05277777777777778 0.0296875
0 0.8944444444444445 0.30703125 0.05 0.03697916666666667
0 0.7115740740740741 0.21432291666666667 0.028703703703703703 0.019270833333333334
0 0.9393518518518519 0.19791666666666666 0.021296296296296296 0.013541666666666667
0 0.937962962962963 0.7390625 0.03518518518518519 0.021875
0 0.7726851851851853 0.07994791666666666 0.05462962962962963 0.0453125
0 0.8351851851851853 0.05234375 0.05740740740740741 0.0296875
0 0.8407407407407408 0.027604166666666666 0.061111111111111116 0.042708333333333334
0 0.18703703703703706 0.15208333333333332 0.022222222222222223 0.0125
0 0.9606481481481481 0.35442708333333334 0.04537037037037037 0.024479166666666666
0 0.044444444444444446 0.203125 0.02962962962962963 0.01875
0 0.09351851851851853 0.32447916666666665 0.02592592592592593 0.015625
0 0.7722222222222223 0.7455729166666667 0.04814814814814815 0.033854166666666664
0 0.8023148148148148 0.2630208333333333 0.03425925925925926 0.025
