0 0.03935185185185185 0.5841145833333333 0.04722222222222222 0.025520833333333333
0 0.2574074074074074 0.66484375 0.031481481481481485 0.021354166666666667
0 0.3490740740740741 0.55546875 0.03333333333333333 0.022395833333333334
0 0.29953703703703705 0.51171875 0.032407407407407406 0.01614583333333333
0 0.022685185185185187 0.4895833333333333 0.04166666666666667 0.034375
0 0.2814814814814815 0.45208333333333334 0.044444444444444446 0.027083333333333334
0 0.25092592592592594 0.4080729166666667 0.03333333333333333 0.015104166666666667
0 0.19305555555555556 0.3325520833333333 0.04537037037037037 0.028645833333333332
0 0.2537037037037037 0.22421875 0.02592592592592593 0.015104166666666667
0 0.047685185185185185 0.25546875 0.04722222222222222 0.021354166666666667
0 0.6245370370370371 0.8195312499999999 0.04166666666666667 0.028645833333333332
0 0.7240740740740741 0.8117187499999999 0.02592592592592593 0.019270833333333334
0 0.6814814814814815 0.7177083333333333 0.0462962962962963 0.019791666666666666
0 0.6564814814814816 0.6911458333333333 0.0462962962962963 0.030208333333333334
0 0.6523148148148148 0.6208333333333333 0.04166666666666667 0.022916666666666665
0 0.6574074074074074 0.44765625 0.04259259259259259 0.025520833333333333
0 0.6453703703703704 0.4200520833333333 0.0462962962962963 0.0265625
0 0.7671296296296296 0.37473958333333335 0.03796296296296296 0.021354166666666667
0 0.6486111111111111 0.35859375 0.021296296296296296 0.021354166666666667
0 0.5615740740740741 0.3494791666666667 0.04351851851851852 0.027083333333333334
0 0.6185185185185186 0.3260416666666667 0.037037037037037035 0.02395833333333333
0 0.7652777777777778 0.29140625 0.026851851851851852 0.018229166666666668
0 0.6356481481481482 0.25416666666666665 0.04166666666666667 0.026041666666666668
0 0.6351851851851852 0.23124999999999998 0.040740740740740744 0.022916666666666665
0 0.638425925925926 0.20182291666666666 0.05092592592592593 0.0390625
0 0.6087962962962963 0.25104166666666666 0.017592592592592594 0.015625
0 0.6361111111111112 0.10442708333333334 0.03888888888888889 0.03177083333333333
0 0.7069444444444445 0.00625 0.03425925925925926 0.010416666666666666
0 0.4564814814814815 0.6518229166666667 0.037037037037037035 0.0203125
0 0.4986111111111111 0.6096354166666667 0.036111111111111115 0.015104166666666667
0 0.3962962962962963 0.4432291666666667 0.040740740740740744 0.013541666666666667
0 0.4134259259259259 0.42890625 0.04351851851851852 0.022395833333333334
0 0.4138888888888889 0.39921875 0.02592592592592593 0.021354166666666667
0 0.4652777777777778 0.3848958333333333 0.026851851851851852 0.022916666666666665
0 0.512962962962963 0.38255208333333335 0.04259259259259259 0.021354166666666667
0 0.5324074074074074 0.37135416666666665 0.05185185185185186 0.022916666666666665
0 0.17824074074074076 0.15026041666666667 0.021296296296296296 0.0140625
0 0.5800925925925926 0.8463541666666666 0.036111111111111115 0.029166666666666667
0 0.9532407407407407 0.3533854166666667 0.04722222222222222 0.024479166666666666
0 0.8166666666666667 0.7859375 0.0462962962962963 0.027083333333333334
0 0.937962962962963 0.8231770833333333 0.03333333333333333 0.013020833333333334
0 0.925 0.7869791666666667 0.037037037037037035 0.030208333333333334
0 0.8120370370370371 0.6182291666666666 0.031481481481481485 0.01875
0 0.8125 0.6174479166666667 0.030555555555555558 0.018229166666666668
0 0.8421296296296297 0.5580729166666667 0.04722222222222222 0.025520833333333333
0 0.6699074074074074 0.5934895833333333 0.03425925925925926 0.0234375
0 0.6291666666666667 0.47239583333333335 0.04351851851851852 0.021875
0 0.8810185185185185 0.33984375 0.05277777777777778 0.0296875
0 0.8851851851851852 0.3052083333333333 0.05 0.036458333333333336
0 0.7041666666666667 0.21276041666666667 0.03425925925925926 0.019270833333333334
0 0.9324074074074075 0.19583333333333333 0.022222222222222223 0.014583333333333334
0 0.9648148148148149 0.39166666666666666 0.018518518518518517 0.011458333333333333
0 0.9310185185185186 0.73828125 0.03425925925925926 0.022395833333333334
0 0.7615740740740741 0.07708333333333334 0.05462962962962963 0.04583333333333333
0 0.8245370370370371 0.04973958333333333 0.05648148148148149 0.030729166666666665
0 0.8291666666666667 0.024739583333333332 0.06018518518518519 0.0421875
0 0.028703703703703703 0.20078125 0.031481481481481485 0.018229166666666668
0 0.08101851851851852 0.32317708333333334 0.026851851851851852 0.01614583333333333
0 0.763425925925926 0.7447916666666666 0.04722222222222222 0.034375
0 0.7958333333333334 0.26119791666666664 0.03425925925925926 0.024479166666666666
