0 0.21944444444444444 0.6572916666666666 0.020370370370370372 0.0125
0 0.3023148148148148 0.5526041666666667 0.036111111111111115 0.02395833333333333
0 0.25 0.5080729166666667 0.03333333333333333 0.01614583333333333
0 0.2240740740740741 0.4479166666666667 0.04259259259259259 0.027083333333333334
0 0.19583333333333333 0.40208333333333335 0.03425925925925926 0.014583333333333334
0 0.12824074074074074 0.32578125 0.04722222222222222 0.028645833333333332
0 0.2 0.21692708333333333 0.02777777777777778 0.018229166666666668
0 0.1726851851851852 0.21510416666666665 0.028703703703703703 0.017708333333333333
0 0.5731481481481482 0.8182291666666667 0.04259259259259259 0.029166666666666667
0 0.6703703703703704 0.81015625 0.024074074074074074 0.018229166666666668
0 0.6328703703703704 0.71484375 0.04722222222222222 0.019270833333333334
0 0.6087962962962963 0.6888020833333334 0.04722222222222222 0.0296875
0 0.5976851851851852 0.6184895833333334 0.04351851851851852 0.024479166666666666
0 0.6097222222222223 0.4440104166666667 0.04351851851851852 0.025520833333333333
0 0.5986111111111111 0.4158854166666667 0.04537037037037037 0.0265625
0 0.7296296296296296 0.37005208333333334 0.03888888888888889 0.022395833333333334
0 0.6148148148148148 0.353125 0.03518518518518519 0.020833333333333332
0 0.5125000000000001 0.34348958333333335 0.04351851851851852 0.027604166666666666
0 0.5694444444444444 0.32057291666666665 0.03518518518518519 0.024479166666666666
0 0.7245370370370371 0.28359375 0.026851851851851852 0.0140625
0 0.5902777777777778 0.24817708333333333 0.04166666666666667 0.0265625
0 0.5888888888888889 0.22343749999999998 0.04259259259259259 0.02395833333333333
0 0.5810185185185185 0.19401041666666666 0.05277777777777778 0.04010416666666666
0 0.5643518518518519 0.24427083333333333 0.017592592592592594 0.016666666666666666
0 0.5884259259259259 0.1 0.03425925925925926 0.022916666666666665
0 0.40972222222222227 0.6494791666666666 0.03796296296296296 0.020833333333333332
0 0.4518518518518519 0.6075520833333333 0.037037037037037035 0.015104166666666667
0 0.3476851851851852 0.4388020833333333 0.04351851851851852 0.01614583333333333
0 0.3625 0.4244791666666667 0.04351851851851852 0.022916666666666665
0 0.36342592592592593 0.39401041666666664 0.028703703703703703 0.022395833333333334
0 0.4115740740740741 0.37890625 0.025 0.021354166666666667
0 0.45972222222222225 0.3776041666666667 0.04722222222222222 0.022916666666666665
0 0.4828703703703704 0.3658854166666667 0.05648148148148149 0.022395833333333334
0 0.524537037037037 0.8442708333333333 0.036111111111111115 0.029166666666666667
0 0.7606481481481482 0.7838541666666666 0.05092592592592593 0.026041666666666668
0 0.8902777777777778 0.8216145833333334 0.03796296296296296 0.015104166666666667
0 0.8782407407407408 0.7848958333333333 0.036111111111111115 0.030208333333333334
0 0.9884259259259259 0.7760416666666666 0.02314814814814815 0.020833333333333332
0 0.7652777777777778 0.6145833333333334 0.032407407407407406 0.01875
0 0.7662037037037037 0.6143229166666666 0.032407407407407406 0.018229166666666668
0 0.7990740740740742 0.5549479166666667 0.044444444444444446 0.025520833333333333
0 0.6180555555555556 0.5895833333333333 0.036111111111111115 0.027083333333333334
0 0.576388888888889 0.46796875 0.03981481481481482 0.0234375
0 0.9689814814814816 0.5393229166666667 0.04537037037037037 0.021354166666666667
0 0.8300925925925926 0.33541666666666664 0.05277777777777778 0.030208333333333334
0 0.8319444444444445 0.30026041666666664 0.05277777777777778 0.03697916666666667
0 0.6611111111111111 0.20442708333333334 0.03518518518518519 0.021354166666666667
0 0.9606481481481481 0.29921875 0.05277777777777778 0.024479166666666666
0 0.8902777777777778 0.190625 0.02314814814814815 0.017708333333333333
0 0.9268518518518519 0.38619791666666664 0.024074074074074074 0.0140625
0 0.8916666666666667 0.73671875 0.037037037037037035 0.021354166666666667
0 0.6967592592592593 0.06640625 0.05462962962962963 0.04635416666666667
0 0.7592592592592593 0.03671875 0.05555555555555556 0.0328125
0 0.7597222222222223 0.017447916666666667 0.05462962962962963 0.0328125
0 0.014351851851851852 0.31588541666666664 0.025 0.0171875
0 0.7083333333333334 0.7424479166666667 0.0462962962962963 0.033854166666666664
0 0.12731481481481483 0.14036458333333332 0.028703703703703703 0.0140625
0 0.7550925925925926 0.2552083333333333 0.036111111111111115 0.025
0 0.8981481481481481 0.34869791666666666 0.04259259259259259 0.025520833333333333
