0 0.8273148148148148 0.66015625 0.028703703703703703 0.01614583333333333
0 0.7435185185185186 0.5533854166666666 0.037037037037037035 0.024479166666666666
0 0.7953703703703704 0.5083333333333333 0.03333333333333333 0.015625
0 0.8277777777777778 0.4484375 0.040740740740740744 0.028125
0 0.850462962962963 0.40703125 0.032407407407407406 0.022395833333333334
0 0.925462962962963 0.32734375 0.049074074074074076 0.0296875
0 0.8435185185185186 0.21927083333333333 0.02962962962962963 0.017708333333333333
0 0.8699074074074075 0.21901041666666665 0.028703703703703703 0.019270833333333334
0 0.48240740740740745 0.8197916666666667 0.04259259259259259 0.030208333333333334
0 0.41944444444444445 0.715625 0.04814814814814815 0.017708333333333333
0 0.4412037037037037 0.6901041666666666 0.04537037037037037 0.030208333333333334
0 0.45740740740740743 0.6213541666666667 0.044444444444444446 0.020833333333333332
0 0.4393518518518519 0.44687499999999997 0.04166666666666667 0.026041666666666668
0 0.44953703703703707 0.41875 0.04537037037037037 0.026041666666666668
0 0.30972222222222223 0.37447916666666664 0.036111111111111115 0.020833333333333332
0 0.4300925925925926 0.35572916666666665 0.028703703703703703 0.019791666666666666
0 0.5365740740740741 0.3463541666666667 0.04351851851851852 0.027083333333333334
0 0.4777777777777778 0.32447916666666665 0.03333333333333333 0.02395833333333333
0 0.45555555555555555 0.2520833333333333 0.040740740740740744 0.026041666666666668
0 0.45833333333333337 0.22760416666666666 0.040740740740740744 0.026041666666666668
0 0.4777777777777778 0.1984375 0.05185185185185186 0.03958333333333333
0 0.6365740740740741 0.6510416666666666 0.04166666666666667 0.019791666666666666
0 0.5930555555555556 0.6083333333333333 0.032407407407407406 0.015625
0 0.6930555555555555 0.44765625 0.04537037037037037 0.0203125
0 0.6865740740740741 0.4270833333333333 0.04351851851851852 0.025
0 0.6787037037037037 0.39609375 0.04259259259259259 0.019270833333333334
0 0.6314814814814815 0.38125 0.037037037037037035 0.019791666666666666
0 0.5884259259259259 0.3796875 0.04537037037037037 0.02395833333333333
0 0.5657407407407408 0.36796875 0.06296296296296297 0.021354166666666667
0 0.5333333333333333 0.8453125 0.03518518518518519 0.030208333333333334
0 0.300462962962963 0.7846354166666667 0.05462962962962963 0.0265625
0 0.16064814814814815 0.8263020833333333 0.04166666666666667 0.01614583333333333
0 0.1736111111111111 0.7875 0.03796296296296296 0.030208333333333334
0 0.2828703703703704 0.6161458333333333 0.030555555555555558 0.017708333333333333
0 0.2490740740740741 0.5580729166666667 0.04814814814814815 0.025520833333333333
0 0.4361111111111111 0.59140625 0.03518518518518519 0.027604166666666666
0 0.47222222222222227 0.4700520833333333 0.03888888888888889 0.024479166666666666
0 0.08240740740740742 0.5427083333333333 0.044444444444444446 0.021875
0 0.22685185185185186 0.3403645833333333 0.05185185185185186 0.0328125
0 0.22685185185185186 0.3046875 0.05185185185185186 0.0375
0 0.3814814814814815 0.209375 0.03333333333333333 0.019791666666666666
0 0.10185185185185186 0.3046875 0.05185185185185186 0.025
0 0.05416666666666667 0.3033854166666667 0.05648148148148149 0.0328125
0 0.1587962962962963 0.19713541666666667 0.02314814814814815 0.018229166666666668
0 0.15185185185185185 0.7395833333333334 0.03333333333333333 0.01875
0 0.08425925925925926 0.89296875 0.02962962962962963 0.0234375
0 0.4430555555555556 0.33177083333333335 0.028703703703703703 0.016666666666666666
0 0.37083333333333335 0.07395833333333333 0.05277777777777778 0.046875
0 0.31203703703703706 0.044270833333333336 0.05555555555555556 0.034375
0 0.3111111111111111 0.021354166666666667 0.06296296296296297 0.03958333333333333
0 0.8097222222222222 0.71953125 0.036111111111111115 0.025520833333333333
0 0.3513888888888889 0.74375 0.04537037037037037 0.034375
0 0.9083333333333333 0.14479166666666665 0.02962962962962963 0.013541666666666667
0 0.29444444444444445 0.2596354166666667 0.02777777777777778 0.024479166666666666
0 0.1638888888888889 0.35260416666666666 0.03888888888888889 0.025
0 0.04583333333333334 0.778125 0.036111111111111115 0.01875
