0 0.14537037037037037 0.6604166666666667 0.040740740740740744 0.015625
0 0.23055555555555557 0.5546875 0.037037037037037035 0.025
0 0.18101851851851852 0.5096354166666667 0.03425925925925926 0.015104166666666667
0 0.14305555555555557 0.45 0.03981481481481482 0.027083333333333334
0 0.12314814814814816 0.4088541666666667 0.02962962962962963 0.019791666666666666
0 0.04398148148148148 0.3296875 0.049074074074074076 0.029166666666666667
0 0.13194444444444445 0.22239583333333332 0.028703703703703703 0.017708333333333333
0 0.10370370370370371 0.22083333333333333 0.02962962962962963 0.019791666666666666
0 0.4916666666666667 0.8197916666666667 0.04259259259259259 0.029166666666666667
0 0.5560185185185186 0.7166666666666667 0.04722222222222222 0.016666666666666666
0 0.5342592592592593 0.6911458333333333 0.0462962962962963 0.029166666666666667
0 0.513425925925926 0.6221354166666666 0.04537037037037037 0.0203125
0 0.5342592592592593 0.4473958333333333 0.040740740740740744 0.026041666666666668
0 0.525 0.41953124999999997 0.044444444444444446 0.025520833333333333
0 0.6699074074074074 0.375 0.036111111111111115 0.020833333333333332
0 0.5458333333333334 0.3575520833333333 0.026851851851851852 0.021354166666666667
0 0.4375 0.34765625 0.04351851851851852 0.0265625
0 0.4967592592592593 0.32578125 0.03425925925925926 0.024479166666666666
0 0.5208333333333334 0.253125 0.04166666666666667 0.025
0 0.5166666666666667 0.22890625 0.040740740740740744 0.0265625
0 0.4916666666666667 0.20052083333333334 0.05185185185185186 0.03854166666666667
0 0.3402777777777778 0.65234375 0.04166666666666667 0.0203125
0 0.38287037037037036 0.609375 0.030555555555555558 0.015625
0 0.28240740740740744 0.44921875 0.044444444444444446 0.022395833333333334
0 0.2884259259259259 0.42890625 0.04351851851851852 0.024479166666666666
0 0.2962962962962963 0.39765625 0.04259259259259259 0.019270833333333334
0 0.33981481481481485 0.3828125 0.03518518518518519 0.019791666666666666
0 0.38472222222222224 0.38125 0.04537037037037037 0.022916666666666665
0 0.41805555555555557 0.3703125 0.04537037037037037 0.021875
0 0.4393518518518519 0.84609375 0.03425925925925926 0.0296875
0 0.6680555555555556 0.7859375 0.04722222222222222 0.029166666666666667
0 0.8120370370370371 0.8265625 0.03333333333333333 0.017708333333333333
0 0.8013888888888889 0.7880208333333333 0.03796296296296296 0.030208333333333334
0 0.6935185185185185 0.6169270833333333 0.03333333333333333 0.019270833333333334
0 0.7273148148148149 0.5588541666666667 0.04722222222222222 0.025
0 0.5365740740740741 0.5924479166666666 0.036111111111111115 0.027604166666666666
0 0.5037037037037038 0.4708333333333333 0.040740740740740744 0.02395833333333333
0 0.8930555555555556 0.54296875 0.04351851851851852 0.022395833333333334
0 0.7449074074074075 0.34010416666666665 0.049074074074074076 0.03125
0 0.7435185185185186 0.3065104166666667 0.05185185185185186 0.0390625
0 0.5930555555555556 0.2109375 0.03425925925925926 0.021875
0 0.8662037037037037 0.30494791666666665 0.04722222222222222 0.025520833333333333
0 0.9152777777777779 0.30390625 0.05462962962962963 0.03177083333333333
0 0.8166666666666667 0.1984375 0.022222222222222223 0.017708333333333333
0 0.9101851851851852 0.3421875 0.02777777777777778 0.010416666666666666
0 0.8328703703703704 0.7369791666666666 0.02314814814814815 0.017708333333333333
0 0.888425925925926 0.8937499999999999 0.03425925925925926 0.02395833333333333
0 0.5324074074074074 0.33203125 0.031481481481481485 0.015104166666666667
0 0.5912037037037037 0.0765625 0.05277777777777778 0.04583333333333333
0 0.6509259259259259 0.046614583333333334 0.05740740740740741 0.034895833333333334
0 0.65 0.022135416666666668 0.06666666666666667 0.0421875
0 0.15925925925925927 0.72109375 0.037037037037037035 0.027604166666666666
0 0.6203703703703703 0.7453125 0.044444444444444446 0.03125
0 0.0712962962962963 0.14791666666666667 0.02962962962962963 0.013541666666666667
0 0.8041666666666667 0.3533854166666667 0.03796296296296296 0.0234375
0 0.9351851851851852 0.7786458333333334 0.037037037037037035 0.019791666666666666
