0 0.8638888888888889 0.6630208333333333 0.02962962962962963 0.017708333333333333
0 0.788425925925926 0.5536458333333333 0.03425925925925926 0.025
0 0.8361111111111111 0.50859375 0.03333333333333333 0.015104166666666667
0 0.875925925925926 0.4479166666666667 0.03888888888888889 0.027083333333333334
0 0.8958333333333334 0.40781249999999997 0.028703703703703703 0.01875
0 0.975925925925926 0.32786458333333335 0.04814814814814815 0.0296875
0 0.8851851851851852 0.22135416666666666 0.02962962962962963 0.016666666666666666
0 0.912962962962963 0.21927083333333333 0.02962962962962963 0.019791666666666666
0 0.5287037037037037 0.81875 0.04259259259259259 0.028125
0 0.46435185185185185 0.7153645833333333 0.049074074074074076 0.01614583333333333
0 0.4847222222222222 0.6903645833333333 0.04537037037037037 0.028645833333333332
0 0.5078703703703704 0.6213541666666667 0.04537037037037037 0.020833333333333332
0 0.4842592592592593 0.44635416666666666 0.040740740740740744 0.026041666666666668
0 0.49212962962962964 0.4184895833333333 0.04537037037037037 0.025520833333333333
0 0.34351851851851856 0.37447916666666664 0.03518518518518519 0.020833333333333332
0 0.46944444444444444 0.3572916666666667 0.02777777777777778 0.021875
0 0.5791666666666667 0.3463541666666667 0.04351851851851852 0.026041666666666668
0 0.5212962962962964 0.32447916666666665 0.03333333333333333 0.022916666666666665
0 0.49583333333333335 0.25234375 0.04166666666666667 0.025520833333333333
0 0.500462962962963 0.22734374999999998 0.04166666666666667 0.027604166666666666
0 0.5282407407407408 0.19895833333333332 0.05092592592592593 0.03854166666666667
0 0.6782407407407408 0.6510416666666666 0.04351851851851852 0.019791666666666666
0 0.6361111111111112 0.6080729166666666 0.031481481481481485 0.015104166666666667
0 0.7361111111111112 0.44869791666666664 0.04814814814814815 0.0234375
0 0.7296296296296296 0.42734374999999997 0.044444444444444446 0.024479166666666666
0 0.7226851851851852 0.3966145833333333 0.04166666666666667 0.019270833333333334
0 0.6810185185185186 0.3809895833333333 0.036111111111111115 0.019270833333333334
0 0.6337962962962963 0.3796875 0.04722222222222222 0.022916666666666665
0 0.5995370370370371 0.36875 0.04722222222222222 0.020833333333333332
0 0.5824074074074075 0.8453125 0.03518518518518519 0.029166666666666667
0 0.3574074074074074 0.784375 0.0462962962962963 0.029166666666666667
0 0.20925925925925926 0.8268229166666666 0.02962962962962963 0.0171875
0 0.21851851851851853 0.7877604166666666 0.037037037037037035 0.030729166666666665
0 0.32453703703703707 0.6169270833333333 0.03425925925925926 0.019270833333333334
0 0.29074074074074074 0.5583333333333333 0.0462962962962963 0.025
0 0.4842592592592593 0.59140625 0.03518518518518519 0.027604166666666666
0 0.513888888888889 0.4700520833333333 0.04259259259259259 0.024479166666666666
0 0.12407407407407407 0.5427083333333333 0.04259259259259259 0.021875
0 0.27314814814814814 0.33984375 0.05 0.03177083333333333
0 0.27592592592592596 0.30546875 0.05185185185185186 0.03802083333333333
0 0.4236111111111111 0.20989583333333334 0.03425925925925926 0.02395833333333333
0 0.1537037037037037 0.3052083333333333 0.044444444444444446 0.025
0 0.1050925925925926 0.3028645833333333 0.05277777777777778 0.0328125
0 0.2 0.19791666666666666 0.022222222222222223 0.017708333333333333
0 0.10833333333333334 0.3419270833333333 0.031481481481481485 0.011979166666666666
0 0.015740740740740743 0.496875 0.02777777777777778 0.01875
0 0.18425925925925926 0.73671875 0.02592592592592593 0.0171875
0 0.13611111111111113 0.8924479166666667 0.02962962962962963 0.024479166666666666
0 0.4847222222222222 0.3299479166666667 0.032407407407407406 0.015104166666666667
0 0.4305555555555556 0.07473958333333333 0.05185185185185186 0.04635416666666667
0 0.3726851851851852 0.044270833333333336 0.05648148148148149 0.035416666666666666
0 0.375462962962963 0.020833333333333332 0.06759259259259259 0.03958333333333333
0 0.8638888888888889 0.7197916666666666 0.03888888888888889 0.028125
0 0.40231481481481485 0.7450520833333333 0.03981481481481482 0.03177083333333333
0 0.9421296296296297 0.14583333333333334 0.026851851851851852 0.013541666666666667
0 0.2162037037037037 0.35234375 0.03796296296296296 0.022395833333333334
0 0.07916666666666666 0.77890625 0.036111111111111115 0.0203125
