0 0.07546296296296297 0.6609375 0.03796296296296296 0.020833333333333332
0 0.1513888888888889 0.5510416666666667 0.04351851851851852 0.027083333333333334
0 0.10231481481481482 0.5065104166666666 0.036111111111111115 0.015104166666666667
0 0.050462962962962966 0.44505208333333335 0.036111111111111115 0.0265625
0 0.033796296296296297 0.4046875 0.025 0.016666666666666666
0 0.050462962962962966 0.21770833333333334 0.030555555555555558 0.015625
0 0.02314814814814815 0.21562499999999998 0.02777777777777778 0.01875
0 0.4041666666666667 0.8174479166666666 0.04537037037037037 0.028645833333333332
0 0.5143518518518518 0.8083333333333333 0.026851851851851852 0.02395833333333333
0 0.4708333333333333 0.7135416666666666 0.04537037037037037 0.015625
0 0.4532407407407408 0.6893229166666667 0.04537037037037037 0.028645833333333332
0 0.425 0.621875 0.03518518518518519 0.017708333333333333
0 0.4486111111111111 0.44505208333333335 0.03796296296296296 0.0265625
0 0.44583333333333336 0.4166666666666667 0.04537037037037037 0.026041666666666668
0 0.6083333333333334 0.3729166666666667 0.03518518518518519 0.020833333333333332
0 0.4763888888888889 0.35494791666666664 0.032407407407407406 0.0234375
0 0.35694444444444445 0.34401041666666665 0.04351851851851852 0.0265625
0 0.4152777777777778 0.3221354166666667 0.032407407407407406 0.0234375
0 0.4444444444444445 0.24947916666666667 0.04259259259259259 0.025
0 0.437962962962963 0.22395833333333334 0.04259259259259259 0.028125
0 0.39490740740740743 0.19583333333333333 0.05277777777777778 0.03958333333333333
0 0.26342592592592595 0.6502604166666667 0.04351851851851852 0.019270833333333334
0 0.19861111111111113 0.4453125 0.049074074074074076 0.021875
0 0.20555555555555557 0.42473958333333334 0.0462962962962963 0.025520833333333333
0 0.21342592592592594 0.39296875 0.04351851851851852 0.024479166666666666
0 0.25277777777777777 0.37838541666666664 0.037037037037037035 0.021354166666666667
0 0.3 0.37734375 0.044444444444444446 0.024479166666666666
0 0.3365740740740741 0.36796875 0.06018518518518519 0.025520833333333333
0 0.3462962962962963 0.8440104166666667 0.03518518518518519 0.028645833333333332
0 0.5675925925925926 0.7830729166666667 0.040740740740740744 0.0296875
0 0.6398148148148148 0.7721354166666666 0.040740740740740744 0.0296875
0 0.725 0.8265625 0.02592592592592593 0.015625
0 0.7194444444444444 0.78671875 0.037037037037037035 0.030729166666666665
0 0.6152777777777778 0.6153645833333333 0.032407407407407406 0.018229166666666668
0 0.6509259259259259 0.5583333333333333 0.0462962962962963 0.022916666666666665
0 0.4476851851851852 0.58828125 0.03796296296296296 0.028645833333333332
0 0.8148148148148149 0.5416666666666666 0.040740740740740744 0.021875
0 0.6569444444444444 0.3377604166666667 0.04722222222222222 0.03177083333333333
0 0.650462962962963 0.303125 0.04722222222222222 0.03854166666666667
0 0.5199074074074074 0.20703125 0.028703703703703703 0.024479166666666666
0 0.774537037037037 0.3033854166666667 0.04537037037037037 0.025520833333333333
0 0.8185185185185185 0.30078125 0.05 0.03177083333333333
0 0.7421296296296297 0.19557291666666665 0.021296296296296296 0.018229166666666668
0 0.8393518518518519 0.34453125 0.032407407407407406 0.0171875
0 0.9712962962962963 0.29661458333333335 0.03888888888888889 0.0265625
0 0.9810185185185185 0.33541666666666664 0.03796296296296296 0.029166666666666667
0 0.9884259259259259 0.22343749999999998 0.02314814814814815 0.0125
0 0.9541666666666667 0.4395833333333333 0.049074074074074076 0.026041666666666668
0 0.9287037037037037 0.49557291666666664 0.03888888888888889 0.018229166666666668
0 0.9773148148148149 0.5265625 0.04537037037037037 0.020833333333333332
0 0.762962962962963 0.73671875 0.031481481481481485 0.019270833333333334
0 0.9435185185185185 0.7424479166666667 0.05 0.033854166666666664
0 0.8 0.89296875 0.02777777777777778 0.0234375
0 0.45092592592592595 0.33125 0.040740740740740744 0.014583333333333334
0 0.48055555555555557 0.07005208333333333 0.053703703703703705 0.04635416666666667
0 0.5337962962962963 0.03958333333333333 0.05462962962962963 0.035416666666666666
0 0.524537037037037 0.019010416666666665 0.058333333333333334 0.034895833333333334
0 0.5226851851851853 0.7434895833333334 0.03796296296296296 0.03177083333333333
0 0.008796296296296297 0.14192708333333334 0.01388888888888889 0.015104166666666667
0 0.7078703703703704 0.35052083333333334 0.03425925925925926 0.020833333333333332
0 0.0587962962962963 0.7177083333333333 0.04722222222222222 0.029166666666666667
0 0.8685185185185186 0.778125 0.02962962962962963 0.019791666666666666
