0 0.9444444444444445 0.6606770833333333 0.03888888888888889 0.0203125
0 0.8689814814814815 0.5513020833333333 0.04351851851851852 0.024479166666666666
0 0.9189814814814815 0.5065104166666666 0.036111111111111115 0.015104166666666667
0 0.9717592592592593 0.44453125 0.03796296296296296 0.0265625
0 0.9888888888888889 0.4044270833333333 0.022222222222222223 0.018229166666666668
0 0.9712962962962963 0.21744791666666666 0.031481481481481485 0.01614583333333333
0 0.9921296296296297 0.21588541666666666 0.015740740740740743 0.019270833333333334
0 0.6189814814814815 0.81796875 0.04351851851851852 0.028645833333333332
0 0.5097222222222222 0.8083333333333333 0.028703703703703703 0.02395833333333333
0 0.5509259259259259 0.7138020833333333 0.044444444444444446 0.01614583333333333
0 0.5680555555555555 0.6890625 0.04537037037037037 0.028125
0 0.6 0.621875 0.037037037037037035 0.017708333333333333
0 0.5717592592592593 0.44427083333333334 0.03981481481481482 0.026041666666666668
0 0.575925925925926 0.41692708333333334 0.0462962962962963 0.025520833333333333
0 0.40972222222222227 0.3723958333333333 0.036111111111111115 0.021875
0 0.5356481481481482 0.35625 0.032407407407407406 0.022916666666666665
0 0.6657407407407407 0.34375 0.044444444444444446 0.027083333333333334
0 0.6064814814814815 0.321875 0.031481481481481485 0.02395833333333333
0 0.576388888888889 0.24973958333333332 0.04351851851851852 0.025520833333333333
0 0.5842592592592593 0.22317708333333333 0.04259259259259259 0.028645833333333332
0 0.6319444444444444 0.19583333333333333 0.05277777777777778 0.03958333333333333
0 0.7564814814814815 0.6505208333333333 0.044444444444444446 0.01875
0 0.8208333333333334 0.44427083333333334 0.05092592592592593 0.020833333333333332
0 0.8162037037037038 0.42421875 0.04537037037037037 0.024479166666666666
0 0.8087962962962963 0.3927083333333333 0.04537037037037037 0.022916666666666665
0 0.7671296296296296 0.37838541666666664 0.04351851851851852 0.021354166666666667
0 0.7231481481481482 0.3770833333333333 0.0462962962962963 0.02395833333333333
0 0.6851851851851852 0.36796875 0.06296296296296297 0.024479166666666666
0 0.6768518518518519 0.8440104166666667 0.03518518518518519 0.028645833333333332
0 0.45972222222222225 0.7830729166666667 0.04166666666666667 0.0296875
0 0.38333333333333336 0.77265625 0.04259259259259259 0.0296875
0 0.2949074074074074 0.8268229166666666 0.028703703703703703 0.0171875
0 0.3013888888888889 0.7869791666666667 0.03796296296296296 0.03125
0 0.4050925925925926 0.615625 0.032407407407407406 0.01875
0 0.3685185185185185 0.5588541666666667 0.044444444444444446 0.021875
0 0.575462962962963 0.5885416666666666 0.03796296296296296 0.029166666666666667
0 0.46342592592592596 0.5174479166666667 0.028703703703703703 0.0140625
0 0.20601851851851852 0.5411458333333333 0.04166666666666667 0.021875
0 0.3675925925925926 0.33828125 0.044444444444444446 0.03177083333333333
0 0.3740740740740741 0.3026041666666667 0.0462962962962963 0.0375
0 0.500925925925926 0.20651041666666667 0.02777777777777778 0.024479166666666666
0 0.25092592592592594 0.303125 0.040740740740740744 0.026041666666666668
0 0.20740740740740743 0.30078125 0.05 0.03177083333333333
0 0.2791666666666667 0.19505208333333332 0.021296296296296296 0.018229166666666668
0 0.17916666666666667 0.34375 0.032407407407407406 0.016666666666666666
0 0.05092592592592593 0.29635416666666664 0.044444444444444446 0.027083333333333334
0 0.038425925925925926 0.3341145833333333 0.049074074074074076 0.028645833333333332
0 0.03425925925925926 0.22265625 0.024074074074074074 0.011979166666666666
0 0.06805555555555556 0.43906249999999997 0.049074074074074076 0.026041666666666668
0 0.09305555555555556 0.4953125 0.03796296296296296 0.017708333333333333
0 0.047685185185185185 0.5260416666666666 0.03796296296296296 0.020833333333333332
0 0.018055555555555557 0.5200520833333333 0.032407407407407406 0.022395833333333334
0 0.25277777777777777 0.7385416666666667 0.03518518518518519 0.022916666666666665
0 0.0787037037037037 0.74140625 0.05 0.033854166666666664
0 0.2111111111111111 0.89453125 0.02777777777777778 0.022395833333333334
0 0.5685185185185185 0.3286458333333333 0.040740740740740744 0.01875
0 0.55 0.06953125 0.053703703703703705 0.04635416666666667
0 0.49722222222222223 0.038802083333333334 0.053703703703703705 0.034895833333333334
0 0.5087962962962963 0.018489583333333334 0.05648148148148149 0.034895833333333334
0 0.49953703703703706 0.7432291666666666 0.04166666666666667 0.030208333333333334
0 0.31666666666666665 0.3494791666666667 0.031481481481481485 0.019791666666666666
0 0.9662037037037038 0.71796875 0.04722222222222222 0.028645833333333332
0 0.1527777777777778 0.7778645833333333 0.016666666666666666 0.018229166666666668
