0 0.043055555555555555 0.55 0.04166666666666667 0.02395833333333333
0 0.28564814814814815 0.8166666666666667 0.04351851851851852 0.028125
0 0.3907407407407408 0.8078124999999999 0.03518518518518519 0.022916666666666665
0 0.3523148148148148 0.7138020833333333 0.03425925925925926 0.0140625
0 0.34305555555555556 0.6885416666666666 0.04166666666666667 0.027083333333333334
0 0.2972222222222222 0.6182291666666666 0.040740740740740744 0.02395833333333333
0 0.3337962962962963 0.4432291666666667 0.04166666666666667 0.025
0 0.3351851851851852 0.4158854166666667 0.04814814814814815 0.024479166666666666
0 0.5194444444444445 0.3723958333333333 0.03518518518518519 0.020833333333333332
0 0.3837962962962963 0.35442708333333334 0.03796296296296296 0.025520833333333333
0 0.24212962962962964 0.34296875 0.04722222222222222 0.027604166666666666
0 0.30092592592592593 0.3203125 0.02777777777777778 0.022916666666666665
0 0.33611111111111114 0.24791666666666667 0.04259259259259259 0.026041666666666668
0 0.3263888888888889 0.22239583333333332 0.04166666666666667 0.028125
0 0.25833333333333336 0.19557291666666665 0.053703703703703705 0.04010416666666666
0 0.16203703703703703 0.65 0.03888888888888889 0.01875
0 0.0925925925925926 0.4440104166666667 0.053703703703703705 0.0203125
0 0.0912037037037037 0.42265625 0.04722222222222222 0.0234375
0 0.09444444444444444 0.39296875 0.037037037037037035 0.022395833333333334
0 0.13240740740740742 0.37526041666666665 0.0462962962962963 0.019270833333333334
0 0.18101851851851852 0.3755208333333333 0.04722222222222222 0.025
0 0.22824074074074074 0.36666666666666664 0.05277777777777778 0.027083333333333334
0 0.225 0.8434895833333333 0.03518518518518519 0.028645833333333332
0 0.4222222222222222 0.7817708333333333 0.0462962962962963 0.03125
0 0.5152777777777778 0.8244791666666667 0.026851851851851852 0.014583333333333334
0 0.5152777777777778 0.8244791666666667 0.026851851851851852 0.014583333333333334
0 0.5236111111111111 0.77265625 0.04537037037037037 0.0296875
0 0.6240740740740741 0.8372395833333334 0.031481481481481485 0.0140625
0 0.6074074074074074 0.7859375 0.040740740740740744 0.03125
0 0.5101851851851852 0.6143229166666666 0.031481481481481485 0.019270833333333334
0 0.5481481481481482 0.55703125 0.044444444444444446 0.024479166666666666
0 0.3277777777777778 0.5875 0.0462962962962963 0.029166666666666667
0 0.45925925925925926 0.51796875 0.03518518518518519 0.01614583333333333
0 0.7069444444444445 0.5411458333333333 0.03981481481481482 0.021875
0 0.5314814814814816 0.3380208333333333 0.04814814814814815 0.03125
0 0.5203703703703704 0.30234375 0.05185185185185186 0.03697916666666667
0 0.4115740740740741 0.20598958333333334 0.03425925925925926 0.025520833333333333
0 0.6453703703703704 0.3015625 0.04259259259259259 0.028125
0 0.6796296296296297 0.3013020833333333 0.044444444444444446 0.03177083333333333
0 0.6342592592592593 0.19375 0.020370370370370372 0.017708333333333333
0 0.7138888888888889 0.34713541666666664 0.02962962962962963 0.019270833333333334
0 0.7421296296296297 0.3458333333333333 0.030555555555555558 0.020833333333333332
0 0.850925925925926 0.2955729166666667 0.040740740740740744 0.025520833333333333
0 0.8675925925925926 0.33229166666666665 0.0462962962962963 0.030208333333333334
0 0.8717592592592593 0.22265625 0.025 0.013020833333333334
0 0.9574074074074075 0.08203125 0.02962962962962963 0.021354166666666667
0 0.9814814814814815 0.0328125 0.037037037037037035 0.03229166666666666
0 0.7925925925925926 0.7765625 0.03333333333333333 0.01875
0 0.7472222222222222 0.171875 0.020370370370370372 0.020833333333333332
0 0.9370370370370371 0.23854166666666665 0.024074074074074074 0.017708333333333333
0 0.9777777777777779 0.30703125 0.040740740740740744 0.0265625
0 0.9606481481481481 0.37005208333333334 0.03981481481481482 0.022395833333333334
0 0.987037037037037 0.3796875 0.02592592592592593 0.020833333333333332
0 0.8384259259259259 0.4388020833333333 0.04722222222222222 0.025520833333333333
0 0.8152777777777778 0.49192708333333335 0.03425925925925926 0.0109375
0 0.8648148148148148 0.5263020833333333 0.03333333333333333 0.019270833333333334
0 0.8962962962962964 0.5192708333333333 0.04814814814814815 0.022916666666666665
0 0.9046296296296297 0.5432291666666667 0.024074074074074074 0.016666666666666666
0 0.9611111111111111 0.5390625 0.040740740740740744 0.022916666666666665
0 0.9402777777777778 0.48776041666666664 0.015740740740740743 0.015104166666666667
0 0.9532407407407407 0.5770833333333333 0.03425925925925926 0.015625
0 0.962037037037037 0.5395833333333333 0.040740740740740744 0.022916666666666665
0 0.675 0.7385416666666667 0.03333333333333333 0.02395833333333333
0 0.826388888888889 0.7416666666666667 0.04722222222222222 0.03229166666666666
0 0.951388888888889 0.8580729166666666 0.05092592592592593 0.033854166666666664
0 0.7000000000000001 0.8940104166666667 0.02777777777777778 0.021354166666666667
0 0.34814814814814815 0.3265625 0.03518518518518519 0.017708333333333333
0 0.3194444444444445 0.06796875 0.053703703703703705 0.04635416666666667
0 0.36944444444444446 0.037760416666666664 0.05740740740740741 0.03697916666666667
0 0.35000000000000003 0.017708333333333333 0.06296296296296297 0.03333333333333333
0 0.39305555555555555 0.7455729166666667 0.03981481481481482 0.0203125
0 0.5787037037037037 0.3497395833333333 0.04259259259259259 0.022395833333333334
