0 0.16666666666666669 0.82265625 0.044444444444444446 0.028645833333333332
0 0.2625 0.8117187499999999 0.017592592592592594 0.019270833333333334
0 0.23425925925925928 0.7161458333333334 0.02962962962962963 0.014583333333333334
0 0.23055555555555557 0.6934895833333333 0.0462962962962963 0.027604166666666666
0 0.16481481481481483 0.6216145833333333 0.037037037037037035 0.025520833333333333
0 0.2212962962962963 0.4471354166666667 0.037037037037037035 0.025520833333333333
0 0.22083333333333335 0.4192708333333333 0.049074074074074076 0.025
0 0.42824074074074076 0.3755208333333333 0.03425925925925926 0.019791666666666666
0 0.28564814814814815 0.35833333333333334 0.030555555555555558 0.022916666666666665
0 0.12361111111111112 0.346875 0.049074074074074076 0.027083333333333334
0 0.18888888888888888 0.32317708333333334 0.03333333333333333 0.022395833333333334
0 0.22777777777777777 0.2518229166666667 0.04259259259259259 0.0265625
0 0.21296296296296297 0.2265625 0.04259259259259259 0.028125
0 0.11944444444444445 0.19921875 0.05740740740740741 0.0390625
0 0.055092592592592596 0.6549479166666666 0.03981481481481482 0.0203125
0 0.017592592592592594 0.3802083333333333 0.03333333333333333 0.026041666666666668
0 0.059722222222222225 0.3794270833333333 0.049074074074074076 0.024479166666666666
0 0.11712962962962964 0.37057291666666664 0.05092592592592593 0.027604166666666666
0 0.09953703703703703 0.84921875 0.032407407407407406 0.0296875
0 0.2796296296296296 0.7861979166666666 0.040740740740740744 0.03177083333333333
0 0.38101851851851853 0.8322916666666667 0.030555555555555558 0.021875
0 0.41064814814814815 0.7763020833333333 0.04537037037037037 0.0296875
0 0.5106481481481482 0.840625 0.03425925925925926 0.016666666666666666
0 0.49583333333333335 0.7901041666666666 0.04351851851851852 0.03125
0 0.33842592592592596 0.7575520833333333 0.021296296296296296 0.019270833333333334
0 0.40185185185185185 0.6177083333333333 0.031481481481481485 0.01875
0 0.44212962962962965 0.559375 0.04537037037037037 0.025
0 0.2050925925925926 0.5916666666666667 0.049074074074074076 0.027083333333333334
0 0.20555555555555557 0.47031249999999997 0.03888888888888889 0.02395833333333333
0 0.36944444444444446 0.5213541666666667 0.037037037037037035 0.017708333333333333
0 0.5986111111111111 0.54375 0.03796296296296296 0.021875
0 0.41064814814814815 0.3416666666666667 0.04166666666666667 0.028125
0 0.39212962962962966 0.30625 0.04537037037037037 0.036458333333333336
0 0.3 0.2109375 0.03888888888888889 0.021875
0 0.5106481481481482 0.30546875 0.03425925925925926 0.0265625
0 0.5407407407407407 0.30546875 0.03888888888888889 0.0328125
0 0.5240740740740741 0.19791666666666666 0.020370370370370372 0.016666666666666666
0 0.6222222222222222 0.45729166666666665 0.022222222222222223 0.016666666666666666
0 0.6166666666666667 0.38828125 0.018518518518518517 0.009895833333333333
0 0.6189814814814815 0.3497395833333333 0.02314814814814815 0.0171875
0 0.6453703703703704 0.35052083333333334 0.03888888888888889 0.017708333333333333
0 0.7287037037037037 0.29973958333333334 0.037037037037037035 0.0265625
0 0.7495370370370371 0.33567708333333335 0.04351851851851852 0.027604166666666666
0 0.7541666666666667 0.22682291666666665 0.026851851851851852 0.0140625
0 0.8282407407407407 0.08671875 0.030555555555555558 0.022395833333333334
0 0.8416666666666667 0.0546875 0.031481481481481485 0.025
0 0.862037037037037 0.034375 0.040740740740740744 0.03229166666666666
0 0.6328703703703704 0.17604166666666665 0.021296296296296296 0.019791666666666666
0 0.8361111111111111 0.24114583333333334 0.02962962962962963 0.017708333333333333
0 0.850462962962963 0.31015625 0.03796296296296296 0.027604166666666666
0 0.8782407407407408 0.25625 0.028703703703703703 0.016666666666666666
0 0.9074074074074074 0.28932291666666665 0.02592592592592593 0.015104166666666667
0 0.9268518518518519 0.2859375 0.018518518518518517 0.017708333333333333
0 0.9893518518518519 0.353125 0.021296296296296296 0.013541666666666667
0 0.9449074074074074 0.41692708333333334 0.028703703703703703 0.015104166666666667
0 0.8490740740740741 0.371875 0.03333333333333333 0.020833333333333332
0 0.8787037037037038 0.38177083333333334 0.031481481481481485 0.019791666666666666
0 0.9351851851851852 0.39453125 0.02592592592592593 0.0140625
0 0.7226851851851852 0.4421875 0.04351851851851852 0.026041666666666668
0 0.700462962962963 0.49453125 0.030555555555555558 0.009895833333333333
0 0.7449074074074075 0.5283854166666666 0.03981481481481482 0.0203125
0 0.7805555555555556 0.5216145833333333 0.044444444444444446 0.0234375
0 0.7689814814814815 0.5432291666666667 0.036111111111111115 0.020833333333333332
0 0.8055555555555556 0.5463541666666667 0.022222222222222223 0.016666666666666666
0 0.8467592592592593 0.5419270833333333 0.03981481481481482 0.022395833333333334
0 0.8300925925925926 0.4890625 0.019444444444444445 0.017708333333333333
0 0.8300925925925926 0.6002604166666666 0.025 0.015104166666666667
0 0.8532407407407407 0.5794270833333334 0.030555555555555558 0.01614583333333333
0 0.9833333333333334 0.63515625 0.03333333333333333 0.021354166666666667
0 0.9833333333333334 0.60234375 0.03333333333333333 0.025520833333333333
0 0.9472222222222223 0.6236979166666666 0.040740740740740744 0.022395833333333334
0 0.9351851851851852 0.6697916666666667 0.03518518518518519 0.020833333333333332
0 0.9282407407407408 0.6442708333333333 0.026851851851851852 0.0125
0 0.5837962962962964 0.7408854166666666 0.032407407407407406 0.022395833333333334
0 0.7083333333333334 0.74296875 0.04259259259259259 0.030729166666666665
0 0.8217592592592593 0.8606770833333334 0.05277777777777778 0.033854166666666664
0 0.9472222222222223 0.9411458333333333 0.04814814814814815 0.034375
0 0.8958333333333334 0.77578125 0.028703703703703703 0.0171875
0 0.5898148148148148 0.8971354166666666 0.031481481481481485 0.0234375
0 0.23981481481481481 0.32916666666666666 0.03518518518518519 0.016666666666666666
0 0.15787037037037038 0.0734375 0.05462962962962963 0.04479166666666667
0 0.20324074074074075 0.04453125 0.058333333333333334 0.033854166666666664
0 0.1726851851851852 0.022135416666666668 0.06018518518518519 0.04114583333333333
0 0.44212962962962965 0.3536458333333333 0.03981481481481482 0.020833333333333332
