0 0.41250000000000003 0.98125 0.06018518518518519 0.03854166666666667
0 0.22222222222222224 0.8895833333333333 0.04259259259259259 0.03229166666666666
0 0.022222222222222223 0.9286458333333333 0.04259259259259259 0.030208333333333334
0 0.21203703703703705 0.8263020833333333 0.040740740740740744 0.021354166666666667
0 0.020833333333333336 0.7848958333333333 0.03981481481481482 0.029166666666666667
0 0.052314814814814814 0.7763020833333333 0.030555555555555558 0.0265625
0 0.09861111111111112 0.76953125 0.04166666666666667 0.03177083333333333
0 0.13055555555555556 0.7182291666666667 0.053703703703703705 0.03333333333333333
0 0.24861111111111112 0.7166666666666667 0.04722222222222222 0.025
0 0.29814814814814816 0.68125 0.06296296296296297 0.03958333333333333
0 0.19490740740740742 0.6877604166666667 0.03796296296296296 0.025520833333333333
0 0.21805555555555556 0.5807291666666666 0.04537037037037037 0.025
0 0.12407407407407407 0.53671875 0.05740740740740741 0.03177083333333333
0 0.23564814814814816 0.5151041666666667 0.049074074074074076 0.02395833333333333
0 0.10648148148148148 0.46510416666666665 0.04259259259259259 0.019791666666666666
0 0.11574074074074074 0.42161458333333335 0.03888888888888889 0.013020833333333334
0 0.30185185185185187 0.56640625 0.03518518518518519 0.022395833333333334
0 0.31527777777777777 0.5416666666666666 0.036111111111111115 0.02395833333333333
0 0.3199074074074074 0.4627604166666667 0.049074074074074076 0.0265625
0 0.4046296296296297 0.4942708333333333 0.05185185185185186 0.028125
0 0.4476851851851852 0.51171875 0.03425925925925926 0.019270833333333334
0 0.43333333333333335 0.46979166666666666 0.05 0.030208333333333334
0 0.3625 0.5953125 0.032407407407407406 0.025
0 0.47314814814814815 0.646875 0.037037037037037035 0.027083333333333334
0 0.5356481481481482 0.7096354166666666 0.036111111111111115 0.0234375
0 0.6222222222222222 0.7723958333333333 0.031481481481481485 0.017708333333333333
0 0.6699074074074074 0.7291666666666666 0.04166666666666667 0.026041666666666668
0 0.7189814814814816 0.7666666666666666 0.032407407407407406 0.020833333333333332
0 0.6708333333333334 0.67890625 0.03425925925925926 0.022395833333333334
0 0.6162037037037037 0.671875 0.026851851851851852 0.014583333333333334
0 0.6180555555555556 0.6546875 0.04351851851851852 0.025
0 0.8819444444444445 0.7846354166666667 0.06018518518518519 0.04010416666666666
0 0.8680555555555556 0.68515625 0.032407407407407406 0.019270833333333334
0 0.9074074074074074 0.6473958333333333 0.04259259259259259 0.021875
0 0.8689814814814815 0.6442708333333333 0.03425925925925926 0.030208333333333334
0 0.7962962962962963 0.62421875 0.03333333333333333 0.0234375
0 0.7046296296296296 0.55625 0.03333333333333333 0.02395833333333333
0 0.7175925925925927 0.5765625 0.02777777777777778 0.019791666666666666
0 0.7527777777777778 0.5622395833333333 0.04814814814814815 0.021354166666666667
0 0.8976851851851853 0.5075520833333333 0.04166666666666667 0.0203125
0 0.8486111111111111 0.4731770833333333 0.03425925925925926 0.018229166666666668
0 0.8203703703703704 0.4627604166666667 0.03518518518518519 0.019270833333333334
0 0.8125 0.43828125 0.02314814814814815 0.019270833333333334
0 0.8712962962962963 0.378125 0.044444444444444446 0.025
0 0.8564814814814815 0.33098958333333334 0.0462962962962963 0.0265625
0 0.8069444444444445 0.37109375 0.026851851851851852 0.022395833333333334
0 0.7611111111111112 0.34010416666666665 0.03518518518518519 0.027083333333333334
0 0.7245370370370371 0.4080729166666667 0.04166666666666667 0.027604166666666666
0 0.7125 0.3653645833333333 0.04537037037037037 0.028645833333333332
0 0.6861111111111111 0.38567708333333334 0.03333333333333333 0.021354166666666667
0 0.6430555555555556 0.41432291666666665 0.04537037037037037 0.028645833333333332
0 0.49444444444444446 0.6833333333333333 0.03888888888888889 0.017708333333333333
0 0.39722222222222225 0.40260416666666665 0.037037037037037035 0.025
0 0.2967592592592593 0.36692708333333335 0.032407407407407406 0.024479166666666666
0 0.26435185185185184 0.34270833333333334 0.05092592592592593 0.028125
0 0.32175925925925924 0.334375 0.04351851851851852 0.028125
0 0.35555555555555557 0.31640625 0.03518518518518519 0.0203125
0 0.3902777777777778 0.31588541666666664 0.032407407407407406 0.0203125
0 0.33796296296296297 0.15963541666666667 0.05925925925925926 0.044270833333333336
0 0.3902777777777778 0.12760416666666666 0.05092592592592593 0.026041666666666668
0 0.15462962962962964 0.046614583333333334 0.05555555555555556 0.0390625
0 0.14305555555555557 0.01484375 0.058333333333333334 0.027604166666666666
0 0.25925925925925924 0.039322916666666666 0.05740740740740741 0.043229166666666666
0 0.31527777777777777 0.03854166666666667 0.05648148148148149 0.041666666666666664
0 0.8675925925925926 0.2359375 0.05555555555555556 0.03333333333333333
0 0.8333333333333334 0.2328125 0.03333333333333333 0.030208333333333334
0 0.8592592592592593 0.16744791666666667 0.05185185185185186 0.0328125
0 0.7893518518518519 0.19557291666666665 0.03981481481481482 0.03177083333333333
0 0.7699074074074075 0.21302083333333333 0.028703703703703703 0.029166666666666667
0 0.7416666666666667 0.21354166666666666 0.037037037037037035 0.030208333333333334
0 0.700925925925926 0.20989583333333334 0.03888888888888889 0.020833333333333332
0 0.8199074074074074 0.09270833333333334 0.05277777777777778 0.04479166666666667
0 0.763888888888889 0.13828125 0.040740740740740744 0.030729166666666665
0 0.7287037037037037 0.13880208333333333 0.02962962962962963 0.028645833333333332
0 0.6828703703703703 0.146875 0.036111111111111115 0.026041666666666668
