0 0.6027777777777777 0.9815104166666666 0.05925925925925926 0.03697916666666667
0 0.7925925925925926 0.8901041666666667 0.044444444444444446 0.029166666666666667
0 0.9842592592592593 0.9302083333333333 0.031481481481481485 0.030208333333333334
0 0.8032407407407408 0.8265625 0.03981481481481482 0.020833333333333332
0 0.987037037037037 0.7859375 0.02592592592592593 0.029166666666666667
0 0.9638888888888889 0.7765625 0.03333333333333333 0.02395833333333333
0 0.9171296296296296 0.7700520833333333 0.04166666666666667 0.03177083333333333
0 0.8837962962962963 0.71875 0.05648148148148149 0.03125
0 0.7652777777777778 0.7171875 0.04537037037037037 0.025
0 0.7185185185185186 0.6815104166666667 0.06296296296296297 0.04010416666666666
0 0.8189814814814815 0.68828125 0.036111111111111115 0.0234375
0 0.7953703703703704 0.5809895833333333 0.044444444444444446 0.0265625
0 0.8907407407407407 0.53671875 0.061111111111111116 0.0296875
0 0.7791666666666667 0.5151041666666667 0.049074074074074076 0.02395833333333333
0 0.9074074074074074 0.46510416666666665 0.04259259259259259 0.020833333333333332
0 0.8990740740740741 0.42161458333333335 0.037037037037037035 0.011979166666666666
0 0.712037037037037 0.5661458333333333 0.03333333333333333 0.022916666666666665
0 0.6986111111111112 0.5419270833333333 0.03981481481481482 0.022395833333333334
0 0.6939814814814815 0.46249999999999997 0.05092592592592593 0.027083333333333334
0 0.6097222222222223 0.49453125 0.05092592592592593 0.0296875
0 0.5666666666666667 0.5114583333333333 0.03888888888888889 0.016666666666666666
0 0.5824074074074075 0.46979166666666666 0.05 0.030208333333333334
0 0.6513888888888889 0.5950520833333334 0.030555555555555558 0.025520833333333333
0 0.5412037037037037 0.6463541666666667 0.04537037037037037 0.025
0 0.47731481481481486 0.71015625 0.03425925925925926 0.0234375
0 0.3888888888888889 0.7723958333333333 0.02962962962962963 0.017708333333333333
0 0.3416666666666667 0.7294270833333333 0.040740740740740744 0.025520833333333333
0 0.29212962962962963 0.7666666666666666 0.030555555555555558 0.020833333333333332
0 0.33981481481481485 0.67890625 0.03518518518518519 0.021354166666666667
0 0.3939814814814815 0.6721354166666667 0.026851851851851852 0.0140625
0 0.3939814814814815 0.6552083333333333 0.04166666666666667 0.025
0 0.1328703703703704 0.7848958333333333 0.06018518518518519 0.03854166666666667
0 0.14351851851851852 0.6846354166666666 0.03333333333333333 0.018229166666666668
0 0.10648148148148148 0.6473958333333333 0.04259259259259259 0.020833333333333332
0 0.14583333333333334 0.64453125 0.03425925925925926 0.030729166666666665
0 0.21712962962962964 0.6236979166666666 0.03425925925925926 0.022395833333333334
0 0.3078703703703704 0.55625 0.032407407407407406 0.025
0 0.2949074074074074 0.5770833333333333 0.030555555555555558 0.01875
0 0.2601851851851852 0.5619791666666667 0.05 0.019791666666666666
0 0.11435185185185186 0.50703125 0.04166666666666667 0.0203125
0 0.16064814814814815 0.47265625 0.03425925925925926 0.018229166666666668
0 0.1902777777777778 0.4614583333333333 0.036111111111111115 0.019791666666666666
0 0.19861111111111113 0.4380208333333333 0.02314814814814815 0.016666666666666666
0 0.14074074074074075 0.3776041666666667 0.0462962962962963 0.02395833333333333
0 0.1574074074074074 0.3296875 0.04814814814814815 0.027083333333333334
0 0.20555555555555557 0.37109375 0.024074074074074074 0.022395833333333334
0 0.25092592592592594 0.33958333333333335 0.037037037037037035 0.027083333333333334
0 0.287962962962963 0.40781249999999997 0.04259259259259259 0.028125
0 0.29953703703703705 0.3651041666666667 0.04537037037037037 0.029166666666666667
0 0.32685185185185184 0.3854166666666667 0.03333333333333333 0.021875
0 0.3703703703703704 0.4140625 0.04259259259259259 0.029166666666666667
0 0.5171296296296296 0.6833333333333333 0.03981481481481482 0.016666666666666666
0 0.6171296296296297 0.40234375 0.03796296296296296 0.024479166666666666
0 0.7157407407407408 0.36692708333333335 0.03518518518518519 0.0234375
0 0.7495370370370371 0.34270833333333334 0.049074074074074076 0.029166666666666667
0 0.6902777777777778 0.334375 0.04722222222222222 0.027083333333333334
0 0.6564814814814816 0.315625 0.03518518518518519 0.020833333333333332
0 0.6226851851851852 0.315625 0.032407407407407406 0.019791666666666666
0 0.6773148148148148 0.15833333333333333 0.06018518518518519 0.04479166666666667
0 0.6240740740740741 0.12708333333333333 0.05 0.026041666666666668
0 0.8726851851851852 0.014583333333333334 0.05648148148148149 0.027083333333333334
0 0.8625 0.04583333333333333 0.05648148148148149 0.0375
0 0.7587962962962963 0.038802083333333334 0.05648148148148149 0.044270833333333336
0 0.701388888888889 0.03828125 0.05462962962962963 0.044270833333333336
0 0.14537037037037037 0.23541666666666666 0.05555555555555556 0.03333333333333333
0 0.17916666666666667 0.23255208333333333 0.032407407407407406 0.0296875
0 0.15462962962962964 0.16692708333333334 0.05185185185185186 0.0328125
0 0.24305555555555555 0.21276041666666667 0.028703703703703703 0.028645833333333332
0 0.2712962962962963 0.21328125 0.037037037037037035 0.0296875
0 0.31203703703703706 0.209375 0.03888888888888889 0.020833333333333332
0 0.24953703703703706 0.1375 0.03981481481481482 0.03125
0 0.2847222222222222 0.13776041666666666 0.028703703703703703 0.028645833333333332
0 0.22453703703703703 0.1953125 0.04166666666666667 0.03125
0 0.19444444444444445 0.09244791666666667 0.05555555555555556 0.044270833333333336
0 0.3300925925925926 0.146875 0.036111111111111115 0.026041666666666668
0 0.013425925925925926 0.60078125 0.02314814814814815 0.027604166666666666
0 0.018055555555555557 0.73203125 0.032407407407407406 0.019270833333333334
