0 0.6791666666666667 0.9833333333333333 0.05648148148148149 0.03333333333333333
0 0.8685185185185186 0.8940104166666667 0.040740740740740744 0.030729166666666665
0 0.875462962962963 0.83046875 0.03981481481481482 0.021354166666666667
0 0.9842592592592593 0.7736979166666667 0.031481481481481485 0.0328125
0 0.9527777777777778 0.7213541666666666 0.05925925925925926 0.03125
0 0.8319444444444445 0.7182291666666667 0.04166666666666667 0.026041666666666668
0 0.8046296296296297 0.6846354166666666 0.06666666666666667 0.04114583333333333
0 0.8666666666666667 0.58203125 0.040740740740740744 0.028645833333333332
0 0.9569444444444445 0.5375 0.0638888888888889 0.030208333333333334
0 0.8550925925925926 0.5171875 0.04537037037037037 0.026041666666666668
0 0.9703703703703704 0.4653645833333333 0.037037037037037035 0.021354166666666667
0 0.9662037037037038 0.41640625 0.030555555555555558 0.022395833333333334
0 0.774537037037037 0.5671875 0.03425925925925926 0.022916666666666665
0 0.7671296296296296 0.5432291666666667 0.04166666666666667 0.022916666666666665
0 0.762962962962963 0.4640625 0.05185185185185186 0.027083333333333334
0 0.6791666666666667 0.4947916666666667 0.05092592592592593 0.029166666666666667
0 0.6356481481481482 0.5104166666666666 0.04351851851851852 0.019791666666666666
0 0.6518518518518519 0.47031249999999997 0.05 0.03125
0 0.7180555555555556 0.5950520833333334 0.030555555555555558 0.0265625
0 0.5990740740740741 0.64765625 0.0462962962962963 0.0265625
0 0.5375 0.7119791666666666 0.03425925925925926 0.025
0 0.44027777777777777 0.77421875 0.028703703703703703 0.0171875
0 0.39537037037037037 0.73046875 0.03888888888888889 0.025520833333333333
0 0.34351851851851856 0.7684895833333333 0.03333333333333333 0.021354166666666667
0 0.3893518518518519 0.68046875 0.032407407407407406 0.0203125
0 0.4430555555555556 0.6729166666666666 0.02314814814814815 0.013541666666666667
0 0.44953703703703707 0.6567708333333333 0.04351851851851852 0.025
0 0.20462962962962963 0.7875 0.05740740740740741 0.03854166666666667
0 0.17685185185185187 0.6486979166666667 0.040740740740740744 0.021354166666666667
0 0.21805555555555556 0.6447916666666667 0.03981481481481482 0.03125
0 0.28425925925925927 0.6252604166666667 0.02962962962962963 0.022395833333333334
0 0.3689814814814815 0.5578125 0.028703703703703703 0.025
0 0.34814814814814815 0.57734375 0.02592592592592593 0.01614583333333333
0 0.32222222222222224 0.5630208333333333 0.04814814814814815 0.019791666666666666
0 0.1726851851851852 0.5080729166666667 0.03981481481481482 0.0203125
0 0.20555555555555557 0.4734375 0.03333333333333333 0.01875
0 0.23703703703703705 0.46249999999999997 0.040740740740740744 0.020833333333333332
0 0.1962962962962963 0.378125 0.044444444444444446 0.02395833333333333
0 0.21944444444444444 0.3307291666666667 0.0462962962962963 0.027083333333333334
0 0.2625 0.37213541666666666 0.021296296296296296 0.021354166666666667
0 0.30648148148148147 0.34010416666666665 0.03888888888888889 0.027083333333333334
0 0.3458333333333333 0.409375 0.04351851851851852 0.028125
0 0.35833333333333334 0.3658854166666667 0.0462962962962963 0.0296875
0 0.3842592592592593 0.38619791666666664 0.03333333333333333 0.022395833333333334
0 0.4287037037037037 0.41484375 0.040740740740740744 0.027604166666666666
0 0.5726851851851852 0.68515625 0.03796296296296296 0.01614583333333333
0 0.6824074074074075 0.40182291666666664 0.03888888888888889 0.025520833333333333
0 0.775 0.3671875 0.040740740740740744 0.02395833333333333
0 0.8162037037037038 0.3419270833333333 0.05277777777777778 0.030729166666666665
0 0.7490740740740741 0.3338541666666667 0.04814814814814815 0.028125
0 0.7175925925925927 0.31614583333333335 0.03518518518518519 0.020833333333333332
0 0.6824074074074075 0.3169270833333333 0.02777777777777778 0.021354166666666667
0 0.750925925925926 0.15755208333333334 0.06481481481481481 0.0453125
0 0.6944444444444444 0.12578125 0.053703703703703705 0.0265625
0 0.950462962962963 0.014322916666666666 0.05648148148148149 0.0265625
0 0.9375 0.04479166666666667 0.05648148148148149 0.036458333333333336
0 0.8388888888888889 0.03723958333333333 0.05740740740740741 0.044270833333333336
0 0.7837962962962963 0.03697916666666667 0.05462962962962963 0.04375
0 0.20462962962962963 0.23619791666666667 0.05555555555555556 0.0328125
0 0.23842592592592593 0.2328125 0.030555555555555558 0.030208333333333334
0 0.21805555555555556 0.16770833333333332 0.05092592592592593 0.03333333333333333
0 0.3041666666666667 0.21276041666666667 0.030555555555555558 0.028645833333333332
0 0.33333333333333337 0.21328125 0.037037037037037035 0.0296875
0 0.3731481481481482 0.209375 0.03888888888888889 0.020833333333333332
0 0.3111111111111111 0.13776041666666666 0.040740740740740744 0.030729166666666665
0 0.3458333333333333 0.13802083333333334 0.028703703703703703 0.029166666666666667
0 0.28935185185185186 0.1953125 0.04351851851851852 0.03125
0 0.26157407407407407 0.0921875 0.05462962962962963 0.04375
0 0.39212962962962966 0.14713541666666666 0.03425925925925926 0.024479166666666666
0 0.0712962962962963 0.6015625 0.0462962962962963 0.026041666666666668
0 0.23101851851851854 0.41822916666666665 0.015740740740740743 0.015625
0 0.02638888888888889 0.79453125 0.04722222222222222 0.0296875
0 0.015277777777777779 0.5640625 0.026851851851851852 0.025
0 0.07592592592592592 0.73359375 0.04259259259259259 0.018229166666666668
