0 0.7175925925925927 0.984375 0.05740740740740741 0.03125
0 0.9097222222222222 0.89609375 0.03796296296296296 0.030729166666666665
0 0.9125000000000001 0.8322916666666667 0.03981481481481482 0.021875
0 0.9791666666666667 0.7221354166666667 0.04166666666666667 0.030729166666666665
0 0.8675925925925926 0.7197916666666666 0.03888888888888889 0.025
0 0.8486111111111111 0.6848958333333334 0.06944444444444445 0.040625
0 0.8986111111111111 0.5830729166666666 0.04722222222222222 0.028645833333333332
0 0.8930555555555556 0.5171875 0.04537037037037037 0.026041666666666668
0 0.8078703703703703 0.5684895833333333 0.03796296296296296 0.0234375
0 0.8018518518518519 0.5463541666666667 0.044444444444444446 0.019791666666666666
0 0.7967592592592593 0.46380208333333334 0.05462962962962963 0.027604166666666666
0 0.7152777777777778 0.49505208333333334 0.05277777777777778 0.0296875
0 0.6708333333333334 0.5127604166666666 0.04166666666666667 0.01614583333333333
0 0.6856481481481482 0.4700520833333333 0.05648148148148149 0.03177083333333333
0 0.7513888888888889 0.5955729166666667 0.03425925925925926 0.0265625
0 0.6291666666666667 0.6481770833333333 0.04537037037037037 0.0265625
0 0.5689814814814815 0.7119791666666666 0.03425925925925926 0.026041666666666668
0 0.4671296296296297 0.77421875 0.028703703703703703 0.019270833333333334
0 0.4236111111111111 0.7307291666666667 0.03981481481481482 0.026041666666666668
0 0.3685185185185185 0.7690104166666667 0.03333333333333333 0.022395833333333334
0 0.41435185185185186 0.6809895833333334 0.030555555555555558 0.0203125
0 0.46851851851851856 0.6729166666666666 0.022222222222222223 0.014583333333333334
0 0.4800925925925926 0.6575520833333334 0.04351851851851852 0.0234375
0 0.24212962962962964 0.7877604166666666 0.05648148148148149 0.03802083333333333
0 0.21342592592592594 0.6489583333333333 0.03981481481481482 0.021875
0 0.2555555555555556 0.64453125 0.040740740740740744 0.03177083333333333
0 0.32037037037037036 0.62578125 0.02962962962962963 0.022395833333333334
0 0.40046296296296297 0.5578125 0.028703703703703703 0.02395833333333333
0 0.37824074074074077 0.5778645833333333 0.028703703703703703 0.0171875
0 0.3550925925925926 0.5635416666666666 0.04722222222222222 0.019791666666666666
0 0.20277777777777778 0.5080729166666667 0.040740740740740744 0.0203125
0 0.22870370370370371 0.47369791666666666 0.03518518518518519 0.019270833333333334
0 0.2601851851851852 0.4627604166666667 0.04259259259259259 0.0203125
0 0.22546296296296298 0.37864583333333335 0.04537037037037037 0.025
0 0.2513888888888889 0.33098958333333334 0.04537037037037037 0.0265625
0 0.29074074074074074 0.37213541666666666 0.020370370370370372 0.0203125
0 0.3365740740740741 0.3403645833333333 0.04537037037037037 0.025520833333333333
0 0.37592592592592594 0.40963541666666664 0.044444444444444446 0.028645833333333332
0 0.3888888888888889 0.36614583333333334 0.0462962962962963 0.029166666666666667
0 0.4134259259259259 0.38645833333333335 0.03425925925925926 0.022916666666666665
0 0.45416666666666666 0.4140625 0.03981481481481482 0.027083333333333334
0 0.6013888888888889 0.6856770833333333 0.036111111111111115 0.01614583333333333
0 0.7162037037037037 0.40208333333333335 0.03981481481481482 0.026041666666666668
0 0.8046296296296297 0.3671875 0.03888888888888889 0.02395833333333333
0 0.8495370370370371 0.3416666666666667 0.05462962962962963 0.03125
0 0.7791666666666667 0.33359375 0.05092592592592593 0.0296875
0 0.7398148148148148 0.3151041666666667 0.03888888888888889 0.020833333333333332
0 0.7092592592592593 0.31588541666666664 0.02962962962962963 0.0203125
0 0.787962962962963 0.15677083333333333 0.06296296296296297 0.04479166666666667
0 0.7291666666666667 0.125 0.05462962962962963 0.026041666666666668
0 0.9796296296296296 0.015104166666666667 0.040740740740740744 0.028125
0 0.9736111111111111 0.04479166666666667 0.05277777777777778 0.036458333333333336
0 0.8777777777777778 0.03697916666666667 0.05925925925925926 0.04375
0 0.8222222222222223 0.0359375 0.05555555555555556 0.042708333333333334
0 0.8217592592592593 0.42734374999999997 0.030555555555555558 0.018229166666666668
0 0.23611111111111113 0.23619791666666667 0.053703703703703705 0.0328125
0 0.2675925925925926 0.23307291666666666 0.02962962962962963 0.0296875
0 0.24953703703703706 0.16822916666666665 0.05092592592592593 0.03333333333333333
0 0.33564814814814814 0.21328125 0.030555555555555558 0.028645833333333332
0 0.36435185185185187 0.21380208333333334 0.03796296296296296 0.0296875
0 0.4046296296296297 0.20963541666666666 0.03888888888888889 0.021354166666666667
0 0.3388888888888889 0.1375 0.037037037037037035 0.029166666666666667
0 0.3768518518518519 0.1375 0.02962962962962963 0.029166666666666667
0 0.3226851851851852 0.19583333333333333 0.04351851851851852 0.03125
0 0.29583333333333334 0.0921875 0.05462962962962963 0.04375
0 0.41944444444444445 0.14713541666666666 0.02962962962962963 0.025520833333333333
0 0.7023148148148148 0.62421875 0.036111111111111115 0.027604166666666666
0 0.7023148148148148 0.62421875 0.036111111111111115 0.027604166666666666
0 0.10972222222222222 0.6010416666666667 0.03981481481481482 0.025
0 0.2601851851851852 0.41796875 0.018518518518518517 0.01614583333333333
0 0.05925925925925926 0.7950520833333333 0.04814814814814815 0.030729166666666665
0 0.015277777777777779 0.5520833333333334 0.026851851851851852 0.025
0 0.03194444444444445 0.5643229166666667 0.04722222222222222 0.024479166666666666
0 0.10601851851851853 0.7330729166666666 0.04351851851851852 0.0171875
