0 0.7310185185185185 0.9835937499999999 0.058333333333333334 0.03177083333333333
0 0.9208333333333334 0.8963541666666667 0.03981481481481482 0.03125
0 0.925462962962963 0.8322916666666667 0.03981481481481482 0.021875
0 0.9842592592592593 0.7192708333333333 0.031481481481481485 0.026041666666666668
0 0.8787037037037038 0.7197916666666666 0.037037037037037035 0.025
0 0.8634259259259259 0.68515625 0.06759259259259259 0.04114583333333333
0 0.9078703703703704 0.5825520833333333 0.05092592592592593 0.0296875
0 0.9046296296296297 0.5166666666666666 0.044444444444444446 0.026041666666666668
0 0.8180555555555555 0.5682291666666667 0.03981481481481482 0.022916666666666665
0 0.813425925925926 0.5450520833333333 0.04351851851851852 0.022395833333333334
0 0.8083333333333333 0.46380208333333334 0.05555555555555556 0.027604166666666666
0 0.725925925925926 0.49505208333333334 0.05185185185185186 0.0296875
0 0.6824074074074075 0.5125 0.04259259259259259 0.016666666666666666
0 0.6962962962962963 0.4705729166666667 0.05740740740740741 0.0328125
0 0.7615740740740741 0.5953125 0.03425925925925926 0.026041666666666668
0 0.6393518518518518 0.6479166666666667 0.04537037037037037 0.027083333333333334
0 0.5777777777777778 0.7114583333333333 0.03333333333333333 0.026041666666666668
0 0.4759259259259259 0.7744791666666666 0.02777777777777778 0.01875
0 0.4324074074074074 0.7307291666666667 0.040740740740740744 0.026041666666666668
0 0.3768518518518519 0.7692708333333333 0.03333333333333333 0.021875
0 0.4226851851851852 0.6809895833333334 0.030555555555555558 0.019270833333333334
0 0.47731481481481486 0.6731770833333334 0.021296296296296296 0.0140625
0 0.4898148148148148 0.6578125 0.04259259259259259 0.02395833333333333
0 0.2537037037037037 0.7880208333333333 0.05555555555555556 0.0375
0 0.225 0.6486979166666667 0.03888888888888889 0.021354166666666667
0 0.26712962962962966 0.6450520833333333 0.04166666666666667 0.03177083333333333
0 0.33287037037037037 0.6255208333333333 0.032407407407407406 0.022916666666666665
0 0.4101851851851852 0.5580729166666667 0.02777777777777778 0.0234375
0 0.3791666666666667 0.5770833333333333 0.036111111111111115 0.015625
0 0.3648148148148148 0.5635416666666666 0.0462962962962963 0.019791666666666666
0 0.21203703703703705 0.5078125 0.040740740740740744 0.020833333333333332
0 0.2351851851851852 0.47421874999999997 0.03518518518518519 0.019270833333333334
0 0.2662037037037037 0.46380208333333334 0.03981481481481482 0.021354166666666667
0 0.23333333333333334 0.37864583333333335 0.0462962962962963 0.025
0 0.2611111111111111 0.33151041666666664 0.0462962962962963 0.0265625
0 0.3453703703703704 0.34088541666666666 0.04259259259259259 0.0265625
0 0.3851851851851852 0.40911458333333334 0.044444444444444446 0.028645833333333332
0 0.39675925925925926 0.36614583333333334 0.04722222222222222 0.029166666666666667
0 0.4222222222222222 0.38619791666666664 0.03333333333333333 0.022395833333333334
0 0.4638888888888889 0.4140625 0.04259259259259259 0.027083333333333334
0 0.6125 0.6856770833333333 0.036111111111111115 0.01614583333333333
0 0.725925925925926 0.4010416666666667 0.040740740740740744 0.027083333333333334
0 0.813425925925926 0.36640625 0.036111111111111115 0.024479166666666666
0 0.8606481481481482 0.34140625 0.05462962962962963 0.030729166666666665
0 0.7870370370370371 0.3333333333333333 0.05185185185185186 0.030208333333333334
0 0.7453703703703703 0.3143229166666667 0.040740740740740744 0.022395833333333334
0 0.7180555555555556 0.3151041666666667 0.030555555555555558 0.01875
0 0.8 0.15651041666666665 0.06296296296296297 0.0453125
0 0.7398148148148148 0.125 0.05555555555555556 0.026041666666666668
0 0.9847222222222223 0.014583333333333334 0.030555555555555558 0.027083333333333334
0 0.9791666666666667 0.04505208333333333 0.04166666666666667 0.03697916666666667
0 0.8314814814814815 0.4276041666666667 0.03518518518518519 0.017708333333333333
0 0.8898148148148148 0.03671875 0.05925925925925926 0.043229166666666666
0 0.8342592592592593 0.0359375 0.05555555555555556 0.042708333333333334
0 0.2439814814814815 0.23619791666666667 0.05462962962962963 0.0328125
0 0.27685185185185185 0.23307291666666666 0.02962962962962963 0.0296875
0 0.25925925925925924 0.16822916666666665 0.05 0.03333333333333333
0 0.34444444444444444 0.21302083333333333 0.031481481481481485 0.028125
0 0.3736111111111111 0.21354166666666666 0.03796296296296296 0.030208333333333334
0 0.4138888888888889 0.20963541666666666 0.03888888888888889 0.021354166666666667
0 0.3462962962962963 0.13723958333333333 0.03518518518518519 0.028645833333333332
0 0.3851851851851852 0.13776041666666666 0.031481481481481485 0.028645833333333332
0 0.33287037037037037 0.19583333333333333 0.04351851851851852 0.03125
0 0.3060185185185185 0.09270833333333334 0.05462962962962963 0.04375
0 0.4287037037037037 0.14713541666666666 0.031481481481481485 0.024479166666666666
0 0.712962962962963 0.62421875 0.037037037037037035 0.028645833333333332
0 0.712962962962963 0.62421875 0.037037037037037035 0.028645833333333332
0 0.11990740740740741 0.6018229166666667 0.04166666666666667 0.025520833333333333
0 0.26805555555555555 0.4184895833333333 0.019444444444444445 0.01614583333333333
0 0.0699074074074074 0.7953125 0.04722222222222222 0.030208333333333334
0 0.018518518518518517 0.5528645833333333 0.03333333333333333 0.025520833333333333
0 0.04120370370370371 0.5643229166666667 0.04722222222222222 0.024479166666666666
0 0.11574074074074074 0.7330729166666666 0.04259259259259259 0.0171875
