0 0.27083333333333337 0.9835937499999999 0.058333333333333334 0.03177083333333333
0 0.08101851851851852 0.8963541666666667 0.03981481481481482 0.03125
0 0.0763888888888889 0.8322916666666667 0.03981481481481482 0.021875
0 0.01712962962962963 0.7190104166666667 0.032407407407407406 0.025520833333333333
0 0.12314814814814816 0.7197916666666666 0.037037037037037035 0.025
0 0.13842592592592592 0.68515625 0.06759259259259259 0.04114583333333333
0 0.09398148148148149 0.5825520833333333 0.05092592592592593 0.0296875
0 0.09722222222222222 0.5166666666666666 0.044444444444444446 0.026041666666666668
0 0.1837962962962963 0.5682291666666667 0.03981481481481482 0.022916666666666665
0 0.18842592592592594 0.5450520833333333 0.04351851851851852 0.022395833333333334
0 0.19351851851851853 0.46380208333333334 0.05555555555555556 0.027604166666666666
0 0.27592592592592596 0.49505208333333334 0.05185185185185186 0.0296875
0 0.3194444444444445 0.5125 0.04259259259259259 0.016666666666666666
0 0.3055555555555556 0.4705729166666667 0.05740740740740741 0.0328125
0 0.24027777777777778 0.5953125 0.03425925925925926 0.026041666666666668
0 0.3625 0.6479166666666667 0.04537037037037037 0.027083333333333334
0 0.4240740740740741 0.7114583333333333 0.03333333333333333 0.026041666666666668
0 0.5259259259259259 0.7744791666666666 0.02777777777777778 0.01875
0 0.5694444444444444 0.7307291666666667 0.040740740740740744 0.026041666666666668
0 0.625 0.7692708333333333 0.03333333333333333 0.021875
0 0.5791666666666667 0.6809895833333334 0.030555555555555558 0.019270833333333334
0 0.524537037037037 0.6731770833333334 0.021296296296296296 0.0140625
0 0.5120370370370371 0.6578125 0.04259259259259259 0.02395833333333333
0 0.7481481481481482 0.7880208333333333 0.05555555555555556 0.0375
0 0.7768518518518519 0.6486979166666667 0.03888888888888889 0.021354166666666667
0 0.7347222222222223 0.6450520833333333 0.04166666666666667 0.03177083333333333
0 0.6689814814814815 0.6255208333333333 0.032407407407407406 0.022916666666666665
0 0.5916666666666667 0.5580729166666667 0.02777777777777778 0.0234375
0 0.6226851851851852 0.5770833333333333 0.036111111111111115 0.015625
0 0.6370370370370371 0.5635416666666666 0.0462962962962963 0.019791666666666666
0 0.7898148148148149 0.5078125 0.040740740740740744 0.020833333333333332
0 0.7666666666666667 0.47421874999999997 0.03518518518518519 0.019270833333333334
0 0.7356481481481482 0.46380208333333334 0.03981481481481482 0.021354166666666667
0 0.7685185185185186 0.37864583333333335 0.0462962962962963 0.025
0 0.7407407407407408 0.33151041666666664 0.0462962962962963 0.0265625
0 0.6564814814814816 0.34088541666666666 0.04259259259259259 0.0265625
0 0.6166666666666667 0.40911458333333334 0.044444444444444446 0.028645833333333332
0 0.6050925925925926 0.36614583333333334 0.04722222222222222 0.029166666666666667
0 0.5796296296296296 0.38619791666666664 0.03333333333333333 0.022395833333333334
0 0.537962962962963 0.4140625 0.04259259259259259 0.027083333333333334
0 0.3893518518518519 0.6856770833333333 0.036111111111111115 0.01614583333333333
0 0.27592592592592596 0.4010416666666667 0.040740740740740744 0.027083333333333334
0 0.18842592592592594 0.36640625 0.036111111111111115 0.024479166666666666
0 0.14120370370370372 0.34140625 0.05462962962962963 0.030729166666666665
0 0.21481481481481482 0.3333333333333333 0.05185185185185186 0.030208333333333334
0 0.2564814814814815 0.3143229166666667 0.040740740740740744 0.022395833333333334
0 0.2837962962962963 0.3151041666666667 0.030555555555555558 0.01875
0 0.20185185185185187 0.15651041666666665 0.06296296296296297 0.0453125
0 0.26203703703703707 0.125 0.05555555555555556 0.026041666666666668
0 0.016666666666666666 0.014322916666666666 0.031481481481481485 0.0265625
0 0.022222222222222223 0.04479166666666667 0.04259259259259259 0.036458333333333336
0 0.17037037037037037 0.4276041666666667 0.03518518518518519 0.017708333333333333
0 0.11203703703703705 0.03671875 0.05925925925925926 0.043229166666666666
0 0.1675925925925926 0.0359375 0.05555555555555556 0.042708333333333334
0 0.7578703703703704 0.23619791666666667 0.05462962962962963 0.0328125
0 0.725 0.23307291666666666 0.02962962962962963 0.0296875
0 0.7425925925925926 0.16822916666666665 0.05 0.03333333333333333
0 0.6574074074074074 0.21302083333333333 0.031481481481481485 0.028125
0 0.6282407407407408 0.21354166666666666 0.03796296296296296 0.030208333333333334
0 0.587962962962963 0.20963541666666666 0.03888888888888889 0.021354166666666667
0 0.6555555555555556 0.13723958333333333 0.03518518518518519 0.028645833333333332
0 0.6166666666666667 0.13776041666666666 0.031481481481481485 0.028645833333333332
0 0.6689814814814815 0.19583333333333333 0.04351851851851852 0.03125
0 0.6958333333333334 0.09270833333333334 0.05462962962962963 0.04375
0 0.5731481481481482 0.14713541666666666 0.031481481481481485 0.024479166666666666
0 0.2888888888888889 0.62421875 0.037037037037037035 0.028645833333333332
0 0.2888888888888889 0.62421875 0.037037037037037035 0.028645833333333332
0 0.8819444444444445 0.6018229166666667 0.04166666666666667 0.025520833333333333
0 0.7337962962962963 0.4184895833333333 0.019444444444444445 0.01614583333333333
0 0.9319444444444445 0.7953125 0.04722222222222222 0.030208333333333334
0 0.9833333333333334 0.5528645833333333 0.03333333333333333 0.025520833333333333
0 0.9606481481481481 0.5643229166666667 0.04722222222222222 0.024479166666666666
0 0.8861111111111112 0.7330729166666666 0.04259259259259259 0.0171875
