0 0.7773148148148148 0.9869791666666666 0.062037037037037036 0.026041666666666668
0 0.9685185185185186 0.8984375 0.03888888888888889 0.030208333333333334
0 0.9717592592592593 0.8354166666666667 0.03981481481481482 0.022916666666666665
0 0.9240740740740742 0.72109375 0.03888888888888889 0.024479166666666666
0 0.9189814814814815 0.6877604166666667 0.075 0.04114583333333333
0 0.950462962962963 0.58515625 0.05277777777777778 0.0296875
0 0.9532407407407407 0.5184895833333333 0.04537037037037037 0.025520833333333333
0 0.8601851851851852 0.56953125 0.03888888888888889 0.022395833333333334
0 0.8606481481481482 0.5484375 0.04722222222222222 0.021875
0 0.8518518518518519 0.4653645833333333 0.05555555555555556 0.027604166666666666
0 0.7736111111111111 0.4966145833333333 0.05277777777777778 0.0296875
0 0.7268518518518519 0.5140625 0.044444444444444446 0.016666666666666666
0 0.7416666666666667 0.47239583333333335 0.05925925925925926 0.03229166666666666
0 0.8064814814814815 0.5971354166666667 0.031481481481481485 0.024479166666666666
0 0.6777777777777778 0.6502604166666667 0.0462962962962963 0.0265625
0 0.6175925925925926 0.7138020833333333 0.03518518518518519 0.0265625
0 0.5101851851851852 0.7763020833333333 0.02777777777777778 0.018229166666666668
0 0.46805555555555556 0.7328125 0.04351851851851852 0.026041666666666668
0 0.40972222222222227 0.7713541666666667 0.03425925925925926 0.022916666666666665
0 0.45555555555555555 0.6825520833333333 0.02962962962962963 0.0203125
0 0.5092592592592593 0.6739583333333333 0.020370370370370372 0.016666666666666666
0 0.5287037037037037 0.6598958333333333 0.03888888888888889 0.022916666666666665
0 0.300462962962963 0.78984375 0.05277777777777778 0.03802083333333333
0 0.26157407407407407 0.6890625 0.032407407407407406 0.01875
0 0.2726851851851852 0.65 0.03796296296296296 0.020833333333333332
0 0.31527777777777777 0.6463541666666667 0.04722222222222222 0.030208333333333334
0 0.3768518518518519 0.6276041666666666 0.02592592592592593 0.022916666666666665
0 0.45046296296296295 0.5596354166666666 0.026851851851851852 0.0234375
0 0.4152777777777778 0.5783854166666667 0.03425925925925926 0.015104166666666667
0 0.4064814814814815 0.5653645833333333 0.044444444444444446 0.019270833333333334
0 0.2513888888888889 0.5096354166666667 0.03981481481481482 0.0203125
0 0.2675925925925926 0.47552083333333334 0.03333333333333333 0.020833333333333332
0 0.2939814814814815 0.46510416666666665 0.03425925925925926 0.019791666666666666
0 0.3060185185185185 0.4395833333333333 0.025 0.01875
0 0.27222222222222225 0.3809895833333333 0.044444444444444446 0.024479166666666666
0 0.3037037037037037 0.3341145833333333 0.044444444444444446 0.0265625
0 0.38333333333333336 0.3424479166666667 0.03888888888888889 0.027604166666666666
0 0.4236111111111111 0.41119791666666666 0.04537037037037037 0.028645833333333332
0 0.43703703703703706 0.36822916666666666 0.0462962962962963 0.029166666666666667
0 0.46111111111111114 0.3888020833333333 0.03333333333333333 0.022395833333333334
0 0.5041666666666667 0.4161458333333333 0.03981481481481482 0.026041666666666668
0 0.6486111111111111 0.68828125 0.032407407407407406 0.01614583333333333
0 0.7717592592592593 0.40260416666666665 0.04351851851851852 0.027083333333333334
0 0.8550925925925926 0.3690104166666667 0.028703703703703703 0.018229166666666668
0 0.9037037037037038 0.34296875 0.05555555555555556 0.030729166666666665
0 0.8203703703703704 0.3333333333333333 0.04259259259259259 0.028125
0 0.7842592592592593 0.31666666666666665 0.03333333333333333 0.019791666666666666
0 0.8481481481481482 0.15885416666666666 0.06481481481481481 0.04479166666666667
0 0.7851851851851852 0.12708333333333333 0.05925925925925926 0.026041666666666668
0 0.9393518518518519 0.040625 0.062037037037037036 0.042708333333333334
0 0.8856481481481482 0.03958333333333333 0.058333333333333334 0.042708333333333334
0 0.28750000000000003 0.23880208333333333 0.05277777777777778 0.0328125
0 0.31851851851851853 0.23541666666666666 0.02777777777777778 0.029166666666666667
0 0.3041666666666667 0.17109375 0.049074074074074076 0.0328125
0 0.38842592592592595 0.21614583333333334 0.028703703703703703 0.028125
0 0.41620370370370374 0.21666666666666667 0.03796296296296296 0.029166666666666667
0 0.45555555555555555 0.21197916666666666 0.03888888888888889 0.021875
0 0.3819444444444445 0.14010416666666667 0.032407407407407406 0.03125
0 0.4277777777777778 0.14036458333333332 0.02962962962962963 0.028645833333333332
0 0.37824074074074077 0.1984375 0.04537037037037037 0.030208333333333334
0 0.3541666666666667 0.09609375 0.05277777777777778 0.043229166666666666
0 0.4712962962962963 0.15026041666666667 0.02962962962962963 0.024479166666666666
0 0.8578703703703704 0.41171874999999997 0.028703703703703703 0.018229166666666668
0 0.8648148148148148 0.42864583333333334 0.03888888888888889 0.019791666666666666
0 0.7587962962962963 0.6283854166666667 0.04351851851851852 0.027604166666666666
0 0.1685185185185185 0.6026041666666666 0.03888888888888889 0.02395833333333333
0 0.30648148148148147 0.4200520833333333 0.022222222222222223 0.01614583333333333
0 0.1125 0.796875 0.04722222222222222 0.030208333333333334
0 0.025 0.9059895833333333 0.0462962962962963 0.034895833333333334
0 0.02361111111111111 0.3442708333333333 0.03981481481481482 0.02395833333333333
0 0.05092592592592593 0.5544270833333333 0.044444444444444446 0.025520833333333333
0 0.07777777777777778 0.5677083333333334 0.044444444444444446 0.019791666666666666
0 0.018518518518518517 0.6546875 0.02962962962962963 0.019791666666666666
0 0.038425925925925926 0.6799479166666667 0.030555555555555558 0.01614583333333333
0 0.1574074074074074 0.7354166666666666 0.037037037037037035 0.017708333333333333
