0 0.15694444444444444 0.9877604166666667 0.06759259259259259 0.024479166666666666
0 0.020370370370370372 0.6888020833333334 0.03518518518518519 0.04010416666666666
0 0.08842592592592594 0.465625 0.06018518518518519 0.028125
0 0.1638888888888889 0.4973958333333333 0.053703703703703705 0.030208333333333334
0 0.21342592592592594 0.515625 0.04166666666666667 0.017708333333333333
0 0.19490740740740742 0.47213541666666664 0.06018518518518519 0.03177083333333333
0 0.1337962962962963 0.59765625 0.028703703703703703 0.0171875
0 0.2689814814814815 0.6515625 0.049074074074074076 0.026041666666666668
0 0.32962962962962966 0.7153645833333333 0.03518518518518519 0.027604166666666666
0 0.4425925925925926 0.7783854166666666 0.024074074074074074 0.018229166666666668
0 0.4851851851851852 0.7338541666666667 0.040740740740740744 0.026041666666666668
0 0.5453703703703704 0.771875 0.031481481481481485 0.019791666666666666
0 0.5023148148148149 0.6854166666666667 0.028703703703703703 0.01875
0 0.4537037037037037 0.67578125 0.03518518518518519 0.018229166666666668
0 0.4199074074074074 0.6611979166666666 0.03981481481481482 0.021354166666666667
0 0.6361111111111112 0.79140625 0.05 0.0390625
0 0.6939814814814815 0.6916666666666667 0.032407407407407406 0.021875
0 0.663425925925926 0.65078125 0.036111111111111115 0.021354166666666667
0 0.6222222222222222 0.646875 0.05 0.030208333333333334
0 0.5615740740740741 0.6270833333333333 0.019444444444444445 0.020833333333333332
0 0.500925925925926 0.5611979166666666 0.03518518518518519 0.022395833333333334
0 0.5375 0.5796875 0.036111111111111115 0.0125
0 0.538425925925926 0.565625 0.04351851851851852 0.019791666666666666
0 0.6962962962962963 0.5104166666666666 0.03888888888888889 0.020833333333333332
0 0.6851851851851852 0.47604166666666664 0.02592592592592593 0.016666666666666666
0 0.6652777777777779 0.46588541666666666 0.036111111111111115 0.021354166666666667
0 0.6537037037037037 0.44114583333333335 0.022222222222222223 0.013541666666666667
0 0.6787037037037037 0.3815104166666667 0.0462962962962963 0.024479166666666666
0 0.6421296296296296 0.3338541666666667 0.04351851851851852 0.027083333333333334
0 0.5680555555555555 0.3424479166666667 0.03981481481481482 0.027604166666666666
0 0.5240740740740741 0.4114583333333333 0.0462962962962963 0.029166666666666667
0 0.5101851851851852 0.3690104166666667 0.0462962962962963 0.028645833333333332
0 0.487962962962963 0.38828125 0.03518518518518519 0.022395833333333334
0 0.44537037037037036 0.4153645833333333 0.04259259259259259 0.025520833333333333
0 0.2986111111111111 0.6893229166666667 0.028703703703703703 0.01614583333333333
0 0.16990740740740742 0.40260416666666665 0.04166666666666667 0.025
0 0.09814814814814815 0.3692708333333333 0.031481481481481485 0.017708333333333333
0 0.03888888888888889 0.3419270833333333 0.05740740740740741 0.030729166666666665
0 0.12685185185185185 0.3328125 0.05 0.02395833333333333
0 0.16527777777777777 0.315625 0.032407407407407406 0.019791666666666666
0 0.08842592592592594 0.15703125 0.06574074074074074 0.0453125
0 0.15694444444444444 0.1265625 0.05648148148148149 0.028125
0 0.0125 0.04010416666666666 0.02314814814814815 0.04375
0 0.04722222222222222 0.0390625 0.061111111111111116 0.040625
0 0.6592592592592593 0.23932291666666666 0.05185185185185186 0.0328125
0 0.6296296296296297 0.23619791666666667 0.02592592592592593 0.028645833333333332
0 0.6402777777777778 0.17135416666666667 0.049074074074074076 0.03229166666666666
0 0.5583333333333333 0.21614583333333334 0.031481481481481485 0.027083333333333334
0 0.5296296296296297 0.21640625 0.037037037037037035 0.028645833333333332
0 0.4912037037037037 0.209375 0.03796296296296296 0.026041666666666668
0 0.563425925925926 0.14114583333333333 0.03981481481481482 0.03125
0 0.5180555555555556 0.13958333333333334 0.025 0.027083333333333334
0 0.5657407407407408 0.19791666666666666 0.044444444444444446 0.030208333333333334
0 0.5865740740740741 0.09557291666666666 0.05092592592592593 0.044270833333333336
0 0.08888888888888889 0.4109375 0.031481481481481485 0.01875
0 0.08935185185185185 0.4239583333333333 0.036111111111111115 0.016666666666666666
0 0.18194444444444446 0.6296875 0.04351851851851852 0.027083333333333334
0 0.13703703703703704 0.15833333333333333 0.03518518518518519 0.02395833333333333
0 0.7796296296296297 0.6033854166666667 0.05925925925925926 0.0265625
0 0.65 0.42083333333333334 0.03518518518518519 0.014583333333333334
0 0.8291666666666667 0.7955729166666666 0.04722222222222222 0.033854166666666664
0 0.9180555555555556 0.9075520833333334 0.05092592592592593 0.034895833333333334
0 0.9662037037037038 0.6526041666666667 0.04537037037037037 0.021875
0 0.9333333333333333 0.3442708333333333 0.040740740740740744 0.025
0 0.8953703703703704 0.5552083333333333 0.044444444444444446 0.025
0 0.8712962962962963 0.5684895833333333 0.04259259259259259 0.0203125
0 0.9300925925925926 0.65546875 0.028703703703703703 0.019270833333333334
0 0.9097222222222222 0.6807291666666666 0.030555555555555558 0.015625
0 0.9680555555555556 0.6765625 0.04166666666666667 0.021875
0 0.7851851851851852 0.7364583333333333 0.024074074074074074 0.017708333333333333
