0 0.9597222222222223 0.51015625 0.04722222222222222 0.015104166666666667
0 0.9726851851851852 0.46588541666666666 0.05462962962962963 0.0328125
0 0.8740740740740741 0.65078125 0.05 0.027604166666666666
0 0.8143518518518519 0.7145833333333333 0.03425925925925926 0.029166666666666667
0 0.6842592592592592 0.778125 0.014814814814814815 0.017708333333333333
0 0.638888888888889 0.7322916666666667 0.044444444444444446 0.025
0 0.6162037037037037 0.6841145833333333 0.028703703703703703 0.018229166666666668
0 0.6583333333333333 0.6744791666666666 0.02962962962962963 0.019791666666666666
0 0.7111111111111111 0.6596354166666667 0.04814814814814815 0.0234375
0 0.5291666666666667 0.7916666666666666 0.04537037037037037 0.03958333333333333
0 0.4240740740740741 0.6872395833333333 0.03333333333333333 0.0203125
0 0.49722222222222223 0.6489583333333333 0.03333333333333333 0.021875
0 0.5342592592592593 0.6453125 0.04814814814814815 0.030208333333333334
0 0.6398148148148148 0.559375 0.031481481481481485 0.020833333333333332
0 0.6060185185185185 0.5640625 0.036111111111111115 0.01875
0 0.43472222222222223 0.5067708333333333 0.03796296296296296 0.020833333333333332
0 0.41111111111111115 0.47291666666666665 0.022222222222222223 0.014583333333333334
0 0.4375 0.4627604166666667 0.036111111111111115 0.019270833333333334
0 0.9680555555555556 0.30494791666666665 0.028703703703703703 0.019270833333333334
0 0.45046296296296295 0.43697916666666664 0.017592592592592594 0.015625
0 0.4444444444444445 0.37604166666666666 0.044444444444444446 0.025
0 0.49722222222222223 0.3268229166666667 0.04259259259259259 0.027604166666666666
0 0.4912037037037037 0.36614583333333334 0.028703703703703703 0.017708333333333333
0 0.5620370370370371 0.33567708333333335 0.04259259259259259 0.028645833333333332
0 0.6083333333333334 0.40572916666666664 0.04814814814814815 0.030208333333333334
0 0.6263888888888889 0.3614583333333333 0.049074074074074076 0.029166666666666667
0 0.6467592592592593 0.3815104166666667 0.03796296296296296 0.0234375
0 0.6870370370370371 0.409375 0.0462962962962963 0.029166666666666667
0 0.9791666666666667 0.3953125 0.04166666666666667 0.028125
0 0.46990740740740744 0.5346354166666667 0.036111111111111115 0.021354166666666667
0 0.9333333333333333 0.3072916666666667 0.03518518518518519 0.021875
0 0.4763888888888889 0.23072916666666665 0.05277777777777778 0.034375
0 0.5027777777777778 0.16067708333333333 0.04814814814814815 0.033854166666666664
0 0.5731481481481482 0.20729166666666665 0.03333333333333333 0.026041666666666668
0 0.6125 0.20651041666666667 0.036111111111111115 0.0296875
0 0.6509259259259259 0.19765625 0.04259259259259259 0.028645833333333332
0 0.5662037037037038 0.12838541666666667 0.04166666666666667 0.033854166666666664
0 0.5805555555555556 0.18723958333333332 0.05 0.030729166666666665
0 0.5671296296296297 0.08229166666666667 0.05277777777777778 0.04583333333333333
0 0.9722222222222222 0.6260416666666666 0.03333333333333333 0.028125
0 0.43703703703703706 0.73828125 0.03888888888888889 0.0265625
0 0.3787037037037037 0.6015625 0.03888888888888889 0.03125
0 0.538425925925926 0.54609375 0.03425925925925926 0.015104166666666667
0 0.45092592592592595 0.41640625 0.024074074074074074 0.013020833333333334
0 0.31574074074074077 0.7934895833333333 0.037037037037037035 0.027604166666666666
0 0.23194444444444445 0.9072916666666666 0.049074074074074076 0.0375
0 0.014351851851851852 0.7169270833333333 0.025 0.025520833333333333
0 0.08287037037037037 0.7229166666666667 0.03425925925925926 0.015625
0 0.05324074074074074 0.6575520833333334 0.05462962962962963 0.03177083333333333
0 0.019444444444444445 0.6377604166666666 0.03518518518518519 0.022395833333333334
0 0.08750000000000001 0.61796875 0.05277777777777778 0.028645833333333332
0 0.16805555555555557 0.6505208333333333 0.04166666666666667 0.02395833333333333
0 0.08703703703703704 0.53046875 0.031481481481481485 0.022395833333333334
0 0.018518518518518517 0.5127604166666666 0.03333333333333333 0.01614583333333333
0 0.17083333333333334 0.3421875 0.03981481481481482 0.02395833333333333
0 0.09398148148148149 0.31953125 0.04722222222222222 0.028645833333333332
0 0.09490740740740741 0.2375 0.04537037037037037 0.030208333333333334
0 0.019444444444444445 0.2713541666666667 0.03518518518518519 0.026041666666666668
0 0.2337962962962963 0.5528645833333333 0.04351851851851852 0.025520833333333333
0 0.2523148148148148 0.5661458333333333 0.04351851851851852 0.020833333333333332
0 0.08287037037037037 0.7455729166666667 0.036111111111111115 0.022395833333333334
0 0.19907407407407407 0.653125 0.024074074074074074 0.01875
0 0.2189814814814815 0.6791666666666667 0.02314814814814815 0.016666666666666666
0 0.16712962962962963 0.6747395833333333 0.03796296296296296 0.022395833333333334
