0 0.9837962962962963 0.5135416666666667 0.032407407407407406 0.015625
0 0.9037037037037038 0.6544270833333333 0.05 0.027604166666666666
0 0.8425925925925927 0.7174479166666666 0.037037037037037035 0.030729166666666665
0 0.712037037037037 0.7822916666666666 0.012962962962962964 0.016666666666666666
0 0.6666666666666667 0.7359375 0.0462962962962963 0.025
0 0.6402777777777778 0.68828125 0.028703703703703703 0.019270833333333334
0 0.6800925925925926 0.6763020833333333 0.030555555555555558 0.0203125
0 0.7398148148148148 0.6622395833333333 0.04814814814814815 0.025520833333333333
0 0.5685185185185185 0.7950520833333333 0.044444444444444446 0.0390625
0 0.5351851851851852 0.6518229166666667 0.03333333333333333 0.021354166666666667
0 0.5717592592592593 0.6481770833333333 0.04722222222222222 0.030729166666666665
0 0.674537037037037 0.5606770833333333 0.030555555555555558 0.018229166666666668
0 0.638888888888889 0.5674479166666666 0.037037037037037035 0.018229166666666668
0 0.46435185185185185 0.5111979166666667 0.03796296296296296 0.021354166666666667
0 0.46064814814814814 0.4671875 0.04351851851851852 0.020833333333333332
0 0.47361111111111115 0.44166666666666665 0.017592592592592594 0.015625
0 0.47314814814814815 0.3815104166666667 0.04259259259259259 0.024479166666666666
0 0.5291666666666667 0.33359375 0.04351851851851852 0.027604166666666666
0 0.5199074074074074 0.37109375 0.032407407407407406 0.0171875
0 0.5907407407407408 0.3419270833333333 0.044444444444444446 0.027604166666666666
0 0.6375000000000001 0.4106770833333333 0.049074074074074076 0.0296875
0 0.6546296296296297 0.3677083333333333 0.05 0.029166666666666667
0 0.675 0.38645833333333335 0.03888888888888889 0.022916666666666665
0 0.7152777777777778 0.41432291666666665 0.04537037037037037 0.028645833333333332
0 0.9888888888888889 0.3111979166666667 0.022222222222222223 0.019270833333333334
0 0.9587962962962964 0.3130208333333333 0.036111111111111115 0.020833333333333332
0 0.5078703703703704 0.23854166666666665 0.05092592592592593 0.03333333333333333
0 0.5356481481481482 0.16979166666666667 0.04722222222222222 0.03333333333333333
0 0.6018518518518519 0.21510416666666665 0.03333333333333333 0.026041666666666668
0 0.6425925925925926 0.21484375 0.03518518518518519 0.028645833333333332
0 0.6819444444444445 0.20625 0.03981481481481482 0.028125
0 0.5962962962962963 0.13854166666666667 0.040740740740740744 0.03333333333333333
0 0.612037037037037 0.19557291666666665 0.04814814814814815 0.0296875
0 0.600925925925926 0.09348958333333333 0.05185185185185186 0.0453125
0 0.46620370370370373 0.74140625 0.032407407407407406 0.027604166666666666
0 0.41481481481481486 0.6049479166666667 0.03333333333333333 0.027604166666666666
0 0.5291666666666667 0.5299479166666666 0.017592592592592594 0.018229166666666668
0 0.5666666666666667 0.5505208333333333 0.031481481481481485 0.014583333333333334
0 0.4777777777777778 0.421875 0.024074074074074074 0.0125
0 0.3509259259259259 0.7966145833333333 0.03518518518518519 0.027604166666666666
0 0.2675925925925926 0.9111979166666666 0.04814814814814815 0.03802083333333333
0 0.037037037037037035 0.7236979166666666 0.04814814814814815 0.0296875
0 0.11111111111111112 0.7263020833333333 0.05 0.0171875
0 0.08888888888888889 0.6606770833333333 0.053703703703703705 0.03177083333333333
0 0.046759259259259264 0.6419270833333334 0.04722222222222222 0.0203125
0 0.12222222222222223 0.6213541666666667 0.05 0.028125
0 0.19768518518518519 0.65234375 0.04537037037037037 0.021354166666666667
0 0.016666666666666666 0.5669270833333333 0.02962962962962963 0.0265625
0 0.020833333333333336 0.5372395833333333 0.03796296296296296 0.0234375
0 0.11805555555555557 0.5341145833333333 0.030555555555555558 0.022395833333333334
0 0.051388888888888894 0.5169270833333334 0.03796296296296296 0.01614583333333333
0 0.013425925925925926 0.48463541666666665 0.02314814814814815 0.0203125
0 0.021296296296296296 0.44947916666666665 0.03888888888888889 0.027083333333333334
0 0.20046296296296298 0.34791666666666665 0.036111111111111115 0.022916666666666665
0 0.12962962962962962 0.3265625 0.0462962962962963 0.027083333333333334
0 0.13194444444444445 0.24505208333333334 0.04351851851851852 0.0296875
0 0.051388888888888894 0.27734375 0.04351851851851852 0.0265625
0 0.2652777777777778 0.5559895833333334 0.04351851851851852 0.024479166666666666
0 0.2833333333333333 0.5692708333333333 0.04259259259259259 0.020833333333333332
0 0.11574074074074074 0.7484375 0.031481481481481485 0.021875
0 0.23055555555555557 0.65625 0.022222222222222223 0.01875
0 0.2513888888888889 0.6828125 0.021296296296296296 0.015625
0 0.20046296296296298 0.6783854166666666 0.03796296296296296 0.024479166666666666
