0 0.9226851851851853 0.6565104166666667 0.049074074074074076 0.027604166666666666
0 0.862962962962963 0.71953125 0.037037037037037035 0.030729166666666665
0 0.6861111111111111 0.7380208333333333 0.0462962962962963 0.02395833333333333
0 0.6583333333333333 0.6895833333333333 0.02962962962962963 0.01875
0 0.6981481481481482 0.6776041666666667 0.02962962962962963 0.020833333333333332
0 0.7597222222222223 0.6640625 0.049074074074074076 0.026041666666666668
0 0.5953703703703704 0.7966145833333333 0.044444444444444446 0.0390625
0 0.5615740740740741 0.65390625 0.032407407407407406 0.021354166666666667
0 0.5967592592592593 0.6502604166666667 0.04722222222222222 0.030729166666666665
0 0.6898148148148149 0.5635416666666666 0.02962962962962963 0.020833333333333332
0 0.6606481481481482 0.56953125 0.032407407407407406 0.018229166666666668
0 0.4865740740740741 0.5130208333333334 0.03796296296296296 0.020833333333333332
0 0.47500000000000003 0.4692708333333333 0.03518518518518519 0.019791666666666666
0 0.4902777777777778 0.44375 0.017592592592592594 0.015625
0 0.4930555555555556 0.3846354166666667 0.04351851851851852 0.024479166666666666
0 0.5513888888888889 0.33671875 0.04351851851851852 0.027604166666666666
0 0.5388888888888889 0.37421875 0.03333333333333333 0.0171875
0 0.6097222222222223 0.3450520833333333 0.04351851851851852 0.027604166666666666
0 0.6574074074074074 0.41328125 0.04814814814814815 0.0296875
0 0.675 0.37057291666666664 0.05 0.028645833333333332
0 0.6953703703703704 0.38958333333333334 0.037037037037037035 0.022916666666666665
0 0.7361111111111112 0.41744791666666664 0.040740740740740744 0.0296875
0 0.9703703703703704 0.31796875 0.03518518518518519 0.0203125
0 0.5296296296296297 0.24296874999999998 0.05185185185185186 0.033854166666666664
0 0.5583333333333333 0.17526041666666667 0.04814814814814815 0.0328125
0 0.6236111111111111 0.21953124999999998 0.03425925925925926 0.025520833333333333
0 0.6638888888888889 0.21953124999999998 0.03518518518518519 0.028645833333333332
0 0.7023148148148148 0.21119791666666665 0.03981481481481482 0.027604166666666666
0 0.6171296296296297 0.14427083333333332 0.03981481481481482 0.03333333333333333
0 0.6351851851851852 0.20026041666666666 0.04814814814814815 0.0296875
0 0.6245370370370371 0.09973958333333333 0.05092592592592593 0.044270833333333336
0 0.48888888888888893 0.74375 0.03518518518518519 0.028125
0 0.44027777777777777 0.60625 0.03425925925925926 0.026041666666666668
0 0.549074074074074 0.5330729166666667 0.020370370370370372 0.0171875
0 0.5865740740740741 0.5528645833333333 0.030555555555555558 0.0140625
0 0.49722222222222223 0.425 0.024074074074074074 0.013541666666666667
0 0.3740740740740741 0.7989583333333333 0.03333333333333333 0.027083333333333334
0 0.29212962962962963 0.9135416666666667 0.04722222222222222 0.0375
0 0.06342592592592593 0.7260416666666667 0.049074074074074076 0.029166666666666667
0 0.13564814814814816 0.7278645833333334 0.04537037037037037 0.0171875
0 0.11342592592592593 0.6627604166666666 0.05092592592592593 0.03177083333333333
0 0.0712962962962963 0.64375 0.044444444444444446 0.020833333333333332
0 0.14537037037037037 0.6234375 0.04814814814814815 0.028125
0 0.2212962962962963 0.6536458333333334 0.044444444444444446 0.020833333333333332
0 0.02638888888888889 0.5682291666666667 0.04537037037037037 0.02395833333333333
0 0.03888888888888889 0.5395833333333333 0.04814814814814815 0.022916666666666665
0 0.1398148148148148 0.53671875 0.02962962962962963 0.022395833333333334
0 0.0763888888888889 0.5190104166666667 0.03981481481481482 0.01614583333333333
0 0.031481481481481485 0.48671875 0.03518518518518519 0.0203125
0 0.04259259259259259 0.4515625 0.05 0.026041666666666668
0 0.2162037037037037 0.35130208333333335 0.03796296296296296 0.022395833333333334
0 0.15416666666666667 0.3296875 0.04722222222222222 0.027083333333333334
0 0.15601851851851853 0.24921875 0.04351851851851852 0.0296875
0 0.07592592592592592 0.28098958333333335 0.04259259259259259 0.025520833333333333
0 0.012037037037037037 0.25078125 0.020370370370370372 0.022395833333333334
0 0.2865740740740741 0.55859375 0.04351851851851852 0.024479166666666666
0 0.3041666666666667 0.5713541666666666 0.04166666666666667 0.020833333333333332
0 0.1388888888888889 0.75078125 0.031481481481481485 0.0234375
0 0.2513888888888889 0.6583333333333333 0.021296296296296296 0.01875
0 0.26990740740740743 0.684375 0.02314814814814815 0.015625
0 0.22175925925925927 0.68046875 0.03425925925925926 0.024479166666666666
