0 0.049074074074074076 0.7252604166666666 0.037037037037037035 0.0296875
0 0.22870370370370371 0.6815104166666667 0.040740740740740744 0.0234375
0 0.1615740740740741 0.66796875 0.049074074074074076 0.027604166666666666
0 0.3055555555555556 0.8018229166666666 0.04259259259259259 0.03802083333333333
0 0.3416666666666667 0.6578125 0.031481481481481485 0.021875
0 0.3078703703703704 0.65390625 0.04351851851851852 0.030729166666666665
0 0.275 0.6388020833333333 0.031481481481481485 0.018229166666666668
0 0.2518518518518519 0.5739583333333333 0.02777777777777778 0.016666666666666666
0 0.4356481481481482 0.515625 0.03981481481481482 0.020833333333333332
0 0.4916666666666667 0.4830729166666667 0.031481481481481485 0.015104166666666667
0 0.46435185185185185 0.4705729166666667 0.03425925925925926 0.019270833333333334
0 0.4532407407407408 0.44635416666666666 0.02314814814814815 0.015625
0 0.43333333333333335 0.38645833333333335 0.044444444444444446 0.02395833333333333
0 0.3648148148148148 0.33828125 0.044444444444444446 0.027604166666666666
0 0.38472222222222224 0.37604166666666666 0.03796296296296296 0.017708333333333333
0 0.31157407407407406 0.3463541666666667 0.04351851851851852 0.028125
0 0.26296296296296295 0.41562499999999997 0.05185185185185186 0.030208333333333334
0 0.24305555555555555 0.3729166666666667 0.05277777777777778 0.028125
0 0.22361111111111112 0.39140625 0.03796296296296296 0.022395833333333334
0 0.18564814814814815 0.4192708333333333 0.06018518518518519 0.029166666666666667
0 0.38796296296296295 0.24453125 0.05185185185185186 0.033854166666666664
0 0.3541666666666667 0.17708333333333334 0.04722222222222222 0.03333333333333333
0 0.29444444444444445 0.22083333333333333 0.037037037037037035 0.026041666666666668
0 0.2550925925925926 0.22109375 0.04351851851851852 0.027604166666666666
0 0.2125 0.21223958333333334 0.03981481481481482 0.027604166666666666
0 0.30092592592592593 0.146875 0.040740740740740744 0.030208333333333334
0 0.27731481481481485 0.20234375 0.04722222222222222 0.0296875
0 0.2828703703703704 0.10104166666666667 0.05648148148148149 0.04375
0 0.2152777777777778 0.14921875 0.028703703703703703 0.027604166666666666
0 0.34074074074074073 0.015364583333333333 0.06296296296296297 0.028645833333333332
0 0.4277777777777778 0.7463541666666667 0.04259259259259259 0.030208333333333334
0 0.4652777777777778 0.6088541666666667 0.03796296296296296 0.025
0 0.32685185185185184 0.5716145833333334 0.02962962962962963 0.0171875
0 0.4166666666666667 0.5380208333333333 0.031481481481481485 0.016666666666666666
0 0.38333333333333336 0.53359375 0.03518518518518519 0.015104166666666667
0 0.5458333333333334 0.8036458333333333 0.04166666666666667 0.021875
0 0.6199074074074075 0.9177083333333333 0.04537037037037037 0.03854166666666667
0 0.938425925925926 0.8729166666666667 0.04537037037037037 0.040625
0 0.9851851851851853 0.8807291666666667 0.02962962962962963 0.026041666666666668
0 0.85 0.7270833333333333 0.0462962962962963 0.028125
0 0.7768518518518519 0.7294270833333333 0.0462962962962963 0.01614583333333333
0 0.8 0.6635416666666667 0.04814814814814815 0.03333333333333333
0 0.8495370370370371 0.6442708333333333 0.04351851851851852 0.01875
0 0.7703703703703704 0.6247395833333333 0.04814814814814815 0.028645833333333332
0 0.7027777777777778 0.6528645833333333 0.031481481481481485 0.018229166666666668
0 0.8953703703703704 0.5690104166666666 0.04259259259259259 0.024479166666666666
0 0.8819444444444445 0.5401041666666666 0.04722222222222222 0.022916666666666665
0 0.787962962962963 0.5380208333333333 0.02592592592592593 0.020833333333333332
0 0.8435185185185186 0.5197916666666667 0.040740740740740744 0.016666666666666666
0 0.887962962962963 0.4875 0.03888888888888889 0.021875
0 0.8708333333333333 0.4536458333333333 0.04166666666666667 0.02395833333333333
0 0.9861111111111112 0.4484375 0.02777777777777778 0.030208333333333334
0 0.7189814814814816 0.353125 0.03981481481481482 0.021875
0 0.7643518518518518 0.33098958333333334 0.04351851851851852 0.027604166666666666
0 0.7625000000000001 0.25 0.04166666666666667 0.029166666666666667
0 0.8462962962962963 0.2828125 0.040740740740740744 0.025
0 0.9263888888888889 0.25104166666666666 0.04166666666666667 0.02395833333333333
0 0.9615740740740741 0.2700520833333333 0.04537037037037037 0.028645833333333332
0 0.6365740740740741 0.5598958333333334 0.04166666666666667 0.02395833333333333
0 0.6217592592592592 0.5731770833333333 0.03981481481481482 0.0203125
0 0.7805555555555556 0.7510416666666666 0.02962962962962963 0.026041666666666668
0 0.6731481481481482 0.6591145833333333 0.020370370370370372 0.0171875
0 0.6611111111111111 0.6856770833333333 0.031481481481481485 0.018229166666666668
0 0.6990740740740741 0.67734375 0.03518518518518519 0.0234375
