0 0.15694444444444444 0.6815104166666667 0.04166666666666667 0.025520833333333333
0 0.07314814814814816 0.6677083333333333 0.053703703703703705 0.029166666666666667
0 0.19953703703703704 0.8039062499999999 0.04166666666666667 0.03697916666666667
0 0.23703703703703705 0.6583333333333333 0.031481481481481485 0.021875
0 0.20416666666666666 0.6546875 0.04166666666666667 0.03125
0 0.17175925925925928 0.6393229166666666 0.03796296296296296 0.018229166666666668
0 0.1537037037037037 0.5736979166666667 0.02592592592592593 0.015104166666666667
0 0.3527777777777778 0.51328125 0.040740740740740744 0.021354166666666667
0 0.42824074074074076 0.47890625 0.032407407407407406 0.018229166666666668
0 0.40092592592592596 0.46848958333333335 0.04259259259259259 0.021354166666666667
0 0.3912037037037037 0.4432291666666667 0.030555555555555558 0.016666666666666666
0 0.3541666666666667 0.38255208333333335 0.04722222222222222 0.024479166666666666
0 0.27361111111111114 0.33307291666666666 0.04722222222222222 0.028645833333333332
0 0.30694444444444446 0.371875 0.03796296296296296 0.017708333333333333
0 0.2263888888888889 0.34140625 0.04537037037037037 0.027604166666666666
0 0.17453703703703705 0.41119791666666666 0.05277777777777778 0.030729166666666665
0 0.1527777777777778 0.3677083333333333 0.05555555555555556 0.029166666666666667
0 0.1337962962962963 0.3872395833333333 0.03981481481481482 0.022395833333333334
0 0.11481481481481481 0.13723958333333333 0.02777777777777778 0.0265625
0 0.09814814814814815 0.4161458333333333 0.05555555555555556 0.030208333333333334
0 0.300462962962963 0.23645833333333333 0.05277777777777778 0.034375
0 0.25833333333333336 0.16770833333333332 0.05 0.034375
0 0.20231481481481484 0.2125 0.03981481481481482 0.028125
0 0.16018518518518518 0.2125 0.0462962962962963 0.029166666666666667
0 0.11527777777777778 0.203125 0.04166666666666667 0.029166666666666667
0 0.20833333333333334 0.13723958333333333 0.03888888888888889 0.030729166666666665
0 0.17777777777777778 0.19322916666666667 0.05 0.03229166666666666
0 0.17824074074074076 0.08880208333333334 0.058333333333333334 0.0453125
0 0.11435185185185186 0.13828125 0.028703703703703703 0.028645833333333332
0 0.17824074074074076 0.13984375 0.02314814814814815 0.028645833333333332
0 0.24166666666666667 0.01015625 0.05925925925925926 0.018229166666666668
0 0.34490740740740744 0.74609375 0.04166666666666667 0.030729166666666665
0 0.3675925925925926 0.6078125 0.040740740740740744 0.025
0 0.23194444444444445 0.5661458333333333 0.021296296296296296 0.021875
0 0.33842592592592596 0.5372395833333333 0.03796296296296296 0.018229166666666668
0 0.3078703703703704 0.5322916666666666 0.03425925925925926 0.013541666666666667
0 0.38287037037037036 0.42109375 0.02314814814814815 0.018229166666666668
0 0.3597222222222222 0.4 0.036111111111111115 0.013541666666666667
0 0.4550925925925926 0.8065104166666667 0.04166666666666667 0.0171875
0 0.5268518518518519 0.91640625 0.044444444444444446 0.04114583333333333
0 0.8537037037037037 0.8716145833333333 0.04814814814814815 0.0390625
0 0.9064814814814816 0.8856770833333333 0.05 0.03802083333333333
0 0.7712962962962964 0.7260416666666667 0.05 0.03125
0 0.6986111111111112 0.728125 0.036111111111111115 0.020833333333333332
0 0.7148148148148148 0.6622395833333333 0.0462962962962963 0.0328125
0 0.7694444444444445 0.6419270833333334 0.03333333333333333 0.021354166666666667
0 0.6893518518518519 0.6223958333333334 0.049074074074074076 0.028125
0 0.6208333333333333 0.6518229166666667 0.030555555555555558 0.01614583333333333
0 0.8245370370370371 0.5661458333333333 0.036111111111111115 0.02395833333333333
0 0.8041666666666667 0.5369791666666667 0.04537037037037037 0.02395833333333333
0 0.7486111111111111 0.5591145833333333 0.021296296296296296 0.01614583333333333
0 0.7166666666666667 0.53359375 0.02592592592592593 0.018229166666666668
0 0.7652777777777778 0.5158854166666667 0.04166666666666667 0.018229166666666668
0 0.9300925925925926 0.5041666666666667 0.04166666666666667 0.025
0 0.8106481481481482 0.4848958333333333 0.03796296296296296 0.020833333333333332
0 0.7671296296296296 0.4674479166666667 0.028703703703703703 0.0234375
0 0.7856481481481482 0.4505208333333333 0.04351851851851852 0.02395833333333333
0 0.8106481481481482 0.45208333333333334 0.032407407407407406 0.025
0 0.9162037037037037 0.44557291666666665 0.05648148148148149 0.030729166666666665
0 0.6592592592592593 0.34713541666666664 0.03888888888888889 0.0234375
0 0.6837962962962963 0.3263020833333333 0.04351851851851852 0.027604166666666666
0 0.6837962962962963 0.24375 0.04166666666666667 0.030208333333333334
0 0.7722222222222223 0.27708333333333335 0.040740740740740744 0.026041666666666668
0 0.8532407407407407 0.24505208333333334 0.03981481481481482 0.024479166666666666
0 0.8902777777777778 0.2640625 0.04722222222222222 0.029166666666666667
0 0.5597222222222222 0.5575520833333333 0.04166666666666667 0.0234375
0 0.5481481481481482 0.5713541666666666 0.03888888888888889 0.019791666666666666
0 0.3337962962962963 0.228125 0.03981481481481482 0.028125
0 0.6976851851851852 0.7486979166666666 0.030555555555555558 0.027604166666666666
0 0.6064814814814815 0.67734375 0.03888888888888889 0.01614583333333333
0 0.6226851851851852 0.6794270833333333 0.032407407407407406 0.025520833333333333
