0 0.3689814814814815 0.6895833333333333 0.026851851851851852 0.014583333333333334
0 0.12824074074074074 0.6791666666666667 0.03981481481481482 0.026041666666666668
0 0.04120370370370371 0.6643229166666667 0.05648148148148149 0.03177083333333333
0 0.15694444444444444 0.80234375 0.04166666666666667 0.0359375
0 0.19814814814814816 0.6565104166666667 0.031481481481481485 0.021354166666666667
0 0.16435185185185186 0.6520833333333333 0.04166666666666667 0.03229166666666666
0 0.13472222222222222 0.6377604166666666 0.036111111111111115 0.01614583333333333
0 0.11805555555555557 0.5716145833333334 0.02314814814814815 0.0140625
0 0.32175925925925924 0.51171875 0.04166666666666667 0.021354166666666667
0 0.3791666666666667 0.4666666666666667 0.03981481481481482 0.021875
0 0.36574074074074076 0.44114583333333335 0.02777777777777778 0.016666666666666666
0 0.32592592592592595 0.38046875 0.0462962962962963 0.024479166666666666
0 0.24166666666666667 0.33046875 0.04814814814814815 0.028645833333333332
0 0.2791666666666667 0.3692708333333333 0.03796296296296296 0.017708333333333333
0 0.19768518518518519 0.3385416666666667 0.04537037037037037 0.028125
0 0.1439814814814815 0.40859375 0.05462962962962963 0.030729166666666665
0 0.12175925925925926 0.3651041666666667 0.05648148148148149 0.029166666666666667
0 0.10231481481481482 0.3841145833333333 0.03981481481481482 0.022395833333333334
0 0.06666666666666667 0.41354166666666664 0.061111111111111116 0.03125
0 0.27037037037037037 0.23411458333333332 0.053703703703703705 0.033854166666666664
0 0.22824074074074074 0.16458333333333333 0.05092592592592593 0.034375
0 0.1726851851851852 0.20859375 0.04166666666666667 0.0296875
0 0.12916666666666668 0.20885416666666667 0.049074074074074076 0.030208333333333334
0 0.08425925925925926 0.19973958333333333 0.04259259259259259 0.0296875
0 0.17777777777777778 0.13411458333333334 0.03518518518518519 0.03177083333333333
0 0.14537037037037037 0.18932291666666667 0.05185185185185186 0.0328125
0 0.14537037037037037 0.08515625 0.05925925925925926 0.04635416666666667
0 0.08148148148148149 0.13463541666666667 0.02777777777777778 0.027604166666666666
0 0.14722222222222223 0.13645833333333332 0.02592592592592593 0.03229166666666666
0 0.2152777777777778 0.009114583333333334 0.05277777777777778 0.01614583333333333
0 0.31666666666666665 0.74609375 0.05 0.028645833333333332
0 0.32962962962962966 0.60703125 0.04259259259259259 0.025520833333333333
0 0.19861111111111113 0.5640625 0.025 0.020833333333333332
0 0.3092592592592593 0.5356770833333333 0.037037037037037035 0.018229166666666668
0 0.27870370370370373 0.5307291666666667 0.02962962962962963 0.0125
0 0.22685185185185186 0.5533854166666666 0.022222222222222223 0.018229166666666668
0 0.3560185185185185 0.41901041666666666 0.025 0.0171875
0 0.33425925925925926 0.39869791666666665 0.037037037037037035 0.0140625
0 0.42083333333333334 0.80546875 0.04166666666666667 0.0171875
0 0.48888888888888893 0.9169270833333333 0.044444444444444446 0.0390625
0 0.8157407407407408 0.8716145833333333 0.04814814814814815 0.03802083333333333
0 0.8689814814814815 0.8864583333333333 0.049074074074074076 0.03854166666666667
0 0.7342592592592593 0.7263020833333333 0.05 0.0328125
0 0.6625 0.7270833333333333 0.03425925925925926 0.021875
0 0.6810185185185186 0.6619791666666667 0.04537037037037037 0.03229166666666666
0 0.7337962962962963 0.6411458333333333 0.036111111111111115 0.020833333333333332
0 0.6569444444444444 0.6221354166666666 0.04722222222222222 0.028645833333333332
0 0.5930555555555556 0.65 0.03425925925925926 0.017708333333333333
0 0.9851851851851853 0.6716145833333333 0.02962962962962963 0.0234375
0 0.9893518518518519 0.6276041666666666 0.021296296296296296 0.014583333333333334
0 0.7939814814814815 0.5658854166666667 0.036111111111111115 0.024479166666666666
0 0.7740740740740741 0.5364583333333334 0.044444444444444446 0.02395833333333333
0 0.7180555555555556 0.559375 0.02314814814814815 0.017708333333333333
0 0.688425925925926 0.5338541666666666 0.025 0.01875
0 0.7337962962962963 0.5145833333333333 0.04166666666666667 0.019791666666666666
0 0.8981481481481481 0.5049479166666666 0.03888888888888889 0.024479166666666666
0 0.7805555555555556 0.48515625 0.03888888888888889 0.0203125
0 0.7356481481481482 0.46770833333333334 0.030555555555555558 0.022916666666666665
0 0.7564814814814815 0.45026041666666666 0.04259259259259259 0.024479166666666666
0 0.7800925925925927 0.4513020833333333 0.030555555555555558 0.0234375
0 0.8824074074074074 0.44557291666666665 0.05555555555555556 0.030729166666666665
0 0.6370370370370371 0.3481770833333333 0.037037037037037035 0.0234375
0 0.6532407407407408 0.32578125 0.04166666666666667 0.027604166666666666
0 0.6550925925925927 0.24244791666666665 0.04166666666666667 0.0296875
0 0.7444444444444445 0.2765625 0.040740740740740744 0.026041666666666668
0 0.825925925925926 0.24557291666666667 0.037037037037037035 0.024479166666666666
0 0.8643518518518519 0.2640625 0.04537037037037037 0.029166666666666667
0 0.5296296296296297 0.5565104166666667 0.040740740740740744 0.022395833333333334
0 0.5189814814814815 0.5705729166666667 0.03796296296296296 0.0203125
0 0.3111111111111111 0.22473958333333333 0.04814814814814815 0.0234375
0 0.6615740740740741 0.7479166666666667 0.028703703703703703 0.027083333333333334
0 0.5722222222222223 0.6765625 0.04259259259259259 0.01875
