0 0.8902777777777778 0.6809895833333334 0.030555555555555558 0.025520833333333333
0 0.9768518518518519 0.6692708333333334 0.0462962962962963 0.026041666666666668
0 0.8675925925925926 0.8039062499999999 0.04259259259259259 0.0359375
0 0.6490740740740741 0.6908854166666667 0.031481481481481485 0.013020833333333334
0 0.8273148148148148 0.6575520833333334 0.032407407407407406 0.021354166666666667
0 0.8592592592592593 0.6536458333333334 0.040740740740740744 0.03229166666666666
0 0.888888888888889 0.6395833333333333 0.03518518518518519 0.016666666666666666
0 0.9046296296296297 0.5729166666666666 0.022222222222222223 0.013541666666666667
0 0.6976851851851852 0.5127604166666666 0.04166666666666667 0.021354166666666667
0 0.6370370370370371 0.46770833333333334 0.03888888888888889 0.020833333333333332
0 0.6476851851851853 0.4419270833333333 0.032407407407407406 0.01614583333333333
0 0.6935185185185185 0.38125 0.0462962962962963 0.02395833333333333
0 0.7805555555555556 0.33125 0.04814814814814815 0.028125
0 0.7398148148148148 0.37057291666666664 0.03888888888888889 0.0171875
0 0.8240740740740741 0.33932291666666664 0.0462962962962963 0.027604166666666666
0 0.8763888888888889 0.40989583333333335 0.05462962962962963 0.03125
0 0.8986111111111111 0.3658854166666667 0.05648148148148149 0.0296875
0 0.9175925925925926 0.3846354166666667 0.040740740740740744 0.022395833333333334
0 0.9541666666666667 0.41484375 0.06018518518518519 0.030729166666666665
0 0.750462962962963 0.23515624999999998 0.05277777777777778 0.033854166666666664
0 0.7944444444444445 0.16536458333333334 0.05185185185185186 0.034895833333333334
0 0.8486111111111111 0.20963541666666666 0.04166666666666667 0.0296875
0 0.8912037037037037 0.21015625 0.049074074074074076 0.0296875
0 0.9361111111111111 0.20078125 0.04259259259259259 0.0296875
0 0.8425925925925927 0.13541666666666666 0.03333333333333333 0.03125
0 0.8768518518518519 0.19010416666666666 0.05185185185185186 0.03229166666666666
0 0.8782407407407408 0.08697916666666666 0.06018518518518519 0.04583333333333333
0 0.9398148148148149 0.1359375 0.02962962962962963 0.028125
0 0.8745370370370371 0.13697916666666665 0.028703703703703703 0.03229166666666666
0 0.8069444444444445 0.01015625 0.049074074074074076 0.018229166666666668
0 0.7037037037037037 0.7471354166666666 0.05 0.027604166666666666
0 0.6939814814814815 0.6080729166666666 0.04351851851851852 0.025520833333333333
0 0.8138888888888889 0.5651041666666666 0.0462962962962963 0.020833333333333332
0 0.7106481481481481 0.5364583333333334 0.03425925925925926 0.017708333333333333
0 0.7412037037037037 0.5315104166666667 0.028703703703703703 0.013020833333333334
0 0.7967592592592593 0.5541666666666667 0.026851851851851852 0.017708333333333333
0 0.6611111111111111 0.4197916666666667 0.02592592592592593 0.016666666666666666
0 0.6828703703703703 0.3997395833333333 0.03981481481481482 0.015104166666666667
0 0.6 0.80703125 0.040740740740740744 0.018229166666666668
0 0.5328703703703704 0.91875 0.04351851851851852 0.03958333333333333
0 0.20601851851851852 0.8721354166666666 0.04722222222222222 0.03697916666666667
0 0.15231481481481482 0.8875 0.05092592592592593 0.03958333333333333
0 0.28750000000000003 0.7268229166666667 0.05092592592592593 0.033854166666666664
0 0.3592592592592593 0.7276041666666666 0.037037037037037035 0.021875
0 0.34074074074074073 0.6625 0.044444444444444446 0.03229166666666666
0 0.2884259259259259 0.6419270833333334 0.036111111111111115 0.021354166666666667
0 0.36342592592592593 0.6223958333333334 0.04537037037037037 0.028125
0 0.4291666666666667 0.6515625 0.032407407407407406 0.017708333333333333
0 0.01898148148148148 0.6994791666666667 0.03425925925925926 0.027083333333333334
0 0.030555555555555558 0.6716145833333333 0.03888888888888889 0.0234375
0 0.02962962962962963 0.6283854166666667 0.02592592592592593 0.015104166666666667
0 0.2263888888888889 0.5669270833333333 0.036111111111111115 0.024479166666666666
0 0.24583333333333335 0.5377604166666666 0.04351851851851852 0.0234375
0 0.30092592592592593 0.5596354166666666 0.024074074074074074 0.0171875
0 0.3300925925925926 0.534375 0.025 0.01875
0 0.28564814814814815 0.5153645833333333 0.03981481481481482 0.0203125
0 0.12175925925925926 0.50546875 0.03981481481481482 0.024479166666666666
0 0.24027777777777778 0.4856770833333333 0.03981481481481482 0.021354166666666667
0 0.2847222222222222 0.46875 0.030555555555555558 0.022916666666666665
0 0.2652777777777778 0.4510416666666667 0.04166666666666667 0.02395833333333333
0 0.24212962962962964 0.45260416666666664 0.030555555555555558 0.02395833333333333
0 0.14120370370370372 0.44609375 0.05462962962962963 0.030729166666666665
0 0.3800925925925926 0.3489583333333333 0.03796296296296296 0.020833333333333332
0 0.36712962962962964 0.32734375 0.04351851851851852 0.027604166666666666
0 0.3662037037037037 0.24401041666666667 0.04166666666666667 0.0296875
0 0.2763888888888889 0.2778645833333333 0.04166666666666667 0.0265625
0 0.19305555555555556 0.2453125 0.03981481481481482 0.02395833333333333
0 0.1564814814814815 0.265625 0.0462962962962963 0.029166666666666667
0 0.4898148148148148 0.5572916666666666 0.040740740740740744 0.022916666666666665
0 0.49953703703703706 0.57109375 0.03796296296296296 0.0203125
0 0.7106481481481481 0.22604166666666667 0.04722222222222222 0.02395833333333333
0 0.35879629629629634 0.74921875 0.032407407407407406 0.027604166666666666
0 0.44722222222222224 0.67734375 0.04259259259259259 0.021354166666666667
