0 0.0763888888888889 0.8057291666666666 0.03981481481481482 0.035416666666666666
0 0.3143518518518519 0.6921875 0.036111111111111115 0.013541666666666667
0 0.12685185185185185 0.65859375 0.04259259259259259 0.021354166666666667
0 0.08842592592592594 0.6549479166666666 0.03981481481481482 0.03177083333333333
0 0.061111111111111116 0.6395833333333333 0.03333333333333333 0.016666666666666666
0 0.26203703703703707 0.5138020833333333 0.04259259259259259 0.021354166666666667
0 0.33287037037037037 0.46796875 0.04537037037037037 0.0203125
0 0.32083333333333336 0.4427083333333333 0.03425925925925926 0.016666666666666666
0 0.2712962962962963 0.38229166666666664 0.04814814814814815 0.02395833333333333
0 0.1763888888888889 0.33177083333333335 0.049074074074074076 0.028125
0 0.22268518518518518 0.37057291666666664 0.04166666666666667 0.0171875
0 0.1388888888888889 0.34010416666666665 0.04259259259259259 0.027083333333333334
0 0.08287037037037037 0.41041666666666665 0.05648148148148149 0.03125
0 0.0587962962962963 0.36692708333333335 0.05648148148148149 0.0296875
0 0.04027777777777778 0.38567708333333334 0.03981481481481482 0.022395833333333334
0 0.018518518518518517 0.41484375 0.03518518518518519 0.0328125
0 0.20787037037037037 0.2359375 0.05462962962962963 0.03333333333333333
0 0.16203703703703703 0.1671875 0.053703703703703705 0.034375
0 0.11064814814814815 0.21041666666666667 0.04351851851851852 0.030208333333333334
0 0.06527777777777778 0.21119791666666665 0.049074074074074076 0.028645833333333332
0 0.021296296296296296 0.20234375 0.040740740740740744 0.0296875
0 0.08055555555555556 0.19166666666666665 0.053703703703703705 0.03229166666666666
0 0.07685185185185185 0.08828125 0.061111111111111116 0.0453125
0 0.018055555555555557 0.13828125 0.025 0.0265625
0 0.08472222222222223 0.13645833333333332 0.032407407407407406 0.03333333333333333
0 0.15046296296296297 0.011979166666666666 0.049074074074074076 0.021875
0 0.17824074074074076 0.7828125 0.017592592592592594 0.017708333333333333
0 0.25277777777777777 0.7489583333333333 0.0462962962962963 0.026041666666666668
0 0.2555555555555556 0.6088541666666667 0.044444444444444446 0.025
0 0.13564814814814816 0.5661458333333333 0.03425925925925926 0.020833333333333332
0 0.2523148148148148 0.5375 0.03425925925925926 0.016666666666666666
0 0.22268518518518518 0.5328125 0.026851851851851852 0.013541666666666667
0 0.16527777777777777 0.5544270833333333 0.02314814814814815 0.015104166666666667
0 0.3041666666666667 0.4205729166666667 0.032407407407407406 0.018229166666666668
0 0.2814814814814815 0.4005208333333333 0.03888888888888889 0.016666666666666666
0 0.3550925925925926 0.8091145833333333 0.036111111111111115 0.021354166666666667
0 0.41805555555555557 0.9208333333333333 0.04537037037037037 0.03854166666666667
0 0.7458333333333333 0.8729166666666667 0.04722222222222222 0.036458333333333336
0 0.7990740740740742 0.8888020833333333 0.05 0.04010416666666666
0 0.6657407407407407 0.72734375 0.05185185185185186 0.030729166666666665
0 0.5962962962962963 0.728125 0.03333333333333333 0.021875
0 0.6148148148148148 0.6635416666666667 0.0462962962962963 0.03125
0 0.6726851851851852 0.6424479166666667 0.026851851851851852 0.021354166666666667
0 0.5925925925925926 0.6234375 0.0462962962962963 0.028125
0 0.5375 0.6541666666666667 0.03425925925925926 0.016666666666666666
0 0.9398148148148149 0.7005208333333334 0.03888888888888889 0.029166666666666667
0 0.9263888888888889 0.6723958333333333 0.03981481481481482 0.02395833333333333
0 0.925 0.6291666666666667 0.02962962962962963 0.015625
0 0.7967592592592593 0.6302083333333334 0.021296296296296296 0.019791666666666666
0 0.7337962962962963 0.5677083333333334 0.036111111111111115 0.02395833333333333
0 0.712962962962963 0.5385416666666667 0.04259259259259259 0.02395833333333333
0 0.6597222222222222 0.5606770833333333 0.028703703703703703 0.018229166666666668
0 0.6347222222222223 0.5346354166666667 0.026851851851851852 0.0171875
0 0.674074074074074 0.515625 0.04259259259259259 0.020833333333333332
0 0.8356481481481481 0.5067708333333333 0.03796296296296296 0.02395833333333333
0 0.7199074074074074 0.4861979166666667 0.03981481481481482 0.021354166666666667
0 0.6731481481481482 0.46953125 0.031481481481481485 0.0234375
0 0.6907407407407408 0.45260416666666664 0.03888888888888889 0.02395833333333333
0 0.7199074074074074 0.45338541666666665 0.032407407407407406 0.025520833333333333
0 0.8120370370370371 0.4473958333333333 0.053703703703703705 0.030208333333333334
0 0.5888888888888889 0.3502604166666667 0.03888888888888889 0.021354166666666667
0 0.5916666666666667 0.3286458333333333 0.040740740740740744 0.027083333333333334
0 0.5939814814814816 0.24557291666666667 0.04166666666666667 0.0296875
0 0.6851851851851852 0.2796875 0.03888888888888889 0.026041666666666668
0 0.7694444444444445 0.24713541666666666 0.03888888888888889 0.0234375
0 0.8064814814814815 0.2671875 0.0462962962962963 0.029166666666666667
0 0.4708333333333333 0.5580729166666667 0.03981481481481482 0.022395833333333334
0 0.4638888888888889 0.5721354166666667 0.037037037037037035 0.0203125
0 0.24861111111111112 0.22734374999999998 0.049074074074074076 0.024479166666666666
0 0.5115740740740741 0.6776041666666667 0.04351851851851852 0.02395833333333333
