0 0.9476851851851852 0.80703125 0.03981481481481482 0.034895833333333334
0 0.7041666666666667 0.6934895833333333 0.036111111111111115 0.015104166666666667
0 0.8962962962962964 0.6596354166666667 0.04259259259259259 0.021354166666666667
0 0.9337962962962963 0.65546875 0.03796296296296296 0.03177083333333333
0 0.9611111111111111 0.640625 0.031481481481481485 0.015625
0 0.7578703703703704 0.51484375 0.04351851851851852 0.021354166666666667
0 0.6814814814814815 0.46901041666666665 0.03518518518518519 0.021354166666666667
0 0.6935185185185185 0.4440104166666667 0.03333333333333333 0.01614583333333333
0 0.7481481481481482 0.3833333333333333 0.04814814814814815 0.025
0 0.8449074074074074 0.33307291666666666 0.049074074074074076 0.028645833333333332
0 0.7944444444444445 0.37213541666666666 0.03888888888888889 0.0171875
0 0.8787037037037038 0.34088541666666666 0.03888888888888889 0.027604166666666666
0 0.9365740740740741 0.41171874999999997 0.05648148148148149 0.03177083333333333
0 0.9606481481481481 0.36744791666666665 0.05648148148148149 0.0296875
0 0.9777777777777779 0.38619791666666664 0.040740740740740744 0.021354166666666667
0 0.8115740740740741 0.2375 0.05462962962962963 0.03333333333333333
0 0.8592592592592593 0.16848958333333333 0.05185185185185186 0.033854166666666664
0 0.9074074074074074 0.21145833333333333 0.04259259259259259 0.030208333333333334
0 0.9537037037037037 0.2125 0.05 0.028125
0 0.9884259259259259 0.20442708333333334 0.02314814814814815 0.028645833333333332
0 0.9402777777777778 0.1921875 0.05277777777777778 0.03333333333333333
0 0.9435185185185185 0.09036458333333333 0.061111111111111116 0.044270833333333336
0 0.9347222222222222 0.1375 0.03425925925925926 0.03229166666666666
0 0.8671296296296297 0.0125 0.04537037037037037 0.022916666666666665
0 0.8430555555555556 0.7846354166666667 0.02314814814814815 0.019270833333333334
0 0.7675925925925926 0.7502604166666667 0.0462962962962963 0.0265625
0 0.7671296296296296 0.6098958333333333 0.04537037037037037 0.025
0 0.8856481481481482 0.5669270833333333 0.036111111111111115 0.019270833333333334
0 0.7671296296296296 0.5380208333333333 0.03425925925925926 0.015625
0 0.7949074074074074 0.5333333333333333 0.028703703703703703 0.013541666666666667
0 0.8546296296296296 0.5546875 0.02777777777777778 0.0125
0 0.712037037037037 0.42161458333333335 0.03333333333333333 0.018229166666666668
0 0.7361111111111112 0.40182291666666664 0.044444444444444446 0.0171875
0 0.6671296296296296 0.8106770833333333 0.03796296296296296 0.021354166666666667
0 0.6041666666666667 0.9229166666666666 0.04351851851851852 0.03854166666666667
0 0.2763888888888889 0.8744791666666667 0.049074074074074076 0.036458333333333336
0 0.22268518518518518 0.8903645833333333 0.05092592592592593 0.04114583333333333
0 0.3578703703703704 0.7286458333333333 0.05277777777777778 0.03125
0 0.42592592592592593 0.72890625 0.03518518518518519 0.022395833333333334
0 0.40694444444444444 0.6651041666666666 0.04537037037037037 0.03125
0 0.34814814814814815 0.64375 0.02777777777777778 0.021875
0 0.4287037037037037 0.6244791666666667 0.0462962962962963 0.028125
0 0.48333333333333334 0.6549479166666666 0.03518518518518519 0.0171875
0 0.08194444444444444 0.7020833333333333 0.03981481481481482 0.029166666666666667
0 0.09490740740740741 0.6739583333333333 0.03981481481481482 0.02395833333333333
0 0.024074074074074074 0.5674479166666666 0.040740740740740744 0.01614583333333333
0 0.09675925925925927 0.6302083333333334 0.030555555555555558 0.015625
0 0.22361111111111112 0.6315104166666666 0.021296296296296296 0.0203125
0 0.2865740740740741 0.5690104166666666 0.036111111111111115 0.024479166666666666
0 0.3074074074074074 0.5395833333333333 0.040740740740740744 0.022916666666666665
0 0.3592592592592593 0.5611979166666666 0.02962962962962963 0.018229166666666668
0 0.3842592592592593 0.5359375 0.02592592592592593 0.017708333333333333
0 0.34490740740740744 0.51640625 0.04166666666666667 0.022395833333333334
0 0.18564814814814815 0.5080729166666667 0.036111111111111115 0.024479166666666666
0 0.29953703703703705 0.48776041666666664 0.03981481481481482 0.021354166666666667
0 0.34814814814814815 0.4708333333333333 0.03333333333333333 0.02395833333333333
0 0.33194444444444443 0.45390625 0.03796296296296296 0.0234375
0 0.3037037037037037 0.4544270833333333 0.03333333333333333 0.025520833333333333
0 0.2101851851851852 0.44895833333333335 0.053703703703703705 0.030208333333333334
0 0.4273148148148148 0.3515625 0.03796296296296296 0.021875
0 0.4287037037037037 0.3302083333333333 0.03888888888888889 0.027083333333333334
0 0.42638888888888893 0.24739583333333334 0.04166666666666667 0.029166666666666667
0 0.3351851851851852 0.28098958333333335 0.03888888888888889 0.025520833333333333
0 0.2513888888888889 0.24947916666666667 0.03796296296296296 0.02395833333333333
0 0.21342592592592594 0.26953125 0.04537037037037037 0.028645833333333332
0 0.5486111111111112 0.5591145833333333 0.03981481481481482 0.022395833333333334
0 0.5555555555555556 0.5736979166666667 0.037037037037037035 0.0203125
0 0.7703703703703704 0.22864583333333333 0.05 0.025
0 0.5074074074074074 0.6799479166666667 0.04259259259259259 0.0265625
