0 0.026851851851851852 0.8106770833333333 0.03888888888888889 0.0359375
0 0.2777777777777778 0.696875 0.037037037037037035 0.017708333333333333
0 0.0787037037037037 0.6619791666666667 0.04259259259259259 0.021875
0 0.040740740740740744 0.65859375 0.03888888888888889 0.03177083333333333
0 0.016666666666666666 0.64375 0.02962962962962963 0.014583333333333334
0 0.22268518518518518 0.5166666666666666 0.04351851851851852 0.021875
0 0.3013888888888889 0.4708333333333333 0.032407407407407406 0.019791666666666666
0 0.2902777777777778 0.4453125 0.03425925925925926 0.015625
0 0.23240740740740742 0.38515625 0.05 0.024479166666666666
0 0.1337962962962963 0.3346354166666667 0.05092592592592593 0.028645833333333332
0 0.19074074074074074 0.37526041666666665 0.03518518518518519 0.019270833333333334
0 0.10046296296296296 0.34270833333333334 0.03981481481481482 0.028125
0 0.04259259259259259 0.41328125 0.05555555555555556 0.030729166666666665
0 0.024537037037037038 0.36822916666666666 0.04722222222222222 0.030208333333333334
0 0.011574074074074075 0.3885416666666667 0.021296296296296296 0.019791666666666666
0 0.16712962962962963 0.23932291666666666 0.05462962962962963 0.033854166666666664
0 0.11944444444444445 0.1703125 0.053703703703703705 0.034375
0 0.0712962962962963 0.2125 0.040740740740740744 0.03125
0 0.024537037037037038 0.21458333333333332 0.04722222222222222 0.029166666666666667
0 0.13611111111111113 0.78828125 0.02962962962962963 0.021354166666666667
0 0.21203703703703705 0.75234375 0.04259259259259259 0.027604166666666666
0 0.20925925925925926 0.6119791666666666 0.044444444444444446 0.025
0 0.0375 0.19427083333333334 0.05277777777777778 0.03229166666666666
0 0.09166666666666667 0.5700520833333333 0.03518518518518519 0.019270833333333334
0 0.03287037037037037 0.09270833333333334 0.06018518518518519 0.04375
0 0.2138888888888889 0.5403645833333334 0.03333333333333333 0.01614583333333333
0 0.1865740740740741 0.5359375 0.025 0.015625
0 0.04583333333333334 0.140625 0.03796296296296296 0.03125
0 0.12592592592592594 0.5575520833333333 0.02777777777777778 0.0140625
0 0.10925925925925926 0.015364583333333333 0.04259259259259259 0.0234375
0 0.27037037037037037 0.4231770833333333 0.03518518518518519 0.018229166666666668
0 0.24675925925925926 0.403125 0.03981481481481482 0.019791666666666666
0 0.31203703703703706 0.8140625 0.03888888888888889 0.02395833333333333
0 0.375 0.92578125 0.044444444444444446 0.03802083333333333
0 0.7064814814814815 0.8778645833333333 0.05 0.04010416666666666
0 0.7569444444444444 0.8916666666666666 0.05277777777777778 0.041666666666666664
0 0.6212962962962963 0.7302083333333333 0.053703703703703705 0.03125
0 0.5527777777777778 0.7309895833333333 0.03888888888888889 0.021354166666666667
0 0.5731481481481482 0.6666666666666666 0.0462962962962963 0.030208333333333334
0 0.6300925925925926 0.6447916666666667 0.028703703703703703 0.022916666666666665
0 0.5513888888888889 0.6260416666666666 0.04722222222222222 0.027083333333333334
0 0.4967592592592593 0.6567708333333333 0.032407407407407406 0.020833333333333332
0 0.8990740740740741 0.7028645833333333 0.04814814814814815 0.025520833333333333
0 0.8861111111111112 0.67421875 0.040740740740740744 0.024479166666666666
0 0.9569444444444445 0.5682291666666667 0.036111111111111115 0.020833333333333332
0 0.8828703703703704 0.63046875 0.032407407407407406 0.015104166666666667
0 0.7569444444444444 0.6315104166666666 0.025 0.019270833333333334
0 0.6944444444444444 0.5697916666666667 0.037037037037037035 0.022916666666666665
0 0.6731481481481482 0.5403645833333334 0.040740740740740744 0.022395833333333334
0 0.6231481481481481 0.5622395833333333 0.031481481481481485 0.018229166666666668
0 0.5995370370370371 0.5375 0.025 0.016666666666666666
0 0.6351851851851852 0.5171875 0.04259259259259259 0.021875
0 0.7944444444444445 0.5088541666666666 0.040740740740740744 0.022916666666666665
0 0.6810185185185186 0.48802083333333335 0.03796296296296296 0.020833333333333332
0 0.6328703703703704 0.47213541666666664 0.032407407407407406 0.024479166666666666
0 0.6467592592592593 0.4544270833333333 0.03796296296296296 0.0234375
0 0.675 0.45598958333333334 0.03333333333333333 0.025520833333333333
0 0.7671296296296296 0.45 0.05092592592592593 0.03125
0 0.5574074074074075 0.3528645833333333 0.037037037037037035 0.022395833333333334
0 0.5513888888888889 0.33125 0.03981481481481482 0.027083333333333334
0 0.5532407407407408 0.2484375 0.03981481481481482 0.029166666666666667
0 0.6453703703703704 0.28229166666666666 0.03888888888888889 0.025
0 0.7291666666666667 0.25078125 0.03981481481481482 0.024479166666666666
0 0.7680555555555556 0.2700520833333333 0.04537037037037037 0.028645833333333332
0 0.9921296296296297 0.3841145833333333 0.015740740740740743 0.018229166666666668
0 0.4328703703703704 0.5604166666666667 0.03796296296296296 0.022916666666666665
0 0.42824074074074076 0.5747395833333333 0.03981481481481482 0.019270833333333334
0 0.20925925925925926 0.23020833333333332 0.04259259259259259 0.030208333333333334
