0 0.8546296296296296 0.45807291666666666 0.03333333333333333 0.021354166666666667
0 0.8833333333333334 0.4244791666666667 0.037037037037037035 0.013541666666666667
0 0.9037037037037038 0.40963541666666664 0.02777777777777778 0.022395833333333334
0 0.9009259259259259 0.37890625 0.02777777777777778 0.021354166666666667
0 0.8819444444444445 0.37395833333333334 0.03425925925925926 0.030208333333333334
0 0.9875 0.36171875 0.017592592592592594 0.0078125
0 0.9824074074074074 0.3567708333333333 0.014814814814814815 0.00625
0 0.9930555555555556 0.3377604166666667 0.01388888888888889 0.009895833333333333
0 0.9046296296296297 0.29765625 0.03518518518518519 0.022395833333333334
0 0.9347222222222222 0.3013020833333333 0.021296296296296296 0.018229166666666668
0 0.8930555555555556 0.234375 0.04166666666666667 0.014583333333333334
0 0.8893518518518518 0.14401041666666667 0.021296296296296296 0.0109375
0 0.9101851851851852 0.13645833333333332 0.031481481481481485 0.011458333333333333
0 0.8972222222222223 0.12265625 0.02777777777777778 0.015104166666666667
0 0.9166666666666667 0.10078125 0.024074074074074074 0.018229166666666668
0 0.9495370370370371 0.10520833333333333 0.025 0.016666666666666666
0 0.9699074074074074 0.11588541666666667 0.028703703703703703 0.0171875
0 0.9518518518518518 0.165625 0.018518518518518517 0.016666666666666666
0 0.9300925925925926 0.15026041666666667 0.025 0.018229166666666668
0 0.9166666666666667 0.16380208333333332 0.02962962962962963 0.0203125
0 0.8537037037037037 0.15729166666666666 0.022222222222222223 0.019791666666666666
0 0.7986111111111112 0.22838541666666667 0.015740740740740743 0.0140625
0 0.7958333333333334 0.15416666666666667 0.030555555555555558 0.022916666666666665
0 0.7689814814814815 0.13489583333333333 0.025 0.017708333333333333
0 0.7550925925925926 0.17526041666666667 0.02314814814814815 0.0140625
0 0.7398148148148148 0.1765625 0.020370370370370372 0.014583333333333334
0 0.7226851851851852 0.19869791666666667 0.025 0.008854166666666666
0 0.6921296296296297 0.20052083333333334 0.021296296296296296 0.016666666666666666
0 0.625 0.14973958333333334 0.02777777777777778 0.0140625
0 0.6398148148148148 0.13020833333333334 0.020370370370370372 0.007291666666666667
0 0.6467592592592593 0.121875 0.015740740740740743 0.011458333333333333
0 0.6550925925925927 0.09557291666666666 0.019444444444444445 0.015104166666666667
0 0.9574074074074075 0.6096354166666667 0.03333333333333333 0.01614583333333333
0 0.9634259259259259 0.5875 0.019444444444444445 0.010416666666666666
0 0.8148148148148149 0.321875 0.020370370370370372 0.011458333333333333
0 0.7953703703703704 0.3614583333333333 0.03333333333333333 0.014583333333333334
0 0.7240740740740741 0.3138020833333333 0.009259259259259259 0.0078125
0 0.6986111111111112 0.3296875 0.01388888888888889 0.009375
0 0.6777777777777778 0.33125 0.018518518518518517 0.011458333333333333
0 0.7115740740740741 0.40859375 0.03796296296296296 0.021354166666666667
0 0.6902777777777778 0.4552083333333333 0.017592592592592594 0.009375
0 0.6763888888888889 0.45859374999999997 0.021296296296296296 0.0109375
0 0.7837962962962963 0.546875 0.025 0.025
0 0.7787037037037038 0.5635416666666666 0.02962962962962963 0.016666666666666666
0 0.8115740740740741 0.52109375 0.03981481481481482 0.024479166666666666
0 0.8467592592592593 0.5052083333333334 0.030555555555555558 0.022916666666666665
0 0.8347222222222223 0.56484375 0.02314814814814815 0.0109375
0 0.6935185185185185 0.6497395833333334 0.018518518518518517 0.0140625
0 0.8245370370370371 0.5817708333333333 0.036111111111111115 0.020833333333333332
0 0.8666666666666667 0.5895833333333333 0.04259259259259259 0.019791666666666666
0 0.962037037037037 0.6427083333333333 0.03333333333333333 0.016666666666666666
0 0.9601851851851853 0.6682291666666667 0.031481481481481485 0.021875
0 0.8310185185185186 0.7372395833333333 0.04722222222222222 0.0171875
0 0.7611111111111112 0.63984375 0.02592592592592593 0.0171875
0 0.7787037037037038 0.7213541666666666 0.024074074074074074 0.02395833333333333
0 0.7092592592592593 0.61484375 0.022222222222222223 0.009895833333333333
0 0.6550925925925927 0.48776041666666664 0.03425925925925926 0.021354166666666667
0 0.6550925925925927 0.5356770833333333 0.026851851851851852 0.0171875
0 0.6166666666666667 0.5643229166666667 0.02777777777777778 0.018229166666666668
0 0.563425925925926 0.653125 0.026851851851851852 0.015625
0 0.5324074074074074 0.6385416666666667 0.031481481481481485 0.01875
0 0.5018518518518519 0.6083333333333333 0.02962962962962963 0.016666666666666666
0 0.5625 0.4734375 0.03796296296296296 0.020833333333333332
0 0.5194444444444445 0.4427083333333333 0.02777777777777778 0.019791666666666666
0 0.5569444444444445 0.4518229166666667 0.030555555555555558 0.0171875
0 0.4791666666666667 0.4317708333333333 0.03981481481481482 0.015625
0 0.4912037037037037 0.4421875 0.030555555555555558 0.014583333333333334
0 0.3699074074074074 0.12708333333333333 0.02314814814814815 0.016666666666666666
0 0.36435185185185187 0.18255208333333334 0.025 0.01614583333333333
0 0.30324074074074076 0.24661458333333333 0.032407407407407406 0.015104166666666667
0 0.4138888888888889 0.2484375 0.024074074074074074 0.020833333333333332
0 0.3 0.23541666666666666 0.037037037037037035 0.02395833333333333
0 0.33842592592592596 0.2604166666666667 0.036111111111111115 0.02395833333333333
0 0.40972222222222227 0.3260416666666667 0.03796296296296296 0.026041666666666668
0 0.42453703703703705 0.3416666666666667 0.02314814814814815 0.01875
0 0.4083333333333333 0.3484375 0.02962962962962963 0.017708333333333333
0 0.42129629629629634 0.3997395833333333 0.02592592592592593 0.0171875
0 0.3907407407407408 0.41901041666666666 0.031481481481481485 0.0203125
0 0.45972222222222225 0.41692708333333334 0.032407407407407406 0.018229166666666668
0 0.2967592592592593 0.35390625 0.030555555555555558 0.01614583333333333
0 0.3162037037037037 0.37473958333333335 0.028703703703703703 0.015104166666666667
0 0.3078703703703704 0.4322916666666667 0.028703703703703703 0.016666666666666666
0 0.3990740740740741 0.46510416666666665 0.03518518518518519 0.01875
0 0.38981481481481484 0.48515625 0.03518518518518519 0.019270833333333334
0 0.4101851851851852 0.5015625 0.03333333333333333 0.017708333333333333
0 0.5662037037037038 0.7731770833333333 0.02314814814814815 0.018229166666666668
0 0.42685185185185187 0.6013020833333333 0.03518518518518519 0.0140625
0 0.3805555555555556 0.5890625 0.024074074074074074 0.016666666666666666
0 0.3939814814814815 0.6091145833333333 0.032407407407407406 0.022395833333333334
0 0.3861111111111111 0.6645833333333333 0.03333333333333333 0.02395833333333333
0 0.3680555555555556 0.684375 0.030555555555555558 0.019791666666666666
0 0.40925925925925927 0.7572916666666667 0.037037037037037035 0.01875
0 0.44027777777777777 0.7760416666666666 0.025 0.029166666666666667
0 0.07546296296296297 0.6020833333333333 0.021296296296296296 0.017708333333333333
0 0.08981481481481482 0.590625 0.037037037037037035 0.017708333333333333
0 0.08333333333333334 0.29453125 0.020370370370370372 0.0109375
0 0.13796296296296298 0.29765625 0.012962962962962964 0.009895833333333333
0 0.20277777777777778 0.31171875 0.016666666666666666 0.0109375
0 0.16018518518518518 0.23255208333333333 0.016666666666666666 0.008854166666666666
0 0.11527777777777778 0.21744791666666666 0.017592592592592594 0.013020833333333334
0 0.3106481481481482 0.6963541666666666 0.03425925925925926 0.020833333333333332
0 0.30972222222222223 0.5796875 0.032407407407407406 0.017708333333333333
0 0.250462962962963 0.5677083333333334 0.03425925925925926 0.015625
0 0.24629629629629632 0.61484375 0.037037037037037035 0.0171875
0 0.16620370370370371 0.7151041666666667 0.032407407407407406 0.015625
0 0.24814814814814815 0.7182291666666667 0.02962962962962963 0.021875
0 0.27592592592592596 0.7184895833333333 0.031481481481481485 0.022395833333333334
0 0.3337962962962963 0.7486979166666666 0.032407407407407406 0.019270833333333334
0 0.29120370370370374 0.7708333333333334 0.036111111111111115 0.02395833333333333
0 0.25324074074074077 0.775 0.026851851851851852 0.017708333333333333
0 0.1912037037037037 0.7364583333333333 0.03796296296296296 0.02395833333333333
0 0.06157407407407408 0.48984374999999997 0.025 0.0140625
0 0.05324074074074074 0.51953125 0.032407407407407406 0.011979166666666666
0 0.24722222222222223 0.3921875 0.03518518518518519 0.022916666666666665
0 0.2449074074074074 0.4158854166666667 0.036111111111111115 0.025520833333333333
0 0.20416666666666666 0.4244791666666667 0.04166666666666667 0.016666666666666666
0 0.16620370370370371 0.44296874999999997 0.01388888888888889 0.0078125
0 0.16296296296296298 0.39348958333333334 0.037037037037037035 0.0171875
0 0.1337962962962963 0.4109375 0.025 0.013541666666666667
0 0.13148148148148148 0.39453125 0.03333333333333333 0.019270833333333334
0 0.08657407407407408 0.74375 0.032407407407407406 0.019791666666666666
0 0.13055555555555556 0.55234375 0.03333333333333333 0.01614583333333333
0 0.7550925925925926 0.75546875 0.021296296296296296 0.019270833333333334
0 0.27361111111111114 0.60546875 0.019444444444444445 0.011979166666666666
0 0.2796296296296296 0.5979166666666667 0.031481481481481485 0.0125
0 0.02314814814814815 0.6950520833333333 0.040740740740740744 0.024479166666666666
0 0.29212962962962963 0.5330729166666667 0.021296296296296296 0.011979166666666666
0 0.014351851851851852 0.5403645833333334 0.025 0.01614583333333333
0 0.038425925925925926 0.47812499999999997 0.036111111111111115 0.01875
0 0.03425925925925926 0.38046875 0.031481481481481485 0.0140625
0 0.032407407407407406 0.3328125 0.018518518518518517 0.008333333333333333
0 0.015277777777777779 0.17447916666666666 0.026851851851851852 0.027083333333333334
0 0.028240740740740743 0.4075520833333333 0.026851851851851852 0.011979166666666666
