0 0.9083333333333333 0.4674479166666667 0.03333333333333333 0.019270833333333334
0 0.925462962962963 0.43046875 0.03981481481481482 0.01614583333333333
0 0.9583333333333334 0.4122395833333333 0.02592592592592593 0.0265625
0 0.9481481481481482 0.37838541666666664 0.02777777777777778 0.025520833333333333
0 0.9671296296296297 0.30234375 0.03425925925925926 0.021354166666666667
0 0.9449074074074074 0.24166666666666667 0.049074074074074076 0.017708333333333333
0 0.9347222222222222 0.15130208333333334 0.019444444444444445 0.011979166666666666
0 0.9481481481481482 0.14322916666666666 0.031481481481481485 0.0125
0 0.9421296296296297 0.1296875 0.028703703703703703 0.014583333333333334
0 0.9569444444444445 0.10833333333333334 0.025 0.017708333333333333
0 0.9902777777777778 0.11302083333333333 0.019444444444444445 0.017708333333333333
0 0.976388888888889 0.15729166666666666 0.02314814814814815 0.017708333333333333
0 0.9638888888888889 0.17057291666666666 0.02962962962962963 0.0203125
0 0.900462962962963 0.16302083333333334 0.021296296296296296 0.017708333333333333
0 0.8435185185185186 0.234375 0.016666666666666666 0.013541666666666667
0 0.8462962962962963 0.16119791666666666 0.031481481481481485 0.022395833333333334
0 0.8171296296296297 0.14244791666666667 0.030555555555555558 0.019270833333333334
0 0.7986111111111112 0.18151041666666667 0.019444444444444445 0.013020833333333334
0 0.7856481481481482 0.1828125 0.02314814814814815 0.015625
0 0.7685185185185186 0.20494791666666667 0.022222222222222223 0.008854166666666666
0 0.737037037037037 0.20598958333333334 0.020370370370370372 0.01614583333333333
0 0.6652777777777779 0.15546875 0.026851851851851852 0.015104166666666667
0 0.6902777777777778 0.1375 0.021296296296296296 0.007291666666666667
0 0.6981481481481482 0.12916666666666665 0.014814814814814815 0.011458333333333333
0 0.7023148148148148 0.10286458333333333 0.019444444444444445 0.015104166666666667
0 0.862962962962963 0.32734375 0.020370370370370372 0.0109375
0 0.8472222222222222 0.3658854166666667 0.03333333333333333 0.015104166666666667
0 0.7657407407407407 0.31796875 0.009259259259259259 0.0078125
0 0.7398148148148148 0.33541666666666664 0.016666666666666666 0.010416666666666666
0 0.7199074074074074 0.33541666666666664 0.019444444444444445 0.0125
0 0.7611111111111112 0.41354166666666664 0.037037037037037035 0.019791666666666666
0 0.7324074074074074 0.46015625 0.016666666666666666 0.009895833333333333
0 0.7199074074074074 0.4627604166666667 0.021296296296296296 0.0109375
0 0.8314814814814815 0.5505208333333333 0.031481481481481485 0.019791666666666666
0 0.8203703703703704 0.56796875 0.037037037037037035 0.0171875
0 0.8722222222222222 0.5252604166666667 0.037037037037037035 0.0234375
0 0.9078703703703704 0.51015625 0.030555555555555558 0.0203125
0 0.8814814814814815 0.56875 0.024074074074074074 0.010416666666666666
0 0.875 0.5861979166666667 0.037037037037037035 0.022395833333333334
0 0.9166666666666667 0.59453125 0.044444444444444446 0.019270833333333334
0 0.8805555555555555 0.7419270833333333 0.0462962962962963 0.018229166666666668
0 0.8037037037037037 0.6463541666666667 0.03333333333333333 0.020833333333333332
0 0.8287037037037037 0.7260416666666667 0.02777777777777778 0.026041666666666668
0 0.7046296296296296 0.49244791666666665 0.037037037037037035 0.0203125
0 0.6958333333333334 0.5393229166666667 0.026851851851851852 0.01614583333333333
0 0.6592592592592593 0.56875 0.02592592592592593 0.01875
0 0.6069444444444445 0.6578125 0.02314814814814815 0.017708333333333333
0 0.575462962962963 0.6424479166666667 0.030555555555555558 0.018229166666666668
0 0.5439814814814815 0.61171875 0.030555555555555558 0.01614583333333333
0 0.6083333333333334 0.4791666666666667 0.031481481481481485 0.017708333333333333
0 0.5666666666666667 0.4471354166666667 0.02592592592592593 0.019270833333333334
0 0.6013888888888889 0.45651041666666664 0.032407407407407406 0.0171875
0 0.5222222222222223 0.43515624999999997 0.040740740740740744 0.01614583333333333
0 0.537962962962963 0.4466145833333333 0.02962962962962963 0.01614583333333333
0 0.4134259259259259 0.13359375 0.021296296296296296 0.0171875
0 0.8574074074074074 0.4622395833333333 0.02592592592592593 0.018229166666666668
0 0.40925925925925927 0.1890625 0.024074074074074074 0.015625
0 0.36064814814814816 0.25234375 0.032407407407407406 0.015104166666666667
0 0.45740740740740743 0.25390625 0.020370370370370372 0.018229166666666668
0 0.3592592592592593 0.2421875 0.03518518518518519 0.02395833333333333
0 0.3939814814814815 0.26588541666666665 0.03425925925925926 0.024479166666666666
0 0.46111111111111114 0.3307291666666667 0.03518518518518519 0.02395833333333333
0 0.4671296296296297 0.3463541666666667 0.019444444444444445 0.01875
0 0.4513888888888889 0.3536458333333333 0.028703703703703703 0.017708333333333333
0 0.4652777777777778 0.40390624999999997 0.025 0.0171875
0 0.42962962962962964 0.4239583333333333 0.03333333333333333 0.020833333333333332
0 0.5041666666666667 0.42083333333333334 0.032407407407407406 0.01875
0 0.33796296296296297 0.35911458333333335 0.02592592592592593 0.0140625
0 0.3574074074074074 0.37838541666666664 0.02777777777777778 0.015104166666666667
0 0.3472222222222222 0.43645833333333334 0.02777777777777778 0.016666666666666666
0 0.4425925925925926 0.46953125 0.03333333333333333 0.018229166666666668
0 0.4337962962962963 0.48932291666666666 0.03425925925925926 0.019270833333333334
0 0.45462962962962966 0.5057291666666667 0.03518518518518519 0.017708333333333333
0 0.6148148148148148 0.7776041666666667 0.018518518518518517 0.015625
0 0.4763888888888889 0.6057291666666667 0.032407407407407406 0.015625
0 0.42685185185185187 0.5919270833333333 0.02777777777777778 0.0140625
0 0.44212962962962965 0.6114583333333333 0.03425925925925926 0.019791666666666666
0 0.4305555555555556 0.66875 0.03333333333333333 0.022916666666666665
0 0.4138888888888889 0.6877604166666667 0.02962962962962963 0.018229166666666668
0 0.4569444444444445 0.7614583333333333 0.03796296296296296 0.01875
0 0.48935185185185187 0.7807291666666667 0.025 0.030208333333333334
0 0.10092592592592593 0.4940104166666667 0.018518518518518517 0.0109375
0 0.11712962962962964 0.6057291666666667 0.017592592592592594 0.017708333333333333
0 0.12962962962962962 0.5927083333333333 0.03333333333333333 0.015625
0 0.1824074074074074 0.30182291666666666 0.011111111111111112 0.0067708333333333336
0 0.24583333333333335 0.31640625 0.015740740740740743 0.0109375
0 0.2 0.23802083333333332 0.016666666666666666 0.009375
0 0.15833333333333333 0.22265625 0.016666666666666666 0.013020833333333334
0 0.3611111111111111 0.7002604166666666 0.03333333333333333 0.021354166666666667
0 0.35324074074074074 0.5822916666666667 0.028703703703703703 0.015625
0 0.2953703703703704 0.5705729166666667 0.03518518518518519 0.01614583333333333
0 0.2888888888888889 0.6184895833333334 0.03888888888888889 0.01614583333333333
0 0.23333333333333334 0.7197916666666666 0.02962962962962963 0.013541666666666667
0 0.788425925925926 0.44765625 0.02314814814814815 0.0140625
0 0.19907407407407407 0.71953125 0.024074074074074074 0.01614583333333333
0 0.3041666666666667 0.7223958333333333 0.026851851851851852 0.022916666666666665
0 0.3231481481481482 0.721875 0.04259259259259259 0.02395833333333333
0 0.3814814814814815 0.7528645833333333 0.031481481481481485 0.018229166666666668
0 0.34305555555555556 0.7752604166666667 0.03425925925925926 0.0234375
0 0.03981481481481482 0.5390625 0.031481481481481485 0.016666666666666666
0 0.2337962962962963 0.7401041666666667 0.03796296296296296 0.022916666666666665
0 0.09953703703703703 0.5229166666666667 0.030555555555555558 0.011458333333333333
0 0.2967592592592593 0.3971354166666667 0.03425925925925926 0.022395833333333334
0 0.2925925925925926 0.41875 0.03333333333333333 0.020833333333333332
0 0.25462962962962965 0.42916666666666664 0.040740740740740744 0.016666666666666666
0 0.20370370370370372 0.4434895833333333 0.011111111111111112 0.0078125
0 0.21342592592592594 0.39817708333333335 0.03425925925925926 0.0171875
0 0.17453703703703705 0.4140625 0.025 0.013541666666666667
0 0.18472222222222223 0.39921875 0.032407407407407406 0.018229166666666668
0 0.12083333333333333 0.746875 0.030555555555555558 0.021875
0 0.17546296296296296 0.5559895833333334 0.032407407407407406 0.01614583333333333
0 0.8092592592592593 0.7598958333333333 0.02777777777777778 0.019791666666666666
0 0.7856481481481482 0.46328125 0.030555555555555558 0.015104166666666667
0 0.3189814814814815 0.61015625 0.019444444444444445 0.015104166666666667
0 0.32222222222222224 0.6018229166666667 0.031481481481481485 0.013020833333333334
0 0.06944444444444445 0.69921875 0.040740740740740744 0.025520833333333333
0 0.32731481481481484 0.5375 0.02314814814814815 0.0125
0 0.06435185185185185 0.5434895833333333 0.025 0.01614583333333333
0 0.08518518518518518 0.4822916666666667 0.03518518518518519 0.017708333333333333
0 0.030092592592592594 0.5580729166666667 0.02314814814814815 0.0109375
0 0.08240740740740742 0.3854166666666667 0.02962962962962963 0.015625
0 0.07916666666666666 0.33697916666666666 0.019444444444444445 0.008333333333333333
0 0.012037037037037037 0.43385416666666665 0.020370370370370372 0.014583333333333334
0 0.061111111111111116 0.18098958333333334 0.040740740740740744 0.0265625
0 0.01388888888888889 0.22135416666666666 0.024074074074074074 0.01875
0 0.011111111111111112 0.14817708333333332 0.018518518518518517 0.011979166666666666
0 0.031018518518518518 0.20390624999999998 0.025 0.0171875
0 0.02361111111111111 0.2557291666666667 0.021296296296296296 0.010416666666666666
0 0.03333333333333333 0.33697916666666666 0.014814814814814815 0.010416666666666666
0 0.07222222222222223 0.4106770833333333 0.02962962962962963 0.013020833333333334
