0 0.9444444444444445 0.4700520833333333 0.031481481481481485 0.0171875
0 0.9537037037037037 0.4317708333333333 0.0462962962962963 0.014583333333333334
0 0.9898148148148148 0.4140625 0.020370370370370372 0.026041666666666668
0 0.9833333333333334 0.3802083333333333 0.022222222222222223 0.022916666666666665
0 0.9768518518518519 0.24505208333333334 0.037037037037037035 0.0203125
0 0.9587962962962964 0.15442708333333333 0.02314814814814815 0.0109375
0 0.9712962962962963 0.14713541666666666 0.031481481481481485 0.0140625
0 0.9657407407407408 0.13333333333333333 0.02777777777777778 0.015625
0 0.9768518518518519 0.1125 0.024074074074074074 0.016666666666666666
0 0.9861111111111112 0.17447916666666666 0.02777777777777778 0.021875
0 0.925 0.16588541666666667 0.022222222222222223 0.018229166666666668
0 0.8675925925925926 0.23723958333333334 0.016666666666666666 0.0140625
0 0.8717592592592593 0.16432291666666665 0.030555555555555558 0.021354166666666667
0 0.8435185185185186 0.14479166666666665 0.02962962962962963 0.01875
0 0.8189814814814815 0.18385416666666665 0.02314814814814815 0.011458333333333333
0 0.8101851851851852 0.18541666666666667 0.022222222222222223 0.016666666666666666
0 0.7606481481481482 0.20911458333333333 0.021296296296296296 0.01614583333333333
0 0.6865740740740741 0.159375 0.028703703703703703 0.016666666666666666
0 0.7166666666666667 0.14088541666666665 0.020370370370370372 0.0078125
0 0.7245370370370371 0.13255208333333332 0.01388888888888889 0.0109375
0 0.725925925925926 0.10651041666666666 0.020370370370370372 0.015104166666666667
0 0.8902777777777778 0.3294270833333333 0.021296296296296296 0.0109375
0 0.875 0.3677083333333333 0.02777777777777778 0.015625
0 0.763888888888889 0.3375 0.016666666666666666 0.011458333333333333
0 0.924537037037037 0.56484375 0.02314814814814815 0.0140625
0 0.7435185185185186 0.3380208333333333 0.018518518518518517 0.0125
0 0.7875 0.41510416666666666 0.036111111111111115 0.019791666666666666
0 0.7574074074074074 0.46197916666666666 0.014814814814814815 0.009375
0 0.7472222222222222 0.46432291666666664 0.022222222222222223 0.0109375
0 0.8592592592592593 0.55234375 0.02962962962962963 0.019270833333333334
0 0.7712962962962964 0.62421875 0.022222222222222223 0.013020833333333334
0 0.8444444444444444 0.5700520833333333 0.03888888888888889 0.019270833333333334
0 0.7152777777777778 0.5627604166666667 0.017592592592592594 0.0140625
0 0.9083333333333333 0.5263020833333333 0.037037037037037035 0.0234375
0 0.9430555555555556 0.5114583333333333 0.028703703703703703 0.019791666666666666
0 0.9111111111111111 0.5703125 0.024074074074074074 0.010416666666666666
0 0.9069444444444444 0.5875 0.03796296296296296 0.022916666666666665
0 0.9481481481481482 0.5950520833333334 0.044444444444444446 0.019270833333333334
0 0.9106481481481482 0.7440104166666667 0.04722222222222222 0.019270833333333334
0 0.8328703703703704 0.6473958333333333 0.03425925925925926 0.017708333333333333
0 0.8638888888888889 0.7278645833333334 0.02962962962962963 0.022395833333333334
0 0.7305555555555556 0.4940104166666667 0.03333333333333333 0.0203125
0 0.7222222222222222 0.540625 0.02592592592592593 0.016666666666666666
0 0.6842592592592592 0.5700520833333333 0.02962962962962963 0.018229166666666668
0 0.6328703703703704 0.6606770833333333 0.02314814814814815 0.0203125
0 0.600925925925926 0.6440104166666667 0.031481481481481485 0.018229166666666668
0 0.5699074074074074 0.6135416666666667 0.032407407407407406 0.016666666666666666
0 0.6342592592592593 0.48072916666666665 0.031481481481481485 0.017708333333333333
0 0.5935185185185186 0.44895833333333335 0.02592592592592593 0.019791666666666666
0 0.6263888888888889 0.4578125 0.032407407407407406 0.017708333333333333
0 0.5476851851851852 0.43776041666666665 0.04166666666666667 0.01614583333333333
0 0.5638888888888889 0.44817708333333334 0.031481481481481485 0.01614583333333333
0 0.4351851851851852 0.13854166666666667 0.022222222222222223 0.016666666666666666
0 0.8907407407407407 0.4627604166666667 0.03333333333333333 0.018229166666666668
0 0.43194444444444446 0.19296875 0.025 0.015104166666666667
0 0.3912037037037037 0.25494791666666666 0.03425925925925926 0.018229166666666668
0 0.4810185185185185 0.2591145833333333 0.017592592592592594 0.01614583333333333
0 0.3907407407407408 0.24583333333333332 0.03518518518518519 0.022916666666666665
0 0.4240740740740741 0.2700520833333333 0.03518518518518519 0.0234375
0 0.48703703703703705 0.3333333333333333 0.037037037037037035 0.02395833333333333
0 0.4898148148148148 0.34921875 0.020370370370370372 0.0171875
0 0.4740740740740741 0.35625 0.02777777777777778 0.016666666666666666
0 0.4902777777777778 0.40625 0.025 0.017708333333333333
0 0.4532407407407408 0.4276041666666667 0.026851851851851852 0.017708333333333333
0 0.5287037037037037 0.42291666666666666 0.031481481481481485 0.01875
0 0.36342592592592593 0.36302083333333335 0.02314814814814815 0.013541666666666667
0 0.3805555555555556 0.38229166666666664 0.02777777777777778 0.014583333333333334
0 0.3685185185185185 0.4393229166666667 0.02777777777777778 0.01614583333333333
0 0.4675925925925926 0.471875 0.03518518518518519 0.01875
0 0.45972222222222225 0.49140625 0.032407407407407406 0.019270833333333334
0 0.4810185185185185 0.5078125 0.036111111111111115 0.017708333333333333
0 0.5060185185185185 0.60703125 0.032407407407407406 0.01614583333333333
0 0.45555555555555555 0.59375 0.02777777777777778 0.013541666666666667
0 0.4712962962962963 0.6138020833333333 0.03518518518518519 0.0203125
0 0.45925925925925926 0.6713541666666667 0.03518518518518519 0.022916666666666665
0 0.48703703703703705 0.7638020833333333 0.037037037037037035 0.019270833333333334
0 0.5203703703703704 0.7828125 0.02592592592592593 0.030208333333333334
0 0.14212962962962963 0.609375 0.017592592592592594 0.016666666666666666
0 0.15462962962962964 0.5958333333333333 0.031481481481481485 0.016666666666666666
0 0.20555555555555557 0.30546875 0.009259259259259259 0.005729166666666666
0 0.27083333333333337 0.32005208333333335 0.015740740740740743 0.0109375
0 0.22175925925925927 0.24244791666666665 0.017592592592592594 0.009895833333333333
0 0.1800925925925926 0.22708333333333333 0.015740740740740743 0.0125
0 0.39212962962962966 0.7015625 0.03425925925925926 0.020833333333333332
0 0.3800925925925926 0.5838541666666667 0.025 0.015625
0 0.32083333333333336 0.5734375 0.03425925925925926 0.016666666666666666
0 0.3060185185185185 0.61953125 0.021296296296296296 0.011979166666666666
0 0.2611111111111111 0.71953125 0.031481481481481485 0.01614583333333333
0 0.2263888888888889 0.721875 0.025 0.015625
0 0.3578703703703704 0.7247395833333333 0.036111111111111115 0.0234375
0 0.4115740740740741 0.7549479166666666 0.032407407407407406 0.019270833333333334
0 0.26203703703703707 0.7432291666666666 0.037037037037037035 0.022916666666666665
0 0.12361111111111112 0.49713541666666666 0.019444444444444445 0.009895833333333333
0 0.12685185185185185 0.5265625 0.031481481481481485 0.010416666666666666
0 0.32453703703703707 0.4 0.032407407407407406 0.022916666666666665
0 0.32083333333333336 0.42109375 0.032407407407407406 0.0203125
0 0.28055555555555556 0.4322916666666667 0.03518518518518519 0.015625
0 0.24166666666666667 0.4010416666666667 0.031481481481481485 0.016666666666666666
0 0.19722222222222224 0.41770833333333335 0.024074074074074074 0.014583333333333334
0 0.2138888888888889 0.40260416666666665 0.03518518518518519 0.01875
0 0.1462962962962963 0.75 0.02592592592592593 0.022916666666666665
0 0.19953703703703704 0.5588541666666667 0.036111111111111115 0.016666666666666666
0 0.8444444444444444 0.7619791666666667 0.02962962962962963 0.019791666666666666
0 0.8138888888888889 0.46458333333333335 0.02777777777777778 0.014583333333333334
0 0.34490740740740744 0.6127604166666667 0.019444444444444445 0.0140625
0 0.3472222222222222 0.6036458333333333 0.031481481481481485 0.014583333333333334
0 0.4291666666666667 0.3302083333333333 0.02314814814814815 0.010416666666666666
0 0.8402777777777778 0.5325520833333334 0.03796296296296296 0.019270833333333334
0 0.8111111111111111 0.44921875 0.024074074074074074 0.015104166666666667
0 0.09907407407407408 0.70234375 0.040740740740740744 0.024479166666666666
0 0.34953703703703703 0.5401041666666666 0.025 0.013541666666666667
0 0.012962962962962964 0.8161458333333333 0.022222222222222223 0.017708333333333333
0 0.09398148148148149 0.546875 0.02314814814814815 0.016666666666666666
0 0.1125 0.48593749999999997 0.03425925925925926 0.017708333333333333
0 0.022222222222222223 0.5575520833333333 0.02962962962962963 0.01614583333333333
0 0.06574074074074074 0.5419270833333333 0.031481481481481485 0.0171875
0 0.0587962962962963 0.56171875 0.02314814814814815 0.0109375
0 0.10925925925925926 0.38958333333333334 0.02962962962962963 0.015625
0 0.022685185185185187 0.4 0.028703703703703703 0.016666666666666666
0 0.10555555555555556 0.34140625 0.018518518518518517 0.008854166666666666
0 0.03518518518518519 0.4380208333333333 0.02777777777777778 0.014583333333333334
0 0.011111111111111112 0.3645833333333333 0.018518518518518517 0.011458333333333333
0 0.09027777777777778 0.18671875 0.03981481481481482 0.0265625
0 0.03657407407407408 0.22682291666666665 0.032407407407407406 0.018229166666666668
0 0.034722222222222224 0.15442708333333333 0.025 0.0140625
0 0.011111111111111112 0.12734375 0.018518518518518517 0.0171875
0 0.05462962962962963 0.209375 0.02777777777777778 0.016666666666666666
0 0.05092592592592593 0.26119791666666664 0.020370370370370372 0.0109375
0 0.05787037037037037 0.3416666666666667 0.015740740740740743 0.011458333333333333
0 0.1 0.41432291666666665 0.02777777777777778 0.013020833333333334
0 0.03287037037037037 0.8260416666666667 0.026851851851851852 0.017708333333333333
