0 0.037037037037037035 0.471875 0.02592592592592593 0.01875
0 0.03425925925925926 0.4341145833333333 0.04259259259259259 0.015104166666666667
0 0.028240740740740743 0.15859375 0.021296296296296296 0.011979166666666666
0 0.016666666666666666 0.15078125 0.02962962962962963 0.0140625
0 0.022222222222222223 0.13723958333333333 0.02777777777777778 0.015104166666666667
0 0.012962962962962964 0.11614583333333334 0.022222222222222223 0.016666666666666666
0 0.06064814814814815 0.16901041666666666 0.02314814814814815 0.0171875
0 0.11944444444444445 0.24036458333333333 0.014814814814814815 0.0140625
0 0.11435185185185186 0.16770833333333332 0.030555555555555558 0.020833333333333332
0 0.14027777777777778 0.1484375 0.028703703703703703 0.01875
0 0.16990740740740742 0.18802083333333333 0.025 0.0125
0 0.17592592592592593 0.18932291666666667 0.022222222222222223 0.01614583333333333
0 0.22592592592592595 0.21276041666666667 0.022222222222222223 0.01614583333333333
0 0.30092592592592593 0.16302083333333334 0.02962962962962963 0.015625
0 0.26851851851851855 0.14583333333333334 0.020370370370370372 0.008333333333333333
0 0.25925925925925924 0.13619791666666667 0.014814814814814815 0.0109375
0 0.2601851851851852 0.11041666666666666 0.020370370370370372 0.014583333333333334
0 0.09583333333333334 0.33177083333333335 0.021296296296296296 0.011458333333333333
0 0.10833333333333334 0.37057291666666664 0.02777777777777778 0.01614583333333333
0 0.22314814814814815 0.33958333333333335 0.018518518518518517 0.010416666666666666
0 0.24305555555555555 0.340625 0.019444444444444445 0.0125
0 0.19583333333333333 0.4171875 0.036111111111111115 0.019791666666666666
0 0.22916666666666669 0.46432291666666664 0.017592592592592594 0.0109375
0 0.23657407407407408 0.4666666666666667 0.02314814814814815 0.010416666666666666
0 0.1328703703703704 0.5536458333333333 0.026851851851851852 0.01875
0 0.1425925925925926 0.5716145833333334 0.04259259259259259 0.018229166666666668
0 0.0712962962962963 0.52890625 0.037037037037037035 0.0234375
0 0.037037037037037035 0.5138020833333333 0.02592592592592593 0.0203125
0 0.059722222222222225 0.5674479166666666 0.02314814814814815 0.013020833333333334
0 0.07731481481481482 0.5908854166666666 0.03981481481481482 0.0234375
0 0.036111111111111115 0.5973958333333333 0.044444444444444446 0.01875
0 0.075 0.7471354166666666 0.0462962962962963 0.021354166666666667
0 0.15972222222222224 0.6466145833333333 0.030555555555555558 0.015104166666666667
0 0.11574074074074074 0.7315104166666666 0.02962962962962963 0.021354166666666667
0 0.26990740740740743 0.5651041666666666 0.017592592592592594 0.014583333333333334
0 0.2555555555555556 0.4966145833333333 0.031481481481481485 0.0203125
0 0.2638888888888889 0.5432291666666667 0.02592592592592593 0.016666666666666666
0 0.30185185185185187 0.57265625 0.02962962962962963 0.018229166666666668
0 0.35370370370370374 0.6638020833333333 0.022222222222222223 0.0203125
0 0.38472222222222224 0.6466145833333333 0.030555555555555558 0.018229166666666668
0 0.41574074074074074 0.6158854166666666 0.03333333333333333 0.01614583333333333
0 0.3509259259259259 0.4830729166666667 0.031481481481481485 0.018229166666666668
0 0.39212962962962966 0.4513020833333333 0.026851851851851852 0.019270833333333334
0 0.35879629629629634 0.46067708333333335 0.032407407407407406 0.018229166666666668
0 0.43842592592592594 0.4401041666666667 0.04166666666666667 0.016666666666666666
0 0.42129629629629634 0.45078124999999997 0.031481481481481485 0.01614583333333333
0 0.5504629629629629 0.14270833333333333 0.021296296296296296 0.016666666666666666
0 0.0925925925925926 0.465625 0.03333333333333333 0.01875
0 0.5537037037037037 0.19661458333333334 0.024074074074074074 0.015104166666666667
0 0.5907407407407408 0.25807291666666665 0.03518518518518519 0.018229166666666668
0 0.5023148148148149 0.2622395833333333 0.017592592592592594 0.0140625
0 0.5893518518518519 0.24947916666666667 0.036111111111111115 0.02395833333333333
0 0.5574074074074075 0.27317708333333335 0.03518518518518519 0.0234375
0 0.49583333333333335 0.3364583333333333 0.036111111111111115 0.02395833333333333
0 0.49583333333333335 0.35234375 0.019444444444444445 0.0171875
0 0.5115740740740741 0.35833333333333334 0.028703703703703703 0.016666666666666666
0 0.4953703703703704 0.40859375 0.024074074074074074 0.0171875
0 0.5342592592592593 0.42994791666666665 0.02777777777777778 0.018229166666666668
0 0.4564814814814815 0.42552083333333335 0.031481481481481485 0.01875
0 0.6222222222222222 0.365625 0.020370370370370372 0.013541666666666667
0 0.6060185185185185 0.38385416666666666 0.028703703703703703 0.014583333333333334
0 0.6199074074074075 0.44140625 0.028703703703703703 0.01614583333333333
0 0.5194444444444445 0.47421874999999997 0.037037037037037035 0.018229166666666668
0 0.525 0.4934895833333333 0.03333333333333333 0.019270833333333334
0 0.5055555555555555 0.51015625 0.03518518518518519 0.0171875
0 0.47870370370370374 0.6088541666666667 0.031481481481481485 0.015625
0 0.5300925925925926 0.59453125 0.026851851851851852 0.01614583333333333
0 0.512962962962963 0.6158854166666666 0.03518518518518519 0.019270833333333334
0 0.5259259259259259 0.6734375 0.03518518518518519 0.022916666666666665
0 0.4981481481481482 0.7671875 0.03888888888888889 0.019791666666666666
0 0.46296296296296297 0.7856770833333333 0.02592592592592593 0.030729166666666665
0 0.8430555555555556 0.6106770833333334 0.019444444444444445 0.0171875
0 0.8305555555555556 0.5979166666666667 0.02777777777777778 0.017708333333333333
0 0.7787037037037038 0.3078125 0.009259259259259259 0.005208333333333333
0 0.7148148148148148 0.32265625 0.014814814814814815 0.0109375
0 0.7648148148148148 0.2453125 0.016666666666666666 0.009375
0 0.8046296296296297 0.23020833333333332 0.016666666666666666 0.0125
0 0.5907407407407408 0.7044270833333334 0.03518518518518519 0.0203125
0 0.612037037037037 0.58671875 0.02962962962962963 0.018229166666666668
0 0.6648148148148149 0.5752604166666666 0.03518518518518519 0.0171875
0 0.6800925925925926 0.62109375 0.021296296296296296 0.011979166666666666
0 0.7240740740740741 0.7205729166666667 0.031481481481481485 0.0171875
0 0.7611111111111112 0.7255208333333333 0.02777777777777778 0.020833333333333332
0 0.625 0.7268229166666667 0.037037037037037035 0.0234375
0 0.5731481481481482 0.759375 0.031481481481481485 0.01875
0 0.7236111111111111 0.7453125 0.036111111111111115 0.022916666666666665
0 0.8625 0.49895833333333334 0.017592592592592594 0.008333333333333333
0 0.8569444444444445 0.5283854166666666 0.030555555555555558 0.0109375
0 0.6587962962962963 0.40208333333333335 0.032407407407407406 0.022916666666666665
0 0.662962962962963 0.4231770833333333 0.03333333333333333 0.0203125
0 0.7023148148148148 0.4348958333333333 0.036111111111111115 0.015625
0 0.7407407407407408 0.4036458333333333 0.031481481481481485 0.016666666666666666
0 0.7893518518518519 0.4197916666666667 0.025 0.014583333333333334
0 0.7685185185185186 0.4049479166666667 0.03333333333333333 0.018229166666666668
0 0.7828703703703704 0.5609375 0.030555555555555558 0.016666666666666666
0 0.13657407407407407 0.7643229166666666 0.030555555555555558 0.0203125
0 0.17500000000000002 0.4666666666666667 0.02962962962962963 0.014583333333333334
0 0.6407407407407407 0.61484375 0.018518518518518517 0.0140625
0 0.638425925925926 0.6059895833333333 0.030555555555555558 0.015104166666666667
0 0.5574074074074075 0.3328125 0.024074074074074074 0.010416666666666666
0 0.14444444444444446 0.5346354166666667 0.03888888888888889 0.019270833333333334
0 0.17592592592592593 0.4513020833333333 0.02592592592592593 0.01614583333333333
0 0.8856481481481482 0.7041666666666666 0.04166666666666667 0.025
0 0.6398148148148148 0.5416666666666666 0.024074074074074074 0.0125
0 0.9791666666666667 0.81875 0.03425925925925926 0.017708333333333333
0 0.8907407407407407 0.5484375 0.024074074074074074 0.015625
0 0.8726851851851852 0.48776041666666664 0.03425925925925926 0.018229166666666668
0 0.9634259259259259 0.559375 0.030555555555555558 0.015625
0 0.9208333333333334 0.54375 0.028703703703703703 0.016666666666666666
0 0.9259259259259259 0.5630208333333333 0.022222222222222223 0.011458333333333333
0 0.8745370370370371 0.39140625 0.030555555555555558 0.015104166666666667
0 0.9606481481481481 0.40208333333333335 0.028703703703703703 0.016666666666666666
0 0.8787037037037038 0.34375 0.018518518518518517 0.008333333333333333
0 0.9495370370370371 0.4401041666666667 0.026851851851851852 0.014583333333333334
0 0.9722222222222222 0.3671875 0.020370370370370372 0.011458333333333333
0 0.8916666666666667 0.18958333333333333 0.03888888888888889 0.026041666666666668
0 0.9462962962962963 0.2296875 0.031481481481481485 0.01875
0 0.9490740740740741 0.15859375 0.02592592592592593 0.0140625
0 0.975925925925926 0.13072916666666667 0.022222222222222223 0.017708333333333333
0 0.9893518518518519 0.11171874999999999 0.021296296296296296 0.022395833333333334
0 0.9319444444444445 0.21197916666666666 0.032407407407407406 0.017708333333333333
0 0.9310185185185186 0.2638020833333333 0.019444444444444445 0.0109375
0 0.9287037037037037 0.34375 0.018518518518518517 0.0125
0 0.8837962962962963 0.41640625 0.026851851851851852 0.013020833333333334
0 0.9546296296296297 0.8286458333333333 0.02777777777777778 0.017708333333333333
