0 0.03518518518518519 0.17083333333333334 0.022222222222222223 0.017708333333333333
0 0.09537037037037037 0.2421875 0.014814814814814815 0.013541666666666667
0 0.08657407407407408 0.17005208333333333 0.032407407407407406 0.021354166666666667
0 0.11481481481481481 0.15078125 0.02962962962962963 0.018229166666666668
0 0.14583333333333334 0.19010416666666666 0.021296296296296296 0.0125
0 0.15046296296296297 0.19166666666666665 0.021296296296296296 0.016666666666666666
0 0.2013888888888889 0.21432291666666667 0.021296296296296296 0.01614583333333333
0 0.2800925925925926 0.16536458333333334 0.028703703703703703 0.015104166666666667
0 0.24305555555555555 0.14739583333333334 0.017592592592592594 0.009375
0 0.23148148148148148 0.13828125 0.014814814814814815 0.0109375
0 0.2351851851851852 0.11276041666666667 0.020370370370370372 0.0140625
0 0.06805555555555556 0.33359375 0.021296296296296296 0.011979166666666666
0 0.07824074074074075 0.3723958333333333 0.028703703703703703 0.015625
0 0.2 0.34140625 0.018518518518518517 0.0109375
0 0.21944444444444444 0.3419270833333333 0.020370370370370372 0.011979166666666666
0 0.17037037037037037 0.4192708333333333 0.03333333333333333 0.019791666666666666
0 0.21064814814814817 0.46822916666666664 0.02314814814814815 0.010416666666666666
0 0.10648148148148148 0.55625 0.022222222222222223 0.021875
0 0.11990740740740741 0.5739583333333333 0.04537037037037037 0.017708333333333333
0 0.038425925925925926 0.5307291666666667 0.032407407407407406 0.02395833333333333
0 0.033796296296296297 0.56953125 0.025 0.015104166666666667
0 0.049074074074074076 0.5932291666666667 0.04259259259259259 0.022916666666666665
0 0.015740740740740743 0.5986979166666666 0.02962962962962963 0.01614583333333333
0 0.04722222222222222 0.7497395833333333 0.040740740740740744 0.022395833333333334
0 0.13425925925925927 0.6484375 0.031481481481481485 0.0125
0 0.08194444444444444 0.7333333333333333 0.030555555555555558 0.022916666666666665
0 0.24722222222222223 0.5661458333333333 0.020370370370370372 0.016666666666666666
0 0.23055555555555557 0.4984375 0.02962962962962963 0.020833333333333332
0 0.24027777777777778 0.5447916666666667 0.025 0.015625
0 0.27870370370370373 0.5744791666666667 0.02962962962962963 0.017708333333333333
0 0.33333333333333337 0.66640625 0.022222222222222223 0.021354166666666667
0 0.3615740740740741 0.6484375 0.030555555555555558 0.017708333333333333
0 0.39305555555555555 0.6174479166666667 0.032407407407407406 0.015104166666666667
0 0.32685185185185184 0.48411458333333335 0.031481481481481485 0.018229166666666668
0 0.3675925925925926 0.45286458333333335 0.02592592592592593 0.019270833333333334
0 0.33472222222222225 0.4622395833333333 0.032407407407407406 0.018229166666666668
0 0.4199074074074074 0.4419270833333333 0.032407407407407406 0.01614583333333333
0 0.39722222222222225 0.45208333333333334 0.031481481481481485 0.015625
0 0.5277777777777778 0.14375 0.022222222222222223 0.016666666666666666
0 0.061111111111111116 0.4666666666666667 0.037037037037037035 0.015625
0 0.5310185185185186 0.19791666666666666 0.02314814814814815 0.015625
0 0.5615740740740741 0.259375 0.036111111111111115 0.01875
0 0.5601851851851852 0.25104166666666666 0.03518518518518519 0.02395833333333333
0 0.5300925925925926 0.2747395833333333 0.03425925925925926 0.0234375
0 0.46990740740740744 0.3375 0.03425925925925926 0.02395833333333333
0 0.4902777777777778 0.35963541666666665 0.028703703703703703 0.01614583333333333
0 0.47314814814814815 0.40963541666666664 0.024074074074074074 0.0171875
0 0.5125000000000001 0.4302083333333333 0.028703703703703703 0.01875
0 0.43333333333333335 0.4265625 0.03333333333333333 0.01875
0 0.600462962962963 0.36640625 0.017592592592592594 0.011979166666666666
0 0.5856481481481481 0.38515625 0.026851851851851852 0.0140625
0 0.6 0.4421875 0.02777777777777778 0.016666666666666666
0 0.49583333333333335 0.4752604166666667 0.036111111111111115 0.0171875
0 0.5018518518518519 0.4942708333333333 0.031481481481481485 0.01875
0 0.48240740740740745 0.5114583333333333 0.03333333333333333 0.017708333333333333
0 0.5050925925925926 0.5958333333333333 0.026851851851851852 0.017708333333333333
0 0.48750000000000004 0.6166666666666667 0.03425925925925926 0.01875
0 0.5027777777777778 0.675 0.03518518518518519 0.022916666666666665
0 0.4740740740740741 0.7684895833333333 0.03888888888888889 0.019270833333333334
0 0.4365740740740741 0.7877604166666666 0.026851851851851852 0.0296875
0 0.8078703703703703 0.59921875 0.025 0.019270833333333334
0 0.8328703703703704 0.5283854166666666 0.026851851851851852 0.0140625
0 0.6930555555555555 0.3234375 0.01388888888888889 0.011458333333333333
0 0.7449074074074075 0.24609375 0.015740740740740743 0.009895833333333333
0 0.7837962962962963 0.23072916666666665 0.015740740740740743 0.0125
0 0.5648148148148149 0.7052083333333333 0.03333333333333333 0.019791666666666666
0 0.6439814814814815 0.57578125 0.03425925925925926 0.018229166666666668
0 0.6578703703703704 0.6221354166666666 0.021296296296296296 0.011979166666666666
0 0.7398148148148148 0.7263020833333333 0.031481481481481485 0.019270833333333334
0 0.5972222222222222 0.7286458333333333 0.037037037037037035 0.02395833333333333
0 0.5481481481481482 0.7604166666666666 0.02962962962962963 0.01875
0 0.7000000000000001 0.7466145833333333 0.03518518518518519 0.022395833333333334
0 0.8421296296296297 0.49947916666666664 0.017592592592592594 0.008333333333333333
0 0.6333333333333333 0.40338541666666666 0.031481481481481485 0.022395833333333334
0 0.638888888888889 0.4239583333333333 0.031481481481481485 0.019791666666666666
0 0.6782407407407408 0.4361979166666667 0.03425925925925926 0.015104166666666667
0 0.7152777777777778 0.4046875 0.028703703703703703 0.016666666666666666
0 0.7680555555555556 0.42109375 0.02314814814814815 0.015104166666666667
0 0.7430555555555556 0.4067708333333333 0.03425925925925926 0.01875
0 0.7611111111111112 0.5619791666666667 0.031481481481481485 0.016666666666666666
0 0.10648148148148148 0.7674479166666667 0.031481481481481485 0.0203125
0 0.15462962962962964 0.46848958333333335 0.02962962962962963 0.015104166666666667
0 0.6180555555555556 0.6158854166666666 0.019444444444444445 0.0140625
0 0.6175925925925926 0.6072916666666667 0.02962962962962963 0.014583333333333334
0 0.5356481481481482 0.33307291666666666 0.02314814814814815 0.011979166666666666
0 0.11851851851851852 0.5361979166666666 0.03888888888888889 0.019270833333333334
0 0.1564814814814815 0.45234375 0.024074074074074074 0.01614583333333333
0 0.8615740740740742 0.7046875 0.03981481481481482 0.02395833333333333
0 0.6212962962962963 0.5419270833333333 0.024074074074074074 0.011979166666666666
0 0.8601851851851852 0.41770833333333335 0.024074074074074074 0.014583333333333334
0 0.9569444444444445 0.8197916666666667 0.03425925925925926 0.017708333333333333
0 0.8666666666666667 0.5486979166666667 0.02592592592592593 0.015104166666666667
0 0.8490740740740741 0.48828125 0.03333333333333333 0.018229166666666668
0 0.9402777777777778 0.5598958333333334 0.030555555555555558 0.015625
0 0.8981481481481481 0.5442708333333334 0.02777777777777778 0.016666666666666666
0 0.9027777777777778 0.5638020833333334 0.020370370370370372 0.011979166666666666
0 0.850462962962963 0.3927083333333333 0.030555555555555558 0.014583333333333334
0 0.9833333333333334 0.39427083333333335 0.016666666666666666 0.010416666666666666
0 0.9356481481481482 0.403125 0.028703703703703703 0.016666666666666666
0 0.8569444444444445 0.34479166666666666 0.017592592592592594 0.008333333333333333
0 0.9287037037037037 0.44036458333333334 0.02592592592592593 0.0140625
0 0.9490740740740741 0.36796875 0.020370370370370372 0.011979166666666666
0 0.8666666666666667 0.19088541666666667 0.03888888888888889 0.0265625
0 0.9231481481481482 0.23098958333333333 0.031481481481481485 0.018229166666666668
0 0.924537037037037 0.15885416666666666 0.026851851851851852 0.015625
0 0.9537037037037037 0.13177083333333334 0.022222222222222223 0.017708333333333333
0 0.9731481481481482 0.11197916666666667 0.03333333333333333 0.021875
0 0.9092592592592593 0.21276041666666667 0.02962962962962963 0.0171875
0 0.9069444444444444 0.26458333333333334 0.019444444444444445 0.010416666666666666
0 0.9087962962962963 0.3453125 0.021296296296296296 0.013541666666666667
0 0.9606481481481481 0.7869791666666667 0.036111111111111115 0.016666666666666666
0 0.9337962962962963 0.8296875 0.026851851851851852 0.017708333333333333
