0 0.02777777777777778 0.17083333333333334 0.022222222222222223 0.017708333333333333
0 0.08703703703703704 0.24192708333333332 0.014814814814814815 0.013020833333333334
0 0.07916666666666666 0.16953125 0.032407407407407406 0.021354166666666667
0 0.10972222222222222 0.15026041666666667 0.028703703703703703 0.018229166666666668
0 0.13842592592592592 0.18932291666666667 0.021296296296296296 0.013020833333333334
0 0.14212962962962963 0.19088541666666667 0.02314814814814815 0.01614583333333333
0 0.19351851851851853 0.21458333333333332 0.022222222222222223 0.015625
0 0.27361111111111114 0.16432291666666665 0.028703703703703703 0.015104166666666667
0 0.2337962962962963 0.14739583333333334 0.017592592592592594 0.010416666666666666
0 0.22314814814814815 0.13802083333333334 0.014814814814814815 0.010416666666666666
0 0.22685185185185186 0.11223958333333334 0.020370370370370372 0.0140625
0 0.05925925925925926 0.33359375 0.020370370370370372 0.0109375
0 0.06898148148148149 0.3723958333333333 0.028703703703703703 0.015625
0 0.1925925925925926 0.34140625 0.018518518518518517 0.0109375
0 0.21157407407407408 0.3424479166666667 0.019444444444444445 0.011979166666666666
0 0.16203703703703703 0.4192708333333333 0.03333333333333333 0.019791666666666666
0 0.20324074074074075 0.46822916666666664 0.02314814814814815 0.010416666666666666
0 0.09814814814814815 0.5557291666666666 0.024074074074074074 0.020833333333333332
0 0.1125 0.5736979166666667 0.04537037037037037 0.018229166666666668
0 0.027314814814814816 0.5309895833333333 0.032407407407407406 0.024479166666666666
0 0.02592592592592593 0.5690104166666666 0.024074074074074074 0.015104166666666667
0 0.04120370370370371 0.5932291666666667 0.04351851851851852 0.022916666666666665
0 0.011574074074074075 0.5984375 0.021296296296296296 0.014583333333333334
0 0.03888888888888889 0.7502604166666667 0.03888888888888889 0.021354166666666667
0 0.12731481481481483 0.6481770833333333 0.028703703703703703 0.011979166666666666
0 0.23981481481481481 0.5661458333333333 0.020370370370370372 0.016666666666666666
0 0.22268518518518518 0.4984375 0.030555555555555558 0.020833333333333332
0 0.23333333333333334 0.5442708333333334 0.02592592592592593 0.015625
0 0.27037037037037037 0.5744791666666667 0.02962962962962963 0.017708333333333333
0 0.32592592592592595 0.6661458333333333 0.022222222222222223 0.021875
0 0.3550925925925926 0.6479166666666667 0.030555555555555558 0.017708333333333333
0 0.3856481481481482 0.6169270833333333 0.03425925925925926 0.015104166666666667
0 0.32037037037037036 0.48411458333333335 0.031481481481481485 0.018229166666666668
0 0.3597222222222222 0.45260416666666664 0.026851851851851852 0.01875
0 0.32731481481481484 0.46197916666666666 0.032407407407407406 0.01875
0 0.4134259259259259 0.44140625 0.032407407407407406 0.01614583333333333
0 0.3893518518518519 0.45208333333333334 0.032407407407407406 0.015625
0 0.5222222222222223 0.14375 0.022222222222222223 0.016666666666666666
0 0.5236111111111111 0.19739583333333333 0.02314814814814815 0.015625
0 0.5532407407407408 0.25885416666666666 0.036111111111111115 0.01875
0 0.5523148148148148 0.25078125 0.036111111111111115 0.0234375
0 0.5212962962962964 0.2739583333333333 0.03518518518518519 0.02395833333333333
0 0.4625 0.33697916666666666 0.03425925925925926 0.02395833333333333
0 0.4828703703703704 0.35963541666666665 0.028703703703703703 0.01614583333333333
0 0.46574074074074073 0.409375 0.024074074074074074 0.016666666666666666
0 0.5064814814814815 0.4302083333333333 0.02777777777777778 0.01875
0 0.42638888888888893 0.4265625 0.032407407407407406 0.01875
0 0.5935185185185186 0.3658854166666667 0.018518518518518517 0.011979166666666666
0 0.5782407407407407 0.3846354166666667 0.026851851851851852 0.0140625
0 0.5939814814814816 0.4419270833333333 0.028703703703703703 0.0171875
0 0.48842592592592593 0.4752604166666667 0.03425925925925926 0.0171875
0 0.49444444444444446 0.4942708333333333 0.031481481481481485 0.01875
0 0.6458333333333334 0.7325520833333333 0.017592592592592594 0.01614583333333333
0 0.47453703703703703 0.5114583333333333 0.032407407407407406 0.017708333333333333
0 0.49768518518518523 0.59609375 0.026851851851851852 0.0171875
0 0.4791666666666667 0.6166666666666667 0.03425925925925926 0.01875
0 0.4953703703703704 0.6747395833333333 0.03518518518518519 0.022395833333333334
0 0.46620370370370373 0.76875 0.03981481481481482 0.019791666666666666
0 0.4291666666666667 0.7885416666666667 0.026851851851851852 0.030208333333333334
0 0.8277777777777778 0.5283854166666666 0.02777777777777778 0.015104166666666667
0 0.8018518518518519 0.5989583333333334 0.02592592592592593 0.01875
0 0.6856481481481482 0.32369791666666664 0.01388888888888889 0.0109375
0 0.7393518518518519 0.24557291666666667 0.015740740740740743 0.009895833333333333
0 0.7773148148148148 0.23072916666666665 0.015740740740740743 0.0125
0 0.5574074074074075 0.7049479166666667 0.03333333333333333 0.019270833333333334
0 0.6356481481481482 0.5755208333333334 0.03425925925925926 0.017708333333333333
0 0.65 0.62265625 0.022222222222222223 0.011979166666666666
0 0.7333333333333334 0.72578125 0.03333333333333333 0.019270833333333334
0 0.5875 0.72890625 0.03796296296296296 0.0234375
0 0.5398148148148149 0.76015625 0.02777777777777778 0.019270833333333334
0 0.6925925925925926 0.746875 0.03518518518518519 0.021875
0 0.8356481481481481 0.49947916666666664 0.015740740740740743 0.008333333333333333
0 0.625462962962963 0.403125 0.030555555555555558 0.022916666666666665
0 0.6310185185185185 0.4239583333333333 0.032407407407407406 0.019791666666666666
0 0.6694444444444445 0.4361979166666667 0.03333333333333333 0.015104166666666667
0 0.7083333333333334 0.4044270833333333 0.02962962962962963 0.0171875
0 0.7625000000000001 0.4205729166666667 0.02314814814814815 0.015104166666666667
0 0.7351851851851852 0.40598958333333335 0.03333333333333333 0.019270833333333334
0 0.7532407407407408 0.5614583333333333 0.032407407407407406 0.016666666666666666
0 0.09722222222222222 0.7674479166666667 0.031481481481481485 0.0203125
0 0.1486111111111111 0.46822916666666664 0.030555555555555558 0.015625
0 0.6106481481481482 0.6158854166666666 0.019444444444444445 0.0140625
0 0.6092592592592593 0.60703125 0.02962962962962963 0.015104166666666667
0 0.5287037037037037 0.33307291666666666 0.024074074074074074 0.011979166666666666
0 0.11157407407407408 0.53671875 0.03981481481481482 0.019270833333333334
0 0.14907407407407408 0.45286458333333335 0.024074074074074074 0.01614583333333333
0 0.8541666666666667 0.7046875 0.03981481481481482 0.02395833333333333
0 0.6157407407407408 0.5421875 0.024074074074074074 0.010416666666666666
0 0.9495370370370371 0.8192708333333333 0.032407407407407406 0.01875
0 0.862037037037037 0.5494791666666666 0.02962962962962963 0.015625
0 0.8425925925925927 0.48828125 0.03333333333333333 0.018229166666666668
0 0.9328703703703705 0.5598958333333334 0.030555555555555558 0.015625
0 0.8902777777777778 0.5442708333333334 0.028703703703703703 0.016666666666666666
0 0.8962962962962964 0.5635416666666666 0.020370370370370372 0.0125
0 0.8425925925925927 0.3921875 0.031481481481481485 0.014583333333333334
0 0.975925925925926 0.39479166666666665 0.016666666666666666 0.010416666666666666
0 0.9282407407407408 0.4028645833333333 0.028703703703703703 0.01614583333333333
0 0.85 0.3442708333333333 0.018518518518518517 0.008333333333333333
0 0.9212962962962963 0.44036458333333334 0.02592592592592593 0.0140625
0 0.9416666666666667 0.3677083333333333 0.020370370370370372 0.011458333333333333
0 0.8583333333333334 0.19088541666666667 0.03888888888888889 0.0265625
0 0.9157407407407407 0.23072916666666665 0.031481481481481485 0.01875
0 0.9180555555555556 0.15911458333333334 0.026851851851851852 0.015104166666666667
0 0.9472222222222223 0.13177083333333334 0.022222222222222223 0.017708333333333333
0 0.9662037037037038 0.11197916666666667 0.03425925925925926 0.021875
0 0.9027777777777778 0.21302083333333333 0.02962962962962963 0.017708333333333333
0 0.899537037037037 0.26484375 0.019444444444444445 0.0109375
0 0.9027777777777778 0.34453125 0.020370370370370372 0.013020833333333334
0 0.951388888888889 0.7869791666666667 0.036111111111111115 0.016666666666666666
0 0.8527777777777779 0.41770833333333335 0.02592592592592593 0.013541666666666667
0 0.9263888888888889 0.8294270833333334 0.026851851851851852 0.018229166666666668
