0 0.01898148148148148 0.17057291666666666 0.021296296296296296 0.01614583333333333
0 0.07962962962962963 0.24192708333333332 0.014814814814814815 0.013020833333333334
0 0.06944444444444445 0.16901041666666666 0.03333333333333333 0.021354166666666667
0 0.10092592592592593 0.15 0.03333333333333333 0.015625
0 0.13055555555555556 0.18880208333333334 0.022222222222222223 0.013020833333333334
0 0.18611111111111112 0.21380208333333334 0.022222222222222223 0.015104166666666667
0 0.26712962962962966 0.1640625 0.028703703703703703 0.015625
0 0.2263888888888889 0.14661458333333333 0.017592592592592594 0.009895833333333333
0 0.21481481481481482 0.1375 0.014814814814814815 0.010416666666666666
0 0.21944444444444444 0.11171874999999999 0.020370370370370372 0.0140625
0 0.050462962962962966 0.33307291666666666 0.019444444444444445 0.0109375
0 0.059722222222222225 0.371875 0.028703703703703703 0.015625
0 0.18472222222222223 0.34088541666666666 0.017592592592592594 0.0109375
0 0.20462962962962963 0.34140625 0.020370370370370372 0.011979166666666666
0 0.15324074074074073 0.41901041666666666 0.03425925925925926 0.0203125
0 0.1953703703703704 0.46770833333333334 0.022222222222222223 0.010416666666666666
0 0.08981481481481482 0.5557291666666666 0.024074074074074074 0.021875
0 0.1050925925925926 0.5736979166666667 0.04722222222222222 0.018229166666666668
0 0.017592592592592594 0.5309895833333333 0.031481481481481485 0.0234375
0 0.018055555555555557 0.5690104166666666 0.025 0.0140625
0 0.032407407407407406 0.59296875 0.04259259259259259 0.022395833333333334
0 0.030092592592592594 0.7505208333333333 0.03981481481481482 0.019791666666666666
0 0.11944444444444445 0.64765625 0.02962962962962963 0.0109375
0 0.23148148148148148 0.5661458333333333 0.020370370370370372 0.016666666666666666
0 0.21481481481481482 0.4979166666666667 0.02962962962962963 0.020833333333333332
0 0.22592592592592595 0.5442708333333334 0.02592592592592593 0.015625
0 0.26342592592592595 0.5744791666666667 0.030555555555555558 0.017708333333333333
0 0.3180555555555556 0.6658854166666667 0.021296296296296296 0.021354166666666667
0 0.3472222222222222 0.6486979166666667 0.02962962962962963 0.018229166666666668
0 0.3791666666666667 0.6174479166666667 0.03425925925925926 0.015104166666666667
0 0.31203703703703706 0.48385416666666664 0.031481481481481485 0.017708333333333333
0 0.3523148148148148 0.45260416666666664 0.026851851851851852 0.01875
0 0.32037037037037036 0.46197916666666666 0.03333333333333333 0.017708333333333333
0 0.40555555555555556 0.44140625 0.031481481481481485 0.01614583333333333
0 0.3824074074074074 0.4518229166666667 0.03333333333333333 0.01614583333333333
0 0.5157407407407407 0.14322916666666666 0.022222222222222223 0.016666666666666666
0 0.5171296296296296 0.19739583333333333 0.02314814814814815 0.015625
0 0.5439814814814815 0.2583333333333333 0.036111111111111115 0.01875
0 0.5435185185185185 0.25078125 0.03518518518518519 0.024479166666666666
0 0.512962962962963 0.27369791666666665 0.03518518518518519 0.024479166666666666
0 0.45462962962962966 0.3372395833333333 0.03518518518518519 0.0234375
0 0.4763888888888889 0.35963541666666665 0.028703703703703703 0.01614583333333333
0 0.45833333333333337 0.40911458333333334 0.024074074074074074 0.0171875
0 0.500925925925926 0.4302083333333333 0.02777777777777778 0.01875
0 0.41944444444444445 0.4263020833333333 0.031481481481481485 0.019270833333333334
0 0.5865740740740741 0.36614583333333334 0.017592592592592594 0.011458333333333333
0 0.5717592592592593 0.3846354166666667 0.026851851851851852 0.0140625
0 0.587962962962963 0.4419270833333333 0.02777777777777778 0.0171875
0 0.4810185185185185 0.475 0.03425925925925926 0.017708333333333333
0 0.4865740740740741 0.4942708333333333 0.030555555555555558 0.01875
0 0.46620370370370373 0.5111979166666667 0.030555555555555558 0.0171875
0 0.48888888888888893 0.5955729166666667 0.02777777777777778 0.0171875
0 0.4712962962962963 0.61640625 0.03333333333333333 0.018229166666666668
0 0.487962962962963 0.6744791666666666 0.03518518518518519 0.022916666666666665
0 0.4569444444444445 0.76875 0.03981481481481482 0.019791666666666666
0 0.41944444444444445 0.7885416666666667 0.02777777777777778 0.030208333333333334
0 0.7949074074074074 0.5986979166666666 0.025 0.018229166666666668
0 0.6791666666666667 0.32369791666666664 0.01388888888888889 0.0109375
0 0.8203703703703704 0.5286458333333334 0.02592592592592593 0.014583333333333334
0 0.7328703703703704 0.24609375 0.015740740740740743 0.009895833333333333
0 0.7717592592592593 0.23072916666666665 0.015740740740740743 0.0125
0 0.5476851851851852 0.7052083333333333 0.03425925925925926 0.019791666666666666
0 0.6291666666666667 0.5760416666666667 0.03425925925925926 0.017708333333333333
0 0.6430555555555556 0.6223958333333334 0.021296296296296296 0.011458333333333333
0 0.7268518518518519 0.72578125 0.03333333333333333 0.019270833333333334
0 0.6370370370370371 0.7333333333333333 0.018518518518518517 0.017708333333333333
0 0.5791666666666667 0.72890625 0.03796296296296296 0.0234375
0 0.5314814814814816 0.7604166666666666 0.02777777777777778 0.019791666666666666
0 0.6842592592592592 0.7466145833333333 0.03518518518518519 0.022395833333333334
0 0.8296296296296297 0.5002604166666667 0.016666666666666666 0.0078125
0 0.6171296296296297 0.4028645833333333 0.030555555555555558 0.022395833333333334
0 0.6240740740740741 0.4239583333333333 0.031481481481481485 0.019791666666666666
0 0.6625 0.4356770833333333 0.032407407407407406 0.015104166666666667
0 0.700462962962963 0.4049479166666667 0.030555555555555558 0.0171875
0 0.7550925925925926 0.4205729166666667 0.02314814814814815 0.015104166666666667
0 0.7273148148148149 0.40651041666666665 0.032407407407407406 0.019270833333333334
0 0.7472222222222222 0.5614583333333333 0.02962962962962963 0.016666666666666666
0 0.08703703703703704 0.7677083333333333 0.031481481481481485 0.019791666666666666
0 0.14120370370370372 0.46770833333333334 0.030555555555555558 0.014583333333333334
0 0.6041666666666667 0.615625 0.019444444444444445 0.014583333333333334
0 0.6023148148148149 0.6072916666666667 0.030555555555555558 0.014583333333333334
0 0.5226851851851853 0.33229166666666665 0.025 0.0125
0 0.10416666666666667 0.53671875 0.03796296296296296 0.019270833333333334
0 0.14305555555555557 0.45208333333333334 0.026851851851851852 0.015625
0 0.8467592592592593 0.7049479166666667 0.03796296296296296 0.024479166666666666
0 0.6097222222222223 0.5419270833333333 0.025 0.009895833333333333
0 0.9421296296296297 0.8197916666666667 0.032407407407407406 0.01875
0 0.8546296296296296 0.54921875 0.02962962962962963 0.015104166666666667
0 0.8342592592592593 0.48828125 0.03333333333333333 0.018229166666666668
0 0.9263888888888889 0.5598958333333334 0.030555555555555558 0.015625
0 0.8828703703703704 0.54453125 0.026851851851851852 0.01614583333333333
0 0.888425925925926 0.56328125 0.021296296296296296 0.011979166666666666
0 0.8351851851851853 0.3924479166666667 0.031481481481481485 0.0140625
0 0.9675925925925927 0.39479166666666665 0.016666666666666666 0.010416666666666666
0 0.9208333333333334 0.4028645833333333 0.028703703703703703 0.01614583333333333
0 0.8435185185185186 0.3442708333333333 0.018518518518518517 0.008333333333333333
0 0.9143518518518519 0.440625 0.025 0.014583333333333334
0 0.9351851851851852 0.36822916666666666 0.020370370370370372 0.011458333333333333
0 0.8518518518518519 0.19088541666666667 0.03888888888888889 0.0265625
0 0.9083333333333333 0.23046875 0.031481481481481485 0.018229166666666668
0 0.9115740740740741 0.15885416666666666 0.026851851851851852 0.015625
0 0.9402777777777778 0.13203125 0.021296296296296296 0.018229166666666668
0 0.9606481481481481 0.11197916666666667 0.03425925925925926 0.021875
0 0.8976851851851853 0.21276041666666667 0.028703703703703703 0.018229166666666668
0 0.8930555555555556 0.2643229166666667 0.019444444444444445 0.0109375
0 0.8958333333333334 0.34479166666666666 0.021296296296296296 0.013541666666666667
0 0.9439814814814815 0.7869791666666667 0.036111111111111115 0.016666666666666666
0 0.8458333333333333 0.41744791666666664 0.026851851851851852 0.013020833333333334
0 0.9189814814814815 0.8294270833333334 0.026851851851851852 0.018229166666666668
