0 0.9444444444444445 0.24088541666666666 0.014814814814814815 0.013020833333333334
0 0.9555555555555556 0.16744791666666667 0.03333333333333333 0.0203125
0 0.924537037037037 0.14765625 0.032407407407407406 0.0171875
0 0.8925925925925926 0.1875 0.020370370370370372 0.0125
0 0.837962962962963 0.21276041666666667 0.022222222222222223 0.015104166666666667
0 0.7564814814814815 0.16276041666666666 0.024074074074074074 0.0140625
0 0.799537037037037 0.1453125 0.017592592592592594 0.009375
0 0.8101851851851852 0.13567708333333334 0.014814814814814815 0.0109375
0 0.8037037037037037 0.10963541666666667 0.020370370370370372 0.0140625
0 0.9768518518518519 0.33177083333333335 0.018518518518518517 0.011458333333333333
0 0.9694444444444444 0.37083333333333335 0.02962962962962963 0.015625
0 0.8384259259259259 0.34010416666666665 0.019444444444444445 0.011458333333333333
0 0.8175925925925926 0.3403645833333333 0.020370370370370372 0.011979166666666666
0 0.8731481481481482 0.41822916666666665 0.03518518518518519 0.019791666666666666
0 0.8282407407407407 0.4671875 0.021296296296296296 0.009375
0 0.9347222222222222 0.5544270833333333 0.02314814814814815 0.0171875
0 0.9180555555555556 0.5736979166666667 0.04722222222222222 0.019270833333333334
0 0.9861111111111112 0.59296875 0.02777777777777778 0.0234375
0 0.9856481481481482 0.7497395833333333 0.028703703703703703 0.0203125
0 0.7921296296296296 0.56640625 0.02314814814814815 0.0171875
0 0.8101851851851852 0.4979166666666667 0.02962962962962963 0.019791666666666666
0 0.7958333333333334 0.5427083333333333 0.026851851851851852 0.013541666666666667
0 0.7597222222222223 0.5739583333333333 0.030555555555555558 0.017708333333333333
0 0.7055555555555556 0.665625 0.020370370370370372 0.020833333333333332
0 0.6759259259259259 0.6481770833333333 0.031481481481481485 0.018229166666666668
0 0.6439814814814815 0.6174479166666667 0.03425925925925926 0.01614583333333333
0 0.7106481481481481 0.48359375 0.032407407407407406 0.018229166666666668
0 0.6712962962962963 0.45208333333333334 0.02592592592592593 0.01875
0 0.7032407407407407 0.46171875 0.03425925925925926 0.018229166666666668
0 0.6162037037037037 0.44088541666666664 0.032407407407407406 0.01614583333333333
0 0.6421296296296296 0.4513020833333333 0.03425925925925926 0.01614583333333333
0 0.5046296296296297 0.14192708333333334 0.024074074074074074 0.0171875
0 0.5037037037037038 0.19635416666666666 0.022222222222222223 0.015625
0 0.48240740740740745 0.25755208333333335 0.037037037037037035 0.018229166666666668
0 0.48379629629629634 0.24947916666666667 0.036111111111111115 0.02395833333333333
0 0.5125000000000001 0.27265625 0.036111111111111115 0.024479166666666666
0 0.5699074074074074 0.33619791666666665 0.036111111111111115 0.0234375
0 0.5439814814814815 0.35885416666666664 0.028703703703703703 0.016666666666666666
0 0.5472222222222223 0.3419270833333333 0.02592592592592593 0.018229166666666668
0 0.563425925925926 0.4088541666666667 0.02314814814814815 0.016666666666666666
0 0.5189814814814815 0.4296875 0.026851851851851852 0.01875
0 0.6032407407407407 0.42604166666666665 0.032407407407407406 0.01875
0 0.4356481481481482 0.36484375 0.017592592592592594 0.0109375
0 0.4486111111111111 0.3841145833333333 0.025 0.013020833333333334
0 0.4287037037037037 0.44166666666666665 0.02962962962962963 0.017708333333333333
0 0.5407407407407407 0.475 0.03518518518518519 0.017708333333333333
0 0.5356481481481482 0.49374999999999997 0.030555555555555558 0.01875
0 0.5574074074074075 0.5111979166666667 0.02962962962962963 0.0171875
0 0.5356481481481482 0.5955729166666667 0.026851851851851852 0.018229166666666668
0 0.5546296296296297 0.6166666666666667 0.03333333333333333 0.01875
0 0.5370370370370371 0.675 0.03518518518518519 0.022916666666666665
0 0.5675925925925926 0.76953125 0.03888888888888889 0.0203125
0 0.6055555555555556 0.7890625 0.02962962962962963 0.029166666666666667
0 0.22777777777777777 0.59921875 0.031481481481481485 0.0171875
0 0.3402777777777778 0.32317708333333334 0.01388888888888889 0.0109375
0 0.2847222222222222 0.24505208333333334 0.015740740740740743 0.009895833333333333
0 0.24722222222222223 0.23020833333333332 0.014814814814814815 0.0125
0 0.4777777777777778 0.70546875 0.03518518518518519 0.019270833333333334
0 0.39212962962962966 0.5755208333333334 0.03425925925925926 0.017708333333333333
0 0.3791666666666667 0.62265625 0.021296296296296296 0.011979166666666666
0 0.2949074074074074 0.72578125 0.036111111111111115 0.0203125
0 0.3888888888888889 0.7341145833333333 0.022222222222222223 0.019270833333333334
0 0.4481481481481482 0.7291666666666666 0.037037037037037035 0.02395833333333333
0 0.4962962962962963 0.7614583333333333 0.020370370370370372 0.01875
0 0.33981481481481485 0.7463541666666667 0.03333333333333333 0.021875
0 0.1925925925925926 0.49973958333333335 0.012962962962962964 0.0078125
0 0.2013888888888889 0.528125 0.028703703703703703 0.0125
0 0.4050925925925926 0.40260416666666665 0.030555555555555558 0.022916666666666665
0 0.40046296296296297 0.42343749999999997 0.030555555555555558 0.019791666666666666
0 0.36203703703703705 0.4354166666666667 0.03333333333333333 0.014583333333333334
0 0.3231481481481482 0.4046875 0.02777777777777778 0.017708333333333333
0 0.26296296296296295 0.42083333333333334 0.022222222222222223 0.014583333333333334
0 0.2962962962962963 0.40598958333333335 0.03333333333333333 0.019270833333333334
0 0.274537037037037 0.56171875 0.030555555555555558 0.0171875
0 0.9435185185185185 0.76796875 0.031481481481481485 0.0203125
0 0.8787037037037038 0.46640624999999997 0.02962962962962963 0.0140625
0 0.4185185185185185 0.6158854166666666 0.018518518518518517 0.0140625
0 0.4185185185185185 0.6067708333333334 0.02962962962962963 0.014583333333333334
0 0.49768518518518523 0.33151041666666664 0.025 0.013020833333333334
0 0.9208333333333334 0.5356770833333333 0.03796296296296296 0.019270833333333334
0 0.8773148148148149 0.4518229166666667 0.026851851851851852 0.015104166666666667
0 0.17685185185185187 0.7052083333333333 0.03888888888888889 0.025
0 0.4078703703703704 0.5419270833333333 0.025 0.009895833333333333
0 0.08055555555555556 0.8208333333333333 0.03333333333333333 0.019791666666666666
0 0.02592592592592593 0.6557291666666667 0.02777777777777778 0.016666666666666666
0 0.018055555555555557 0.6213541666666667 0.030555555555555558 0.016666666666666666
0 0.1675925925925926 0.54921875 0.02962962962962963 0.015104166666666667
0 0.1865740740740741 0.48802083333333335 0.032407407407407406 0.017708333333333333
0 0.09583333333333334 0.56015625 0.030555555555555558 0.01614583333333333
0 0.1388888888888889 0.5442708333333334 0.02777777777777778 0.016666666666666666
0 0.13240740740740742 0.5630208333333333 0.020370370370370372 0.0125
0 0.2726851851851852 0.43515624999999997 0.019444444444444445 0.011979166666666666
0 0.18611111111111112 0.3919270833333333 0.031481481481481485 0.0140625
0 0.05601851851851852 0.39453125 0.015740740740740743 0.009895833333333333
0 0.10138888888888889 0.4028645833333333 0.028703703703703703 0.01614583333333333
0 0.17731481481481481 0.34375 0.017592592592592594 0.008333333333333333
0 0.10648148148148148 0.44036458333333334 0.02592592592592593 0.0140625
0 0.08703703703703704 0.36796875 0.020370370370370372 0.011979166666666666
0 0.17083333333333334 0.18984375 0.03796296296296296 0.0265625
0 0.11203703703703705 0.23020833333333332 0.031481481481481485 0.01875
0 0.1087962962962963 0.15807291666666667 0.026851851851851852 0.01614583333333333
0 0.1050925925925926 0.17265625 0.02314814814814815 0.009895833333333333
0 0.07824074074074075 0.13046875 0.021296296296296296 0.018229166666666668
0 0.0587962962962963 0.11067708333333333 0.03425925925925926 0.022395833333333334
0 0.12314814814814816 0.21171874999999998 0.02592592592592593 0.018229166666666668
0 0.1287037037037037 0.2643229166666667 0.018518518518518517 0.0109375
0 0.12175925925925926 0.34479166666666666 0.02314814814814815 0.013541666666666667
0 0.08148148148148149 0.7877604166666666 0.037037037037037035 0.0171875
0 0.17546296296296296 0.41770833333333335 0.026851851851851852 0.013541666666666667
0 0.10324074074074074 0.8299479166666667 0.026851851851851852 0.018229166666666668
