0 0.04953703703703704 0.24088541666666666 0.015740740740740743 0.011979166666666666
0 0.03796296296296296 0.16666666666666666 0.03333333333333333 0.020833333333333332
0 0.06851851851851852 0.14739583333333334 0.03518518518518519 0.015625
0 0.10231481481481482 0.18671875 0.019444444444444445 0.011979166666666666
0 0.1564814814814815 0.21223958333333334 0.022222222222222223 0.015104166666666667
0 0.23935185185185187 0.16223958333333333 0.025 0.0140625
0 0.19398148148148148 0.14479166666666665 0.017592592592592594 0.009375
0 0.18333333333333335 0.13489583333333333 0.014814814814814815 0.010416666666666666
0 0.18981481481481483 0.10911458333333333 0.020370370370370372 0.0140625
0 0.016203703703703703 0.33151041666666664 0.017592592592592594 0.0109375
0 0.02361111111111111 0.37005208333333334 0.028703703703703703 0.01614583333333333
0 0.1564814814814815 0.34010416666666665 0.020370370370370372 0.011458333333333333
0 0.17592592592592593 0.34010416666666665 0.020370370370370372 0.011458333333333333
0 0.11898148148148148 0.41796875 0.03425925925925926 0.019270833333333334
0 0.16620370370370371 0.4669270833333333 0.021296296296296296 0.009895833333333333
0 0.05925925925925926 0.5544270833333333 0.02777777777777778 0.0140625
0 0.07592592592592592 0.5739583333333333 0.04814814814814815 0.019791666666666666
0 0.011111111111111112 0.5932291666666667 0.020370370370370372 0.021875
0 0.20277777777777778 0.56640625 0.022222222222222223 0.0171875
0 0.18333333333333335 0.4981770833333333 0.02962962962962963 0.019270833333333334
0 0.19861111111111113 0.5427083333333333 0.026851851851851852 0.013541666666666667
0 0.23425925925925928 0.5739583333333333 0.031481481481481485 0.017708333333333333
0 0.2888888888888889 0.665625 0.020370370370370372 0.020833333333333332
0 0.31851851851851853 0.6486979166666667 0.031481481481481485 0.018229166666666668
0 0.3509259259259259 0.6174479166666667 0.03518518518518519 0.01614583333333333
0 0.2837962962962963 0.48333333333333334 0.032407407407407406 0.017708333333333333
0 0.32222222222222224 0.4518229166666667 0.02592592592592593 0.018229166666666668
0 0.2916666666666667 0.4609375 0.03518518518518519 0.01875
0 0.37777777777777777 0.44088541666666664 0.03333333333333333 0.01614583333333333
0 0.3523148148148148 0.4510416666666667 0.036111111111111115 0.015625
0 0.49074074074074076 0.14166666666666666 0.022222222222222223 0.016666666666666666
0 0.4916666666666667 0.19609375 0.022222222222222223 0.015104166666666667
0 0.5101851851851852 0.25755208333333335 0.037037037037037035 0.018229166666666668
0 0.5078703703703704 0.24921875 0.036111111111111115 0.024479166666666666
0 0.47962962962962963 0.2721354166666667 0.03518518518518519 0.024479166666666666
0 0.4236111111111111 0.3359375 0.036111111111111115 0.02395833333333333
0 0.45046296296296295 0.35859375 0.028703703703703703 0.0171875
0 0.4481481481481482 0.3419270833333333 0.02777777777777778 0.018229166666666668
0 0.4310185185185185 0.40859375 0.02314814814814815 0.0171875
0 0.475462962962963 0.4302083333333333 0.026851851851851852 0.019791666666666666
0 0.3912037037037037 0.42578125 0.032407407407407406 0.018229166666666668
0 0.5592592592592592 0.36484375 0.016666666666666666 0.0109375
0 0.5472222222222223 0.38359375 0.024074074074074074 0.011979166666666666
0 0.5652777777777778 0.4419270833333333 0.028703703703703703 0.0171875
0 0.4532407407407408 0.4747395833333333 0.03425925925925926 0.0171875
0 0.45833333333333337 0.49374999999999997 0.02962962962962963 0.01875
0 0.43703703703703706 0.5111979166666667 0.02962962962962963 0.0171875
0 0.4587962962962963 0.5958333333333333 0.026851851851851852 0.01875
0 0.4388888888888889 0.6161458333333333 0.03333333333333333 0.017708333333333333
0 0.45787037037037037 0.6752604166666667 0.036111111111111115 0.022395833333333334
0 0.42638888888888893 0.7692708333333333 0.03981481481481482 0.019791666666666666
0 0.3875 0.7893229166666667 0.028703703703703703 0.0296875
0 0.7680555555555556 0.59921875 0.032407407407407406 0.0171875
0 0.6546296296296297 0.32265625 0.014814814814814815 0.0109375
0 0.7115740740740741 0.24453125 0.015740740740740743 0.009895833333333333
0 0.7472222222222222 0.2296875 0.014814814814814815 0.0125
0 0.5157407407407407 0.70546875 0.03518518518518519 0.019270833333333334
0 0.6018518518518519 0.5752604166666666 0.03333333333333333 0.018229166666666668
0 0.6166666666666667 0.62265625 0.022222222222222223 0.011979166666666666
0 0.700462962962963 0.72578125 0.036111111111111115 0.0203125
0 0.6046296296296296 0.734375 0.024074074074074074 0.019791666666666666
0 0.5439814814814815 0.72890625 0.03981481481481482 0.0234375
0 0.4986111111111111 0.7609375 0.021296296296296296 0.017708333333333333
0 0.6546296296296297 0.74609375 0.03333333333333333 0.021354166666666667
0 0.8027777777777778 0.5 0.012962962962962964 0.007291666666666667
0 0.7930555555555556 0.5278645833333333 0.028703703703703703 0.011979166666666666
0 0.5875 0.40260416666666665 0.030555555555555558 0.022916666666666665
0 0.5939814814814816 0.42421875 0.030555555555555558 0.0203125
0 0.6314814814814815 0.4354166666666667 0.03333333333333333 0.014583333333333334
0 0.6699074074074074 0.4044270833333333 0.028703703703703703 0.018229166666666668
0 0.7314814814814815 0.42083333333333334 0.022222222222222223 0.014583333333333334
0 0.6972222222222223 0.40598958333333335 0.03333333333333333 0.019270833333333334
0 0.7203703703703704 0.5611979166666666 0.031481481481481485 0.0171875
0 0.04953703703703704 0.7682291666666666 0.032407407407407406 0.020833333333333332
0 0.11620370370370371 0.4666666666666667 0.030555555555555558 0.014583333333333334
0 0.5768518518518518 0.6161458333333333 0.018518518518518517 0.013541666666666667
0 0.575925925925926 0.60703125 0.02962962962962963 0.015104166666666667
0 0.49768518518518523 0.33125 0.025 0.013541666666666667
0 0.07314814814814816 0.5359375 0.03888888888888889 0.019791666666666666
0 0.1175925925925926 0.4518229166666667 0.02777777777777778 0.015104166666666667
0 0.8166666666666667 0.70546875 0.03888888888888889 0.024479166666666666
0 0.5875 0.5421875 0.025 0.009375
0 0.913888888888889 0.8200520833333333 0.03333333333333333 0.019270833333333334
0 0.9685185185185186 0.6559895833333333 0.02962962962962963 0.0171875
0 0.976388888888889 0.6213541666666667 0.028703703703703703 0.016666666666666666
0 0.826388888888889 0.5489583333333333 0.030555555555555558 0.014583333333333334
0 0.8074074074074075 0.48802083333333335 0.03333333333333333 0.017708333333333333
0 0.8981481481481481 0.56015625 0.02962962962962963 0.01614583333333333
0 0.8546296296296296 0.5442708333333334 0.02777777777777778 0.016666666666666666
0 0.862037037037037 0.5630208333333333 0.020370370370370372 0.0125
0 0.7199074074074074 0.43515624999999997 0.021296296296296296 0.011979166666666666
0 0.8078703703703703 0.3919270833333333 0.030555555555555558 0.0140625
0 0.9370370370370371 0.39453125 0.016666666666666666 0.009895833333333333
0 0.8921296296296297 0.4028645833333333 0.028703703703703703 0.01614583333333333
0 0.8166666666666667 0.34375 0.018518518518518517 0.008333333333333333
0 0.887962962962963 0.44036458333333334 0.02592592592592593 0.0140625
0 0.9064814814814816 0.36744791666666665 0.020370370370370372 0.011979166666666666
0 0.8226851851851852 0.18958333333333333 0.03796296296296296 0.026041666666666668
0 0.8819444444444445 0.2296875 0.030555555555555558 0.01875
0 0.8856481481481482 0.1578125 0.026851851851851852 0.016666666666666666
0 0.8893518518518518 0.17265625 0.02314814814814815 0.009895833333333333
0 0.9171296296296296 0.13046875 0.021296296296296296 0.018229166666666668
0 0.9361111111111111 0.11015625 0.03518518518518519 0.022395833333333334
0 0.8712962962962963 0.21145833333333333 0.02592592592592593 0.01875
0 0.8657407407407408 0.2638020833333333 0.018518518518518517 0.0109375
0 0.8740740740740741 0.34375 0.022222222222222223 0.013541666666666667
0 0.9115740740740741 0.7877604166666666 0.03796296296296296 0.0171875
0 0.8189814814814815 0.4171875 0.026851851851851852 0.013541666666666667
0 0.8916666666666667 0.8296875 0.02777777777777778 0.01875
