0 0.025 0.23802083333333332 0.016666666666666666 0.011458333333333333
0 0.014351851851851852 0.16302083333333334 0.026851851851851852 0.020833333333333332
0 0.04814814814814815 0.14322916666666666 0.037037037037037035 0.015625
0 0.07824074074074075 0.18359375 0.021296296296296296 0.011979166666666666
0 0.13194444444444445 0.209375 0.02314814814814815 0.015625
0 0.21851851851851853 0.15859375 0.024074074074074074 0.0140625
0 0.16805555555555557 0.14114583333333333 0.019444444444444445 0.010416666666666666
0 0.1564814814814815 0.13098958333333333 0.014814814814814815 0.0109375
0 0.16435185185185186 0.10520833333333333 0.021296296296296296 0.014583333333333334
0 0.13333333333333333 0.3375 0.020370370370370372 0.011458333333333333
0 0.1537037037037037 0.3377604166666667 0.020370370370370372 0.011979166666666666
0 0.09212962962962963 0.4158854166666667 0.036111111111111115 0.019270833333333334
0 0.14166666666666666 0.4653645833333333 0.020370370370370372 0.0109375
0 0.03425925925925926 0.5528645833333333 0.02592592592592593 0.013020833333333334
0 0.0625 0.5731770833333333 0.032407407407407406 0.0171875
0 0.14953703703703705 0.6559895833333333 0.019444444444444445 0.0109375
0 0.011111111111111112 0.7364583333333333 0.020370370370370372 0.015625
0 0.1787037037037037 0.5651041666666666 0.024074074074074074 0.017708333333333333
0 0.1574074074074074 0.4966145833333333 0.02777777777777778 0.019270833333333334
0 0.17500000000000002 0.5411458333333333 0.02777777777777778 0.013541666666666667
0 0.2111111111111111 0.57265625 0.031481481481481485 0.018229166666666668
0 0.2652777777777778 0.6651041666666666 0.025 0.020833333333333332
0 0.2967592592592593 0.6473958333333333 0.030555555555555558 0.017708333333333333
0 0.3287037037037037 0.61640625 0.03333333333333333 0.01614583333333333
0 0.25972222222222224 0.48125 0.03425925925925926 0.017708333333333333
0 0.29814814814814816 0.45026041666666666 0.02592592592592593 0.018229166666666668
0 0.26712962962962966 0.4596354166666667 0.03425925925925926 0.018229166666666668
0 0.3560185185185185 0.43906249999999997 0.03425925925925926 0.015625
0 0.3277777777777778 0.44921875 0.03888888888888889 0.01614583333333333
0 0.4703703703703704 0.19270833333333334 0.022222222222222223 0.014583333333333334
0 0.47222222222222227 0.13854166666666667 0.020370370370370372 0.016666666666666666
0 0.4828703703703704 0.25494791666666666 0.03796296296296296 0.018229166666666668
0 0.4814814814814815 0.24609375 0.037037037037037035 0.024479166666666666
0 0.4532407407407408 0.26875 0.036111111111111115 0.025
0 0.39861111111111114 0.3333333333333333 0.036111111111111115 0.025
0 0.4305555555555556 0.35625 0.02962962962962963 0.016666666666666666
0 0.42592592592592593 0.3390625 0.02962962962962963 0.017708333333333333
0 0.40972222222222227 0.40703125 0.02314814814814815 0.0171875
0 0.45601851851851855 0.4278645833333333 0.026851851851851852 0.019270833333333334
0 0.3689814814814815 0.4239583333333333 0.032407407407407406 0.01875
0 0.5273148148148148 0.38177083333333334 0.02314814814814815 0.0125
0 0.5467592592592593 0.440625 0.028703703703703703 0.016666666666666666
0 0.4324074074074074 0.47291666666666665 0.03518518518518519 0.017708333333333333
0 0.43472222222222223 0.4921875 0.030555555555555558 0.01875
0 0.412962962962963 0.5096354166666667 0.02777777777777778 0.018229166666666668
0 0.4342592592592593 0.59453125 0.02592592592592593 0.019270833333333334
0 0.4134259259259259 0.615625 0.03425925925925926 0.017708333333333333
0 0.4342592592592593 0.6739583333333333 0.037037037037037035 0.022916666666666665
0 0.4013888888888889 0.7682291666666666 0.03981481481481482 0.019791666666666666
0 0.3615740740740741 0.78828125 0.028703703703703703 0.028645833333333332
0 0.7518518518518519 0.5997395833333333 0.02592592592592593 0.015104166666666667
0 0.6347222222222223 0.3203125 0.01388888888888889 0.011458333333333333
0 0.5291666666666667 0.5885416666666666 0.02314814814814815 0.014583333333333334
0 0.6939814814814815 0.2421875 0.015740740740740743 0.010416666666666666
0 0.7305555555555556 0.22734374999999998 0.014814814814814815 0.013020833333333334
0 0.48842592592592593 0.70390625 0.032407407407407406 0.019270833333333334
0 0.5819444444444445 0.5739583333333333 0.03425925925925926 0.01875
0 0.5953703703703704 0.6216145833333333 0.020370370370370372 0.011979166666666666
0 0.6787037037037037 0.7244791666666667 0.040740740740740744 0.021875
0 0.5800925925925926 0.7328125 0.028703703703703703 0.019791666666666666
0 0.5175925925925926 0.7283854166666667 0.03888888888888889 0.0234375
0 0.4777777777777778 0.7591145833333334 0.031481481481481485 0.018229166666666668
0 0.6310185185185185 0.7450520833333333 0.03425925925925926 0.021354166666666667
0 0.775 0.75078125 0.016666666666666666 0.013020833333333334
0 0.7717592592592593 0.5270833333333333 0.028703703703703703 0.0125
0 0.5648148148148149 0.40078125 0.031481481481481485 0.0234375
0 0.5717592592592593 0.42265625 0.030555555555555558 0.021354166666666667
0 0.6069444444444445 0.43333333333333335 0.032407407407407406 0.014583333333333334
0 0.6472222222222223 0.4028645833333333 0.02962962962962963 0.01614583333333333
0 0.7138888888888889 0.41822916666666665 0.024074074074074074 0.015625
0 0.6736111111111112 0.4036458333333333 0.03425925925925926 0.01875
0 0.6986111111111112 0.56015625 0.028703703703703703 0.01614583333333333
0 0.01898148148148148 0.76796875 0.030555555555555558 0.021354166666666667
0 0.09537037037037037 0.4640625 0.031481481481481485 0.011458333333333333
0 0.5555555555555556 0.6143229166666666 0.018518518518518517 0.0140625
0 0.5537037037037037 0.6057291666666667 0.02962962962962963 0.015625
0 0.47731481481481486 0.32890625 0.025 0.013020833333333334
0 0.046759259259259264 0.5341145833333333 0.03981481481481482 0.019270833333333334
0 0.0976851851851852 0.45026041666666666 0.026851851851851852 0.015104166666666667
0 0.9828703703703704 0.8244791666666667 0.03425925925925926 0.02395833333333333
0 0.7939814814814815 0.70390625 0.03796296296296296 0.024479166666666666
0 0.5694444444444444 0.540625 0.024074074074074074 0.009375
0 0.8907407407407407 0.8190104166666666 0.03333333333333333 0.019270833333333334
0 0.9828703703703704 0.6296875 0.032407407407407406 0.015625
0 0.9453703703703704 0.6411458333333333 0.016666666666666666 0.011458333333333333
0 0.9476851851851852 0.6546875 0.030555555555555558 0.01875
0 0.9578703703703704 0.6200520833333333 0.03425925925925926 0.01614583333333333
0 0.8055555555555556 0.54765625 0.031481481481481485 0.01614583333333333
0 0.7865740740740741 0.4864583333333333 0.032407407407407406 0.017708333333333333
0 0.8773148148148149 0.5583333333333333 0.032407407407407406 0.016666666666666666
0 0.8324074074074075 0.54296875 0.02962962962962963 0.0171875
0 0.8416666666666667 0.5611979166666666 0.020370370370370372 0.013020833333333334
0 0.7018518518518518 0.43359375 0.022222222222222223 0.0140625
0 0.7875 0.390625 0.028703703703703703 0.014583333333333334
0 0.913888888888889 0.3924479166666667 0.016666666666666666 0.009895833333333333
0 0.8712962962962963 0.4 0.02777777777777778 0.016666666666666666
0 0.7972222222222223 0.3419270833333333 0.018518518518518517 0.008854166666666666
0 0.8689814814814815 0.43906249999999997 0.025 0.014583333333333334
0 0.8865740740740741 0.365625 0.021296296296296296 0.0125
0 0.8023148148148148 0.18645833333333334 0.03796296296296296 0.027083333333333334
0 0.862962962962963 0.22708333333333333 0.02962962962962963 0.019791666666666666
0 0.8675925925925926 0.15520833333333334 0.02592592592592593 0.01875
0 0.8708333333333333 0.17005208333333333 0.025 0.011979166666666666
0 0.8986111111111111 0.1265625 0.02314814814814815 0.01875
0 0.9189814814814815 0.10651041666666666 0.03425925925925926 0.022395833333333334
0 0.9152777777777779 0.12343749999999999 0.015740740740740743 0.010416666666666666
0 0.850925925925926 0.20807291666666666 0.02592592592592593 0.019270833333333334
0 0.8458333333333333 0.26119791666666664 0.019444444444444445 0.0109375
0 0.8574074074074074 0.3411458333333333 0.020370370370370372 0.011458333333333333
0 0.9865740740740742 0.37083333333333335 0.026851851851851852 0.019791666666666666
0 0.8861111111111112 0.7864583333333334 0.037037037037037035 0.016666666666666666
0 0.7981481481481482 0.4153645833333333 0.02592592592592593 0.0140625
0 0.976388888888889 0.6028645833333334 0.02314814814814815 0.018229166666666668
0 0.8703703703703703 0.8283854166666667 0.02777777777777778 0.018229166666666668
