0 0.9768518518518519 0.13828125 0.03888888888888889 0.018229166666666668
0 0.8925925925925926 0.20494791666666667 0.022222222222222223 0.01614583333333333
0 0.8041666666666667 0.15442708333333333 0.025 0.0140625
0 0.8597222222222223 0.1359375 0.019444444444444445 0.010416666666666666
0 0.8722222222222222 0.12578125 0.014814814814814815 0.0109375
0 0.8606481481481482 0.1 0.021296296296296296 0.014583333333333334
0 0.8907407407407407 0.3338541666666667 0.020370370370370372 0.011458333333333333
0 0.8708333333333333 0.334375 0.021296296296296296 0.011458333333333333
0 0.9356481481481482 0.41328125 0.03425925925925926 0.019270833333333334
0 0.8847222222222223 0.4622395833333333 0.019444444444444445 0.0109375
0 0.9912037037037037 0.5505208333333333 0.017592592592592594 0.013541666666666667
0 0.9638888888888889 0.5705729166666667 0.03518518518518519 0.018229166666666668
0 0.9481481481481482 0.6442708333333333 0.03333333333333333 0.014583333333333334
0 0.8467592592592593 0.56328125 0.02314814814814815 0.018229166666666668
0 0.8828703703703704 0.6552083333333333 0.019444444444444445 0.0125
0 0.8699074074074075 0.4942708333333333 0.028703703703703703 0.01875
0 0.8490740740740741 0.5395833333333333 0.031481481481481485 0.013541666666666667
0 0.8143518518518519 0.57109375 0.032407407407407406 0.018229166666666668
0 0.7592592592592593 0.66328125 0.02592592592592593 0.021354166666666667
0 0.7277777777777779 0.64609375 0.031481481481481485 0.018229166666666668
0 0.6972222222222223 0.6151041666666667 0.03333333333333333 0.015625
0 0.7657407407407407 0.47890625 0.03518518518518519 0.0171875
0 0.7268518518518519 0.44817708333333334 0.02592592592592593 0.018229166666666668
0 0.7578703703703704 0.45703125 0.036111111111111115 0.018229166666666668
0 0.6675925925925926 0.43645833333333334 0.03518518518518519 0.016666666666666666
0 0.6967592592592593 0.44687499999999997 0.04166666666666667 0.016666666666666666
0 0.5518518518518519 0.18880208333333334 0.022222222222222223 0.015104166666666667
0 0.549074074074074 0.13463541666666667 0.020370370370370372 0.0171875
0 0.5449074074074074 0.2515625 0.03796296296296296 0.01875
0 0.5467592592592593 0.24296874999999998 0.03796296296296296 0.024479166666666666
0 0.5745370370370371 0.26588541666666665 0.036111111111111115 0.025520833333333333
0 0.6273148148148149 0.33046875 0.036111111111111115 0.024479166666666666
0 0.5916666666666667 0.35390625 0.02962962962962963 0.0171875
0 0.5976851851851852 0.33697916666666666 0.030555555555555558 0.017708333333333333
0 0.6143518518518519 0.4046875 0.02314814814814815 0.017708333333333333
0 0.5657407407407408 0.42604166666666665 0.02962962962962963 0.019791666666666666
0 0.6546296296296297 0.421875 0.03333333333333333 0.01875
0 0.49444444444444446 0.37994791666666666 0.022222222222222223 0.013020833333333334
0 0.47361111111111115 0.43906249999999997 0.028703703703703703 0.016666666666666666
0 0.5851851851851853 0.490625 0.031481481481481485 0.01875
0 0.5921296296296297 0.47109375 0.03425925925925926 0.018229166666666668
0 0.6101851851851852 0.5080729166666667 0.02592592592592593 0.0171875
0 0.5916666666666667 0.5932291666666667 0.02777777777777778 0.019791666666666666
0 0.6134259259259259 0.6138020833333333 0.03425925925925926 0.019270833333333334
0 0.5912037037037037 0.6723958333333333 0.03796296296296296 0.022916666666666665
0 0.6263888888888889 0.76796875 0.03981481481481482 0.0203125
0 0.6671296296296296 0.7869791666666667 0.028703703703703703 0.029166666666666667
0 0.27175925925925926 0.5986979166666666 0.028703703703703703 0.0140625
0 0.38657407407407407 0.3182291666666667 0.01388888888888889 0.011458333333333333
0 0.325 0.23984375 0.014814814814814815 0.009895833333333333
0 0.2888888888888889 0.22473958333333333 0.014814814814814815 0.013020833333333334
0 0.5398148148148149 0.7020833333333333 0.03333333333333333 0.019791666666666666
0 0.4953703703703704 0.58828125 0.02962962962962963 0.0140625
0 0.44212962962962965 0.5723958333333333 0.03425925925925926 0.01875
0 0.4287037037037037 0.6200520833333333 0.022222222222222223 0.011979166666666666
0 0.34351851851851856 0.7231770833333333 0.04259259259259259 0.022395833333333334
0 0.44722222222222224 0.7315104166666666 0.031481481481481485 0.021354166666666667
0 0.5120370370370371 0.72734375 0.037037037037037035 0.0234375
0 0.5486111111111112 0.75625 0.032407407407407406 0.016666666666666666
0 0.39351851851851855 0.74375 0.03518518518518519 0.020833333333333332
0 0.2513888888888889 0.5252604166666667 0.026851851851851852 0.011979166666666666
0 0.46064814814814814 0.39869791666666665 0.032407407407407406 0.022395833333333334
0 0.4537037037037037 0.4205729166666667 0.031481481481481485 0.021354166666666667
0 0.41805555555555557 0.4315104166666667 0.032407407407407406 0.0140625
0 0.3763888888888889 0.3997395833333333 0.026851851851851852 0.018229166666666668
0 0.3074074074074074 0.41770833333333335 0.022222222222222223 0.015625
0 0.35185185185185186 0.40260416666666665 0.03333333333333333 0.019791666666666666
0 0.2523148148148148 0.7497395833333333 0.02314814814814815 0.013020833333333334
0 0.32407407407407407 0.5588541666666667 0.02962962962962963 0.016666666666666666
0 0.9259259259259259 0.46067708333333335 0.031481481481481485 0.0109375
0 0.46851851851851856 0.6135416666666667 0.018518518518518517 0.013541666666666667
0 0.46990740740740744 0.6049479166666667 0.028703703703703703 0.015104166666666667
0 0.5444444444444445 0.3263020833333333 0.02592592592592593 0.0140625
0 0.9796296296296296 0.5317708333333333 0.03888888888888889 0.019791666666666666
0 0.9259259259259259 0.44765625 0.02777777777777778 0.015104166666666667
0 0.047685185185185185 0.82421875 0.036111111111111115 0.0234375
0 0.23240740740740742 0.703125 0.037037037037037035 0.025
0 0.13472222222222222 0.81875 0.032407407407407406 0.01875
0 0.03935185185185185 0.6286458333333333 0.032407407407407406 0.015625
0 0.07824074074074075 0.6390625 0.015740740740740743 0.010416666666666666
0 0.0763888888888889 0.6533854166666666 0.03425925925925926 0.018229166666666668
0 0.06435185185185185 0.6192708333333333 0.03425925925925926 0.015625
0 0.21435185185185185 0.54765625 0.025 0.0140625
0 0.23657407407407408 0.48515625 0.032407407407407406 0.018229166666666668
0 0.14537037037037037 0.5578125 0.02962962962962963 0.016666666666666666
0 0.1912037037037037 0.5419270833333333 0.028703703703703703 0.0171875
0 0.18055555555555555 0.5606770833333333 0.020370370370370372 0.013020833333333334
0 0.3199074074074074 0.4315104166666667 0.02314814814814815 0.013020833333333334
0 0.2351851851851852 0.3893229166666667 0.02962962962962963 0.015104166666666667
0 0.11064814814814815 0.3911458333333333 0.017592592592592594 0.010416666666666666
0 0.1527777777777778 0.3989583333333333 0.02777777777777778 0.016666666666666666
0 0.2240740740740741 0.33984375 0.018518518518518517 0.008854166666666666
0 0.15416666666666667 0.43723958333333335 0.025 0.0140625
0 0.13657407407407407 0.3645833333333333 0.021296296296296296 0.0125
0 0.22037037037037038 0.18359375 0.03888888888888889 0.027604166666666666
0 0.15925925925925927 0.225 0.02962962962962963 0.019791666666666666
0 0.18472222222222223 0.24921875 0.015740740740740743 0.008854166666666666
0 0.15324074074074073 0.15234375 0.026851851851851852 0.018229166666666668
0 0.15046296296296297 0.16822916666666665 0.026851851851851852 0.0125
0 0.11990740740740741 0.12447916666666667 0.02314814814814815 0.01875
0 0.10046296296296296 0.10338541666666666 0.03425925925925926 0.022395833333333334
0 0.10324074074074074 0.12109375 0.015740740740740743 0.0109375
0 0.1763888888888889 0.2591145833333333 0.019444444444444445 0.0109375
0 0.16203703703703703 0.33984375 0.018518518518518517 0.0109375
0 0.013425925925925926 0.55 0.02314814814814815 0.017708333333333333
0 0.013425925925925926 0.39557291666666666 0.02314814814814815 0.015104166666666667
0 0.029166666666666667 0.37005208333333334 0.036111111111111115 0.019270833333333334
0 0.012037037037037037 0.25 0.020370370370370372 0.01875
0 0.14027777777777778 0.7859375 0.036111111111111115 0.017708333333333333
0 0.22453703703703703 0.41380208333333335 0.026851851851851852 0.0140625
0 0.046759259259259264 0.6018229166666667 0.02314814814814815 0.018229166666666668
0 0.01388888888888889 0.41041666666666665 0.024074074074074074 0.014583333333333334
0 0.1537037037037037 0.8278645833333333 0.02777777777777778 0.018229166666666668
0 0.014351851851851852 0.35104166666666664 0.025 0.014583333333333334
