0 0.8856481481481482 0.153125 0.026851851851851852 0.014583333333333334
0 0.9819444444444445 0.3325520833333333 0.021296296296296296 0.011979166666666666
0 0.9611111111111111 0.3338541666666667 0.024074074074074074 0.0125
0 0.9800925925925926 0.4630208333333333 0.017592592592592594 0.010416666666666666
0 0.9398148148148149 0.5643229166666667 0.02777777777777778 0.018229166666666668
0 0.9615740740740741 0.65625 0.025 0.009375
0 0.9708333333333333 0.49505208333333334 0.025 0.018229166666666668
0 0.9388888888888889 0.5403645833333334 0.03518518518518519 0.013020833333333334
0 0.9078703703703704 0.5729166666666666 0.03425925925925926 0.01875
0 0.8453703703703704 0.66640625 0.03333333333333333 0.0171875
0 0.8166666666666667 0.6481770833333333 0.02962962962962963 0.018229166666666668
0 0.7865740740740741 0.6171875 0.026851851851851852 0.01875
0 0.8550925925925926 0.47994791666666664 0.03796296296296296 0.018229166666666668
0 0.8203703703703704 0.4479166666666667 0.02592592592592593 0.017708333333333333
0 0.850462962962963 0.45729166666666665 0.03796296296296296 0.01875
0 0.7555555555555555 0.43645833333333334 0.037037037037037035 0.016666666666666666
0 0.7837962962962963 0.4466145833333333 0.036111111111111115 0.0171875
0 0.6398148148148148 0.1890625 0.014814814814814815 0.015625
0 0.6300925925925926 0.134375 0.021296296296296296 0.017708333333333333
0 0.649537037037037 0.2518229166666667 0.032407407407407406 0.018229166666666668
0 0.6597222222222222 0.24192708333333332 0.03796296296296296 0.025520833333333333
0 0.6796296296296297 0.265625 0.037037037037037035 0.026041666666666668
0 0.725 0.3302083333333333 0.037037037037037035 0.025
0 0.6759259259259259 0.35442708333333334 0.02962962962962963 0.018229166666666668
0 0.6837962962962963 0.33671875 0.032407407407407406 0.0171875
0 0.7018518518518518 0.4046875 0.020370370370370372 0.015625
0 0.6472222222222223 0.4263020833333333 0.03333333333333333 0.0171875
0 0.7430555555555556 0.42213541666666665 0.03425925925925926 0.019270833333333334
0 0.5462962962962963 0.43906249999999997 0.02777777777777778 0.017708333333333333
0 0.6796296296296297 0.47161458333333334 0.03518518518518519 0.0171875
0 0.6763888888888889 0.49114583333333334 0.032407407407407406 0.017708333333333333
0 0.6921296296296297 0.5096354166666667 0.02314814814814815 0.018229166666666668
0 0.6893518518518519 0.5950520833333334 0.028703703703703703 0.0203125
0 0.7125 0.6161458333333333 0.030555555555555558 0.01875
0 0.6805555555555556 0.6752604166666667 0.03518518518518519 0.022395833333333334
0 0.7203703703703704 0.7713541666666667 0.03518518518518519 0.020833333333333332
0 0.7675925925925926 0.7885416666666667 0.037037037037037035 0.020833333333333332
0 0.46805555555555556 0.3190104166666667 0.01388888888888889 0.011979166666666666
0 0.40046296296296297 0.23984375 0.012037037037037037 0.009895833333333333
0 0.36712962962962964 0.22630208333333332 0.012037037037037037 0.011979166666666666
0 0.6444444444444445 0.7067708333333333 0.020370370370370372 0.011458333333333333
0 0.5787037037037037 0.58984375 0.02777777777777778 0.015104166666666667
0 0.524537037037037 0.57421875 0.03425925925925926 0.019270833333333334
0 0.5125000000000001 0.6223958333333334 0.02314814814814815 0.0125
0 0.4277777777777778 0.7236979166666666 0.03518518518518519 0.019270833333333334
0 0.5416666666666667 0.7346354166666667 0.03518518518518519 0.022395833333333334
0 0.6189814814814815 0.7307291666666667 0.03425925925925926 0.02395833333333333
0 0.6476851851851853 0.7598958333333333 0.032407407407407406 0.014583333333333334
0 0.4810185185185185 0.74453125 0.03425925925925926 0.019270833333333334
0 0.3375 0.5265625 0.025 0.0125
0 0.5532407407407408 0.39947916666666666 0.032407407407407406 0.021875
0 0.5481481481481482 0.42109375 0.02777777777777778 0.0203125
0 0.5152777777777778 0.43203125 0.03425925925925926 0.013020833333333334
0 0.4689814814814815 0.40078125 0.026851851851851852 0.01614583333333333
0 0.38287037037037036 0.4200520833333333 0.019444444444444445 0.0171875
0 0.4486111111111111 0.40338541666666666 0.032407407407407406 0.019270833333333334
0 0.40925925925925927 0.56015625 0.02962962962962963 0.01614583333333333
0 0.5546296296296297 0.6153645833333333 0.018518518518518517 0.0140625
0 0.5546296296296297 0.6065104166666666 0.02592592592592593 0.0140625
0 0.6282407407407408 0.32708333333333334 0.02314814814814815 0.014583333333333334
0 0.47222222222222227 0.7799479166666666 0.031481481481481485 0.0171875
0 0.15833333333333333 0.8270833333333333 0.03518518518518519 0.02395833333333333
0 0.3231481481481482 0.7046875 0.03518518518518519 0.025
0 0.21296296296296297 0.8213541666666666 0.014814814814814815 0.01875
0 0.18888888888888888 0.7278645833333334 0.02962962962962963 0.021354166666666667
0 0.02962962962962963 0.709375 0.03333333333333333 0.019791666666666666
0 0.11990740740740741 0.6299479166666666 0.032407407407407406 0.01614583333333333
0 0.1615740740740741 0.6377604166666666 0.019444444444444445 0.0140625
0 0.1574074074074074 0.6552083333333333 0.031481481481481485 0.01875
0 0.14537037037037037 0.6213541666666667 0.037037037037037035 0.015625
0 0.2388888888888889 0.60078125 0.014814814814814815 0.008854166666666666
0 0.22361111111111112 0.58828125 0.025 0.0109375
0 0.23657407407407408 0.5755208333333334 0.01388888888888889 0.010416666666666666
0 0.3037037037037037 0.5471354166666667 0.02777777777777778 0.013020833333333334
0 0.3231481481481482 0.4869791666666667 0.031481481481481485 0.017708333333333333
0 0.23240740740740742 0.5596354166666666 0.02962962962962963 0.0171875
0 0.28101851851851856 0.5434895833333333 0.030555555555555558 0.018229166666666668
0 0.26296296296296295 0.5625 0.018518518518518517 0.011458333333333333
0 0.39212962962962966 0.43359375 0.021296296296296296 0.011979166666666666
0 0.32407407407407407 0.39088541666666665 0.02592592592592593 0.015104166666666667
0 0.2101851851851852 0.3932291666666667 0.018518518518518517 0.010416666666666666
0 0.2439814814814815 0.4 0.026851851851851852 0.016666666666666666
0 0.30833333333333335 0.3419270833333333 0.018518518518518517 0.008854166666666666
0 0.23796296296296296 0.4388020833333333 0.024074074074074074 0.015104166666666667
0 0.2263888888888889 0.3653645833333333 0.021296296296296296 0.011979166666666666
0 0.3138888888888889 0.18515625 0.037037037037037035 0.027604166666666666
0 0.2574074074074074 0.16848958333333333 0.018518518518518517 0.01614583333333333
0 0.2476851851851852 0.22708333333333333 0.028703703703703703 0.019791666666666666
0 0.2638888888888889 0.24869791666666666 0.018518518518518517 0.0109375
0 0.23842592592592593 0.15416666666666667 0.025 0.01875
0 0.23425925925925928 0.16979166666666667 0.024074074074074074 0.017708333333333333
0 0.20277777777777778 0.12630208333333334 0.024074074074074074 0.019270833333333334
0 0.1837962962962963 0.10520833333333333 0.032407407407407406 0.022916666666666665
0 0.18472222222222223 0.12265625 0.017592592592592594 0.011979166666666666
0 0.2657407407407408 0.2598958333333333 0.018518518518518517 0.009375
0 0.2476851851851852 0.34296875 0.017592592592592594 0.009895833333333333
0 0.06944444444444445 0.5953125 0.02962962962962963 0.013541666666666667
0 0.08703703703703704 0.5513020833333333 0.03333333333333333 0.01614583333333333
0 0.05694444444444444 0.5268229166666667 0.030555555555555558 0.01614583333333333
0 0.031018518518518518 0.4809895833333333 0.036111111111111115 0.0140625
0 0.07962962962962963 0.3971354166666667 0.02962962962962963 0.015104166666666667
0 0.037037037037037035 0.3536458333333333 0.02962962962962963 0.017708333333333333
0 0.10925925925925926 0.37135416666666665 0.03518518518518519 0.019791666666666666
0 0.07731481481481482 0.32395833333333335 0.030555555555555558 0.019791666666666666
0 0.08750000000000001 0.2520833333333333 0.030555555555555558 0.017708333333333333
0 0.062037037037037036 0.25416666666666665 0.020370370370370372 0.015625
0 0.11435185185185186 0.3859375 0.036111111111111115 0.013541666666666667
0 0.23842592592592593 0.7885416666666667 0.03796296296296296 0.017708333333333333
0 0.3106481481481482 0.4161458333333333 0.025 0.016666666666666666
0 0.13101851851851853 0.6033854166666667 0.021296296296296296 0.018229166666666668
0 0.0837962962962963 0.4119791666666667 0.026851851851851852 0.014583333333333334
0 0.02361111111111111 0.49296875 0.03796296296296296 0.0140625
0 0.23703703703703705 0.83046875 0.024074074074074074 0.019270833333333334
0 0.09675925925925927 0.3520833333333333 0.026851851851851852 0.015625
