0 0.11620370370370371 0.153125 0.026851851851851852 0.014583333333333334
0 0.01990740740740741 0.3325520833333333 0.021296296296296296 0.011979166666666666
0 0.040740740740740744 0.3338541666666667 0.024074074074074074 0.0125
0 0.02175925925925926 0.4630208333333333 0.017592592592592594 0.010416666666666666
0 0.062037037037037036 0.5643229166666667 0.02777777777777778 0.018229166666666668
0 0.04027777777777778 0.65625 0.025 0.009375
0 0.031018518518518518 0.49505208333333334 0.025 0.018229166666666668
0 0.06296296296296297 0.5403645833333334 0.03518518518518519 0.013020833333333334
0 0.09398148148148149 0.5729166666666666 0.03425925925925926 0.01875
0 0.1564814814814815 0.66640625 0.03333333333333333 0.0171875
0 0.1851851851851852 0.6481770833333333 0.02962962962962963 0.018229166666666668
0 0.2152777777777778 0.6171875 0.026851851851851852 0.01875
0 0.14675925925925926 0.47994791666666664 0.03796296296296296 0.018229166666666668
0 0.1814814814814815 0.4479166666666667 0.02592592592592593 0.017708333333333333
0 0.1513888888888889 0.45729166666666665 0.03796296296296296 0.01875
0 0.24629629629629632 0.43645833333333334 0.037037037037037035 0.016666666666666666
0 0.21805555555555556 0.4466145833333333 0.036111111111111115 0.0171875
0 0.36203703703703705 0.1890625 0.014814814814814815 0.015625
0 0.3717592592592593 0.134375 0.021296296296296296 0.017708333333333333
0 0.3523148148148148 0.2518229166666667 0.032407407407407406 0.018229166666666668
0 0.3421296296296296 0.24192708333333332 0.03796296296296296 0.025520833333333333
0 0.32222222222222224 0.265625 0.037037037037037035 0.026041666666666668
0 0.27685185185185185 0.3302083333333333 0.037037037037037035 0.025
0 0.32592592592592595 0.35442708333333334 0.02962962962962963 0.018229166666666668
0 0.3180555555555556 0.33671875 0.032407407407407406 0.0171875
0 0.3 0.4046875 0.020370370370370372 0.015625
0 0.35462962962962963 0.4263020833333333 0.03333333333333333 0.0171875
0 0.2587962962962963 0.42213541666666665 0.03425925925925926 0.019270833333333334
0 0.45555555555555555 0.43906249999999997 0.02777777777777778 0.017708333333333333
0 0.32222222222222224 0.47161458333333334 0.03518518518518519 0.0171875
0 0.32546296296296295 0.49114583333333334 0.032407407407407406 0.017708333333333333
0 0.30972222222222223 0.5096354166666667 0.02314814814814815 0.018229166666666668
0 0.3125 0.5950520833333334 0.028703703703703703 0.0203125
0 0.28935185185185186 0.6161458333333333 0.030555555555555558 0.01875
0 0.3212962962962963 0.6752604166666667 0.03518518518518519 0.022395833333333334
0 0.2814814814814815 0.7713541666666667 0.03518518518518519 0.020833333333333332
0 0.23425925925925928 0.7885416666666667 0.037037037037037035 0.020833333333333332
0 0.5337962962962963 0.3190104166666667 0.01388888888888889 0.011979166666666666
0 0.6013888888888889 0.23984375 0.012037037037037037 0.009895833333333333
0 0.6347222222222223 0.22630208333333332 0.012037037037037037 0.011979166666666666
0 0.3574074074074074 0.7067708333333333 0.020370370370370372 0.011458333333333333
0 0.42314814814814816 0.58984375 0.02777777777777778 0.015104166666666667
0 0.47731481481481486 0.57421875 0.03425925925925926 0.019270833333333334
0 0.48935185185185187 0.6223958333333334 0.02314814814814815 0.0125
0 0.5740740740740741 0.7236979166666666 0.03518518518518519 0.019270833333333334
0 0.4601851851851852 0.7346354166666667 0.03518518518518519 0.022395833333333334
0 0.38287037037037036 0.7307291666666667 0.03425925925925926 0.02395833333333333
0 0.3541666666666667 0.7598958333333333 0.032407407407407406 0.014583333333333334
0 0.5208333333333334 0.74453125 0.03425925925925926 0.019270833333333334
0 0.6643518518518519 0.5265625 0.025 0.0125
0 0.4486111111111111 0.39947916666666666 0.032407407407407406 0.021875
0 0.4537037037037037 0.42109375 0.02777777777777778 0.0203125
0 0.4865740740740741 0.43203125 0.03425925925925926 0.013020833333333334
0 0.5328703703703704 0.40078125 0.026851851851851852 0.01614583333333333
0 0.6189814814814815 0.4200520833333333 0.019444444444444445 0.0171875
0 0.5532407407407408 0.40338541666666666 0.032407407407407406 0.019270833333333334
0 0.5925925925925926 0.56015625 0.02962962962962963 0.01614583333333333
0 0.44722222222222224 0.6153645833333333 0.018518518518518517 0.0140625
0 0.44722222222222224 0.6065104166666666 0.02592592592592593 0.0140625
0 0.3736111111111111 0.32708333333333334 0.02314814814814815 0.014583333333333334
0 0.5296296296296297 0.7799479166666666 0.031481481481481485 0.0171875
0 0.8435185185185186 0.8270833333333333 0.03518518518518519 0.02395833333333333
0 0.6787037037037037 0.7046875 0.03518518518518519 0.025
0 0.788888888888889 0.8213541666666666 0.014814814814814815 0.01875
0 0.812962962962963 0.7278645833333334 0.02962962962962963 0.021354166666666667
0 0.9722222222222222 0.709375 0.03333333333333333 0.019791666666666666
0 0.8819444444444445 0.6299479166666666 0.032407407407407406 0.01614583333333333
0 0.8402777777777778 0.6377604166666666 0.019444444444444445 0.0140625
0 0.8444444444444444 0.6552083333333333 0.031481481481481485 0.01875
0 0.8564814814814815 0.6213541666666667 0.037037037037037035 0.015625
0 0.762962962962963 0.60078125 0.014814814814814815 0.008854166666666666
0 0.7782407407407408 0.58828125 0.025 0.0109375
0 0.7652777777777778 0.5755208333333334 0.01388888888888889 0.010416666666666666
0 0.6981481481481482 0.5471354166666667 0.02777777777777778 0.013020833333333334
0 0.6787037037037037 0.4869791666666667 0.031481481481481485 0.017708333333333333
0 0.7694444444444445 0.5596354166666666 0.02962962962962963 0.0171875
0 0.7208333333333333 0.5434895833333333 0.030555555555555558 0.018229166666666668
0 0.7388888888888889 0.5625 0.018518518518518517 0.011458333333333333
0 0.6097222222222223 0.43359375 0.021296296296296296 0.011979166666666666
0 0.6777777777777778 0.39088541666666665 0.02592592592592593 0.015104166666666667
0 0.7916666666666667 0.3932291666666667 0.018518518518518517 0.010416666666666666
0 0.7578703703703704 0.4 0.026851851851851852 0.016666666666666666
0 0.6935185185185185 0.3419270833333333 0.018518518518518517 0.008854166666666666
0 0.763888888888889 0.4388020833333333 0.024074074074074074 0.015104166666666667
0 0.775462962962963 0.3653645833333333 0.021296296296296296 0.011979166666666666
0 0.687962962962963 0.18515625 0.037037037037037035 0.027604166666666666
0 0.7444444444444445 0.16848958333333333 0.018518518518518517 0.01614583333333333
0 0.7541666666666667 0.22708333333333333 0.028703703703703703 0.019791666666666666
0 0.737962962962963 0.24869791666666666 0.018518518518518517 0.0109375
0 0.763425925925926 0.15416666666666667 0.025 0.01875
0 0.7675925925925926 0.16979166666666667 0.024074074074074074 0.017708333333333333
0 0.7990740740740742 0.12630208333333334 0.024074074074074074 0.019270833333333334
0 0.8180555555555555 0.10520833333333333 0.032407407407407406 0.022916666666666665
0 0.8171296296296297 0.12265625 0.017592592592592594 0.011979166666666666
0 0.7361111111111112 0.2598958333333333 0.018518518518518517 0.009375
0 0.7541666666666667 0.34296875 0.017592592592592594 0.009895833333333333
0 0.9324074074074075 0.5953125 0.02962962962962963 0.013541666666666667
0 0.9148148148148149 0.5513020833333333 0.03333333333333333 0.01614583333333333
0 0.9449074074074074 0.5268229166666667 0.030555555555555558 0.01614583333333333
0 0.9708333333333333 0.4809895833333333 0.036111111111111115 0.0140625
0 0.9222222222222223 0.3971354166666667 0.02962962962962963 0.015104166666666667
0 0.9648148148148149 0.3536458333333333 0.02962962962962963 0.017708333333333333
0 0.8925925925925926 0.37135416666666665 0.03518518518518519 0.019791666666666666
0 0.924537037037037 0.32395833333333335 0.030555555555555558 0.019791666666666666
0 0.9143518518518519 0.2520833333333333 0.030555555555555558 0.017708333333333333
0 0.9398148148148149 0.25416666666666665 0.020370370370370372 0.015625
0 0.8875000000000001 0.3859375 0.036111111111111115 0.013541666666666667
0 0.763425925925926 0.7885416666666667 0.03796296296296296 0.017708333333333333
0 0.6912037037037038 0.4161458333333333 0.025 0.016666666666666666
0 0.8708333333333333 0.6033854166666667 0.021296296296296296 0.018229166666666668
0 0.9180555555555556 0.4119791666666667 0.026851851851851852 0.014583333333333334
0 0.9782407407407407 0.49296875 0.03796296296296296 0.0140625
0 0.7648148148148148 0.83046875 0.024074074074074074 0.019270833333333334
0 0.9050925925925927 0.3520833333333333 0.026851851851851852 0.015625
