0 0.9907407407407408 0.5708333333333333 0.018518518518518517 0.016666666666666666
0 0.9893518518518519 0.5455729166666666 0.021296296296296296 0.0140625
0 0.9671296296296297 0.5776041666666667 0.032407407407407406 0.01875
0 0.9018518518518519 0.671875 0.03333333333333333 0.01875
0 0.8726851851851852 0.653125 0.030555555555555558 0.017708333333333333
0 0.913425925925926 0.484375 0.03796296296296296 0.017708333333333333
0 0.8810185185185185 0.45234375 0.025 0.018229166666666668
0 0.9055555555555556 0.46067708333333335 0.03518518518518519 0.0203125
0 0.687962962962963 0.19557291666666665 0.016666666666666666 0.01614583333333333
0 0.8087962962962963 0.44114583333333335 0.036111111111111115 0.01875
0 0.8421296296296297 0.4513020833333333 0.03425925925925926 0.0171875
0 0.6814814814814815 0.14140625 0.022222222222222223 0.0171875
0 0.7171296296296297 0.25807291666666665 0.03425925925925926 0.0171875
0 0.7300925925925926 0.24817708333333333 0.03796296296296296 0.025520833333333333
0 0.7462962962962963 0.2708333333333333 0.03518518518518519 0.025
0 0.7865740740740741 0.33489583333333334 0.036111111111111115 0.02395833333333333
0 0.7291666666666667 0.35833333333333334 0.030555555555555558 0.017708333333333333
0 0.5958333333333333 0.3640625 0.019444444444444445 0.015625
0 0.737962962962963 0.3416666666666667 0.031481481481481485 0.017708333333333333
0 0.7555555555555555 0.40963541666666664 0.02592592592592593 0.0171875
0 0.6986111111111112 0.43046875 0.036111111111111115 0.0171875
0 0.8 0.4263020833333333 0.03518518518518519 0.019270833333333334
0 0.7449074074074075 0.5114583333333333 0.026851851851851852 0.015625
0 0.5939814814814816 0.44375 0.026851851851851852 0.016666666666666666
0 0.7361111111111112 0.47578125 0.03518518518518519 0.0171875
0 0.7324074074074074 0.49505208333333334 0.02962962962962963 0.0171875
0 0.750462962962963 0.5986979166666666 0.028703703703703703 0.0203125
0 0.7763888888888889 0.6203125 0.032407407407407406 0.01875
0 0.7402777777777778 0.6799479166666667 0.036111111111111115 0.022395833333333334
0 0.7842592592592593 0.7768229166666667 0.037037037037037035 0.021354166666666667
0 0.8324074074074075 0.7942708333333334 0.037037037037037035 0.020833333333333332
0 0.5199074074074074 0.32395833333333335 0.01388888888888889 0.011458333333333333
0 0.4166666666666667 0.23203125 0.012962962962962964 0.011979166666666666
0 0.6319444444444444 0.5940104166666667 0.026851851851851852 0.0140625
0 0.5791666666666667 0.5783854166666667 0.03425925925925926 0.019270833333333334
0 0.5666666666666667 0.6268229166666667 0.022222222222222223 0.011979166666666666
0 0.5981481481481482 0.425 0.02962962962962963 0.01875
0 0.4898148148148148 0.725 0.018518518518518517 0.015625
0 0.600925925925926 0.73984375 0.03518518518518519 0.0234375
0 0.687962962962963 0.7359375 0.03333333333333333 0.022916666666666665
0 0.7087962962962964 0.7643229166666666 0.025 0.015104166666666667
0 0.6856481481481482 0.79765625 0.030555555555555558 0.019270833333333334
0 0.5393518518518519 0.7513020833333334 0.032407407407407406 0.022395833333333334
0 0.39305555555555555 0.5302083333333333 0.025 0.0125
0 0.6101851851851852 0.4028645833333333 0.031481481481481485 0.022395833333333334
0 0.4550925925925926 0.45598958333333334 0.02314814814814815 0.013020833333333334
0 0.5300925925925926 0.40625 0.025 0.015625
0 0.5115740740740741 0.4080729166666667 0.032407407407407406 0.0203125
0 0.4638888888888889 0.5643229166666667 0.02777777777777778 0.01614583333333333
0 0.6106481481481482 0.6197916666666666 0.017592592592592594 0.013541666666666667
0 0.6106481481481482 0.6104166666666666 0.021296296296296296 0.013541666666666667
0 0.6824074074074075 0.33203125 0.018518518518518517 0.0140625
0 0.5310185185185186 0.7864583333333334 0.030555555555555558 0.019791666666666666
0 0.22962962962962963 0.8317708333333333 0.03333333333333333 0.02395833333333333
0 0.3819444444444445 0.7091145833333333 0.036111111111111115 0.0234375
0 0.26990740740740743 0.8270833333333333 0.01388888888888889 0.019791666666666666
0 0.24629629629629632 0.7322916666666667 0.03518518518518519 0.020833333333333332
0 0.019444444444444445 0.8049479166666667 0.018518518518518517 0.018229166666666668
0 0.25277777777777777 0.70234375 0.018518518518518517 0.011979166666666666
0 0.09074074074074075 0.71328125 0.031481481481481485 0.019270833333333334
0 0.0625 0.7057291666666666 0.032407407407407406 0.019791666666666666
0 0.11388888888888889 0.6828125 0.018518518518518517 0.011458333333333333
0 0.17222222222222222 0.6341145833333334 0.031481481481481485 0.015104166666666667
0 0.15046296296296297 0.6317708333333333 0.015740740740740743 0.010416666666666666
0 0.21481481481481482 0.64140625 0.020370370370370372 0.0140625
0 0.2101851851851852 0.6578125 0.031481481481481485 0.014583333333333334
0 0.19861111111111113 0.6252604166666667 0.03425925925925926 0.0171875
0 0.2939814814814815 0.6065104166666666 0.019444444444444445 0.011979166666666666
0 0.27685185185185185 0.5919270833333333 0.024074074074074074 0.0109375
0 0.2884259259259259 0.5791666666666666 0.015740740740740743 0.011458333333333333
0 0.3611111111111111 0.5505208333333333 0.02962962962962963 0.0125
0 0.3787037037037037 0.49114583333333334 0.031481481481481485 0.017708333333333333
0 0.287962962962963 0.5630208333333333 0.02962962962962963 0.017708333333333333
0 0.33425925925925926 0.5473958333333333 0.02592592592592593 0.017708333333333333
0 0.3175925925925926 0.5653645833333333 0.018518518518518517 0.013020833333333334
0 0.38101851851851853 0.39609375 0.025 0.0140625
0 0.275 0.39739583333333334 0.018518518518518517 0.010416666666666666
0 0.3027777777777778 0.40546875 0.02592592592592593 0.01614583333333333
0 0.362962962962963 0.3463541666666667 0.018518518518518517 0.009375
0 0.29212962962962963 0.4432291666666667 0.02314814814814815 0.014583333333333334
0 0.2833333333333333 0.3703125 0.022222222222222223 0.011458333333333333
0 0.375 0.19088541666666667 0.037037037037037035 0.027604166666666666
0 0.3138888888888889 0.17552083333333332 0.022222222222222223 0.015625
0 0.3037037037037037 0.23255208333333333 0.02777777777777778 0.019270833333333334
0 0.3138888888888889 0.2546875 0.018518518518518517 0.010416666666666666
0 0.2935185185185185 0.1609375 0.022222222222222223 0.019791666666666666
0 0.2865740740740741 0.17890625 0.02314814814814815 0.0171875
0 0.2569444444444445 0.13359375 0.02314814814814815 0.0203125
0 0.23796296296296296 0.11276041666666667 0.031481481481481485 0.022395833333333334
0 0.23842592592592593 0.1296875 0.017592592592592594 0.0125
0 0.32407407407407407 0.2661458333333333 0.018518518518518517 0.010416666666666666
0 0.3013888888888889 0.3494791666666667 0.015740740740740743 0.010416666666666666
0 0.12453703703703704 0.5979166666666667 0.028703703703703703 0.014583333333333334
0 0.14027777777777778 0.5552083333333333 0.032407407407407406 0.016666666666666666
0 0.11064814814814815 0.53125 0.030555555555555558 0.016666666666666666
0 0.014814814814814815 0.7169270833333333 0.02592592592592593 0.0203125
0 0.015277777777777779 0.6911458333333333 0.026851851851851852 0.015625
0 0.0837962962962963 0.48515625 0.03425925925925926 0.0140625
0 0.1277777777777778 0.40234375 0.02777777777777778 0.0140625
0 0.0925925925925926 0.35885416666666664 0.02592592592592593 0.01875
0 0.16018518518518518 0.3763020833333333 0.03333333333333333 0.019270833333333334
0 0.1337962962962963 0.32890625 0.030555555555555558 0.0203125
0 0.04120370370370371 0.3416666666666667 0.030555555555555558 0.015625
0 0.02592592592592593 0.3286458333333333 0.03888888888888889 0.016666666666666666
0 0.13935185185185187 0.2578125 0.032407407407407406 0.016666666666666666
0 0.11481481481481481 0.26015625 0.022222222222222223 0.01614583333333333
0 0.16435185185185186 0.39088541666666665 0.030555555555555558 0.015104166666666667
0 0.05092592592592593 0.7760416666666666 0.02962962962962963 0.017708333333333333
0 0.0462962962962963 0.23489583333333333 0.03518518518518519 0.020833333333333332
0 0.3027777777777778 0.79296875 0.037037037037037035 0.018229166666666668
0 0.3666666666666667 0.4200520833333333 0.024074074074074074 0.01614583333333333
0 0.1851851851851852 0.6080729166666666 0.016666666666666666 0.0171875
0 0.12824074074074074 0.41640625 0.025 0.0140625
0 0.07685185185185185 0.496875 0.03333333333333333 0.013541666666666667
0 0.2925925925925926 0.8356770833333333 0.020370370370370372 0.019270833333333334
0 0.15092592592592594 0.3567708333333333 0.024074074074074074 0.015625
