0 0.03657407407407408 0.6705729166666666 0.028703703703703703 0.0171875
0 0.06666666666666667 0.6526041666666667 0.031481481481481485 0.017708333333333333
0 0.02175925925925926 0.48151041666666666 0.03796296296296296 0.018229166666666668
0 0.05092592592592593 0.44869791666666664 0.02592592592592593 0.018229166666666668
0 0.02638888888888889 0.45807291666666666 0.03425925925925926 0.021354166666666667
0 0.1300925925925926 0.43984375 0.03796296296296296 0.022395833333333334
0 0.09351851851851853 0.4479166666666667 0.037037037037037035 0.017708333333333333
0 0.26157407407407407 0.13229166666666667 0.021296296296296296 0.017708333333333333
0 0.2523148148148148 0.18776041666666665 0.025 0.01614583333333333
0 0.2111111111111111 0.25078125 0.03518518518518519 0.0171875
0 0.1902777777777778 0.24010416666666667 0.03981481481481482 0.026041666666666668
0 0.17824074074074076 0.26328125 0.03796296296296296 0.025520833333333333
0 0.1439814814814815 0.3296875 0.03796296296296296 0.02395833333333333
0 0.21342592592592594 0.3533854166666667 0.030555555555555558 0.018229166666666668
0 0.3509259259259259 0.36015625 0.018518518518518517 0.01614583333333333
0 0.20231481481481484 0.3364583333333333 0.032407407407407406 0.017708333333333333
0 0.18425925925925926 0.40520833333333334 0.02592592592592593 0.017708333333333333
0 0.250462962962963 0.4263020833333333 0.030555555555555558 0.0171875
0 0.13703703703703704 0.42265625 0.037037037037037035 0.019270833333333334
0 0.35462962962962963 0.43984375 0.031481481481481485 0.01614583333333333
0 0.20324074074074075 0.47265625 0.03796296296296296 0.018229166666666668
0 0.20740740740740743 0.49322916666666666 0.031481481481481485 0.01875
0 0.18842592592592594 0.51015625 0.04166666666666667 0.01614583333333333
0 0.1837962962962963 0.5966145833333333 0.032407407407407406 0.019270833333333334
0 0.15462962962962964 0.61875 0.03518518518518519 0.016666666666666666
0 0.19768518518518519 0.6791666666666667 0.03796296296296296 0.021875
0 0.15185185185185185 0.7770833333333333 0.037037037037037035 0.021875
0 0.10740740740740741 0.7950520833333333 0.044444444444444446 0.022395833333333334
0 0.42638888888888893 0.31875 0.01388888888888889 0.011458333333333333
0 0.5314814814814816 0.22421875 0.011111111111111112 0.0109375
0 0.3388888888888889 0.42083333333333334 0.03518518518518519 0.021875
0 0.31157407407407406 0.5921875 0.026851851851851852 0.013541666666666667
0 0.3648148148148148 0.5763020833333333 0.03518518518518519 0.019270833333333334
0 0.5199074074074074 0.41901041666666666 0.017592592592592594 0.0140625
0 0.3773148148148148 0.6255208333333333 0.02314814814814815 0.0125
0 0.3375 0.7390625 0.03796296296296296 0.022916666666666665
0 0.2388888888888889 0.7361979166666667 0.031481481481481485 0.0234375
0 0.22268518518518518 0.7643229166666666 0.021296296296296296 0.013020833333333334
0 0.23611111111111113 0.7981770833333334 0.02962962962962963 0.0203125
0 0.4013888888888889 0.7484375 0.03425925925925926 0.01875
0 0.5509259259259259 0.52734375 0.024074074074074074 0.011979166666666666
0 0.32731481481481484 0.39817708333333335 0.032407407407407406 0.022395833333333334
0 0.49953703703703706 0.45078124999999997 0.019444444444444445 0.008854166666666666
0 0.4046296296296297 0.40130208333333334 0.024074074074074074 0.015104166666666667
0 0.42453703703703705 0.4041666666666667 0.026851851851851852 0.017708333333333333
0 0.48055555555555557 0.5614583333333333 0.02962962962962963 0.016666666666666666
0 0.33101851851851855 0.6182291666666666 0.017592592592592594 0.013541666666666667
0 0.3314814814814815 0.60859375 0.018518518518518517 0.0140625
0 0.4087962962962963 0.7869791666666667 0.026851851851851852 0.021875
0 0.6972222222222223 0.83046875 0.03333333333333333 0.024479166666666666
0 0.5583333333333333 0.7065104166666667 0.037037037037037035 0.024479166666666666
0 0.6986111111111112 0.7309895833333333 0.028703703703703703 0.0234375
0 0.9166666666666667 0.8015625 0.018518518518518517 0.01875
0 0.7055555555555556 0.7052083333333333 0.018518518518518517 0.011458333333333333
0 0.8486111111111111 0.7104166666666667 0.030555555555555558 0.01875
0 0.8787037037037038 0.703125 0.03333333333333333 0.01875
0 0.8351851851851853 0.6809895833333334 0.020370370370370372 0.013020833333333334
0 0.7763888888888889 0.63125 0.030555555555555558 0.015625
0 0.7981481481481482 0.6278645833333333 0.016666666666666666 0.009895833333333333
0 0.7319444444444445 0.6380208333333334 0.02314814814814815 0.014583333333333334
0 0.7375 0.6544270833333333 0.030555555555555558 0.015104166666666667
0 0.75 0.6216145833333333 0.03518518518518519 0.0171875
0 0.65 0.603125 0.022222222222222223 0.0125
0 0.6731481481481482 0.5890625 0.024074074074074074 0.011458333333333333
0 0.6597222222222222 0.5755208333333334 0.017592592592592594 0.0125
0 0.5828703703703704 0.5479166666666666 0.028703703703703703 0.0125
0 0.5648148148148149 0.48723958333333334 0.031481481481481485 0.018229166666666668
0 0.6569444444444444 0.5596354166666666 0.028703703703703703 0.0171875
0 0.6097222222222223 0.5442708333333334 0.026851851851851852 0.017708333333333333
0 0.6282407407407408 0.5625 0.019444444444444445 0.013541666666666667
0 0.5625 0.3921875 0.02314814814814815 0.0125
0 0.662962962962963 0.3921875 0.018518518518518517 0.010416666666666666
0 0.6375000000000001 0.4002604166666667 0.025 0.01614583333333333
0 0.5833333333333334 0.3411458333333333 0.018518518518518517 0.009375
0 0.6550925925925927 0.43984375 0.021296296296296296 0.0140625
0 0.6606481481481482 0.3651041666666667 0.021296296296296296 0.0125
0 0.562962962962963 0.1828125 0.037037037037037035 0.029166666666666667
0 0.6296296296296297 0.16692708333333334 0.024074074074074074 0.0171875
0 0.6416666666666667 0.22395833333333334 0.02592592592592593 0.016666666666666666
0 0.6314814814814815 0.23515624999999998 0.016666666666666666 0.013020833333333334
0 0.6370370370370371 0.24791666666666667 0.018518518518518517 0.010416666666666666
0 0.6523148148148148 0.15234375 0.02314814814814815 0.021354166666666667
0 0.6615740740740741 0.16979166666666667 0.02314814814814815 0.017708333333333333
0 0.6912037037037038 0.12421875 0.025 0.021354166666666667
0 0.7101851851851853 0.10234375 0.031481481481481485 0.022395833333333334
0 0.7111111111111111 0.11979166666666667 0.018518518518518517 0.013541666666666667
0 0.6185185185185186 0.25859375 0.018518518518518517 0.009895833333333333
0 0.6532407407407408 0.3450520833333333 0.015740740740740743 0.009895833333333333
0 0.8212962962962963 0.5947916666666666 0.02777777777777778 0.015625
0 0.8125 0.55078125 0.028703703703703703 0.01614583333333333
0 0.8384259259259259 0.52734375 0.030555555555555558 0.01614583333333333
0 0.9393518518518519 0.521875 0.04166666666666667 0.019791666666666666
0 0.938425925925926 0.7135416666666666 0.036111111111111115 0.01875
0 0.9351851851851852 0.6880208333333333 0.03333333333333333 0.015625
0 0.9648148148148149 0.4549479166666667 0.037037037037037035 0.018229166666666668
0 0.8662037037037037 0.4809895833333333 0.032407407407407406 0.0140625
0 0.8282407407407407 0.39739583333333334 0.025 0.013541666666666667
0 0.8537037037037037 0.3528645833333333 0.02777777777777778 0.0203125
0 0.7907407407407407 0.37057291666666664 0.031481481481481485 0.019270833333333334
0 0.812962962962963 0.3229166666666667 0.031481481481481485 0.021875
0 0.9074074074074074 0.3359375 0.031481481481481485 0.016666666666666666
0 0.9208333333333334 0.3221354166666667 0.03796296296296296 0.0171875
0 0.8115740740740741 0.25 0.032407407407407406 0.015625
0 0.8351851851851853 0.25364583333333335 0.024074074074074074 0.017708333333333333
0 0.9861111111111112 0.19114583333333332 0.02777777777777778 0.021875
0 0.7875 0.3859375 0.032407407407407406 0.015625
0 0.8870370370370371 0.77265625 0.02962962962962963 0.018229166666666668
0 0.9041666666666667 0.22682291666666665 0.03425925925925926 0.021354166666666667
0 0.6337962962962963 0.7911458333333333 0.03796296296296296 0.01875
0 0.5768518518518518 0.41510416666666666 0.024074074074074074 0.015625
0 0.7611111111111112 0.6049479166666667 0.014814814814814815 0.01614583333333333
0 0.8291666666666667 0.41119791666666666 0.02314814814814815 0.0140625
0 0.8736111111111111 0.49192708333333335 0.032407407407407406 0.0140625
0 0.6527777777777778 0.8330729166666666 0.018518518518518517 0.018229166666666668
0 0.7981481481481482 0.35130208333333335 0.024074074074074074 0.01614583333333333
