0 0.012037037037037037 0.66875 0.022222222222222223 0.016666666666666666
0 0.037037037037037035 0.6505208333333333 0.031481481481481485 0.017708333333333333
0 0.024074074074074074 0.44505208333333335 0.02777777777777778 0.0171875
0 0.09907407407407408 0.4356770833333333 0.03888888888888889 0.021354166666666667
0 0.06064814814814815 0.44453125 0.03796296296296296 0.018229166666666668
0 0.23240740740740742 0.12421875 0.022222222222222223 0.018229166666666668
0 0.22361111111111112 0.18046875 0.025 0.01614583333333333
0 0.1736111111111111 0.24348958333333334 0.03425925925925926 0.018229166666666668
0 0.15231481481481482 0.23333333333333334 0.04166666666666667 0.027083333333333334
0 0.14120370370370372 0.25703125 0.03796296296296296 0.0265625
0 0.1087962962962963 0.32395833333333335 0.03981481481481482 0.02395833333333333
0 0.18425925925925926 0.3489583333333333 0.031481481481481485 0.01875
0 0.17314814814814816 0.33125 0.03333333333333333 0.017708333333333333
0 0.15416666666666667 0.4005208333333333 0.028703703703703703 0.017708333333333333
0 0.22314814814814815 0.42265625 0.031481481481481485 0.0171875
0 0.10555555555555556 0.41901041666666666 0.037037037037037035 0.0203125
0 0.3236111111111111 0.35572916666666665 0.02314814814814815 0.015625
0 0.3300925925925926 0.43776041666666665 0.02314814814814815 0.013020833333333334
0 0.1736111111111111 0.46953125 0.03796296296296296 0.018229166666666668
0 0.17731481481481481 0.4903645833333333 0.03425925925925926 0.019270833333333334
0 0.16018518518518518 0.5083333333333333 0.037037037037037035 0.016666666666666666
0 0.15231481481481482 0.59453125 0.03425925925925926 0.019270833333333334
0 0.1212962962962963 0.6169270833333333 0.03518518518518519 0.01614583333333333
0 0.16805555555555557 0.6776041666666667 0.036111111111111115 0.020833333333333332
0 0.12083333333333333 0.7755208333333333 0.036111111111111115 0.021875
0 0.07453703703703704 0.7934895833333333 0.04537037037037037 0.021354166666666667
0 0.40046296296296297 0.3138020833333333 0.015740740740740743 0.0109375
0 0.5069444444444444 0.21822916666666667 0.010185185185185186 0.010416666666666666
0 0.2847222222222222 0.5893229166666667 0.026851851851851852 0.0140625
0 0.3388888888888889 0.5736979166666667 0.03518518518518519 0.019270833333333334
0 0.3509259259259259 0.6231770833333333 0.024074074074074074 0.011979166666666666
0 0.30972222222222223 0.7369791666666666 0.03981481481481482 0.02395833333333333
0 0.20370370370370372 0.7346354166666667 0.02962962962962963 0.0234375
0 0.18888888888888888 0.7630208333333334 0.018518518518518517 0.011458333333333333
0 0.19953703703703704 0.7971354166666667 0.028703703703703703 0.021354166666666667
0 0.3731481481481482 0.74609375 0.03333333333333333 0.018229166666666668
0 0.5236111111111111 0.5247395833333334 0.025 0.011979166666666666
0 0.29583333333333334 0.39375 0.03425925925925926 0.021875
0 0.475462962962963 0.4473958333333333 0.017592592592592594 0.008333333333333333
0 0.37222222222222223 0.396875 0.02962962962962963 0.015625
0 0.4939814814814815 0.41484375 0.02314814814814815 0.0140625
0 0.39351851851851855 0.4002604166666667 0.02592592592592593 0.018229166666666668
0 0.4550925925925926 0.5583333333333333 0.028703703703703703 0.015625
0 0.3041666666666667 0.615625 0.015740740740740743 0.013541666666666667
0 0.3041666666666667 0.6057291666666667 0.017592592592592594 0.013541666666666667
0 0.3791666666666667 0.78515625 0.026851851851851852 0.022395833333333334
0 0.6652777777777779 0.828125 0.03425925925925926 0.02395833333333333
0 0.5310185185185186 0.7041666666666666 0.036111111111111115 0.022916666666666665
0 0.40231481481481485 0.7010416666666667 0.015740740740740743 0.008333333333333333
0 0.6787037037037037 0.7317708333333334 0.024074074074074074 0.01875
0 0.8870370370370371 0.7997395833333333 0.020370370370370372 0.019270833333333334
0 0.6814814814814815 0.7028645833333333 0.018518518518518517 0.009895833333333333
0 0.8208333333333334 0.7083333333333334 0.030555555555555558 0.01875
0 0.8523148148148149 0.7005208333333334 0.032407407407407406 0.01875
0 0.8125 0.67890625 0.02314814814814815 0.013020833333333334
0 0.7523148148148149 0.6283854166666667 0.030555555555555558 0.01614583333333333
0 0.775 0.6252604166666667 0.016666666666666666 0.009895833333333333
0 0.7092592592592593 0.6354166666666666 0.024074074074074074 0.014583333333333334
0 0.7134259259259259 0.6518229166666667 0.030555555555555558 0.015104166666666667
0 0.7263888888888889 0.6190104166666667 0.03425925925925926 0.0171875
0 0.625462962962963 0.6005208333333333 0.021296296296296296 0.0125
0 0.649537037037037 0.5864583333333333 0.02314814814814815 0.011458333333333333
0 0.6351851851851852 0.5731770833333333 0.018518518518518517 0.013020833333333334
0 0.5564814814814815 0.5453125 0.02777777777777778 0.013541666666666667
0 0.538425925925926 0.48411458333333335 0.032407407407407406 0.018229166666666668
0 0.6310185185185185 0.5572916666666666 0.028703703703703703 0.017708333333333333
0 0.5833333333333334 0.5411458333333333 0.02592592592592593 0.017708333333333333
0 0.6018518518518519 0.5598958333333334 0.020370370370370372 0.013541666666666667
0 0.5365740740740741 0.3880208333333333 0.02314814814814815 0.0125
0 0.6347222222222223 0.38828125 0.017592592592592594 0.0109375
0 0.611574074074074 0.3966145833333333 0.025 0.01614583333333333
0 0.5583333333333333 0.3364583333333333 0.018518518518518517 0.009375
0 0.6305555555555555 0.43645833333333334 0.020370370370370372 0.013541666666666667
0 0.6347222222222223 0.3614583333333333 0.021296296296296296 0.0125
0 0.5351851851851852 0.17552083333333332 0.037037037037037035 0.029166666666666667
0 0.6050925925925926 0.16119791666666666 0.025 0.019270833333333334
0 0.6157407407407408 0.21770833333333334 0.02592592592592593 0.016666666666666666
0 0.6060185185185185 0.22942708333333334 0.017592592592592594 0.0140625
0 0.6152777777777778 0.24244791666666665 0.017592592592592594 0.0109375
0 0.6282407407407408 0.14583333333333334 0.02314814814814815 0.021875
0 0.6375000000000001 0.16354166666666667 0.025 0.01875
0 0.6685185185185185 0.11770833333333333 0.02592592592592593 0.021875
0 0.6875 0.09479166666666666 0.032407407407407406 0.022916666666666665
0 0.6888888888888889 0.11276041666666667 0.018518518518518517 0.0140625
0 0.5925925925925926 0.25364583333333335 0.018518518518518517 0.010416666666666666
0 0.6305555555555555 0.3403645833333333 0.016666666666666666 0.0109375
0 0.7962962962962963 0.5921875 0.02777777777777778 0.014583333333333334
0 0.788425925925926 0.5486979166666667 0.028703703703703703 0.0171875
0 0.8157407407407408 0.525 0.02962962962962963 0.017708333333333333
0 0.9143518518518519 0.51953125 0.04166666666666667 0.019270833333333334
0 0.9125000000000001 0.7114583333333333 0.03425925925925926 0.01875
0 0.9097222222222222 0.6859375 0.032407407407407406 0.015625
0 0.9819444444444445 0.7247395833333333 0.036111111111111115 0.0234375
0 0.9412037037037038 0.45208333333333334 0.03796296296296296 0.017708333333333333
0 0.8449074074074074 0.4783854166666667 0.032407407407407406 0.0140625
0 0.8092592592592593 0.39375 0.024074074074074074 0.014583333333333334
0 0.8300925925925926 0.34921875 0.028703703703703703 0.0203125
0 0.7680555555555556 0.3677083333333333 0.032407407407407406 0.019791666666666666
0 0.7898148148148149 0.31875 0.031481481481481485 0.020833333333333332
0 0.8847222222222223 0.33203125 0.030555555555555558 0.01614583333333333
0 0.8976851851851853 0.3184895833333333 0.03796296296296296 0.0171875
0 0.788888888888889 0.2453125 0.031481481481481485 0.016666666666666666
0 0.813425925925926 0.24869791666666666 0.025 0.018229166666666668
0 0.9717592592592593 0.18645833333333334 0.04537037037037037 0.021875
0 0.7657407407407407 0.38255208333333335 0.031481481481481485 0.01614583333333333
0 0.8587962962962963 0.7708333333333334 0.030555555555555558 0.01875
0 0.8833333333333334 0.221875 0.03518518518518519 0.021875
0 0.6050925925925926 0.7890625 0.036111111111111115 0.016666666666666666
0 0.5509259259259259 0.4119791666666667 0.024074074074074074 0.015625
0 0.7361111111111112 0.603125 0.014814814814814815 0.014583333333333334
0 0.8101851851851852 0.4083333333333333 0.022222222222222223 0.013541666666666667
0 0.850925925925926 0.4888020833333333 0.02962962962962963 0.013020833333333334
0 0.6263888888888889 0.8307291666666666 0.017592592592592594 0.017708333333333333
0 0.775462962962963 0.34713541666666664 0.02314814814814815 0.01614583333333333
