0 0.9833333333333334 0.6502604166666667 0.031481481481481485 0.0171875
0 0.9888888888888889 0.44427083333333334 0.022222222222222223 0.020833333333333332
0 0.9203703703703704 0.4341145833333333 0.03888888888888889 0.021354166666666667
0 0.9606481481481481 0.4427083333333333 0.03796296296296296 0.017708333333333333
0 0.7842592592592593 0.12161458333333333 0.022222222222222223 0.018229166666666668
0 0.7939814814814815 0.17734375 0.026851851851851852 0.01614583333333333
0 0.8486111111111111 0.24114583333333334 0.036111111111111115 0.01875
0 0.8712962962962963 0.23072916666666665 0.040740740740740744 0.027083333333333334
0 0.8810185185185185 0.25416666666666665 0.03796296296296296 0.026041666666666668
0 0.9125000000000001 0.3221354166666667 0.03981481481481482 0.0234375
0 0.8342592592592593 0.34739583333333335 0.031481481481481485 0.01875
0 0.8444444444444444 0.3299479166666667 0.03333333333333333 0.018229166666666668
0 0.8662037037037037 0.39947916666666666 0.028703703703703703 0.01875
0 0.7944444444444445 0.42135416666666664 0.031481481481481485 0.017708333333333333
0 0.9148148148148149 0.4171875 0.03888888888888889 0.019791666666666666
0 0.6939814814814815 0.35442708333333334 0.025 0.01614583333333333
0 0.8458333333333333 0.46822916666666664 0.03796296296296296 0.01875
0 0.8425925925925927 0.4888020833333333 0.03518518518518519 0.019270833333333334
0 0.8611111111111112 0.5067708333333333 0.040740740740740744 0.017708333333333333
0 0.5324074074074074 0.23151041666666666 0.012962962962962964 0.009895833333333333
0 0.8699074074074075 0.5942708333333333 0.03425925925925926 0.01875
0 0.9013888888888889 0.6158854166666666 0.036111111111111115 0.01614583333333333
0 0.8532407407407407 0.6768229166666666 0.03425925925925926 0.0203125
0 0.9023148148148149 0.7755208333333333 0.03796296296296296 0.021875
0 0.9490740740740741 0.79375 0.0462962962962963 0.020833333333333332
0 0.6157407407407408 0.31223958333333335 0.014814814814814815 0.0109375
0 0.5087962962962963 0.21614583333333334 0.010185185185185186 0.009375
0 0.7342592592592593 0.5893229166666667 0.02777777777777778 0.0140625
0 0.6805555555555556 0.5729166666666666 0.03518518518518519 0.01875
0 0.6671296296296296 0.6229166666666667 0.025 0.0125
0 0.7106481481481481 0.7375 0.03981481481481482 0.022916666666666665
0 0.8208333333333334 0.734375 0.026851851851851852 0.02395833333333333
0 0.8273148148148148 0.7973958333333333 0.026851851851851852 0.020833333333333332
0 0.6462962962962964 0.74609375 0.03333333333333333 0.018229166666666668
0 0.4912037037037037 0.5244791666666666 0.02314814814814815 0.011458333333333333
0 0.7245370370370371 0.3927083333333333 0.03425925925925926 0.021875
0 0.5407407407407407 0.4466145833333333 0.018518518518518517 0.008854166666666666
0 0.6453703703703704 0.3971354166666667 0.022222222222222223 0.01614583333333333
0 0.5222222222222223 0.41380208333333335 0.024074074074074074 0.015104166666666667
0 0.625925925925926 0.39869791666666665 0.024074074074074074 0.018229166666666668
0 0.562962962962963 0.5588541666666667 0.02962962962962963 0.017708333333333333
0 0.7152777777777778 0.6153645833333333 0.015740740740740743 0.013020833333333334
0 0.7148148148148148 0.60546875 0.016666666666666666 0.013020833333333334
0 0.6407407407407407 0.7854166666666667 0.02777777777777778 0.021875
0 0.3597222222222222 0.8291666666666666 0.03425925925925926 0.025
0 0.42638888888888893 0.7231770833333333 0.017592592592592594 0.0140625
0 0.48842592592592593 0.7041666666666666 0.03796296296296296 0.022916666666666665
0 0.6138888888888889 0.7010416666666667 0.016666666666666666 0.008333333333333333
0 0.3402777777777778 0.7317708333333334 0.026851851851851852 0.01875
0 0.1328703703703704 0.8002604166666667 0.019444444444444445 0.019270833333333334
0 0.33564814814814814 0.703125 0.017592592592592594 0.010416666666666666
0 0.19861111111111113 0.70859375 0.030555555555555558 0.019270833333333334
0 0.16666666666666669 0.70078125 0.03333333333333333 0.018229166666666668
0 0.20601851851851852 0.6799479166666667 0.02314814814814815 0.013020833333333334
0 0.26342592592592595 0.62890625 0.030555555555555558 0.01614583333333333
0 0.24166666666666667 0.62578125 0.018518518518518517 0.009895833333333333
0 0.3078703703703704 0.6354166666666666 0.02314814814814815 0.014583333333333334
0 0.30324074074074076 0.6526041666666667 0.030555555555555558 0.014583333333333334
0 0.2902777777777778 0.6190104166666667 0.03425925925925926 0.0171875
0 0.39212962962962966 0.6002604166666666 0.021296296296296296 0.013020833333333334
0 0.3675925925925926 0.5859375 0.022222222222222223 0.011458333333333333
0 0.3819444444444445 0.5721354166666667 0.019444444444444445 0.013020833333333334
0 0.4625 0.5450520833333333 0.028703703703703703 0.013020833333333334
0 0.4791666666666667 0.48359375 0.032407407407407406 0.018229166666666668
0 0.38657407407407407 0.5572916666666666 0.026851851851851852 0.017708333333333333
0 0.4342592592592593 0.5408854166666667 0.02592592592592593 0.018229166666666668
0 0.41481481481481486 0.5596354166666666 0.020370370370370372 0.0140625
0 0.48055555555555557 0.38697916666666665 0.022222222222222223 0.0125
0 0.3851851851851852 0.38776041666666666 0.018518518518518517 0.0109375
0 0.4064814814814815 0.3958333333333333 0.02592592592592593 0.015625
0 0.45787037037037037 0.33541666666666664 0.019444444444444445 0.009375
0 0.3856481481481482 0.4359375 0.021296296296296296 0.013541666666666667
0 0.3819444444444445 0.36041666666666666 0.021296296296296296 0.0125
0 0.48333333333333334 0.17421875 0.037037037037037035 0.028645833333333332
0 0.41111111111111115 0.15989583333333332 0.02592592592592593 0.019791666666666666
0 0.4 0.21640625 0.024074074074074074 0.0171875
0 0.40925925925925927 0.22838541666666667 0.020370370370370372 0.0140625
0 0.4 0.24140625 0.018518518518518517 0.0109375
0 0.38796296296296295 0.14453125 0.024074074074074074 0.021354166666666667
0 0.37824074074074077 0.16171875 0.025 0.018229166666666668
0 0.3462962962962963 0.11588541666666667 0.02592592592592593 0.022395833333333334
0 0.3282407407407408 0.09348958333333333 0.032407407407407406 0.0234375
0 0.3263888888888889 0.11145833333333333 0.019444444444444445 0.014583333333333334
0 0.425462962962963 0.2520833333333333 0.017592592592592594 0.010416666666666666
0 0.3851851851851852 0.33958333333333335 0.016666666666666666 0.011458333333333333
0 0.36712962962962964 0.334375 0.01388888888888889 0.009375
0 0.2212962962962963 0.5924479166666666 0.02777777777777778 0.015104166666666667
0 0.22685185185185186 0.5481770833333334 0.02777777777777778 0.0171875
0 0.2013888888888889 0.5247395833333334 0.030555555555555558 0.0171875
0 0.10277777777777779 0.5197916666666667 0.040740740740740744 0.019791666666666666
0 0.1050925925925926 0.7119791666666666 0.036111111111111115 0.01875
0 0.1087962962962963 0.6859375 0.03425925925925926 0.015625
0 0.033796296296296297 0.7252604166666666 0.03981481481481482 0.024479166666666666
0 0.020370370370370372 0.6049479166666667 0.03518518518518519 0.018229166666666668
0 0.01898148148148148 0.5658854166666667 0.03425925925925926 0.01614583333333333
0 0.0125 0.48072916666666665 0.021296296296296296 0.01875
0 0.0763888888888889 0.45208333333333334 0.03796296296296296 0.017708333333333333
0 0.17175925925925928 0.47812499999999997 0.032407407407407406 0.014583333333333334
0 0.2050925925925926 0.39375 0.02314814814814815 0.013541666666666667
0 0.18703703703703706 0.34921875 0.02962962962962963 0.0203125
0 0.24675925925925926 0.36666666666666664 0.030555555555555558 0.019791666666666666
0 0.22685185185185186 0.3182291666666667 0.031481481481481485 0.020833333333333332
0 0.13055555555555556 0.33151041666666664 0.031481481481481485 0.01614583333333333
0 0.11944444444444445 0.31796875 0.037037037037037035 0.0171875
0 0.22592592592592595 0.24453125 0.031481481481481485 0.0171875
0 0.20185185185185187 0.24817708333333333 0.024074074074074074 0.018229166666666668
0 0.04537037037037037 0.18567708333333333 0.044444444444444446 0.022395833333333334
0 0.24953703703703706 0.38229166666666664 0.030555555555555558 0.015625
0 0.1615740740740741 0.77109375 0.030555555555555558 0.018229166666666668
0 0.13148148148148148 0.22109375 0.03518518518518519 0.021354166666666667
0 0.4166666666666667 0.7895833333333333 0.03518518518518519 0.017708333333333333
0 0.4666666666666667 0.41119791666666666 0.022222222222222223 0.015104166666666667
0 0.20462962962962963 0.4080729166666667 0.022222222222222223 0.0140625
0 0.16481481481481483 0.48802083333333335 0.02962962962962963 0.0125
0 0.3925925925925926 0.8307291666666666 0.016666666666666666 0.01875
0 0.24074074074074076 0.346875 0.022222222222222223 0.016666666666666666
