0 0.06435185185185185 0.43333333333333335 0.03981481481481482 0.021875
0 0.022685185185185187 0.4421875 0.03981481481481482 0.017708333333333333
0 0.2013888888888889 0.11953124999999999 0.02314814814814815 0.018229166666666668
0 0.19074074074074074 0.17552083333333332 0.02592592592592593 0.016666666666666666
0 0.13101851851851853 0.23880208333333333 0.03425925925925926 0.019270833333333334
0 0.10740740740740741 0.22942708333333334 0.040740740740740744 0.027604166666666666
0 0.09814814814814815 0.2526041666666667 0.03888888888888889 0.026041666666666668
0 0.0699074074074074 0.3203125 0.03981481481481482 0.02395833333333333
0 0.15185185185185185 0.3463541666666667 0.031481481481481485 0.01875
0 0.14074074074074075 0.3286458333333333 0.03333333333333333 0.017708333333333333
0 0.1175925925925926 0.39765625 0.02592592592592593 0.018229166666666668
0 0.19212962962962965 0.4205729166666667 0.030555555555555558 0.0171875
0 0.06944444444444445 0.41640625 0.03888888888888889 0.0203125
0 0.29305555555555557 0.3536458333333333 0.026851851851851852 0.016666666666666666
0 0.1388888888888889 0.4671875 0.03888888888888889 0.01875
0 0.14120370370370372 0.4888020833333333 0.03425925925925926 0.0203125
0 0.12175925925925926 0.5067708333333333 0.04351851851851852 0.017708333333333333
0 0.11388888888888889 0.59375 0.03518518518518519 0.01875
0 0.08101851851851852 0.615625 0.036111111111111115 0.015625
0 0.13148148148148148 0.6763020833333333 0.03333333333333333 0.0203125
0 0.08194444444444444 0.77578125 0.03981481481481482 0.022395833333333334
0 0.03425925925925926 0.79375 0.0462962962962963 0.019791666666666666
0 0.3712962962962963 0.3111979166666667 0.014814814814814815 0.0109375
0 0.45416666666666666 0.2296875 0.012037037037037037 0.010416666666666666
0 0.4800925925925926 0.21458333333333332 0.012037037037037037 0.009375
0 0.2523148148148148 0.5877604166666667 0.026851851851851852 0.01614583333333333
0 0.3060185185185185 0.5729166666666666 0.036111111111111115 0.01875
0 0.31851851851851853 0.6221354166666666 0.02592592592592593 0.013020833333333334
0 0.2740740740740741 0.7375 0.03888888888888889 0.022916666666666665
0 0.16111111111111112 0.7346354166666667 0.02592592592592593 0.0234375
0 0.1537037037037037 0.7979166666666666 0.02592592592592593 0.020833333333333332
0 0.33935185185185185 0.74609375 0.03425925925925926 0.018229166666666668
0 0.4949074074074074 0.52421875 0.021296296296296296 0.0109375
0 0.2587962962962963 0.3911458333333333 0.03425925925925926 0.021875
0 0.6518518518518519 0.7028645833333333 0.018518518518518517 0.0109375
0 0.4486111111111111 0.44453125 0.02314814814814815 0.0109375
0 0.3388888888888889 0.3950520833333333 0.02592592592592593 0.015104166666666667
0 0.46620370370370373 0.4125 0.02314814814814815 0.015625
0 0.3560185185185185 0.39817708333333335 0.025 0.018229166666666668
0 0.4226851851851852 0.5578125 0.030555555555555558 0.015625
0 0.26990740740740743 0.61484375 0.015740740740740743 0.013020833333333334
0 0.27083333333333337 0.6044270833333333 0.015740740740740743 0.013020833333333334
0 0.34444444444444444 0.7854166666666667 0.02777777777777778 0.021875
0 0.6240740740740741 0.82890625 0.03333333333333333 0.024479166666666666
0 0.5574074074074075 0.7231770833333333 0.016666666666666666 0.0140625
0 0.4967592592592593 0.7041666666666666 0.03796296296296296 0.022916666666666665
0 0.375 0.7005208333333334 0.014814814814814815 0.008333333333333333
0 0.6449074074074075 0.7309895833333333 0.028703703703703703 0.019270833333333334
0 0.8518518518518519 0.79921875 0.020370370370370372 0.019270833333333334
0 0.7865740740740741 0.7080729166666666 0.030555555555555558 0.019270833333333334
0 0.8199074074074074 0.7005208333333334 0.032407407407407406 0.01875
0 0.7245370370370371 0.6276041666666666 0.030555555555555558 0.015625
0 0.7476851851851852 0.6247395833333333 0.017592592592592594 0.009895833333333333
0 0.6796296296296297 0.6348958333333333 0.024074074074074074 0.014583333333333334
0 0.6847222222222222 0.6515625 0.030555555555555558 0.015625
0 0.6972222222222223 0.6184895833333334 0.03333333333333333 0.0171875
0 0.5953703703703704 0.6 0.022222222222222223 0.0125
0 0.6199074074074075 0.5859375 0.02314814814814815 0.011458333333333333
0 0.6064814814814815 0.5713541666666666 0.020370370370370372 0.013541666666666667
0 0.525 0.5447916666666667 0.02777777777777778 0.013541666666666667
0 0.5064814814814815 0.4825520833333333 0.031481481481481485 0.018229166666666668
0 0.6 0.55625 0.02777777777777778 0.017708333333333333
0 0.5518518518518519 0.5403645833333334 0.02592592592592593 0.018229166666666668
0 0.5717592592592593 0.5591145833333333 0.019444444444444445 0.0140625
0 0.5055555555555555 0.3859375 0.022222222222222223 0.0125
0 0.5990740740740741 0.38671875 0.018518518518518517 0.0109375
0 0.5787037037037037 0.3950520833333333 0.02592592592592593 0.01614583333333333
0 0.5287037037037037 0.334375 0.018518518518518517 0.009375
0 0.600925925925926 0.4348958333333333 0.020370370370370372 0.013541666666666667
0 0.6041666666666667 0.35963541666666665 0.021296296296296296 0.013020833333333334
0 0.500925925925926 0.17239583333333333 0.037037037037037035 0.029166666666666667
0 0.5740740740740741 0.15833333333333333 0.02592592592592593 0.020833333333333332
0 0.5851851851851853 0.21510416666666665 0.024074074074074074 0.016666666666666666
0 0.575925925925926 0.22630208333333332 0.020370370370370372 0.0140625
0 0.5875 0.23984375 0.017592592592592594 0.0109375
0 0.5972222222222222 0.1421875 0.024074074074074074 0.021875
0 0.6101851851851852 0.16015625 0.022222222222222223 0.018229166666666668
0 0.6402777777777778 0.11328125 0.025 0.022395833333333334
0 0.6587962962962963 0.09088541666666666 0.032407407407407406 0.0234375
0 0.6606481481481482 0.10859375 0.019444444444444445 0.015104166666666667
0 0.5592592592592592 0.2505208333333333 0.018518518518518517 0.010416666666666666
0 0.600925925925926 0.3380208333333333 0.016666666666666666 0.010416666666666666
0 0.6203703703703703 0.33307291666666666 0.016666666666666666 0.008854166666666666
0 0.7662037037037037 0.5916666666666667 0.028703703703703703 0.015625
0 0.7606481481481482 0.54765625 0.026851851851851852 0.0171875
0 0.7870370370370371 0.5236979166666667 0.02962962962962963 0.0171875
0 0.8828703703703704 0.51875 0.03981481481481482 0.019791666666666666
0 0.9055555555555556 0.51796875 0.020370370370370372 0.019270833333333334
0 0.8824074074074074 0.7104166666666667 0.03518518518518519 0.01875
0 0.8787037037037038 0.68515625 0.031481481481481485 0.015104166666666667
0 0.7462962962962963 0.3453125 0.022222222222222223 0.017708333333333333
0 0.9537037037037037 0.7247395833333333 0.03888888888888889 0.024479166666666666
0 0.975925925925926 0.7044270833333334 0.031481481481481485 0.0171875
0 0.9898148148148148 0.6822916666666666 0.020370370370370372 0.0125
0 0.9689814814814816 0.6036458333333333 0.03796296296296296 0.017708333333333333
0 0.9875 0.5838541666666667 0.025 0.015625
0 0.9685185185185186 0.5651041666666666 0.03518518518518519 0.015625
0 0.9782407407407407 0.47942708333333334 0.030555555555555558 0.018229166666666668
0 0.9111111111111111 0.4505208333333333 0.037037037037037035 0.017708333333333333
0 0.8157407407407408 0.4770833333333333 0.031481481481481485 0.014583333333333334
0 0.7847222222222222 0.3927083333333333 0.02314814814814815 0.013541666666666667
0 0.799537037037037 0.34713541666666664 0.030555555555555558 0.0203125
0 0.7412037037037037 0.365625 0.030555555555555558 0.019791666666666666
0 0.7601851851851852 0.31666666666666665 0.031481481481481485 0.020833333333333332
0 0.8574074074074074 0.3299479166666667 0.031481481481481485 0.015104166666666667
0 0.8685185185185186 0.31614583333333335 0.037037037037037035 0.017708333333333333
0 0.7620370370370371 0.2421875 0.03333333333333333 0.015625
0 0.7865740740740741 0.24609375 0.025 0.018229166666666668
0 0.9402777777777778 0.18359375 0.04537037037037037 0.0234375
0 0.737962962962963 0.38125 0.02962962962962963 0.016666666666666666
0 0.8250000000000001 0.7708333333333334 0.031481481481481485 0.017708333333333333
0 0.8560185185185185 0.21901041666666665 0.03425925925925926 0.022395833333333334
0 0.5675925925925926 0.7895833333333333 0.03518518518518519 0.017708333333333333
0 0.5189814814814815 0.41015625 0.021296296296296296 0.01614583333333333
0 0.7861111111111111 0.40703125 0.022222222222222223 0.0140625
0 0.8231481481481482 0.48671875 0.02777777777777778 0.011979166666666666
