0 0.0375 0.43385416666666665 0.03981481481481482 0.020833333333333332
0 0.1736111111111111 0.11822916666666666 0.02314814814814815 0.01875
0 0.12222222222222223 0.24270833333333333 0.024074074074074074 0.017708333333333333
0 0.1625 0.17447916666666666 0.026851851851851852 0.016666666666666666
0 0.09583333333333334 0.23828125 0.036111111111111115 0.0203125
0 0.06944444444444445 0.22838541666666667 0.040740740740740744 0.027604166666666666
0 0.06342592592592593 0.25234375 0.03981481481481482 0.0265625
0 0.03888888888888889 0.32057291666666665 0.040740740740740744 0.0234375
0 0.125 0.34609375 0.031481481481481485 0.018229166666666668
0 0.11342592592592593 0.32838541666666665 0.03425925925925926 0.018229166666666668
0 0.09398148148148149 0.39869791666666665 0.030555555555555558 0.018229166666666668
0 0.1685185185185185 0.42083333333333334 0.031481481481481485 0.017708333333333333
0 0.04212962962962963 0.4166666666666667 0.03981481481481482 0.019791666666666666
0 0.2675925925925926 0.3533854166666667 0.02777777777777778 0.0171875
0 0.11203703703703705 0.46770833333333334 0.03888888888888889 0.01875
0 0.11481481481481481 0.4888020833333333 0.03518518518518519 0.019270833333333334
0 0.0962962962962963 0.50625 0.044444444444444446 0.019791666666666666
0 0.08703703703703704 0.59453125 0.037037037037037035 0.019270833333333334
0 0.05277777777777778 0.61640625 0.03518518518518519 0.015104166666666667
0 0.10601851851851853 0.6760416666666667 0.03425925925925926 0.016666666666666666
0 0.05740740740740741 0.7763020833333333 0.03888888888888889 0.022395833333333334
0 0.34490740740740744 0.3106770833333333 0.015740740740740743 0.0109375
0 0.4287037037037037 0.22760416666666666 0.012962962962962964 0.010416666666666666
0 0.45833333333333337 0.21380208333333334 0.016666666666666666 0.0109375
0 0.13194444444444445 0.70859375 0.026851851851851852 0.022395833333333334
0 0.23055555555555557 0.5875 0.02592592592592593 0.017708333333333333
0 0.28240740740740744 0.5731770833333333 0.037037037037037035 0.019270833333333334
0 0.29583333333333334 0.6200520833333333 0.026851851851851852 0.009895833333333333
0 0.4078703703703704 0.72578125 0.025 0.0203125
0 0.25 0.7380208333333333 0.03888888888888889 0.022916666666666665
0 0.1300925925925926 0.7359375 0.025 0.02395833333333333
0 0.12361111111111112 0.7989583333333333 0.025 0.020833333333333332
0 0.3148148148148148 0.74609375 0.03333333333333333 0.018229166666666668
0 0.46990740740740744 0.5234375 0.021296296296296296 0.010416666666666666
0 0.22962962962962963 0.39140625 0.03333333333333333 0.021354166666666667
0 0.42824074074074076 0.44427083333333334 0.019444444444444445 0.011458333333333333
0 0.3087962962962963 0.39453125 0.026851851851851852 0.0140625
0 0.4416666666666667 0.4127604166666667 0.020370370370370372 0.015104166666666667
0 0.32546296296296295 0.39765625 0.026851851851851852 0.018229166666666668
0 0.5208333333333334 0.75390625 0.02314814814814815 0.0203125
0 0.39861111111111114 0.5575520833333333 0.028703703703703703 0.01614583333333333
0 0.24583333333333335 0.6151041666666667 0.01388888888888889 0.0125
0 0.24675925925925926 0.6044270833333333 0.015740740740740743 0.011979166666666666
0 0.18194444444444446 0.3151041666666667 0.02314814814814815 0.010416666666666666
0 0.32083333333333336 0.7854166666666667 0.026851851851851852 0.022916666666666665
0 0.5944444444444444 0.82890625 0.03333333333333333 0.024479166666666666
0 0.5319444444444444 0.72265625 0.017592592592592594 0.0140625
0 0.4726851851851852 0.70390625 0.03796296296296296 0.0234375
0 0.3560185185185185 0.7005208333333334 0.015740740740740743 0.008333333333333333
0 0.625462962962963 0.7296875 0.02314814814814815 0.017708333333333333
0 0.825925925925926 0.79921875 0.020370370370370372 0.019270833333333334
0 0.7615740740740741 0.7075520833333333 0.028703703703703703 0.019270833333333334
0 0.7949074074074074 0.6994791666666667 0.030555555555555558 0.019791666666666666
0 0.7027777777777778 0.6270833333333333 0.02962962962962963 0.015625
0 0.725 0.6244791666666667 0.016666666666666666 0.010416666666666666
0 0.6583333333333333 0.634375 0.024074074074074074 0.014583333333333334
0 0.6620370370370371 0.6515625 0.02962962962962963 0.016666666666666666
0 0.6759259259259259 0.6177083333333333 0.03333333333333333 0.017708333333333333
0 0.5722222222222223 0.5994791666666667 0.024074074074074074 0.0125
0 0.5986111111111111 0.58515625 0.02314814814814815 0.0109375
0 0.5847222222222223 0.57109375 0.021296296296296296 0.0140625
0 0.49953703703703706 0.5442708333333334 0.028703703703703703 0.013541666666666667
0 0.48240740740740745 0.4825520833333333 0.031481481481481485 0.018229166666666668
0 0.576388888888889 0.5559895833333334 0.026851851851851852 0.018229166666666668
0 0.5268518518518519 0.5403645833333334 0.02592592592592593 0.018229166666666668
0 0.5486111111111112 0.55859375 0.019444444444444445 0.0140625
0 0.4791666666666667 0.38515625 0.02314814814814815 0.011979166666666666
0 0.5699074074074074 0.3859375 0.019444444444444445 0.010416666666666666
0 0.5518518518518519 0.39401041666666664 0.02592592592592593 0.01614583333333333
0 0.5032407407407408 0.3338541666666667 0.019444444444444445 0.009375
0 0.5768518518518518 0.434375 0.020370370370370372 0.013541666666666667
0 0.6111111111111112 0.37734375 0.012962962962962964 0.011979166666666666
0 0.5782407407407407 0.35859375 0.021296296296296296 0.013020833333333334
0 0.47222222222222227 0.17057291666666666 0.03888888888888889 0.0296875
0 0.5472222222222223 0.15651041666666665 0.02777777777777778 0.021354166666666667
0 0.5583333333333333 0.21380208333333334 0.024074074074074074 0.0171875
0 0.55 0.22526041666666666 0.022222222222222223 0.0140625
0 0.5638888888888889 0.23828125 0.018518518518518517 0.0109375
0 0.5708333333333333 0.14010416666666667 0.025 0.021875
0 0.5847222222222223 0.1578125 0.02314814814814815 0.017708333333333333
0 0.6138888888888889 0.11145833333333333 0.02592592592592593 0.022916666666666665
0 0.6319444444444444 0.08828125 0.032407407407407406 0.0234375
0 0.6347222222222223 0.10625 0.019444444444444445 0.015625
0 0.575462962962963 0.19192708333333333 0.030555555555555558 0.01614583333333333
0 0.5375 0.27838541666666666 0.019444444444444445 0.0078125
0 0.5324074074074074 0.24947916666666667 0.018518518518518517 0.010416666666666666
0 0.5773148148148148 0.3375 0.01388888888888889 0.008333333333333333
0 0.5953703703703704 0.3325520833333333 0.020370370370370372 0.009895833333333333
0 0.7425925925925926 0.5911458333333334 0.02962962962962963 0.014583333333333334
0 0.737962962962963 0.5463541666666667 0.02777777777777778 0.017708333333333333
0 0.7657407407407407 0.5231770833333333 0.031481481481481485 0.0171875
0 0.8587962962962963 0.5174479166666667 0.03981481481481482 0.0203125
0 0.8800925925925926 0.5171875 0.021296296296296296 0.019791666666666666
0 0.8592592592592593 0.71015625 0.03518518518518519 0.019270833333333334
0 0.8550925925925926 0.684375 0.030555555555555558 0.016666666666666666
0 0.9296296296296297 0.7234375 0.03888888888888889 0.02395833333333333
0 0.9902777777777778 0.79375 0.019444444444444445 0.01875
0 0.9685185185185186 0.6828125 0.02962962962962963 0.014583333333333334
0 0.9467592592592593 0.6026041666666666 0.03425925925925926 0.019791666666666666
0 0.9694444444444444 0.5830729166666666 0.037037037037037035 0.0140625
0 0.975925925925926 0.5684895833333333 0.03333333333333333 0.019270833333333334
0 0.9444444444444445 0.5643229166666667 0.03518518518518519 0.01614583333333333
0 0.950925925925926 0.4786458333333333 0.031481481481481485 0.01875
0 0.8856481481481482 0.4497395833333333 0.03796296296296296 0.018229166666666668
0 0.9902777777777778 0.4484375 0.019444444444444445 0.014583333333333334
0 0.7944444444444445 0.4770833333333333 0.031481481481481485 0.016666666666666666
0 0.763888888888889 0.3919270833333333 0.022222222222222223 0.013020833333333334
0 0.7740740740740741 0.34609375 0.031481481481481485 0.021354166666666667
0 0.7180555555555556 0.3640625 0.028703703703703703 0.019791666666666666
0 0.7356481481481482 0.3151041666666667 0.032407407407407406 0.021875
0 0.8324074074074075 0.3286458333333333 0.02962962962962963 0.015625
0 0.8421296296296297 0.3145833333333333 0.036111111111111115 0.017708333333333333
0 0.737037037037037 0.24114583333333334 0.02777777777777778 0.01875
0 0.7615740740740741 0.24427083333333333 0.025 0.017708333333333333
0 0.9115740740740741 0.18203125 0.04351851851851852 0.024479166666666666
0 0.9370370370370371 0.19401041666666666 0.020370370370370372 0.015104166666666667
0 0.8550925925925926 0.37109375 0.025 0.0140625
0 0.7171296296296297 0.38046875 0.030555555555555558 0.0171875
0 0.7990740740740742 0.7703125 0.02962962962962963 0.01875
0 0.8314814814814815 0.2171875 0.03333333333333333 0.021875
0 0.5412037037037037 0.7895833333333333 0.03425925925925926 0.017708333333333333
0 0.49259259259259264 0.40859375 0.020370370370370372 0.015104166666666667
0 0.7657407407407407 0.40546875 0.022222222222222223 0.0140625
0 0.799537037037037 0.4856770833333333 0.025 0.011979166666666666
0 0.7222222222222222 0.34375 0.022222222222222223 0.016666666666666666
0 0.9527777777777778 0.7033854166666667 0.03333333333333333 0.0171875
