0 0.011111111111111112 0.4375 0.020370370370370372 0.019791666666666666
0 0.13842592592592592 0.12083333333333333 0.02314814814814815 0.01875
0 0.12546296296296297 0.17708333333333334 0.028703703703703703 0.016666666666666666
0 0.049074074074074076 0.24036458333333333 0.03518518518518519 0.0203125
0 0.08055555555555556 0.24453125 0.031481481481481485 0.019270833333333334
0 0.020370370370370372 0.23046875 0.037037037037037035 0.028645833333333332
0 0.019444444444444445 0.2546875 0.03518518518518519 0.026041666666666668
0 0.08796296296296297 0.3489583333333333 0.031481481481481485 0.01875
0 0.075 0.33125 0.03518518518518519 0.017708333333333333
0 0.05416666666666667 0.4010416666666667 0.032407407407407406 0.017708333333333333
0 0.1328703703703704 0.4236979166666667 0.030555555555555558 0.0171875
0 0.0125 0.4192708333333333 0.02314814814814815 0.019791666666666666
0 0.23240740740740742 0.35572916666666665 0.02962962962962963 0.017708333333333333
0 0.07314814814814816 0.4705729166666667 0.040740740740740744 0.018229166666666668
0 0.07592592592592592 0.49140625 0.03518518518518519 0.019270833333333334
0 0.05601851851851852 0.5091145833333334 0.04722222222222222 0.019270833333333334
0 0.044444444444444446 0.5981770833333333 0.040740740740740744 0.018229166666666668
0 0.013425925925925926 0.6203125 0.025 0.014583333333333334
0 0.06574074074074074 0.6817708333333333 0.031481481481481485 0.016666666666666666
0 0.017592592592592594 0.78203125 0.031481481481481485 0.0234375
0 0.30972222222222223 0.3130208333333333 0.015740740740740743 0.011458333333333333
0 0.42314814814814816 0.21666666666666667 0.016666666666666666 0.011458333333333333
0 0.08564814814814815 0.71328125 0.032407407407407406 0.0234375
0 0.19305555555555556 0.59140625 0.026851851851851852 0.0171875
0 0.24583333333333335 0.5765625 0.03796296296296296 0.01875
0 0.25787037037037036 0.6239583333333333 0.028703703703703703 0.010416666666666666
0 0.3736111111111111 0.7302083333333333 0.026851851851851852 0.019791666666666666
0 0.2101851851851852 0.7424479166666667 0.040740740740740744 0.0234375
0 0.08750000000000001 0.7408854166666666 0.036111111111111115 0.0234375
0 0.07314814814814816 0.80546875 0.024074074074074074 0.022395833333333334
0 0.275 0.75078125 0.03333333333333333 0.0171875
0 0.43333333333333335 0.5263020833333333 0.022222222222222223 0.0109375
0 0.18796296296296297 0.39427083333333335 0.03333333333333333 0.022916666666666665
0 0.39722222222222225 0.44635416666666666 0.018518518518518517 0.010416666666666666
0 0.26712962962962966 0.39739583333333334 0.025 0.013541666666666667
0 0.40972222222222227 0.41510416666666666 0.021296296296296296 0.014583333333333334
0 0.28703703703703703 0.39947916666666666 0.03888888888888889 0.020833333333333332
0 0.48750000000000004 0.7583333333333333 0.036111111111111115 0.020833333333333332
0 0.3615740740740741 0.5609375 0.026851851851851852 0.016666666666666666
0 0.2064814814814815 0.61875 0.012962962962962964 0.0125
0 0.20972222222222223 0.6080729166666666 0.01388888888888889 0.011979166666666666
0 0.14351851851851852 0.3177083333333333 0.024074074074074074 0.010416666666666666
0 0.2814814814814815 0.7903645833333334 0.02592592592592593 0.022395833333333334
0 0.549074074074074 0.8341145833333333 0.03333333333333333 0.024479166666666666
0 0.49212962962962964 0.7270833333333333 0.019444444444444445 0.014583333333333334
0 0.43472222222222223 0.7080729166666666 0.036111111111111115 0.022395833333333334
0 0.32407407407407407 0.7046875 0.016666666666666666 0.009375
0 0.5884259259259259 0.7341145833333333 0.025 0.019270833333333334
0 0.7851851851851852 0.8026041666666667 0.020370370370370372 0.019791666666666666
0 0.7226851851851852 0.7104166666666667 0.028703703703703703 0.019791666666666666
0 0.7611111111111112 0.7026041666666667 0.03518518518518519 0.01875
0 0.6680555555555556 0.6302083333333334 0.028703703703703703 0.015625
0 0.6921296296296297 0.6265625 0.017592592592592594 0.010416666666666666
0 0.6236111111111111 0.6377604166666666 0.025 0.015104166666666667
0 0.6277777777777778 0.6546875 0.02962962962962963 0.015625
0 0.6425925925925926 0.6203125 0.031481481481481485 0.017708333333333333
0 0.538425925925926 0.6020833333333333 0.02314814814814815 0.0125
0 0.5652777777777778 0.5880208333333333 0.02314814814814815 0.011458333333333333
0 0.5523148148148148 0.5723958333333333 0.021296296296296296 0.017708333333333333
0 0.4625 0.54765625 0.030555555555555558 0.015104166666666667
0 0.4462962962962963 0.48541666666666666 0.031481481481481485 0.01875
0 0.5407407407407407 0.55859375 0.02592592592592593 0.0171875
0 0.4902777777777778 0.5432291666666667 0.026851851851851852 0.017708333333333333
0 0.5120370370370371 0.5611979166666666 0.020370370370370372 0.0140625
0 0.44212962962962965 0.3875 0.02314814814814815 0.011458333333333333
0 0.5277777777777778 0.3888020833333333 0.018518518518518517 0.0109375
0 0.512962962962963 0.396875 0.024074074074074074 0.015625
0 0.46574074074074073 0.3364583333333333 0.020370370370370372 0.009375
0 0.5402777777777777 0.43697916666666664 0.019444444444444445 0.0125
0 0.5717592592592593 0.3807291666666667 0.01388888888888889 0.011458333333333333
0 0.5398148148148149 0.3611979166666667 0.022222222222222223 0.013020833333333334
0 0.4314814814814815 0.17369791666666667 0.03888888888888889 0.0296875
0 0.5083333333333333 0.15963541666666667 0.02962962962962963 0.021354166666666667
0 0.5185185185185185 0.21666666666666667 0.02592592592592593 0.017708333333333333
0 0.5115740740740741 0.228125 0.02314814814814815 0.014583333333333334
0 0.5300925925925926 0.2421875 0.017592592592592594 0.009375
0 0.5337962962962963 0.14348958333333334 0.025 0.021354166666666667
0 0.5486111111111112 0.16119791666666666 0.02314814814814815 0.018229166666666668
0 0.5777777777777778 0.11484375 0.02592592592592593 0.022395833333333334
0 0.5953703703703704 0.09166666666666666 0.031481481481481485 0.022916666666666665
0 0.5986111111111111 0.11015625 0.019444444444444445 0.01614583333333333
0 0.5375 0.19479166666666667 0.030555555555555558 0.015625
0 0.5032407407407408 0.2817708333333333 0.019444444444444445 0.008333333333333333
0 0.4935185185185185 0.2520833333333333 0.018518518518518517 0.010416666666666666
0 0.549074074074074 0.3385416666666667 0.012962962962962964 0.008333333333333333
0 0.563425925925926 0.33541666666666664 0.019444444444444445 0.010416666666666666
0 0.7069444444444445 0.5942708333333333 0.028703703703703703 0.014583333333333334
0 0.7069444444444445 0.5481770833333334 0.021296296296296296 0.018229166666666668
0 0.7305555555555556 0.5252604166666667 0.02777777777777778 0.0171875
0 0.8203703703703704 0.5197916666666667 0.03888888888888889 0.019791666666666666
0 0.8430555555555556 0.5197916666666667 0.021296296296296296 0.019791666666666666
0 0.8236111111111112 0.7127604166666667 0.03425925925925926 0.018229166666666668
0 0.8226851851851852 0.68671875 0.036111111111111115 0.01614583333333333
0 0.8925925925925926 0.72578125 0.037037037037037035 0.024479166666666666
0 0.9652777777777778 0.7971354166666667 0.04166666666666667 0.019270833333333334
0 0.9314814814814815 0.6846354166666666 0.02962962962962963 0.015104166666666667
0 0.9157407407407407 0.6041666666666666 0.04259259259259259 0.01875
0 0.9337962962962963 0.58515625 0.036111111111111115 0.0140625
0 0.938425925925926 0.5703125 0.03425925925925926 0.019791666666666666
0 0.9069444444444444 0.5661458333333333 0.03425925925925926 0.016666666666666666
0 0.9115740740740741 0.48046875 0.032407407407407406 0.019270833333333334
0 0.9837962962962963 0.47578125 0.032407407407407406 0.0203125
0 0.8472222222222222 0.45234375 0.037037037037037035 0.018229166666666668
0 0.9518518518518518 0.45078124999999997 0.024074074074074074 0.015104166666666667
0 0.7597222222222223 0.4791666666666667 0.028703703703703703 0.015625
0 0.7319444444444445 0.39427083333333335 0.019444444444444445 0.0125
0 0.7388888888888889 0.3494791666666667 0.02777777777777778 0.020833333333333332
0 0.6851851851851852 0.36666666666666664 0.02962962962962963 0.019791666666666666
0 0.6990740740740741 0.31796875 0.031481481481481485 0.021354166666666667
0 0.7972222222222223 0.33151041666666664 0.02962962962962963 0.015104166666666667
0 0.8046296296296297 0.3177083333333333 0.03518518518518519 0.017708333333333333
0 0.7018518518518518 0.24453125 0.02777777777777778 0.0140625
0 0.7268518518518519 0.24687499999999998 0.024074074074074074 0.016666666666666666
0 0.8731481481481482 0.1828125 0.03888888888888889 0.019791666666666666
0 0.8939814814814815 0.19661458333333334 0.02314814814814815 0.015104166666666667
0 0.8189814814814815 0.37421875 0.028703703703703703 0.015104166666666667
0 0.9865740740740742 0.6325520833333333 0.017592592592592594 0.0109375
0 0.9856481481481482 0.33203125 0.026851851851851852 0.015104166666666667
0 0.6833333333333333 0.38307291666666665 0.031481481481481485 0.01614583333333333
0 0.7620370370370371 0.77109375 0.031481481481481485 0.022395833333333334
0 0.7953703703703704 0.22005208333333334 0.03333333333333333 0.022395833333333334
0 0.49953703703703706 0.7934895833333333 0.036111111111111115 0.018229166666666668
0 0.4550925925925926 0.4119791666666667 0.019444444444444445 0.015625
0 0.7648148148148148 0.4888020833333333 0.022222222222222223 0.0109375
0 0.6875 0.346875 0.021296296296296296 0.016666666666666666
0 0.9152777777777779 0.70546875 0.032407407407407406 0.0171875
