0 0.1175925925925926 0.11927083333333333 0.024074074074074074 0.01875
0 0.1050925925925926 0.17552083333333332 0.028703703703703703 0.016666666666666666
0 0.02175925925925926 0.23958333333333334 0.03796296296296296 0.020833333333333332
0 0.06342592592592593 0.24322916666666666 0.025 0.019791666666666666
0 0.06759259259259259 0.34765625 0.031481481481481485 0.019270833333333334
0 0.05416666666666667 0.3302083333333333 0.03425925925925926 0.017708333333333333
0 0.03333333333333333 0.40234375 0.03333333333333333 0.0203125
0 0.11481481481481481 0.4231770833333333 0.031481481481481485 0.0171875
0 0.2138888888888889 0.3546875 0.02962962962962963 0.017708333333333333
0 0.2 0.375 0.022222222222222223 0.013541666666666667
0 0.052314814814814814 0.4705729166666667 0.04166666666666667 0.019270833333333334
0 0.055092592592592596 0.49166666666666664 0.036111111111111115 0.019791666666666666
0 0.036111111111111115 0.509375 0.044444444444444446 0.019791666666666666
0 0.024074074074074074 0.5986979166666666 0.040740740740740744 0.018229166666666668
0 0.04583333333333334 0.6825520833333333 0.032407407407407406 0.01614583333333333
0 0.29120370370370374 0.31145833333333334 0.015740740740740743 0.011458333333333333
0 0.40694444444444444 0.21510416666666665 0.017592592592592594 0.011458333333333333
0 0.0638888888888889 0.7135416666666666 0.03333333333333333 0.02395833333333333
0 0.17407407407407408 0.5908854166666666 0.02777777777777778 0.0171875
0 0.22685185185185186 0.5763020833333333 0.037037037037037035 0.019270833333333334
0 0.24120370370370373 0.6231770833333333 0.028703703703703703 0.0109375
0 0.35833333333333334 0.7296875 0.02592592592592593 0.019791666666666666
0 0.19074074074074074 0.7432291666666666 0.040740740740740744 0.02395833333333333
0 0.0638888888888889 0.7416666666666667 0.03518518518518519 0.02395833333333333
0 0.04814814814814815 0.8072916666666666 0.024074074074074074 0.021875
0 0.25787037037037036 0.7502604166666667 0.03425925925925926 0.01614583333333333
0 0.41481481481481486 0.52578125 0.022222222222222223 0.0109375
0 0.16666666666666669 0.39375 0.03518518518518519 0.022916666666666665
0 0.3814814814814815 0.4453125 0.020370370370370372 0.010416666666666666
0 0.24814814814814815 0.39791666666666664 0.020370370370370372 0.015625
0 0.3925925925925926 0.4140625 0.020370370370370372 0.013541666666666667
0 0.2662037037037037 0.3984375 0.04166666666666667 0.020833333333333332
0 0.47453703703703703 0.7580729166666667 0.025 0.0203125
0 0.3439814814814815 0.56015625 0.026851851851851852 0.01614583333333333
0 0.18703703703703706 0.6192708333333333 0.012962962962962964 0.0125
0 0.1912037037037037 0.6078125 0.01388888888888889 0.011458333333333333
0 0.12453703703703704 0.3184895833333333 0.028703703703703703 0.0140625
0 0.26342592592592595 0.7903645833333334 0.026851851851851852 0.022395833333333334
0 0.5268518518518519 0.8333333333333334 0.03333333333333333 0.02395833333333333
0 0.47314814814814815 0.7265625 0.020370370370370372 0.014583333333333334
0 0.41620370370370374 0.7078125 0.03796296296296296 0.022916666666666665
0 0.3092592592592593 0.7044270833333334 0.016666666666666666 0.008854166666666666
0 0.27870370370370373 0.5395833333333333 0.024074074074074074 0.015625
0 0.5708333333333333 0.7338541666666667 0.028703703703703703 0.019791666666666666
0 0.7662037037037037 0.80078125 0.021296296296296296 0.019270833333333334
0 0.7050925925925926 0.7096354166666666 0.028703703703703703 0.019270833333333334
0 0.7439814814814815 0.7015625 0.03425925925925926 0.01875
0 0.6532407407407408 0.62890625 0.028703703703703703 0.015104166666666667
0 0.6773148148148148 0.6252604166666667 0.017592592592592594 0.009895833333333333
0 0.6083333333333334 0.6364583333333333 0.024074074074074074 0.014583333333333334
0 0.6125 0.6533854166666666 0.030555555555555558 0.015104166666666667
0 0.6268518518518519 0.6197916666666666 0.031481481481481485 0.016666666666666666
0 0.5222222222222223 0.6013020833333333 0.024074074074074074 0.011979166666666666
0 0.5504629629629629 0.5869791666666666 0.02314814814814815 0.011458333333333333
0 0.5370370370370371 0.5713541666666666 0.022222222222222223 0.017708333333333333
0 0.4444444444444445 0.5473958333333333 0.02962962962962963 0.014583333333333334
0 0.42824074074074076 0.48411458333333335 0.032407407407407406 0.019270833333333334
0 0.5236111111111111 0.5580729166666667 0.026851851851851852 0.018229166666666668
0 0.47314814814814815 0.5424479166666667 0.02592592592592593 0.0171875
0 0.4962962962962963 0.5604166666666667 0.020370370370370372 0.014583333333333334
0 0.4236111111111111 0.3859375 0.02314814814814815 0.011458333333333333
0 0.5083333333333333 0.3872395833333333 0.018518518518518517 0.0109375
0 0.49444444444444446 0.3958333333333333 0.024074074074074074 0.015625
0 0.44953703703703707 0.33489583333333334 0.019444444444444445 0.009375
0 0.5236111111111111 0.4359375 0.019444444444444445 0.0125
0 0.5541666666666667 0.37916666666666665 0.015740740740740743 0.011458333333333333
0 0.5231481481481481 0.36015625 0.022222222222222223 0.013020833333333334
0 0.41064814814814815 0.17135416666666667 0.03981481481481482 0.029166666666666667
0 0.49074074074074076 0.15807291666666667 0.02962962962962963 0.021354166666666667
0 0.500462962962963 0.2140625 0.025 0.017708333333333333
0 0.49444444444444446 0.22578125 0.022222222222222223 0.0140625
0 0.5143518518518518 0.23984375 0.017592592592592594 0.009895833333333333
0 0.5162037037037037 0.14088541666666665 0.025 0.022395833333333334
0 0.5319444444444444 0.15859375 0.02314814814814815 0.018229166666666668
0 0.5611111111111111 0.11276041666666667 0.02592592592592593 0.022395833333333334
0 0.5777777777777778 0.08854166666666667 0.031481481481481485 0.022916666666666665
0 0.5824074074074075 0.10755208333333333 0.020370370370370372 0.01614583333333333
0 0.5208333333333334 0.19140625 0.030555555555555558 0.0140625
0 0.4851851851851852 0.28046875 0.020370370370370372 0.008854166666666666
0 0.475462962962963 0.25 0.017592592592592594 0.010416666666666666
0 0.5324074074074074 0.3372395833333333 0.014814814814814815 0.008854166666666666
0 0.549074074074074 0.33359375 0.018518518518518517 0.009895833333333333
0 0.6907407407407408 0.59296875 0.02962962962962963 0.0140625
0 0.6912037037037038 0.5471354166666667 0.02314814814814815 0.018229166666666668
0 0.7148148148148148 0.52421875 0.02962962962962963 0.018229166666666668
0 0.8041666666666667 0.5182291666666666 0.03796296296296296 0.019791666666666666
0 0.825462962962963 0.5184895833333333 0.021296296296296296 0.0203125
0 0.8083333333333333 0.7114583333333333 0.03333333333333333 0.01875
0 0.8069444444444445 0.6854166666666667 0.036111111111111115 0.015625
0 0.8763888888888889 0.7244791666666667 0.03796296296296296 0.02395833333333333
0 0.9495370370370371 0.7958333333333333 0.04166666666666667 0.01875
0 0.9143518518518519 0.6841145833333333 0.028703703703703703 0.015104166666666667
0 0.9009259259259259 0.6033854166666667 0.04259259259259259 0.019270833333333334
0 0.9166666666666667 0.5833333333333334 0.037037037037037035 0.014583333333333334
0 0.9217592592592593 0.56875 0.03425925925925926 0.019791666666666666
0 0.8907407407407407 0.5645833333333333 0.03333333333333333 0.016666666666666666
0 0.8944444444444445 0.47890625 0.031481481481481485 0.019270833333333334
0 0.9689814814814816 0.47421874999999997 0.03425925925925926 0.0203125
0 0.8314814814814815 0.4505208333333333 0.037037037037037035 0.01875
0 0.9342592592592593 0.44895833333333335 0.024074074074074074 0.015625
0 0.7462962962962963 0.47812499999999997 0.031481481481481485 0.017708333333333333
0 0.7212962962962963 0.3484375 0.02962962962962963 0.021875
0 0.6694444444444445 0.3653645833333333 0.02962962962962963 0.0203125
0 0.6828703703703703 0.31588541666666664 0.030555555555555558 0.021354166666666667
0 0.7814814814814816 0.32916666666666666 0.02777777777777778 0.014583333333333334
0 0.787962962962963 0.31588541666666664 0.03518518518518519 0.018229166666666668
0 0.6870370370370371 0.24270833333333333 0.02777777777777778 0.014583333333333334
0 0.7111111111111111 0.24453125 0.024074074074074074 0.0171875
0 0.8555555555555556 0.18020833333333333 0.03888888888888889 0.020833333333333332
0 0.8773148148148149 0.19401041666666666 0.025 0.015104166666666667
0 0.8041666666666667 0.37265625 0.028703703703703703 0.015104166666666667
0 0.9708333333333333 0.6309895833333333 0.019444444444444445 0.0109375
0 0.9731481481481482 0.3302083333333333 0.02592592592592593 0.014583333333333334
0 0.6685185185185185 0.38177083333333334 0.02962962962962963 0.016666666666666666
0 0.7444444444444445 0.7692708333333333 0.031481481481481485 0.022916666666666665
0 0.7805555555555556 0.21796875 0.03333333333333333 0.022395833333333334
0 0.48194444444444445 0.7924479166666667 0.03796296296296296 0.018229166666666668
0 0.43703703703703706 0.41119791666666666 0.018518518518518517 0.01614583333333333
0 0.7490740740740741 0.4875 0.020370370370370372 0.010416666666666666
0 0.6722222222222223 0.34453125 0.022222222222222223 0.0171875
0 0.8986111111111111 0.7046875 0.03425925925925926 0.017708333333333333
