0 0.10555555555555556 0.11510416666666666 0.024074074074074074 0.01875
0 0.09166666666666667 0.17213541666666665 0.02777777777777778 0.0171875
0 0.012962962962962964 0.23515624999999998 0.022222222222222223 0.021354166666666667
0 0.04953703703703704 0.23932291666666666 0.025 0.0203125
0 0.05416666666666667 0.34479166666666666 0.032407407407407406 0.01875
0 0.040740740740740744 0.32760416666666664 0.03518518518518519 0.017708333333333333
0 0.018055555555555557 0.39817708333333335 0.03425925925925926 0.0203125
0 0.10185185185185186 0.4203125 0.031481481481481485 0.017708333333333333
0 0.20231481481481484 0.3520833333333333 0.030555555555555558 0.017708333333333333
0 0.18425925925925926 0.371875 0.022222222222222223 0.013541666666666667
0 0.038425925925925926 0.46770833333333334 0.04166666666666667 0.01875
0 0.040740740740740744 0.4890625 0.03888888888888889 0.019791666666666666
0 0.022222222222222223 0.50703125 0.040740740740740744 0.0203125
0 0.015277777777777779 0.5953125 0.028703703703703703 0.016666666666666666
0 0.029166666666666667 0.6807291666666666 0.032407407407407406 0.015625
0 0.2791666666666667 0.30859375 0.015740740740740743 0.011979166666666666
0 0.3976851851851852 0.21302083333333333 0.017592592592592594 0.011458333333333333
0 0.04490740740740741 0.7098958333333333 0.03425925925925926 0.027083333333333334
0 0.15833333333333333 0.5890625 0.02777777777777778 0.017708333333333333
0 0.2125 0.5747395833333333 0.03796296296296296 0.019270833333333334
0 0.22685185185185186 0.6213541666666667 0.02962962962962963 0.010416666666666666
0 0.34444444444444444 0.7278645833333334 0.02592592592592593 0.0203125
0 0.17500000000000002 0.74140625 0.040740740740740744 0.0234375
0 0.04398148148148148 0.7390625 0.03425925925925926 0.02395833333333333
0 0.026851851851851852 0.8039062499999999 0.024074074074074074 0.0203125
0 0.24120370370370373 0.7484375 0.03425925925925926 0.013541666666666667
0 0.40046296296296297 0.5234375 0.025 0.010416666666666666
0 0.1513888888888889 0.39088541666666665 0.03425925925925926 0.022395833333333334
0 0.3703703703703704 0.4434895833333333 0.020370370370370372 0.0109375
0 0.23287037037037037 0.3953125 0.019444444444444445 0.015625
0 0.3819444444444445 0.4119791666666667 0.019444444444444445 0.013541666666666667
0 0.25277777777777777 0.3958333333333333 0.044444444444444446 0.021875
0 0.32962962962962966 0.55859375 0.02592592592592593 0.01614583333333333
0 0.17222222222222222 0.6171875 0.012962962962962964 0.0125
0 0.17592592592592593 0.6057291666666667 0.012962962962962964 0.011458333333333333
0 0.11203703703703705 0.315625 0.02962962962962963 0.015625
0 0.24675925925925926 0.7888020833333333 0.026851851851851852 0.022395833333333334
0 0.5064814814814815 0.8322916666666667 0.03333333333333333 0.02395833333333333
0 0.4569444444444445 0.725 0.019444444444444445 0.015625
0 0.40046296296296297 0.70625 0.036111111111111115 0.022916666666666665
0 0.29583333333333334 0.7044270833333334 0.015740740740740743 0.013020833333333334
0 0.26712962962962966 0.5375 0.025 0.014583333333333334
0 0.27222222222222225 0.3755208333333333 0.018518518518518517 0.008333333333333333
0 0.5550925925925926 0.7322916666666667 0.030555555555555558 0.01875
0 0.7486111111111111 0.8005208333333333 0.021296296296296296 0.01875
0 0.5731481481481482 0.6997395833333333 0.020370370370370372 0.011979166666666666
0 0.688425925925926 0.7091145833333333 0.028703703703703703 0.019270833333333334
0 0.7277777777777779 0.7005208333333334 0.03518518518518519 0.01875
0 0.6402777777777778 0.6278645833333333 0.028703703703703703 0.015104166666666667
0 0.6648148148148149 0.625 0.016666666666666666 0.010416666666666666
0 0.5953703703703704 0.6356770833333333 0.024074074074074074 0.0140625
0 0.5990740740740741 0.6528645833333333 0.02962962962962963 0.015104166666666667
0 0.6143518518518519 0.6184895833333334 0.030555555555555558 0.0171875
0 0.5092592592592593 0.6 0.024074074074074074 0.0125
0 0.5375 0.5861979166666667 0.02314814814814815 0.011979166666666666
0 0.5236111111111111 0.5705729166666667 0.021296296296296296 0.0171875
0 0.4310185185185185 0.5455729166666666 0.028703703703703703 0.0140625
0 0.41435185185185186 0.4830729166666667 0.032407407407407406 0.019270833333333334
0 0.5106481481481482 0.5565104166666667 0.026851851851851852 0.018229166666666668
0 0.45925925925925926 0.5411458333333333 0.02592592592592593 0.017708333333333333
0 0.48333333333333334 0.5591145833333333 0.018518518518518517 0.0140625
0 0.4115740740740741 0.3841145833333333 0.02314814814814815 0.011979166666666666
0 0.4939814814814815 0.3859375 0.019444444444444445 0.011458333333333333
0 0.4814814814814815 0.39427083333333335 0.024074074074074074 0.015625
0 0.4375 0.33307291666666666 0.019444444444444445 0.009895833333333333
0 0.512962962962963 0.4348958333333333 0.020370370370370372 0.0125
0 0.5412037037037037 0.37786458333333334 0.017592592592592594 0.011979166666666666
0 0.5101851851851852 0.35859375 0.022222222222222223 0.013020833333333334
0 0.39861111111111114 0.16848958333333333 0.04166666666666667 0.028645833333333332
0 0.4791666666666667 0.15572916666666667 0.030555555555555558 0.020833333333333332
0 0.48888888888888893 0.21171874999999998 0.02592592592592593 0.018229166666666668
0 0.48240740740740745 0.22395833333333334 0.022222222222222223 0.014583333333333334
0 0.5046296296296297 0.23776041666666667 0.018518518518518517 0.009895833333333333
0 0.5050925925925926 0.13854166666666667 0.025 0.021875
0 0.5217592592592593 0.15625 0.02314814814814815 0.01875
0 0.5518518518518519 0.10963541666666667 0.02592592592592593 0.022395833333333334
0 0.5689814814814815 0.08671875 0.032407407407407406 0.0234375
0 0.5726851851851852 0.10494791666666667 0.021296296296296296 0.01614583333333333
0 0.5115740740740741 0.18828125 0.030555555555555558 0.011979166666666666
0 0.4740740740740741 0.2794270833333333 0.020370370370370372 0.009895833333333333
0 0.4625 0.24765625 0.017592592592592594 0.009895833333333333
0 0.5217592592592593 0.3359375 0.015740740740740743 0.008333333333333333
0 0.538425925925926 0.33229166666666665 0.019444444444444445 0.010416666666666666
0 0.6777777777777778 0.5924479166666666 0.02962962962962963 0.0140625
0 0.6796296296296297 0.546875 0.024074074074074074 0.01875
0 0.7032407407407407 0.5236979166666667 0.028703703703703703 0.018229166666666668
0 0.7898148148148149 0.51796875 0.03888888888888889 0.019270833333333334
0 0.8120370370370371 0.5184895833333333 0.022222222222222223 0.0203125
0 0.7930555555555556 0.7114583333333333 0.032407407407407406 0.01875
0 0.7916666666666667 0.6859375 0.03518518518518519 0.015625
0 0.8606481481481482 0.7247395833333333 0.03796296296296296 0.024479166666666666
0 0.9333333333333333 0.7958333333333333 0.040740740740740744 0.019791666666666666
0 0.899537037037037 0.684375 0.028703703703703703 0.015625
0 0.8875000000000001 0.6033854166666667 0.04166666666666667 0.019270833333333334
0 0.9037037037037038 0.58359375 0.037037037037037035 0.0140625
0 0.9069444444444444 0.56953125 0.03425925925925926 0.0203125
0 0.8773148148148149 0.5645833333333333 0.03425925925925926 0.016666666666666666
0 0.8800925925925926 0.47890625 0.032407407407407406 0.019270833333333334
0 0.9541666666666667 0.4752604166666667 0.03425925925925926 0.0203125
0 0.8180555555555555 0.45 0.036111111111111115 0.01875
0 0.9212962962962963 0.44947916666666665 0.024074074074074074 0.015625
0 0.7333333333333334 0.47760416666666666 0.031481481481481485 0.017708333333333333
0 0.7092592592592593 0.3484375 0.031481481481481485 0.022916666666666665
0 0.6587962962962963 0.36432291666666666 0.028703703703703703 0.0203125
0 0.6717592592592593 0.3151041666666667 0.030555555555555558 0.021875
0 0.7712962962962964 0.32890625 0.02962962962962963 0.015104166666666667
0 0.7763888888888889 0.3151041666666667 0.03425925925925926 0.017708333333333333
0 0.6768518518518519 0.24140625 0.02777777777777778 0.015104166666666667
0 0.701388888888889 0.24401041666666667 0.025 0.0171875
0 0.8439814814814816 0.17994791666666665 0.03796296296296296 0.021354166666666667
0 0.8666666666666667 0.19348958333333333 0.02592592592592593 0.0140625
0 0.7916666666666667 0.37213541666666666 0.02962962962962963 0.015104166666666667
0 0.9560185185185186 0.63203125 0.019444444444444445 0.0109375
0 0.9837962962962963 0.7166666666666667 0.030555555555555558 0.014583333333333334
0 0.9638888888888889 0.33046875 0.02592592592592593 0.015104166666666667
0 0.6574074074074074 0.3802083333333333 0.031481481481481485 0.016666666666666666
0 0.9148148148148149 0.13645833333333332 0.022222222222222223 0.011458333333333333
0 0.7263888888888889 0.7684895833333333 0.032407407407407406 0.0234375
0 0.7708333333333334 0.21666666666666667 0.032407407407407406 0.021875
0 0.46296296296296297 0.79140625 0.037037037037037035 0.018229166666666668
0 0.42314814814814816 0.4088541666666667 0.018518518518518517 0.015625
0 0.6615740740740741 0.34296875 0.021296296296296296 0.018229166666666668
0 0.8837962962962963 0.7041666666666666 0.03425925925925926 0.017708333333333333
