0 0.016203703703703703 0.13125 0.021296296296296296 0.017708333333333333
0 0.011111111111111112 0.43046875 0.020370370370370372 0.0171875
0 0.11157407407407408 0.3625 0.030555555555555558 0.017708333333333333
0 0.1425925925925926 0.44453125 0.02777777777777778 0.015104166666666667
0 0.1865740740740741 0.31953125 0.017592592592592594 0.011979166666666666
0 0.3087962962962963 0.22526041666666666 0.017592592592592594 0.011979166666666666
0 0.061111111111111116 0.5994791666666667 0.02777777777777778 0.017708333333333333
0 0.11481481481481481 0.58515625 0.03888888888888889 0.019270833333333334
0 0.12685185185185185 0.6325520833333333 0.031481481481481485 0.011979166666666666
0 0.2518518518518519 0.7372395833333333 0.020370370370370372 0.018229166666666668
0 0.06805555555555556 0.75390625 0.04166666666666667 0.0234375
0 0.13703703703703704 0.7651041666666667 0.031481481481481485 0.021875
0 0.30185185185185187 0.5328125 0.022222222222222223 0.011458333333333333
0 0.04259259259259259 0.40182291666666664 0.03333333333333333 0.022395833333333334
0 0.2865740740740741 0.453125 0.021296296296296296 0.011458333333333333
0 0.13796296296296298 0.40651041666666665 0.044444444444444446 0.022395833333333334
0 0.2337962962962963 0.5666666666666667 0.03425925925925926 0.0125
0 0.018518518518518517 0.328125 0.02962962962962963 0.015625
0 0.3805555555555556 0.8450520833333334 0.03333333333333333 0.024479166666666666
0 0.3476851851851852 0.7356770833333334 0.02314814814814815 0.01614583333333333
0 0.29444444444444445 0.7182291666666667 0.037037037037037035 0.02395833333333333
0 0.21157407407407408 0.71640625 0.015740740740740743 0.0140625
0 0.18888888888888888 0.5471354166666667 0.024074074074074074 0.0140625
0 0.18796296296296297 0.3859375 0.020370370370370372 0.009375
0 0.45787037037037037 0.7421875 0.032407407407407406 0.01875
0 0.6375000000000001 0.8109375 0.02314814814814815 0.019791666666666666
0 0.4726851851851852 0.7145833333333333 0.01388888888888889 0.014583333333333334
0 0.48564814814814816 0.7114583333333333 0.02314814814814815 0.014583333333333334
0 0.5819444444444445 0.71875 0.028703703703703703 0.01875
0 0.625925925925926 0.71015625 0.03333333333333333 0.018229166666666668
0 0.5509259259259259 0.6369791666666667 0.02777777777777778 0.015625
0 0.575925925925926 0.6338541666666666 0.018518518518518517 0.010416666666666666
0 0.5050925925925926 0.6447916666666667 0.025 0.014583333333333334
0 0.5069444444444444 0.6625 0.028703703703703703 0.017708333333333333
0 0.525 0.628125 0.02962962962962963 0.015625
0 0.41250000000000003 0.6096354166666667 0.025 0.011979166666666666
0 0.4476851851851852 0.59609375 0.02314814814814815 0.0109375
0 0.4337962962962963 0.5794270833333334 0.025 0.0171875
0 0.33101851851851855 0.5552083333333333 0.028703703703703703 0.014583333333333334
0 0.31666666666666665 0.49244791666666665 0.03333333333333333 0.019270833333333334
0 0.41250000000000003 0.5658854166666667 0.026851851851851852 0.0171875
0 0.3578703703703704 0.5505208333333333 0.025 0.016666666666666666
0 0.38842592592592595 0.5684895833333333 0.017592592592592594 0.0140625
0 0.2967592592592593 0.4375 0.019444444444444445 0.011458333333333333
0 0.3106481481481482 0.39401041666666664 0.021296296296296296 0.011979166666666666
0 0.38101851851851853 0.3963541666666667 0.019444444444444445 0.011458333333333333
0 0.3773148148148148 0.4049479166666667 0.02314814814814815 0.0140625
0 0.3421296296296296 0.34401041666666665 0.019444444444444445 0.009895833333333333
0 0.4240740740740741 0.44375 0.016666666666666666 0.0125
0 0.4393518518518519 0.38776041666666666 0.019444444444444445 0.011979166666666666
0 0.4087962962962963 0.36875 0.021296296296296296 0.0125
0 0.2902777777777778 0.18203125 0.04166666666666667 0.0265625
0 0.3791666666666667 0.1703125 0.032407407407407406 0.020833333333333332
0 0.3875 0.22526041666666666 0.026851851851851852 0.018229166666666668
0 0.38333333333333336 0.23645833333333333 0.022222222222222223 0.013541666666666667
0 0.41574074074074074 0.24973958333333332 0.018518518518518517 0.0109375
0 0.4064814814814815 0.15338541666666666 0.02592592592592593 0.021354166666666667
0 0.42638888888888893 0.17057291666666666 0.025 0.018229166666666668
0 0.45555555555555555 0.12552083333333333 0.02592592592592593 0.021875
0 0.47175925925925927 0.10286458333333333 0.030555555555555558 0.022395833333333334
0 0.47824074074074074 0.12057291666666667 0.021296296296296296 0.01614583333333333
0 0.41481481481481486 0.20182291666666666 0.03333333333333333 0.013020833333333334
0 0.37962962962962965 0.29192708333333334 0.020370370370370372 0.0109375
0 0.3337962962962963 0.265625 0.02314814814814815 0.008333333333333333
0 0.3592592592592593 0.2604166666666667 0.016666666666666666 0.009375
0 0.4365740740740741 0.34609375 0.01388888888888889 0.0067708333333333336
0 0.4537037037037037 0.34401041666666665 0.020370370370370372 0.009895833333333333
0 0.4537037037037037 0.5486979166666667 0.016666666666666666 0.015104166666666667
0 0.5814814814814815 0.6013020833333333 0.02777777777777778 0.015104166666666667
0 0.5912037037037037 0.5552083333333333 0.026851851851851852 0.01875
0 0.6111111111111112 0.5322916666666666 0.02962962962962963 0.017708333333333333
0 0.687962962962963 0.5260416666666666 0.03518518518518519 0.019791666666666666
0 0.7143518518518519 0.52734375 0.028703703703703703 0.0203125
0 0.6976851851851852 0.7197916666666666 0.030555555555555558 0.01875
0 0.6935185185185185 0.6942708333333333 0.03333333333333333 0.015625
0 0.7620370370370371 0.7330729166666666 0.037037037037037035 0.024479166666666666
0 0.8365740740740741 0.8049479166666667 0.03796296296296296 0.0203125
0 0.7972222222222223 0.6927083333333334 0.031481481481481485 0.016666666666666666
0 0.7912037037037037 0.6104166666666666 0.03425925925925926 0.01875
0 0.8046296296296297 0.59140625 0.031481481481481485 0.0140625
0 0.8055555555555556 0.5770833333333333 0.03333333333333333 0.019791666666666666
0 0.774537037037037 0.5723958333333333 0.032407407407407406 0.016666666666666666
0 0.7717592592592593 0.4875 0.032407407407407406 0.01875
0 0.8458333333333333 0.4825520833333333 0.032407407407407406 0.019270833333333334
0 0.7157407407407408 0.459375 0.037037037037037035 0.017708333333333333
0 0.8120370370370371 0.45859374999999997 0.024074074074074074 0.015104166666666667
0 0.6402777777777778 0.48515625 0.028703703703703703 0.0171875
0 0.6356481481481482 0.39869791666666665 0.021296296296296296 0.0140625
0 0.6087962962962963 0.35885416666666664 0.03425925925925926 0.02395833333333333
0 0.5685185185185185 0.37447916666666664 0.02592592592592593 0.017708333333333333
0 0.5731481481481482 0.3260416666666667 0.031481481481481485 0.020833333333333332
0 0.674074074074074 0.3390625 0.02592592592592593 0.014583333333333334
0 0.6722222222222223 0.32578125 0.02962962962962963 0.01614583333333333
0 0.5824074074074075 0.25364583333333335 0.02592592592592593 0.015625
0 0.6078703703703704 0.2565104166666667 0.025 0.018229166666666668
0 0.7287037037037037 0.19401041666666666 0.03888888888888889 0.021354166666666667
0 0.7518518518518519 0.20546875 0.02962962962962963 0.0140625
0 0.6930555555555555 0.3809895833333333 0.03425925925925926 0.0171875
0 0.8546296296296296 0.63984375 0.022222222222222223 0.013020833333333334
0 0.8875000000000001 0.7244791666666667 0.032407407407407406 0.014583333333333334
0 0.9805555555555556 0.621875 0.02962962962962963 0.017708333333333333
0 0.9907407407407408 0.5276041666666667 0.018518518518518517 0.016666666666666666
0 0.9486111111111112 0.49166666666666664 0.01388888888888889 0.009375
0 0.9907407407407408 0.47630208333333335 0.018518518518518517 0.0171875
0 0.9777777777777779 0.43333333333333335 0.031481481481481485 0.016666666666666666
0 0.8768518518518519 0.34010416666666665 0.024074074074074074 0.014583333333333334
0 0.9462962962962963 0.3263020833333333 0.02777777777777778 0.015104166666666667
0 0.8976851851851853 0.5244791666666666 0.036111111111111115 0.020833333333333332
0 0.6370370370370371 0.4119791666666667 0.016666666666666666 0.009375
0 0.5768518518518518 0.38697916666666665 0.020370370370370372 0.015625
0 0.7990740740740742 0.1515625 0.03333333333333333 0.015625
0 0.6208333333333333 0.7783854166666666 0.028703703703703703 0.025520833333333333
0 0.6287037037037038 0.6846354166666666 0.016666666666666666 0.011979166666666666
0 0.3231481481481482 0.4192708333333333 0.014814814814814815 0.014583333333333334
0 0.7842592592592593 0.7127604166666667 0.031481481481481485 0.018229166666666668
