0 0.09490740740740741 0.36015625 0.026851851851851852 0.0171875
0 0.12638888888888888 0.4432291666666667 0.03425925925925926 0.014583333333333334
0 0.32731481481481484 0.6140625 0.015740740740740743 0.015625
0 0.1712962962962963 0.3169270833333333 0.016666666666666666 0.013020833333333334
0 0.2953703703703704 0.22291666666666665 0.016666666666666666 0.0125
0 0.04537037037037037 0.5981770833333333 0.02777777777777778 0.018229166666666668
0 0.09861111111111112 0.5838541666666667 0.03981481481481482 0.01875
0 0.11157407407407408 0.63125 0.032407407407407406 0.0125
0 0.23842592592592593 0.7341145833333333 0.021296296296296296 0.015104166666666667
0 0.050462962962962966 0.7528645833333333 0.04166666666666667 0.0234375
0 0.11666666666666667 0.7638020833333333 0.03333333333333333 0.021354166666666667
0 0.2865740740740741 0.5315104166666667 0.02314814814814815 0.011979166666666666
0 0.02361111111111111 0.39947916666666666 0.03425925925925926 0.021875
0 0.2726851851851852 0.4515625 0.021296296296296296 0.011458333333333333
0 0.11944444444444445 0.4049479166666667 0.044444444444444446 0.022395833333333334
0 0.009722222222222222 0.3255208333333333 0.017592592592592594 0.016666666666666666
0 0.36064814814814816 0.8440104166666667 0.03425925925925926 0.024479166666666666
0 0.33055555555555555 0.7346354166666667 0.024074074074074074 0.01614583333333333
0 0.2777777777777778 0.7177083333333333 0.037037037037037035 0.02395833333333333
0 0.19768518518518519 0.71484375 0.015740740740740743 0.0140625
0 0.17546296296296296 0.5458333333333333 0.025 0.014583333333333334
0 0.1726851851851852 0.3833333333333333 0.02314814814814815 0.010416666666666666
0 0.44351851851851853 0.74140625 0.031481481481481485 0.018229166666666668
0 0.6199074074074075 0.8098958333333334 0.02314814814814815 0.020833333333333332
0 0.45601851851851855 0.7140625 0.015740740740740743 0.013541666666666667
0 0.47222222222222227 0.7106770833333333 0.022222222222222223 0.0140625
0 0.5657407407407408 0.7174479166666666 0.02777777777777778 0.019270833333333334
0 0.6101851851851852 0.7088541666666667 0.02962962962962963 0.017708333333333333
0 0.5365740740740741 0.6356770833333333 0.026851851851851852 0.015104166666666667
0 0.5611111111111111 0.6322916666666667 0.018518518518518517 0.010416666666666666
0 0.4912037037037037 0.64375 0.025 0.014583333333333334
0 0.4939814814814815 0.66015625 0.026851851851851852 0.015104166666666667
0 0.5106481481481482 0.6276041666666666 0.030555555555555558 0.014583333333333334
0 0.39814814814814814 0.60859375 0.024074074074074074 0.011979166666666666
0 0.4342592592592593 0.59453125 0.02592592592592593 0.011979166666666666
0 0.41944444444444445 0.5791666666666666 0.022222222222222223 0.015625
0 0.3148148148148148 0.5541666666666667 0.02962962962962963 0.014583333333333334
0 0.300462962962963 0.4908854166666667 0.032407407407407406 0.019270833333333334
0 0.3976851851851852 0.5643229166666667 0.026851851851851852 0.0171875
0 0.3402777777777778 0.5466145833333333 0.025 0.0140625
0 0.3731481481481482 0.5674479166666666 0.018518518518518517 0.0140625
0 0.28240740740740744 0.43515624999999997 0.022222222222222223 0.011979166666666666
0 0.2949074074074074 0.39166666666666666 0.021296296296296296 0.011458333333333333
0 0.36388888888888893 0.39427083333333335 0.018518518518518517 0.011458333333333333
0 0.3611111111111111 0.403125 0.024074074074074074 0.013541666666666667
0 0.3263888888888889 0.34140625 0.019444444444444445 0.009895833333333333
0 0.4087962962962963 0.4419270833333333 0.017592592592592594 0.011979166666666666
0 0.4236111111111111 0.38619791666666664 0.017592592592592594 0.011979166666666666
0 0.3939814814814815 0.36666666666666664 0.021296296296296296 0.0125
0 0.2726851851851852 0.17838541666666666 0.03981481481481482 0.027604166666666666
0 0.36388888888888893 0.16640625 0.031481481481481485 0.0203125
0 0.3717592592592593 0.221875 0.026851851851851852 0.017708333333333333
0 0.36944444444444446 0.23359375 0.024074074074074074 0.0140625
0 0.4027777777777778 0.24713541666666666 0.018518518518518517 0.0109375
0 0.39166666666666666 0.15 0.02592592592592593 0.021875
0 0.4115740740740741 0.16770833333333332 0.025 0.01875
0 0.44212962962962965 0.12239583333333333 0.025 0.021875
0 0.4587962962962963 0.09869791666666666 0.030555555555555558 0.022395833333333334
0 0.46481481481481485 0.11692708333333333 0.022222222222222223 0.01614583333333333
0 0.40231481481481485 0.19921875 0.032407407407407406 0.0140625
0 0.3652777777777778 0.28932291666666665 0.019444444444444445 0.0109375
0 0.3180555555555556 0.2640625 0.02314814814814815 0.008333333333333333
0 0.3439814814814815 0.2578125 0.015740740740740743 0.009375
0 0.42314814814814816 0.34348958333333335 0.014814814814814815 0.0067708333333333336
0 0.4412037037037037 0.3419270833333333 0.019444444444444445 0.009895833333333333
0 0.4416666666666667 0.5473958333333333 0.020370370370370372 0.015625
0 0.5703703703703704 0.6005208333333333 0.031481481481481485 0.016666666666666666
0 0.575925925925926 0.55390625 0.02592592592592593 0.018229166666666668
0 0.5990740740740741 0.53125 0.02592592592592593 0.017708333333333333
0 0.6726851851851852 0.5247395833333334 0.036111111111111115 0.019270833333333334
0 0.7018518518518518 0.5270833333333333 0.022222222222222223 0.017708333333333333
0 0.6828703703703703 0.7190104166666667 0.030555555555555558 0.018229166666666668
0 0.6777777777777778 0.6932291666666667 0.03333333333333333 0.015625
0 0.7462962962962963 0.73203125 0.037037037037037035 0.024479166666666666
0 0.8208333333333334 0.8041666666666667 0.03796296296296296 0.019791666666666666
0 0.7837962962962963 0.6919270833333333 0.026851851851851852 0.0171875
0 0.7810185185185186 0.6098958333333333 0.036111111111111115 0.01875
0 0.7921296296296296 0.590625 0.036111111111111115 0.013541666666666667
0 0.7907407407407407 0.5763020833333333 0.03333333333333333 0.019270833333333334
0 0.7597222222222223 0.5705729166666667 0.032407407407407406 0.0171875
0 0.7564814814814815 0.4856770833333333 0.03333333333333333 0.019270833333333334
0 0.8305555555555556 0.48072916666666665 0.03333333333333333 0.01875
0 0.7018518518518518 0.4578125 0.037037037037037035 0.017708333333333333
0 0.7962962962962963 0.45729166666666665 0.024074074074074074 0.015625
0 0.6268518518518519 0.48385416666666664 0.02777777777777778 0.017708333333333333
0 0.625462962962963 0.396875 0.019444444444444445 0.013541666666666667
0 0.5958333333333333 0.35625 0.036111111111111115 0.022916666666666665
0 0.5509259259259259 0.37213541666666666 0.024074074074074074 0.0203125
0 0.5597222222222222 0.32317708333333334 0.032407407407407406 0.019270833333333334
0 0.6620370370370371 0.33671875 0.02962962962962963 0.0140625
0 0.6611111111111111 0.32395833333333335 0.02962962962962963 0.016666666666666666
0 0.5703703703703704 0.25104166666666666 0.02592592592592593 0.014583333333333334
0 0.5953703703703704 0.25338541666666664 0.02592592592592593 0.018229166666666668
0 0.7138888888888889 0.19088541666666667 0.040740740740740744 0.022395833333333334
0 0.737037037037037 0.20260416666666667 0.02962962962962963 0.015625
0 0.6847222222222222 0.3770833333333333 0.03796296296296296 0.019791666666666666
0 0.8388888888888889 0.6393229166666666 0.022222222222222223 0.013020833333333334
0 0.8731481481481482 0.7239583333333334 0.031481481481481485 0.014583333333333334
0 0.9671296296296297 0.6205729166666667 0.032407407407407406 0.018229166666666668
0 0.9851851851851853 0.52578125 0.02962962962962963 0.018229166666666668
0 0.9393518518518519 0.4901041666666667 0.017592592592592594 0.011458333333333333
0 0.9847222222222223 0.4770833333333333 0.030555555555555558 0.021875
0 0.9652777777777778 0.4317708333333333 0.030555555555555558 0.016666666666666666
0 0.8657407407407408 0.3380208333333333 0.024074074074074074 0.014583333333333334
0 0.9361111111111111 0.32421875 0.02777777777777778 0.015104166666666667
0 0.8814814814814815 0.5231770833333333 0.03888888888888889 0.0203125
0 0.625 0.41041666666666665 0.016666666666666666 0.008333333333333333
0 0.5648148148148149 0.3854166666666667 0.020370370370370372 0.016666666666666666
0 0.7851851851851852 0.1484375 0.03333333333333333 0.016666666666666666
0 0.6041666666666667 0.7768229166666667 0.028703703703703703 0.0265625
0 0.6143518518518519 0.6828125 0.015740740740740743 0.0125
0 0.3074074074074074 0.41744791666666664 0.014814814814814815 0.0140625
0 0.7680555555555556 0.7119791666666666 0.030555555555555558 0.017708333333333333
