0 0.9671296296296297 0.35494791666666664 0.015740740740740743 0.015104166666666667
0 0.9259259259259259 0.440625 0.03333333333333333 0.015625
0 0.7273148148148149 0.6138020833333333 0.019444444444444445 0.015104166666666667
0 0.8851851851851852 0.31197916666666664 0.016666666666666666 0.0125
0 0.7574074074074074 0.21692708333333333 0.018518518518518517 0.011979166666666666
0 0.9583333333333334 0.5825520833333333 0.040740740740740744 0.019270833333333334
0 0.9435185185185185 0.6309895833333333 0.031481481481481485 0.013020833333333334
0 0.7671296296296296 0.5283854166666666 0.02314814814814815 0.0109375
0 0.9407407407407408 0.7625 0.04259259259259259 0.021875
0 0.7759259259259259 0.4479166666666667 0.022222222222222223 0.010416666666666666
0 0.9476851851851852 0.4010416666666667 0.04351851851851852 0.02395833333333333
0 0.7087962962962964 0.8453125 0.03425925925925926 0.025
0 0.7296296296296296 0.7341145833333333 0.024074074074074074 0.0171875
0 0.7800925925925927 0.7177083333333333 0.03425925925925926 0.02395833333333333
0 0.850462962962963 0.7143229166666667 0.015740740740740743 0.0140625
0 0.8731481481481482 0.5447916666666667 0.02592592592592593 0.014583333333333334
0 0.8800925925925926 0.375 0.026851851851851852 0.01875
0 0.6449074074074075 0.840625 0.012037037037037037 0.019791666666666666
0 0.6097222222222223 0.7401041666666667 0.030555555555555558 0.019791666666666666
0 0.4398148148148148 0.8083333333333333 0.024074074074074074 0.019791666666666666
0 0.5962962962962963 0.7143229166666667 0.024074074074074074 0.0140625
0 0.5740740740740741 0.7088541666666667 0.022222222222222223 0.013541666666666667
0 0.49212962962962964 0.71640625 0.028703703703703703 0.019270833333333334
0 0.4439814814814815 0.7078125 0.028703703703703703 0.017708333333333333
0 0.5115740740740741 0.6341145833333334 0.026851851851851852 0.015104166666666667
0 0.4861111111111111 0.6307291666666667 0.018518518518518517 0.010416666666666666
0 0.5587962962962963 0.6424479166666667 0.025 0.015104166666666667
0 0.5555555555555556 0.65859375 0.02592592592592593 0.01614583333333333
0 0.538425925925926 0.62578125 0.030555555555555558 0.015104166666666667
0 0.6550925925925927 0.60703125 0.025 0.011979166666666666
0 0.5837962962962964 0.6010416666666667 0.019444444444444445 0.011458333333333333
0 0.6143518518518519 0.59296875 0.026851851851851852 0.011979166666666666
0 0.6291666666666667 0.5778645833333333 0.02314814814814815 0.0140625
0 0.7421296296296297 0.5526041666666667 0.030555555555555558 0.014583333333333334
0 0.7560185185185185 0.48828125 0.03425925925925926 0.018229166666666668
0 0.6574074074074074 0.5627604166666667 0.02592592592592593 0.0171875
0 0.7157407407407408 0.5450520833333333 0.024074074074074074 0.0140625
0 0.6787037037037037 0.5671875 0.016666666666666666 0.010416666666666666
0 0.7666666666666667 0.4328125 0.022222222222222223 0.011458333333333333
0 0.763888888888889 0.3875 0.022222222222222223 0.0125
0 0.700462962962963 0.39088541666666665 0.019444444444444445 0.0109375
0 0.6981481481481482 0.39947916666666666 0.024074074074074074 0.013541666666666667
0 0.7287037037037037 0.3375 0.020370370370370372 0.009375
0 0.6416666666666667 0.43776041666666665 0.012962962962962964 0.011979166666666666
0 0.6324074074074074 0.38255208333333335 0.018518518518518517 0.0109375
0 0.663425925925926 0.3625 0.021296296296296296 0.0125
0 0.7935185185185185 0.17005208333333333 0.03888888888888889 0.0265625
0 0.7666666666666667 0.18203125 0.018518518518518517 0.0140625
0 0.6935185185185185 0.15859375 0.031481481481481485 0.0203125
0 0.6856481481481482 0.21510416666666665 0.026851851851851852 0.017708333333333333
0 0.688425925925926 0.22734374999999998 0.02314814814814815 0.0140625
0 0.6476851851851853 0.24114583333333334 0.019444444444444445 0.011458333333333333
0 0.6643518518518519 0.14192708333333334 0.026851851851851852 0.022395833333333334
0 0.6416666666666667 0.16015625 0.02592592592592593 0.019270833333333334
0 0.611574074074074 0.11328125 0.026851851851851852 0.022395833333333334
0 0.5962962962962963 0.09036458333333333 0.031481481481481485 0.0234375
0 0.5884259259259259 0.10885416666666667 0.02314814814814815 0.016666666666666666
0 0.6532407407407408 0.19192708333333333 0.03425925925925926 0.0140625
0 0.6898148148148149 0.28489583333333335 0.020370370370370372 0.010416666666666666
0 0.7328703703703704 0.2598958333333333 0.015740740740740743 0.010416666666666666
0 0.7152777777777778 0.2515625 0.017592592592592594 0.009375
0 0.6245370370370371 0.34010416666666665 0.01388888888888889 0.008333333333333333
0 0.6069444444444445 0.3375 0.019444444444444445 0.010416666666666666
0 0.6101851851851852 0.546875 0.020370370370370372 0.014583333333333334
0 0.48194444444444445 0.5984375 0.030555555555555558 0.015625
0 0.47222222222222227 0.5518229166666666 0.02777777777777778 0.018229166666666668
0 0.45 0.5291666666666667 0.02592592592592593 0.01875
0 0.3805555555555556 0.52265625 0.03518518518518519 0.019270833333333334
0 0.3513888888888889 0.5247395833333334 0.02314814814814815 0.018229166666666668
0 0.3689814814814815 0.7177083333333333 0.028703703703703703 0.01875
0 0.3731481481481482 0.6919270833333333 0.03333333333333333 0.01614583333333333
0 0.3074074074074074 0.73046875 0.037037037037037035 0.0234375
0 0.23240740740740742 0.80234375 0.037037037037037035 0.0203125
0 0.26944444444444443 0.6903645833333333 0.02777777777777778 0.0171875
0 0.2675925925925926 0.6072916666666667 0.03518518518518519 0.017708333333333333
0 0.25925925925925924 0.5885416666666666 0.03518518518518519 0.013541666666666667
0 0.26157407407407407 0.5739583333333333 0.032407407407407406 0.019791666666666666
0 0.29305555555555557 0.5684895833333333 0.032407407407407406 0.0171875
0 0.29814814814814816 0.48333333333333334 0.03333333333333333 0.01875
0 0.22453703703703703 0.47812499999999997 0.032407407407407406 0.01875
0 0.35000000000000003 0.45468749999999997 0.03518518518518519 0.017708333333333333
0 0.2574074074074074 0.45416666666666666 0.02592592592592593 0.015625
0 0.4199074074074074 0.48125 0.026851851851851852 0.017708333333333333
0 0.41805555555555557 0.39348958333333334 0.021296296296296296 0.013020833333333334
0 0.40324074074074073 0.3997395833333333 0.019444444444444445 0.011979166666666666
0 0.4569444444444445 0.35234375 0.036111111111111115 0.022395833333333334
0 0.4981481481481482 0.36822916666666666 0.024074074074074074 0.019791666666666666
0 0.4935185185185185 0.31796875 0.031481481481481485 0.019270833333333334
0 0.38796296296296295 0.33203125 0.02962962962962963 0.015104166666666667
0 0.38842592592592595 0.31744791666666666 0.030555555555555558 0.0140625
0 0.4800925925925926 0.2453125 0.026851851851851852 0.015625
0 0.45462962962962966 0.24791666666666667 0.02592592592592593 0.01875
0 0.3416666666666667 0.184375 0.040740740740740744 0.021875
0 0.3189814814814815 0.19869791666666667 0.032407407407407406 0.0203125
0 0.1736111111111111 0.5184895833333333 0.032407407407407406 0.0203125
0 0.3648148148148148 0.3734375 0.03518518518518519 0.01875
0 0.21342592592592594 0.6375 0.02314814814814815 0.013541666666666667
0 0.17731481481481481 0.721875 0.030555555555555558 0.013541666666666667
0 0.08240740740740742 0.6182291666666666 0.031481481481481485 0.017708333333333333
0 0.015277777777777779 0.7307291666666667 0.02314814814814815 0.017708333333333333
0 0.06018518518518519 0.52265625 0.03333333333333333 0.018229166666666668
0 0.03796296296296296 0.48541666666666666 0.03333333333333333 0.019791666666666666
0 0.10324074074074074 0.4869791666666667 0.019444444444444445 0.011458333333333333
0 0.06435185185185185 0.47213541666666664 0.032407407407407406 0.018229166666666668
0 0.08194444444444444 0.428125 0.030555555555555558 0.017708333333333333
0 0.014814814814814815 0.425 0.016666666666666666 0.011458333333333333
0 0.17685185185185187 0.334375 0.024074074074074074 0.014583333333333334
0 0.10740740740740741 0.32005208333333335 0.024074074074074074 0.015104166666666667
0 0.019444444444444445 0.3515625 0.03518518518518519 0.017708333333333333
0 0.41712962962962963 0.4075520833333333 0.019444444444444445 0.008854166666666666
0 0.48194444444444445 0.3815104166666667 0.021296296296296296 0.01614583333333333
0 0.26851851851851855 0.14192708333333334 0.031481481481481485 0.019270833333333334
0 0.4532407407407408 0.7760416666666666 0.026851851851851852 0.027083333333333334
0 0.43703703703703706 0.68125 0.018518518518518517 0.013541666666666667
0 0.750925925925926 0.4145833333333333 0.014814814814814815 0.013541666666666667
0 0.28564814814814815 0.7098958333333333 0.030555555555555558 0.017708333333333333
