0 0.9847222222222223 0.35234375 0.012037037037037037 0.0140625
0 0.9402777777777778 0.43697916666666664 0.03425925925925926 0.019791666666666666
0 0.7430555555555556 0.6127604166666667 0.021296296296296296 0.015104166666666667
0 0.9009259259259259 0.3104166666666667 0.016666666666666666 0.0125
0 0.7712962962962964 0.21510416666666665 0.018518518518518517 0.0125
0 0.976388888888889 0.5817708333333333 0.04166666666666667 0.019791666666666666
0 0.9611111111111111 0.6299479166666666 0.03333333333333333 0.013020833333333334
0 0.9597222222222223 0.7638020833333333 0.026851851851851852 0.025520833333333333
0 0.7837962962962963 0.5278645833333333 0.025 0.0109375
0 0.7907407407407407 0.44635416666666666 0.022222222222222223 0.009375
0 0.9666666666666667 0.3989583333333333 0.044444444444444446 0.02395833333333333
0 0.7314814814814815 0.8447916666666666 0.03518518518518519 0.02395833333333333
0 0.7490740740740741 0.7338541666666667 0.024074074074074074 0.017708333333333333
0 0.7990740740740742 0.7169270833333333 0.03518518518518519 0.0234375
0 0.8657407407407408 0.7138020833333333 0.014814814814814815 0.0140625
0 0.8875000000000001 0.5434895833333333 0.026851851851851852 0.015104166666666667
0 0.8939814814814815 0.3729166666666667 0.028703703703703703 0.01875
0 0.6648148148148149 0.840625 0.012962962962962964 0.021875
0 0.6263888888888889 0.7403645833333333 0.032407407407407406 0.019270833333333334
0 0.4587962962962963 0.80859375 0.025 0.019270833333333334
0 0.612037037037037 0.7138020833333333 0.02592592592592593 0.0140625
0 0.5888888888888889 0.7083333333333334 0.022222222222222223 0.013541666666666667
0 0.5092592592592593 0.71640625 0.02777777777777778 0.019270833333333334
0 0.46111111111111114 0.7075520833333333 0.02962962962962963 0.0171875
0 0.5263888888888889 0.63359375 0.026851851851851852 0.015104166666666667
0 0.500925925925926 0.6302083333333334 0.018518518518518517 0.010416666666666666
0 0.5736111111111112 0.6419270833333334 0.025 0.015104166666666667
0 0.5712962962962963 0.65859375 0.02592592592592593 0.015104166666666667
0 0.5523148148148148 0.6247395833333333 0.030555555555555558 0.01614583333333333
0 0.6708333333333334 0.6059895833333333 0.025 0.011979166666666666
0 0.5976851851851852 0.6005208333333333 0.019444444444444445 0.011458333333333333
0 0.6296296296296297 0.5919270833333333 0.02592592592592593 0.011979166666666666
0 0.6444444444444445 0.5770833333333333 0.022222222222222223 0.014583333333333334
0 0.7587962962962963 0.5520833333333334 0.030555555555555558 0.014583333333333334
0 0.7722222222222223 0.48723958333333334 0.03333333333333333 0.018229166666666668
0 0.6736111111111112 0.5622395833333333 0.025 0.0171875
0 0.7324074074074074 0.5440104166666666 0.024074074074074074 0.0140625
0 0.6944444444444444 0.56640625 0.016666666666666666 0.0109375
0 0.7842592592592593 0.43046875 0.02592592592592593 0.013020833333333334
0 0.7805555555555556 0.38645833333333335 0.022222222222222223 0.0125
0 0.7180555555555556 0.38984375 0.019444444444444445 0.0109375
0 0.7148148148148148 0.39869791666666665 0.024074074074074074 0.013020833333333334
0 0.7444444444444445 0.3359375 0.020370370370370372 0.009375
0 0.6564814814814816 0.4375 0.014814814814814815 0.011458333333333333
0 0.6486111111111111 0.38125 0.019444444444444445 0.011458333333333333
0 0.6791666666666667 0.3611979166666667 0.021296296296296296 0.011979166666666666
0 0.8111111111111111 0.16744791666666667 0.03888888888888889 0.0265625
0 0.7824074074074074 0.17994791666666665 0.018518518518518517 0.0140625
0 0.7074074074074075 0.15703125 0.031481481481481485 0.0203125
0 0.700462962962963 0.21380208333333334 0.026851851851851852 0.018229166666666668
0 0.7023148148148148 0.22578125 0.02314814814814815 0.0140625
0 0.6606481481481482 0.23932291666666666 0.019444444444444445 0.0109375
0 0.6782407407407408 0.14010416666666667 0.026851851851851852 0.022916666666666665
0 0.6555555555555556 0.15833333333333333 0.02592592592592593 0.01875
0 0.6245370370370371 0.11171874999999999 0.026851851851851852 0.022395833333333334
0 0.6092592592592593 0.0890625 0.031481481481481485 0.02395833333333333
0 0.600925925925926 0.10729166666666666 0.024074074074074074 0.016666666666666666
0 0.6666666666666667 0.19010416666666666 0.03518518518518519 0.013541666666666667
0 0.7041666666666667 0.28359375 0.019444444444444445 0.0109375
0 0.7486111111111111 0.25859375 0.017592592592592594 0.009895833333333333
0 0.7310185185185185 0.25026041666666665 0.017592592592592594 0.009895833333333333
0 0.6375000000000001 0.3390625 0.01388888888888889 0.008333333333333333
0 0.6203703703703703 0.3364583333333333 0.020370370370370372 0.010416666666666666
0 0.6245370370370371 0.5463541666666667 0.021296296296296296 0.014583333333333334
0 0.4962962962962963 0.5979166666666667 0.02777777777777778 0.016666666666666666
0 0.48750000000000004 0.55078125 0.028703703703703703 0.018229166666666668
0 0.46481481481481485 0.5283854166666666 0.02592592592592593 0.018229166666666668
0 0.3962962962962963 0.521875 0.03518518518518519 0.019791666666666666
0 0.3662037037037037 0.5244791666666666 0.02314814814814815 0.017708333333333333
0 0.3842592592592593 0.7171875 0.02777777777777778 0.01875
0 0.3888888888888889 0.6919270833333333 0.031481481481481485 0.01614583333333333
0 0.32453703703703707 0.73046875 0.036111111111111115 0.0234375
0 0.24861111111111112 0.80234375 0.036111111111111115 0.0203125
0 0.28611111111111115 0.68984375 0.02777777777777778 0.0171875
0 0.28240740740740744 0.6075520833333333 0.03518518518518519 0.0171875
0 0.274537037037037 0.5885416666666666 0.03425925925925926 0.013541666666666667
0 0.27731481481481485 0.5734375 0.032407407407407406 0.019791666666666666
0 0.3087962962962963 0.5682291666666667 0.032407407407407406 0.016666666666666666
0 0.3138888888888889 0.48333333333333334 0.03333333333333333 0.01875
0 0.23981481481481481 0.47812499999999997 0.03333333333333333 0.01875
0 0.3652777777777778 0.45416666666666666 0.036111111111111115 0.017708333333333333
0 0.27314814814814814 0.45416666666666666 0.02777777777777778 0.016666666666666666
0 0.4310185185185185 0.4817708333333333 0.030555555555555558 0.01875
0 0.4305555555555556 0.39375 0.022222222222222223 0.0125
0 0.4134259259259259 0.3989583333333333 0.019444444444444445 0.0125
0 0.4708333333333333 0.35182291666666665 0.036111111111111115 0.022395833333333334
0 0.5111111111111112 0.3677083333333333 0.024074074074074074 0.019791666666666666
0 0.5069444444444444 0.31744791666666666 0.032407407407407406 0.019270833333333334
0 0.4 0.33098958333333334 0.02777777777777778 0.0140625
0 0.4027777777777778 0.31666666666666665 0.031481481481481485 0.013541666666666667
0 0.4930555555555556 0.24453125 0.026851851851851852 0.015104166666666667
0 0.4666666666666667 0.24739583333333334 0.02592592592592593 0.01875
0 0.35694444444444445 0.18359375 0.03981481481481482 0.022395833333333334
0 0.33425925925925926 0.1984375 0.03333333333333333 0.021875
0 0.3740740740740741 0.3731770833333333 0.02777777777777778 0.0171875
0 0.22916666666666669 0.6372395833333333 0.02314814814814815 0.0140625
0 0.19305555555555556 0.7213541666666666 0.030555555555555558 0.013541666666666667
0 0.0962962962962963 0.6182291666666666 0.031481481481481485 0.017708333333333333
0 0.03194444444444445 0.73125 0.02314814814814815 0.017708333333333333
0 0.075 0.5229166666666667 0.03333333333333333 0.01875
0 0.05277777777777778 0.4856770833333333 0.03333333333333333 0.0203125
0 0.11527777777777778 0.48671875 0.019444444444444445 0.011979166666666666
0 0.07731481481481482 0.47213541666666664 0.032407407407407406 0.018229166666666668
0 0.0125 0.4588541666666667 0.021296296296296296 0.0125
0 0.09537037037037037 0.428125 0.02962962962962963 0.016666666666666666
0 0.029166666666666667 0.425 0.017592592592592594 0.011458333333333333
0 0.18703703703703706 0.3341145833333333 0.024074074074074074 0.015104166666666667
0 0.11805555555555557 0.31979166666666664 0.025 0.014583333333333334
0 0.030092592592592594 0.35104166666666664 0.036111111111111115 0.016666666666666666
0 0.18472222222222223 0.5171875 0.030555555555555558 0.025
0 0.4287037037037037 0.40729166666666666 0.018518518518518517 0.008333333333333333
0 0.4949074074074074 0.38125 0.019444444444444445 0.016666666666666666
0 0.0125 0.13567708333333334 0.021296296296296296 0.021354166666666667
0 0.28101851851851856 0.140625 0.032407407407407406 0.019791666666666666
0 0.4712962962962963 0.7760416666666666 0.02592592592592593 0.027083333333333334
0 0.4527777777777778 0.68125 0.018518518518518517 0.0125
0 0.7675925925925926 0.41328125 0.014814814814814815 0.0140625
0 0.42129629629629634 0.4908854166666667 0.016666666666666666 0.0171875
0 0.30185185185185187 0.7098958333333333 0.02962962962962963 0.017708333333333333
