0 0.9865740740740742 0.4388020833333333 0.026851851851851852 0.019270833333333334
0 0.7967592592592593 0.6145833333333334 0.021296296296296296 0.013541666666666667
0 0.9555555555555556 0.31145833333333334 0.016666666666666666 0.011458333333333333
0 0.8203703703703704 0.21614583333333334 0.018518518518518517 0.0125
0 0.8833333333333334 0.7419270833333333 0.018518518518518517 0.011979166666666666
0 0.8430555555555556 0.5294270833333333 0.025 0.0109375
0 0.8398148148148148 0.4484375 0.024074074074074074 0.009375
0 0.8416666666666667 0.41796875 0.022222222222222223 0.013020833333333334
0 0.8074074074074075 0.85 0.03518518518518519 0.025
0 0.8138888888888889 0.7369791666666666 0.02592592592592593 0.01875
0 0.8634259259259259 0.7208333333333333 0.03425925925925926 0.022916666666666665
0 0.9162037037037037 0.7169270833333333 0.01388888888888889 0.015104166666666667
0 0.9370370370370371 0.5458333333333333 0.022222222222222223 0.0125
0 0.9439814814814815 0.375 0.028703703703703703 0.017708333333333333
0 0.7268518518518519 0.8416666666666667 0.018518518518518517 0.02395833333333333
0 0.6833333333333333 0.7432291666666666 0.031481481481481485 0.019791666666666666
0 0.5236111111111111 0.8127604166666667 0.025 0.019270833333333334
0 0.6638888888888889 0.7174479166666666 0.02592592592592593 0.01614583333333333
0 0.6398148148148148 0.7114583333333333 0.024074074074074074 0.013541666666666667
0 0.5712962962962963 0.71953125 0.02777777777777778 0.019270833333333334
0 0.5203703703703704 0.7106770833333333 0.02777777777777778 0.018229166666666668
0 0.4981481481481482 0.6869791666666667 0.016666666666666666 0.014583333333333334
0 0.5787037037037037 0.6359375 0.02777777777777778 0.015625
0 0.5513888888888889 0.6330729166666667 0.019444444444444445 0.0109375
0 0.6263888888888889 0.6447916666666667 0.025 0.014583333333333334
0 0.6240740740740741 0.66171875 0.02592592592592593 0.01614583333333333
0 0.6050925925925926 0.6276041666666666 0.030555555555555558 0.014583333333333334
0 0.7263888888888889 0.60859375 0.026851851851851852 0.011979166666666666
0 0.6486111111111111 0.6026041666666666 0.021296296296296296 0.011458333333333333
0 0.6814814814814815 0.59453125 0.02592592592592593 0.011979166666666666
0 0.6958333333333334 0.578125 0.021296296296296296 0.017708333333333333
0 0.8180555555555555 0.5541666666666667 0.030555555555555558 0.014583333333333334
0 0.8310185185185186 0.4888020833333333 0.03425925925925926 0.018229166666666668
0 0.7314814814814815 0.5645833333333333 0.024074074074074074 0.016666666666666666
0 0.7912037037037037 0.5463541666666667 0.02314814814814815 0.013541666666666667
0 0.750462962962963 0.5692708333333333 0.015740740740740743 0.010416666666666666
0 0.8305555555555556 0.43255208333333334 0.020370370370370372 0.0109375
0 0.8384259259259259 0.3872395833333333 0.021296296296296296 0.011979166666666666
0 0.7837962962962963 0.39088541666666665 0.019444444444444445 0.0109375
0 0.775 0.3997395833333333 0.024074074074074074 0.0140625
0 0.7990740740740742 0.3372395833333333 0.020370370370370372 0.008854166666666666
0 0.7106481481481481 0.43828125 0.015740740740740743 0.011979166666666666
0 0.7060185185185186 0.38307291666666665 0.019444444444444445 0.0109375
0 0.7375 0.36276041666666664 0.021296296296296296 0.011979166666666666
0 0.8740740740740741 0.16875 0.037037037037037035 0.025
0 0.8435185185185186 0.18098958333333334 0.022222222222222223 0.015104166666666667
0 0.7620370370370371 0.15885416666666666 0.031481481481481485 0.020833333333333332
0 0.7574074074074074 0.21562499999999998 0.02777777777777778 0.017708333333333333
0 0.7587962962962963 0.22734374999999998 0.02314814814814815 0.0140625
0 0.7092592592592593 0.24140625 0.020370370370370372 0.0109375
0 0.7208333333333333 0.19583333333333333 0.028703703703703703 0.020833333333333332
0 0.7333333333333334 0.14192708333333334 0.02777777777777778 0.022395833333333334
0 0.7074074074074075 0.16015625 0.02592592592592593 0.019270833333333334
0 0.6759259259259259 0.11484375 0.02592592592592593 0.0234375
0 0.6620370370370371 0.09114583333333333 0.031481481481481485 0.02395833333333333
0 0.6518518518518519 0.10963541666666667 0.024074074074074074 0.0171875
0 0.7583333333333334 0.28489583333333335 0.020370370370370372 0.011458333333333333
0 0.8046296296296297 0.2609375 0.020370370370370372 0.011458333333333333
0 0.7893518518518519 0.2515625 0.017592592592592594 0.009375
0 0.6851851851851852 0.34140625 0.012962962962962964 0.008854166666666666
0 0.6675925925925926 0.3380208333333333 0.020370370370370372 0.010416666666666666
0 0.675 0.54921875 0.024074074074074074 0.015104166666666667
0 0.5513888888888889 0.60078125 0.028703703703703703 0.015104166666666667
0 0.5393518518518519 0.55390625 0.030555555555555558 0.0171875
0 0.5171296296296296 0.5302083333333333 0.026851851851851852 0.01875
0 0.4527777777777778 0.5247395833333334 0.03518518518518519 0.019270833333333334
0 0.4236111111111111 0.52734375 0.02314814814814815 0.018229166666666668
0 0.44027777777777777 0.7203125 0.026851851851851852 0.017708333333333333
0 0.44537037037037036 0.6947916666666667 0.031481481481481485 0.016666666666666666
0 0.3814814814814815 0.7338541666666667 0.03518518518518519 0.02395833333333333
0 0.3060185185185185 0.8057291666666666 0.03425925925925926 0.020833333333333332
0 0.34351851851851856 0.69296875 0.02777777777777778 0.018229166666666668
0 0.33611111111111114 0.6104166666666666 0.03333333333333333 0.015625
0 0.33101851851851855 0.590625 0.032407407407407406 0.013541666666666667
0 0.3337962962962963 0.5763020833333333 0.032407407407407406 0.019270833333333334
0 0.36574074074074076 0.57109375 0.031481481481481485 0.0171875
0 0.37222222222222223 0.48541666666666666 0.03333333333333333 0.01875
0 0.29953703703703705 0.48046875 0.032407407407407406 0.019270833333333334
0 0.4203703703703704 0.45703125 0.03518518518518519 0.0171875
0 0.3314814814814815 0.45729166666666665 0.02777777777777778 0.016666666666666666
0 0.4828703703703704 0.4825520833333333 0.028703703703703703 0.015104166666666667
0 0.47453703703703703 0.396875 0.02314814814814815 0.0125
0 0.45740740740740743 0.40130208333333334 0.022222222222222223 0.013020833333333334
0 0.5236111111111111 0.35390625 0.03425925925925926 0.022395833333333334
0 0.5620370370370371 0.36953125 0.022222222222222223 0.019270833333333334
0 0.5615740740740741 0.3190104166666667 0.032407407407407406 0.019270833333333334
0 0.4527777777777778 0.3338541666666667 0.024074074074074074 0.013541666666666667
0 0.32592592592592595 0.1328125 0.020370370370370372 0.014583333333333334
0 0.45833333333333337 0.31927083333333334 0.031481481481481485 0.014583333333333334
0 0.5425925925925926 0.24661458333333333 0.02592592592592593 0.0140625
0 0.5171296296296296 0.24947916666666667 0.026851851851851852 0.01875
0 0.4166666666666667 0.18697916666666667 0.03888888888888889 0.022916666666666665
0 0.39537037037037037 0.20234375 0.03518518518518519 0.024479166666666666
0 0.42453703703703705 0.37526041666666665 0.026851851851851852 0.0171875
0 0.28611111111111115 0.6403645833333333 0.024074074074074074 0.015104166666666667
0 0.24814814814814815 0.725 0.031481481481481485 0.013541666666666667
0 0.14953703703703705 0.62109375 0.028703703703703703 0.018229166666666668
0 0.08935185185185185 0.7346354166666667 0.025 0.018229166666666668
0 0.05648148148148149 0.7348958333333333 0.03333333333333333 0.020833333333333332
0 0.04814814814814815 0.6184895833333334 0.04259259259259259 0.022395833333333334
0 0.01388888888888889 0.6080729166666666 0.024074074074074074 0.0140625
0 0.1277777777777778 0.5255208333333333 0.03333333333333333 0.01875
0 0.0125 0.5234375 0.021296296296296296 0.01875
0 0.018518518518518517 0.5002604166666667 0.03333333333333333 0.019270833333333334
0 0.10694444444444445 0.48854166666666665 0.03425925925925926 0.019791666666666666
0 0.1615740740740741 0.48932291666666666 0.019444444444444445 0.011979166666666666
0 0.13055555555555556 0.475 0.031481481481481485 0.017708333333333333
0 0.0587962962962963 0.4622395833333333 0.025 0.011979166666666666
0 0.1462962962962963 0.43072916666666666 0.02777777777777778 0.016666666666666666
0 0.08009259259259259 0.42890625 0.02314814814814815 0.011979166666666666
0 0.022685185185185187 0.38515625 0.028703703703703703 0.018229166666666668
0 0.04722222222222222 0.3765625 0.031481481481481485 0.01875
0 0.23287037037037037 0.33697916666666666 0.02314814814814815 0.014583333333333334
0 0.16574074074074074 0.32265625 0.022222222222222223 0.0140625
0 0.03287037037037037 0.29713541666666665 0.030555555555555558 0.0140625
0 0.08148148148148149 0.35494791666666664 0.031481481481481485 0.0171875
0 0.038425925925925926 0.34713541666666664 0.028703703703703703 0.011979166666666666
0 0.24953703703703706 0.5205729166666666 0.030555555555555558 0.0234375
0 0.4708333333333333 0.4106770833333333 0.015740740740740743 0.008854166666666666
0 0.5439814814814815 0.3833333333333333 0.021296296296296296 0.015625
0 0.034722222222222224 0.228125 0.026851851851851852 0.016666666666666666
0 0.05694444444444444 0.14010416666666667 0.036111111111111115 0.020833333333333332
0 0.34120370370370373 0.14348958333333334 0.032407407407407406 0.0203125
0 0.5337962962962963 0.7799479166666666 0.026851851851851852 0.0265625
0 0.5101851851851852 0.6838541666666667 0.014814814814814815 0.014583333333333334
0 0.35879629629629634 0.7125 0.030555555555555558 0.01875
0 0.19212962962962965 0.68515625 0.019444444444444445 0.0140625
