0 0.014814814814814815 0.43854166666666666 0.02777777777777778 0.01875
0 0.2050925925925926 0.6145833333333334 0.021296296296296296 0.013541666666666667
0 0.0462962962962963 0.31145833333333334 0.016666666666666666 0.011458333333333333
0 0.1814814814814815 0.21614583333333334 0.018518518518518517 0.0125
0 0.11851851851851852 0.7419270833333333 0.018518518518518517 0.011979166666666666
0 0.1587962962962963 0.5294270833333333 0.025 0.0109375
0 0.16203703703703703 0.4484375 0.024074074074074074 0.009375
0 0.16018518518518518 0.41796875 0.022222222222222223 0.013020833333333334
0 0.19444444444444445 0.85 0.03518518518518519 0.025
0 0.18796296296296297 0.7369791666666666 0.02592592592592593 0.01875
0 0.13842592592592592 0.7208333333333333 0.03425925925925926 0.022916666666666665
0 0.08564814814814815 0.7169270833333333 0.01388888888888889 0.015104166666666667
0 0.06481481481481481 0.5458333333333333 0.022222222222222223 0.0125
0 0.05787037037037037 0.375 0.028703703703703703 0.017708333333333333
0 0.275 0.8416666666666667 0.018518518518518517 0.02395833333333333
0 0.31851851851851853 0.7432291666666666 0.031481481481481485 0.019791666666666666
0 0.47824074074074074 0.8127604166666667 0.025 0.019270833333333334
0 0.33796296296296297 0.7174479166666666 0.02592592592592593 0.01614583333333333
0 0.36203703703703705 0.7114583333333333 0.024074074074074074 0.013541666666666667
0 0.4305555555555556 0.71953125 0.02777777777777778 0.019270833333333334
0 0.4814814814814815 0.7106770833333333 0.02777777777777778 0.018229166666666668
0 0.5037037037037038 0.6869791666666667 0.016666666666666666 0.014583333333333334
0 0.42314814814814816 0.6359375 0.02777777777777778 0.015625
0 0.45046296296296295 0.6330729166666667 0.019444444444444445 0.0109375
0 0.375462962962963 0.6447916666666667 0.025 0.014583333333333334
0 0.37777777777777777 0.66171875 0.02592592592592593 0.01614583333333333
0 0.39675925925925926 0.6276041666666666 0.030555555555555558 0.014583333333333334
0 0.27546296296296297 0.60859375 0.026851851851851852 0.011979166666666666
0 0.35324074074074074 0.6026041666666666 0.021296296296296296 0.011458333333333333
0 0.32037037037037036 0.59453125 0.02592592592592593 0.011979166666666666
0 0.3060185185185185 0.578125 0.021296296296296296 0.017708333333333333
0 0.1837962962962963 0.5541666666666667 0.030555555555555558 0.014583333333333334
0 0.17083333333333334 0.4888020833333333 0.03425925925925926 0.018229166666666668
0 0.27037037037037037 0.5645833333333333 0.024074074074074074 0.016666666666666666
0 0.21064814814814817 0.5463541666666667 0.02314814814814815 0.013541666666666667
0 0.2513888888888889 0.5692708333333333 0.015740740740740743 0.010416666666666666
0 0.1712962962962963 0.43255208333333334 0.020370370370370372 0.0109375
0 0.16342592592592592 0.3872395833333333 0.021296296296296296 0.011979166666666666
0 0.21805555555555556 0.39088541666666665 0.019444444444444445 0.0109375
0 0.22685185185185186 0.3997395833333333 0.024074074074074074 0.0140625
0 0.20277777777777778 0.3372395833333333 0.020370370370370372 0.008854166666666666
0 0.29120370370370374 0.43828125 0.015740740740740743 0.011979166666666666
0 0.29583333333333334 0.38307291666666665 0.019444444444444445 0.0109375
0 0.26435185185185184 0.36276041666666664 0.021296296296296296 0.011979166666666666
0 0.1277777777777778 0.16875 0.037037037037037035 0.025
0 0.15833333333333333 0.18098958333333334 0.022222222222222223 0.015104166666666667
0 0.23981481481481481 0.15885416666666666 0.031481481481481485 0.020833333333333332
0 0.24444444444444446 0.21562499999999998 0.02777777777777778 0.017708333333333333
0 0.24305555555555555 0.22734374999999998 0.02314814814814815 0.0140625
0 0.2925925925925926 0.24140625 0.020370370370370372 0.0109375
0 0.28101851851851856 0.19583333333333333 0.028703703703703703 0.020833333333333332
0 0.26851851851851855 0.14192708333333334 0.02777777777777778 0.022395833333333334
0 0.29444444444444445 0.16015625 0.02592592592592593 0.019270833333333334
0 0.32592592592592595 0.11484375 0.02592592592592593 0.0234375
0 0.33981481481481485 0.09114583333333333 0.031481481481481485 0.02395833333333333
0 0.35000000000000003 0.10963541666666667 0.024074074074074074 0.0171875
0 0.24351851851851852 0.28489583333333335 0.020370370370370372 0.011458333333333333
0 0.19722222222222224 0.2609375 0.020370370370370372 0.011458333333333333
0 0.2125 0.2515625 0.017592592592592594 0.009375
0 0.31666666666666665 0.34140625 0.012962962962962964 0.008854166666666666
0 0.33425925925925926 0.3380208333333333 0.020370370370370372 0.010416666666666666
0 0.32685185185185184 0.54921875 0.024074074074074074 0.015104166666666667
0 0.45046296296296295 0.60078125 0.028703703703703703 0.015104166666666667
0 0.4625 0.55390625 0.030555555555555558 0.0171875
0 0.4847222222222222 0.5302083333333333 0.026851851851851852 0.01875
0 0.549074074074074 0.5247395833333334 0.03518518518518519 0.019270833333333334
0 0.5782407407407407 0.52734375 0.02314814814814815 0.018229166666666668
0 0.5615740740740741 0.7203125 0.026851851851851852 0.017708333333333333
0 0.5564814814814815 0.6947916666666667 0.031481481481481485 0.016666666666666666
0 0.6203703703703703 0.7338541666666667 0.03518518518518519 0.02395833333333333
0 0.6958333333333334 0.8057291666666666 0.03425925925925926 0.020833333333333332
0 0.6583333333333333 0.69296875 0.02777777777777778 0.018229166666666668
0 0.6657407407407407 0.6104166666666666 0.03333333333333333 0.015625
0 0.6708333333333334 0.590625 0.032407407407407406 0.013541666666666667
0 0.6680555555555556 0.5763020833333333 0.032407407407407406 0.019270833333333334
0 0.6361111111111112 0.57109375 0.031481481481481485 0.0171875
0 0.6296296296296297 0.48541666666666666 0.03333333333333333 0.01875
0 0.7023148148148148 0.48046875 0.032407407407407406 0.019270833333333334
0 0.5814814814814815 0.45703125 0.03518518518518519 0.0171875
0 0.6703703703703704 0.45729166666666665 0.02777777777777778 0.016666666666666666
0 0.5189814814814815 0.4825520833333333 0.028703703703703703 0.015104166666666667
0 0.5273148148148148 0.396875 0.02314814814814815 0.0125
0 0.5444444444444445 0.40130208333333334 0.022222222222222223 0.013020833333333334
0 0.47824074074074074 0.35390625 0.03425925925925926 0.022395833333333334
0 0.4398148148148148 0.36953125 0.022222222222222223 0.019270833333333334
0 0.44027777777777777 0.3190104166666667 0.032407407407407406 0.019270833333333334
0 0.549074074074074 0.3338541666666667 0.024074074074074074 0.013541666666666667
0 0.6759259259259259 0.1328125 0.020370370370370372 0.014583333333333334
0 0.5435185185185185 0.31927083333333334 0.031481481481481485 0.014583333333333334
0 0.45925925925925926 0.24661458333333333 0.02592592592592593 0.0140625
0 0.4847222222222222 0.24947916666666667 0.026851851851851852 0.01875
0 0.5851851851851853 0.18697916666666667 0.03888888888888889 0.022916666666666665
0 0.6064814814814815 0.20234375 0.03518518518518519 0.024479166666666666
0 0.5773148148148148 0.37526041666666665 0.026851851851851852 0.0171875
0 0.7157407407407408 0.6403645833333333 0.024074074074074074 0.015104166666666667
0 0.7537037037037038 0.725 0.031481481481481485 0.013541666666666667
0 0.8523148148148149 0.62109375 0.028703703703703703 0.018229166666666668
0 0.9125000000000001 0.7346354166666667 0.025 0.018229166666666668
0 0.9453703703703704 0.7348958333333333 0.03333333333333333 0.020833333333333332
0 0.9537037037037037 0.6184895833333334 0.04259259259259259 0.022395833333333334
0 0.987962962962963 0.6080729166666666 0.024074074074074074 0.0140625
0 0.8740740740740741 0.5255208333333333 0.03333333333333333 0.01875
0 0.9893518518518519 0.5234375 0.021296296296296296 0.01875
0 0.9833333333333334 0.5002604166666667 0.03333333333333333 0.019270833333333334
0 0.8949074074074075 0.48854166666666665 0.03425925925925926 0.019791666666666666
0 0.8402777777777778 0.48932291666666666 0.019444444444444445 0.011979166666666666
0 0.8712962962962963 0.475 0.031481481481481485 0.017708333333333333
0 0.9430555555555556 0.4622395833333333 0.025 0.011979166666666666
0 0.8555555555555556 0.43072916666666666 0.02777777777777778 0.016666666666666666
0 0.9217592592592593 0.42890625 0.02314814814814815 0.011979166666666666
0 0.9791666666666667 0.38515625 0.028703703703703703 0.018229166666666668
0 0.9546296296296297 0.3765625 0.031481481481481485 0.01875
0 0.7689814814814815 0.33697916666666666 0.02314814814814815 0.014583333333333334
0 0.8361111111111111 0.32265625 0.022222222222222223 0.0140625
0 0.9689814814814816 0.29713541666666665 0.030555555555555558 0.0140625
0 0.9203703703703704 0.35494791666666664 0.031481481481481485 0.0171875
0 0.9634259259259259 0.34713541666666664 0.028703703703703703 0.011979166666666666
0 0.7523148148148149 0.5205729166666666 0.030555555555555558 0.0234375
0 0.5310185185185186 0.4106770833333333 0.015740740740740743 0.008854166666666666
0 0.45787037037037037 0.3833333333333333 0.021296296296296296 0.015625
0 0.9671296296296297 0.228125 0.026851851851851852 0.016666666666666666
0 0.9449074074074074 0.14010416666666667 0.036111111111111115 0.020833333333333332
0 0.6606481481481482 0.14348958333333334 0.032407407407407406 0.0203125
0 0.46805555555555556 0.7799479166666666 0.026851851851851852 0.0265625
0 0.4916666666666667 0.6838541666666667 0.014814814814814815 0.014583333333333334
0 0.6430555555555556 0.7125 0.030555555555555558 0.01875
0 0.8097222222222222 0.68515625 0.019444444444444445 0.0140625
