0 0.8342592592592593 0.61015625 0.022222222222222223 0.009895833333333333
0 0.9916666666666667 0.3151041666666667 0.016666666666666666 0.011458333333333333
0 0.8532407407407407 0.21979166666666666 0.019444444444444445 0.0125
0 0.9212962962962963 0.7440104166666667 0.018518518518518517 0.0140625
0 0.8833333333333334 0.5322916666666666 0.02592592592592593 0.011458333333333333
0 0.8726851851851852 0.45078124999999997 0.025 0.0109375
0 0.8777777777777778 0.4205729166666667 0.016666666666666666 0.013020833333333334
0 0.9569444444444445 0.5703125 0.026851851851851852 0.009375
0 0.8625 0.8533854166666667 0.036111111111111115 0.024479166666666666
0 0.8592592592592593 0.7403645833333333 0.02592592592592593 0.019270833333333334
0 0.09444444444444444 0.14453125 0.037037037037037035 0.018229166666666668
0 0.07222222222222223 0.23124999999999998 0.02592592592592593 0.016666666666666666
0 0.5773148148148148 0.3859375 0.021296296296296296 0.015625
0 0.5023148148148149 0.41328125 0.017592592592592594 0.008854166666666666
0 0.29444444444444445 0.5231770833333333 0.02962962962962963 0.024479166666666666
0 0.0763888888888889 0.35 0.028703703703703703 0.0125
0 0.11851851851851852 0.35651041666666666 0.031481481481481485 0.015104166666666667
0 0.06666666666666667 0.30052083333333335 0.02962962962962963 0.014583333333333334
0 0.19953703703703704 0.32526041666666666 0.021296296296296296 0.013020833333333334
0 0.9069444444444444 0.7234375 0.032407407407407406 0.022916666666666665
0 0.9523148148148148 0.71953125 0.01388888888888889 0.0140625
0 0.9717592592592593 0.5479166666666666 0.017592592592592594 0.0125
0 0.2662037037037037 0.33984375 0.02314814814814815 0.0140625
0 0.08518518518518518 0.3776041666666667 0.02962962962962963 0.014583333333333334
0 0.06064814814814815 0.3875 0.028703703703703703 0.017708333333333333
0 0.02962962962962963 0.3893229166666667 0.03333333333333333 0.0171875
0 0.1175925925925926 0.4315104166666667 0.024074074074074074 0.011979166666666666
0 0.1837962962962963 0.43385416666666665 0.026851851851851852 0.016666666666666666
0 0.09398148148148149 0.46432291666666664 0.025 0.011979166666666666
0 0.1685185185185185 0.4778645833333333 0.02962962962962963 0.0171875
0 0.1953703703703704 0.49166666666666664 0.020370370370370372 0.011458333333333333
0 0.14583333333333334 0.49114583333333334 0.03425925925925926 0.019791666666666666
0 0.055092592592592596 0.503125 0.03796296296296296 0.01875
0 0.04490740740740741 0.5260416666666666 0.032407407407407406 0.01875
0 0.1638888888888889 0.5278645833333333 0.031481481481481485 0.019270833333333334
0 0.05185185185185186 0.61015625 0.031481481481481485 0.015104166666666667
0 0.08935185185185185 0.62109375 0.04166666666666667 0.022395833333333334
0 0.027314814814814816 0.68828125 0.03981481481481482 0.0234375
0 0.0375 0.7565104166666666 0.036111111111111115 0.018229166666666668
0 0.3662037037037037 0.14010416666666667 0.02314814814814815 0.01875
0 0.0976851851851852 0.7380208333333333 0.032407407407407406 0.020833333333333332
0 0.1287037037037037 0.7377604166666667 0.024074074074074074 0.018229166666666668
0 0.1875 0.6231770833333333 0.028703703703703703 0.0171875
0 0.28703703703703703 0.7276041666666666 0.031481481481481485 0.013541666666666667
0 0.3263888888888889 0.6427083333333333 0.025 0.015625
0 0.46342592592592596 0.378125 0.028703703703703703 0.015625
0 0.3842592592592593 0.14791666666666667 0.02777777777777778 0.020833333333333332
0 0.43842592592592594 0.20625 0.036111111111111115 0.025
0 0.45925925925925926 0.190625 0.03888888888888889 0.021875
0 0.5513888888888889 0.25286458333333334 0.025 0.019270833333333334
0 0.5782407407407407 0.25 0.026851851851851852 0.014583333333333334
0 0.49722222222222223 0.32135416666666666 0.031481481481481485 0.015625
0 0.4902777777777778 0.33671875 0.026851851851851852 0.0140625
0 0.5981481481481482 0.3216145833333333 0.03333333333333333 0.018229166666666668
0 0.5944444444444444 0.371875 0.020370370370370372 0.016666666666666666
0 0.5620370370370371 0.3567708333333333 0.03333333333333333 0.021875
0 0.48703703703703705 0.4041666666666667 0.02592592592592593 0.0125
0 0.5064814814814815 0.39921875 0.024074074074074074 0.013020833333333334
0 0.5199074074074074 0.4848958333333333 0.026851851851851852 0.013541666666666667
0 0.3726851851851852 0.4596354166666667 0.028703703703703703 0.01614583333333333
0 0.4601851851851852 0.459375 0.03518518518518519 0.016666666666666666
0 0.34120370370370373 0.48333333333333334 0.032407407407407406 0.01875
0 0.412962962962963 0.48802083333333335 0.03333333333333333 0.01875
0 0.40555555555555556 0.5739583333333333 0.031481481481481485 0.016666666666666666
0 0.3736111111111111 0.5783854166666667 0.032407407407407406 0.019270833333333334
0 0.3689814814814815 0.5932291666666667 0.030555555555555558 0.013541666666666667
0 0.3726851851851852 0.61328125 0.032407407407407406 0.015104166666666667
0 0.3842592592592593 0.6963541666666666 0.02777777777777778 0.01875
0 0.3476851851851852 0.8091145833333333 0.032407407407407406 0.021354166666666667
0 0.4222222222222222 0.7375 0.03518518518518519 0.02395833333333333
0 0.4842592592592593 0.6981770833333333 0.02962962962962963 0.01614583333333333
0 0.47870370370370374 0.7231770833333333 0.02592592592592593 0.0171875
0 0.4620370370370371 0.5296875 0.024074074074074074 0.017708333333333333
0 0.49212962962962964 0.5270833333333333 0.03425925925925926 0.019791666666666666
0 0.5532407407407408 0.5330729166666667 0.028703703703703703 0.018229166666666668
0 0.575462962962963 0.5565104166666667 0.032407407407407406 0.0171875
0 0.7564814814814815 0.19947916666666665 0.02962962962962963 0.021875
0 0.5898148148148148 0.6033854166666667 0.031481481481481485 0.0140625
0 0.7106481481481481 0.5518229166666666 0.025 0.015104166666666667
0 0.7000000000000001 0.340625 0.020370370370370372 0.010416666666666666
0 0.7171296296296297 0.34401041666666665 0.01388888888888889 0.008854166666666666
0 0.8277777777777778 0.2546875 0.016666666666666666 0.009375
0 0.8407407407407408 0.2635416666666667 0.020370370370370372 0.011458333333333333
0 0.7949074074074074 0.28854166666666664 0.021296296296296296 0.011458333333333333
0 0.6865740740740741 0.11354166666666667 0.025 0.016666666666666666
0 0.6972222222222223 0.09583333333333333 0.031481481481481485 0.02395833333333333
0 0.7106481481481481 0.11901041666666666 0.026851851851851852 0.0234375
0 0.7421296296296297 0.1640625 0.026851851851851852 0.01875
0 0.7685185185185186 0.14583333333333334 0.02777777777777778 0.022916666666666665
0 0.7425925925925926 0.24427083333333333 0.020370370370370372 0.011458333333333333
0 0.7949074074074074 0.23098958333333333 0.02314814814814815 0.0140625
0 0.7949074074074074 0.21875 0.028703703703703703 0.017708333333333333
0 0.7981481481481482 0.16197916666666667 0.031481481481481485 0.021875
0 0.8833333333333334 0.184375 0.024074074074074074 0.015625
0 0.9148148148148149 0.17239583333333333 0.03518518518518519 0.025
0 0.7763888888888889 0.36614583333333334 0.021296296296296296 0.011458333333333333
0 0.7449074074074075 0.3859375 0.019444444444444445 0.011458333333333333
0 0.7481481481481482 0.44114583333333335 0.016666666666666666 0.011458333333333333
0 0.8361111111111111 0.34010416666666665 0.020370370370370372 0.009375
0 0.8166666666666667 0.4015625 0.022222222222222223 0.015625
0 0.8273148148148148 0.39348958333333334 0.019444444444444445 0.0109375
0 0.8787037037037038 0.39010416666666664 0.020370370370370372 0.0125
0 0.8675925925925926 0.43515624999999997 0.012962962962962964 0.009895833333333333
0 0.787962962962963 0.571875 0.014814814814814815 0.010416666666666666
0 0.8319444444444445 0.5486979166666667 0.02314814814814815 0.013020833333333334
0 0.7717592592592593 0.5669270833333333 0.02314814814814815 0.01614583333333333
0 0.8699074074074075 0.49140625 0.036111111111111115 0.018229166666666668
0 0.8578703703703704 0.5567708333333333 0.030555555555555558 0.014583333333333334
0 0.5782407407407407 0.7830729166666667 0.026851851851851852 0.027604166666666666
0 0.7328703703703704 0.5809895833333333 0.02314814814814815 0.018229166666666668
0 0.7175925925925927 0.5971354166666667 0.02592592592592593 0.011979166666666666
0 0.6837962962962963 0.6057291666666667 0.019444444444444445 0.011458333333333333
0 0.7657407407407407 0.61171875 0.02777777777777778 0.011979166666666666
0 0.6412037037037037 0.63046875 0.030555555555555558 0.0140625
0 0.6606481481481482 0.6645833333333333 0.025 0.016666666666666666
0 0.663425925925926 0.64765625 0.025 0.0140625
0 0.5875 0.6356770833333333 0.019444444444444445 0.0109375
0 0.6148148148148148 0.6390625 0.02777777777777778 0.015625
0 0.5347222222222222 0.6903645833333333 0.019444444444444445 0.01614583333333333
0 0.549537037037037 0.68671875 0.017592592592592594 0.015104166666666667
0 0.5620370370370371 0.7143229166666667 0.02777777777777778 0.018229166666666668
0 0.6148148148148148 0.7231770833333333 0.02777777777777778 0.019270833333333334
0 0.674537037037037 0.7145833333333333 0.02314814814814815 0.013541666666666667
0 0.6995370370370371 0.7205729166666667 0.026851851851851852 0.018229166666666668
0 0.5689814814814815 0.8158854166666667 0.025 0.021354166666666667
0 0.7245370370370371 0.74609375 0.032407407407407406 0.0203125
0 0.7694444444444445 0.8455729166666667 0.018518518518518517 0.024479166666666666
0 0.976388888888889 0.37734375 0.030555555555555558 0.018229166666666668
0 0.014814814814814815 0.6052083333333333 0.02592592592592593 0.013541666666666667
0 0.018518518518518517 0.5526041666666667 0.03333333333333333 0.01875
0 0.22592592592592595 0.6875 0.02592592592592593 0.014583333333333334
