0 0.15833333333333333 0.61015625 0.024074074074074074 0.008854166666666666
0 0.13935185185185187 0.22005208333333334 0.019444444444444445 0.011979166666666666
0 0.07268518518518519 0.74375 0.019444444444444445 0.013541666666666667
0 0.10972222222222222 0.5328125 0.025 0.0125
0 0.12037037037037038 0.4510416666666667 0.024074074074074074 0.010416666666666666
0 0.11481481481481481 0.4205729166666667 0.014814814814814815 0.013020833333333334
0 0.034722222222222224 0.5708333333333333 0.026851851851851852 0.010416666666666666
0 0.1277777777777778 0.8541666666666666 0.037037037037037035 0.025
0 0.13240740740740742 0.7408854166666666 0.02592592592592593 0.019270833333333334
0 0.8986111111111111 0.14375 0.036111111111111115 0.01875
0 0.9217592592592593 0.23072916666666665 0.026851851851851852 0.016666666666666666
0 0.4166666666666667 0.38619791666666664 0.022222222222222223 0.015104166666666667
0 0.49212962962962964 0.41354166666666664 0.017592592592592594 0.008333333333333333
0 0.6976851851851852 0.5231770833333333 0.028703703703703703 0.024479166666666666
0 0.9171296296296296 0.3497395833333333 0.028703703703703703 0.011979166666666666
0 0.875925925925926 0.35651041666666666 0.031481481481481485 0.015104166666666667
0 0.9277777777777778 0.3 0.02962962962962963 0.014583333333333334
0 0.7958333333333334 0.325 0.021296296296296296 0.0125
0 0.08518518518518518 0.72421875 0.031481481481481485 0.0234375
0 0.043055555555555555 0.7208333333333333 0.01388888888888889 0.014583333333333334
0 0.02175925925925926 0.5484375 0.015740740740740743 0.0125
0 0.7287037037037037 0.33984375 0.024074074074074074 0.0140625
0 0.9083333333333333 0.3768229166666667 0.02962962962962963 0.0140625
0 0.9324074074074075 0.3872395833333333 0.02962962962962963 0.018229166666666668
0 0.9638888888888889 0.3885416666666667 0.03518518518518519 0.016666666666666666
0 0.8763888888888889 0.4315104166666667 0.025 0.013020833333333334
0 0.8106481481481482 0.43333333333333335 0.026851851851851852 0.015625
0 0.900462962962963 0.46432291666666664 0.025 0.011979166666666666
0 0.8250000000000001 0.47760416666666666 0.02962962962962963 0.016666666666666666
0 0.7990740740740742 0.49114583333333334 0.020370370370370372 0.011458333333333333
0 0.8486111111111111 0.490625 0.03425925925925926 0.019791666666666666
0 0.9393518518518519 0.5026041666666666 0.03796296296296296 0.01875
0 0.9495370370370371 0.5260416666666666 0.032407407407407406 0.01875
0 0.8296296296296297 0.5278645833333333 0.031481481481481485 0.019270833333333334
0 0.9421296296296297 0.6098958333333333 0.032407407407407406 0.015625
0 0.9041666666666667 0.6205729166666667 0.04351851851851852 0.022395833333333334
0 0.6263888888888889 0.13932291666666666 0.02314814814814815 0.019270833333333334
0 0.9657407407407408 0.68828125 0.040740740740740744 0.022395833333333334
0 0.9560185185185186 0.7557291666666667 0.036111111111111115 0.01875
0 0.8958333333333334 0.7380208333333333 0.03425925925925926 0.020833333333333332
0 0.8657407407407408 0.7375 0.024074074074074074 0.01875
0 0.8069444444444445 0.6234375 0.028703703703703703 0.017708333333333333
0 0.7074074074074075 0.7278645833333334 0.031481481481481485 0.013020833333333334
0 0.6675925925925926 0.64296875 0.024074074074074074 0.015104166666666667
0 0.5291666666666667 0.378125 0.032407407407407406 0.013541666666666667
0 0.6083333333333334 0.14713541666666666 0.02962962962962963 0.0203125
0 0.5537037037037037 0.20598958333333334 0.037037037037037035 0.024479166666666666
0 0.5328703703703704 0.190625 0.03796296296296296 0.021875
0 0.4425925925925926 0.2526041666666667 0.02592592592592593 0.01875
0 0.41574074074074074 0.25 0.02592592592592593 0.014583333333333334
0 0.49583333333333335 0.32135416666666666 0.032407407407407406 0.015625
0 0.5032407407407408 0.33619791666666665 0.026851851851851852 0.0140625
0 0.39537037037037037 0.3216145833333333 0.03333333333333333 0.018229166666666668
0 0.4 0.371875 0.020370370370370372 0.016666666666666666
0 0.43194444444444446 0.35651041666666666 0.032407407407407406 0.022395833333333334
0 0.5069444444444444 0.40390624999999997 0.028703703703703703 0.009895833333333333
0 0.48935185185185187 0.39869791666666665 0.025 0.013020833333333334
0 0.4740740740740741 0.48463541666666665 0.02592592592592593 0.013020833333333334
0 0.6203703703703703 0.45989583333333334 0.02962962962962963 0.016666666666666666
0 0.5333333333333333 0.459375 0.03333333333333333 0.016666666666666666
0 0.6523148148148148 0.48333333333333334 0.032407407407407406 0.01875
0 0.5805555555555556 0.48776041666666664 0.03333333333333333 0.018229166666666668
0 0.5888888888888889 0.5736979166666667 0.031481481481481485 0.0171875
0 0.6199074074074075 0.5783854166666667 0.032407407407407406 0.019270833333333334
0 0.6245370370370371 0.5932291666666667 0.030555555555555558 0.0125
0 0.6212962962962963 0.6130208333333333 0.031481481481481485 0.015625
0 0.6092592592592593 0.69609375 0.02777777777777778 0.018229166666666668
0 0.6458333333333334 0.809375 0.032407407407407406 0.020833333333333332
0 0.5717592592592593 0.7372395833333333 0.03425925925925926 0.0234375
0 0.5087962962962963 0.6981770833333333 0.030555555555555558 0.01614583333333333
0 0.5152777777777778 0.7234375 0.025 0.017708333333333333
0 0.5305555555555556 0.5296875 0.024074074074074074 0.017708333333333333
0 0.500925925925926 0.5270833333333333 0.03518518518518519 0.019791666666666666
0 0.23657407407407408 0.19895833333333332 0.030555555555555558 0.021875
0 0.44027777777777777 0.5330729166666667 0.028703703703703703 0.018229166666666668
0 0.4185185185185185 0.5567708333333333 0.031481481481481485 0.017708333333333333
0 0.40370370370370373 0.6033854166666667 0.031481481481481485 0.0140625
0 0.2837962962962963 0.55234375 0.025 0.015104166666666667
0 0.2939814814814815 0.340625 0.019444444444444445 0.010416666666666666
0 0.27592592592592596 0.3442708333333333 0.014814814814814815 0.008333333333333333
0 0.16481481481481483 0.2546875 0.016666666666666666 0.009375
0 0.15185185185185185 0.2640625 0.020370370370370372 0.011458333333333333
0 0.19861111111111113 0.28828125 0.021296296296296296 0.0109375
0 0.30694444444444446 0.11328125 0.025 0.01614583333333333
0 0.2953703703703704 0.0953125 0.031481481481481485 0.02395833333333333
0 0.28240740740740744 0.11901041666666666 0.02592592592592593 0.0234375
0 0.250462962962963 0.1640625 0.026851851851851852 0.01875
0 0.22361111111111112 0.14557291666666666 0.028703703703703703 0.022395833333333334
0 0.25092592592592594 0.24427083333333333 0.020370370370370372 0.011458333333333333
0 0.19675925925925927 0.23098958333333333 0.02314814814814815 0.0140625
0 0.19768518518518519 0.21875 0.028703703703703703 0.017708333333333333
0 0.19444444444444445 0.16197916666666667 0.031481481481481485 0.020833333333333332
0 0.10833333333333334 0.18385416666666665 0.024074074074074074 0.015625
0 0.07685185185185185 0.17239583333333333 0.03518518518518519 0.02395833333333333
0 0.21666666666666667 0.365625 0.020370370370370372 0.011458333333333333
0 0.24814814814814815 0.38567708333333334 0.020370370370370372 0.0109375
0 0.2439814814814815 0.44114583333333335 0.017592592592592594 0.011458333333333333
0 0.15694444444444444 0.340625 0.021296296296296296 0.009375
0 0.17592592592592593 0.40182291666666664 0.024074074074074074 0.01614583333333333
0 0.16342592592592592 0.39375 0.019444444444444445 0.010416666666666666
0 0.11388888888888889 0.39010416666666664 0.020370370370370372 0.0125
0 0.12592592592592594 0.43515624999999997 0.012962962962962964 0.009895833333333333
0 0.20462962962962963 0.571875 0.014814814814814815 0.010416666666666666
0 0.1615740740740741 0.54921875 0.02314814814814815 0.013020833333333334
0 0.22175925925925927 0.5671875 0.02314814814814815 0.016666666666666666
0 0.12314814814814816 0.49166666666666664 0.03518518518518519 0.01875
0 0.13472222222222222 0.5567708333333333 0.030555555555555558 0.014583333333333334
0 0.41481481481481486 0.78359375 0.02592592592592593 0.027604166666666666
0 0.2606481481481482 0.5809895833333333 0.025 0.018229166666666668
0 0.27592592592592596 0.5973958333333333 0.02592592592592593 0.011458333333333333
0 0.3101851851851852 0.6057291666666667 0.018518518518518517 0.011458333333333333
0 0.22731481481481483 0.6119791666666666 0.026851851851851852 0.011458333333333333
0 0.3527777777777778 0.6307291666666667 0.031481481481481485 0.014583333333333334
0 0.33287037037037037 0.6653645833333334 0.025 0.0171875
0 0.3314814814814815 0.6479166666666667 0.024074074074074074 0.014583333333333334
0 0.4064814814814815 0.6356770833333333 0.020370370370370372 0.0109375
0 0.3791666666666667 0.6393229166666666 0.026851851851851852 0.015104166666666667
0 0.4587962962962963 0.6908854166666667 0.021296296296296296 0.01614583333333333
0 0.4439814814814815 0.68671875 0.015740740740740743 0.01614583333333333
0 0.4305555555555556 0.7143229166666667 0.02777777777777778 0.018229166666666668
0 0.37777777777777777 0.7234375 0.02777777777777778 0.01875
0 0.3199074074074074 0.7151041666666667 0.02314814814814815 0.013541666666666667
0 0.2949074074074074 0.72109375 0.026851851851851852 0.018229166666666668
0 0.4236111111111111 0.8158854166666667 0.025 0.021354166666666667
0 0.2689814814814815 0.7466145833333333 0.032407407407407406 0.0203125
0 0.2240740740740741 0.8455729166666667 0.018518518518518517 0.025520833333333333
0 0.016666666666666666 0.37734375 0.02962962962962963 0.019270833333333334
0 0.688425925925926 0.7481770833333333 0.025 0.021354166666666667
0 0.587962962962963 0.34322916666666664 0.014814814814814815 0.010416666666666666
0 0.9837962962962963 0.6052083333333333 0.032407407407407406 0.013541666666666667
0 0.9777777777777779 0.5520833333333334 0.03518518518518519 0.01875
0 0.7675925925925926 0.6875 0.02592592592592593 0.014583333333333334
