0 0.8518518518518519 0.6104166666666666 0.024074074074074074 0.009375
0 0.8699074074074075 0.21953124999999998 0.019444444444444445 0.011979166666666666
0 0.9375 0.74375 0.019444444444444445 0.013541666666666667
0 0.9013888888888889 0.5330729166666667 0.025 0.011979166666666666
0 0.887962962962963 0.4515625 0.02592592592592593 0.011458333333333333
0 0.8958333333333334 0.4205729166666667 0.01388888888888889 0.013020833333333334
0 0.9777777777777779 0.57109375 0.02592592592592593 0.009895833333333333
0 0.8856481481481482 0.8544270833333333 0.036111111111111115 0.024479166666666666
0 0.8791666666666667 0.74140625 0.026851851851851852 0.019270833333333334
0 0.11018518518518519 0.14270833333333333 0.03518518518518519 0.019791666666666666
0 0.08657407407407408 0.23046875 0.026851851851851852 0.0171875
0 0.5925925925925926 0.3854166666666667 0.022222222222222223 0.015625
0 0.5171296296296296 0.41302083333333334 0.017592592592592594 0.009375
0 0.3138888888888889 0.5231770833333333 0.02962962962962963 0.024479166666666666
0 0.0925925925925926 0.34921875 0.02777777777777778 0.011979166666666666
0 0.1337962962962963 0.3559895833333333 0.030555555555555558 0.015104166666666667
0 0.08148148148148149 0.29973958333333334 0.02962962962962963 0.015104166666666667
0 0.2138888888888889 0.32421875 0.020370370370370372 0.013020833333333334
0 0.9263888888888889 0.7244791666666667 0.032407407407407406 0.02395833333333333
0 0.9666666666666667 0.7208333333333333 0.012962962962962964 0.014583333333333334
0 0.9884259259259259 0.5484375 0.01388888888888889 0.0125
0 0.2791666666666667 0.3390625 0.02314814814814815 0.014583333333333334
0 0.10138888888888889 0.3770833333333333 0.030555555555555558 0.014583333333333334
0 0.07731481481481482 0.38697916666666665 0.028703703703703703 0.01875
0 0.04583333333333334 0.38828125 0.032407407407407406 0.01614583333333333
0 0.1328703703703704 0.43124999999999997 0.025 0.0125
0 0.19907407407407407 0.4328125 0.02592592592592593 0.015625
0 0.10972222222222222 0.4640625 0.025 0.011458333333333333
0 0.18472222222222223 0.4770833333333333 0.030555555555555558 0.016666666666666666
0 0.20925925925925926 0.49114583333333334 0.020370370370370372 0.011458333333333333
0 0.1615740740740741 0.490625 0.03425925925925926 0.019791666666666666
0 0.0712962962962963 0.5018229166666667 0.037037037037037035 0.018229166666666668
0 0.06064814814814815 0.5260416666666666 0.032407407407407406 0.01875
0 0.18055555555555555 0.5276041666666667 0.031481481481481485 0.01875
0 0.06898148148148149 0.6096354166666667 0.03425925925925926 0.01614583333333333
0 0.10648148148148148 0.6203125 0.04259259259259259 0.021875
0 0.0462962962962963 0.68828125 0.040740740740740744 0.022395833333333334
0 0.38472222222222224 0.1390625 0.02314814814814815 0.020833333333333332
0 0.05462962962962963 0.7559895833333333 0.03518518518518519 0.018229166666666668
0 0.11388888888888889 0.7375 0.03333333333333333 0.020833333333333332
0 0.14537037037037037 0.7375 0.024074074074074074 0.01875
0 0.20324074074074075 0.6234375 0.028703703703703703 0.017708333333333333
0 0.3041666666666667 0.72734375 0.030555555555555558 0.013020833333333334
0 0.34305555555555556 0.6427083333333333 0.025 0.015625
0 0.4810185185185185 0.3776041666666667 0.032407407407407406 0.013541666666666667
0 0.4027777777777778 0.14635416666666667 0.02777777777777778 0.019791666666666666
0 0.4569444444444445 0.20520833333333333 0.03796296296296296 0.025
0 0.4777777777777778 0.18984375 0.03888888888888889 0.022395833333333334
0 0.5675925925925926 0.2518229166666667 0.02592592592592593 0.019270833333333334
0 0.5939814814814816 0.24947916666666667 0.026851851851851852 0.015625
0 0.5148148148148148 0.32109375 0.03333333333333333 0.015104166666666667
0 0.5069444444444444 0.33567708333333335 0.026851851851851852 0.0140625
0 0.6157407407407408 0.3216145833333333 0.03333333333333333 0.018229166666666668
0 0.6097222222222223 0.37135416666666665 0.019444444444444445 0.016666666666666666
0 0.5782407407407407 0.35651041666666666 0.032407407407407406 0.022395833333333334
0 0.5013888888888889 0.40338541666666666 0.025 0.011979166666666666
0 0.5199074074074074 0.39869791666666665 0.025 0.013020833333333334
0 0.5361111111111111 0.48463541666666665 0.02592592592592593 0.013020833333333334
0 0.3907407407407408 0.459375 0.02962962962962963 0.016666666666666666
0 0.4777777777777778 0.4588541666666667 0.03333333333333333 0.016666666666666666
0 0.3578703703703704 0.4828125 0.032407407407407406 0.01875
0 0.4305555555555556 0.4875 0.03333333333333333 0.01875
0 0.4222222222222222 0.5736979166666667 0.031481481481481485 0.0171875
0 0.3902777777777778 0.578125 0.032407407407407406 0.01875
0 0.38657407407407407 0.59296875 0.030555555555555558 0.013020833333333334
0 0.3888888888888889 0.6125 0.031481481481481485 0.015625
0 0.4013888888888889 0.69609375 0.026851851851851852 0.018229166666666668
0 0.36574074074074076 0.8091145833333333 0.031481481481481485 0.021354166666666667
0 0.4398148148148148 0.7377604166666667 0.03333333333333333 0.0234375
0 0.5018518518518519 0.6981770833333333 0.02962962962962963 0.01614583333333333
0 0.4949074074074074 0.7234375 0.025 0.017708333333333333
0 0.47962962962962963 0.5296875 0.024074074074074074 0.017708333333333333
0 0.5092592592592593 0.5270833333333333 0.03518518518518519 0.019791666666666666
0 0.5699074074074074 0.5330729166666667 0.028703703703703703 0.018229166666666668
0 0.5921296296296297 0.55703125 0.032407407407407406 0.0171875
0 0.6064814814814815 0.6036458333333333 0.031481481481481485 0.014583333333333334
0 0.7268518518518519 0.5520833333333334 0.02592592592592593 0.015625
0 0.7162037037037037 0.340625 0.021296296296296296 0.010416666666666666
0 0.7342592592592593 0.34375 0.014814814814814815 0.008333333333333333
0 0.8472222222222222 0.25416666666666665 0.016666666666666666 0.009375
0 0.8592592592592593 0.2635416666666667 0.020370370370370372 0.011458333333333333
0 0.8115740740740741 0.28802083333333334 0.021296296296296296 0.011458333333333333
0 0.7731481481481481 0.19895833333333332 0.03518518518518519 0.017708333333333333
0 0.7032407407407407 0.11276041666666667 0.025 0.0171875
0 0.7148148148148148 0.09479166666666666 0.031481481481481485 0.02395833333333333
0 0.7282407407407407 0.11822916666666666 0.026851851851851852 0.022916666666666665
0 0.7601851851851852 0.16302083333333334 0.02592592592592593 0.01875
0 0.7865740740740741 0.1453125 0.028703703703703703 0.022916666666666665
0 0.7592592592592593 0.24348958333333334 0.020370370370370372 0.011979166666666666
0 0.8138888888888889 0.23046875 0.024074074074074074 0.0140625
0 0.812962962962963 0.21822916666666667 0.02962962962962963 0.01875
0 0.8162037037037038 0.1609375 0.032407407407407406 0.021875
0 0.9041666666666667 0.18385416666666665 0.025 0.015625
0 0.9361111111111111 0.17161458333333332 0.03518518518518519 0.024479166666666666
0 0.7944444444444445 0.3651041666666667 0.020370370370370372 0.011458333333333333
0 0.762962962962963 0.38515625 0.020370370370370372 0.0109375
0 0.7671296296296296 0.44088541666666664 0.017592592592592594 0.011979166666666666
0 0.8541666666666667 0.34010416666666665 0.021296296296296296 0.009375
0 0.8356481481481481 0.40182291666666664 0.02314814814814815 0.01614583333333333
0 0.8486111111111111 0.39348958333333334 0.019444444444444445 0.0109375
0 0.8976851851851853 0.39010416666666664 0.019444444444444445 0.0125
0 0.8851851851851852 0.4354166666666667 0.012962962962962964 0.009375
0 0.8055555555555556 0.5716145833333334 0.012962962962962964 0.0109375
0 0.850462962962963 0.5489583333333333 0.02314814814814815 0.0125
0 0.7902777777777779 0.5671875 0.02314814814814815 0.016666666666666666
0 0.888425925925926 0.49140625 0.036111111111111115 0.018229166666666668
0 0.8768518518518519 0.5567708333333333 0.031481481481481485 0.014583333333333334
0 0.5972222222222222 0.7833333333333333 0.02592592592592593 0.027083333333333334
0 0.7495370370370371 0.5809895833333333 0.025 0.018229166666666668
0 0.7342592592592593 0.5973958333333333 0.02592592592592593 0.011458333333333333
0 0.6967592592592593 0.6075520833333333 0.02314814814814815 0.015104166666666667
0 0.7833333333333333 0.61171875 0.02777777777777778 0.011979166666666666
0 0.6578703703703704 0.6309895833333333 0.032407407407407406 0.015104166666666667
0 0.6777777777777778 0.6653645833333334 0.02592592592592593 0.0171875
0 0.6796296296296297 0.6479166666666667 0.024074074074074074 0.014583333333333334
0 0.6037037037037037 0.6356770833333333 0.020370370370370372 0.0109375
0 0.6305555555555555 0.6388020833333333 0.02777777777777778 0.015104166666666667
0 0.5513888888888889 0.690625 0.021296296296296296 0.016666666666666666
0 0.5671296296296297 0.6869791666666667 0.019444444444444445 0.014583333333333334
0 0.5810185185185185 0.7143229166666667 0.026851851851851852 0.018229166666666668
0 0.6337962962962963 0.7236979166666666 0.028703703703703703 0.019270833333333334
0 0.6893518518518519 0.71484375 0.02314814814814815 0.0140625
0 0.7138888888888889 0.72109375 0.02777777777777778 0.018229166666666668
0 0.587962962962963 0.81640625 0.02592592592592593 0.021354166666666667
0 0.7407407407407408 0.746875 0.03333333333333333 0.019791666666666666
0 0.787962962962963 0.8458333333333333 0.018518518518518517 0.025
0 0.9888888888888889 0.3776041666666667 0.022222222222222223 0.019791666666666666
0 0.32222222222222224 0.7486979166666666 0.02592592592592593 0.021354166666666667
0 0.4217592592592593 0.34322916666666664 0.015740740740740743 0.010416666666666666
0 0.024074074074074074 0.6044270833333333 0.037037037037037035 0.013020833333333334
0 0.031481481481481485 0.5520833333333334 0.03333333333333333 0.01875
0 0.24212962962962964 0.6875 0.026851851851851852 0.013541666666666667
