0 0.14074074074074075 0.6104166666666666 0.024074074074074074 0.009375
0 0.12268518518518519 0.21822916666666667 0.019444444444444445 0.0125
0 0.09074074074074075 0.5330729166666667 0.02592592592592593 0.013020833333333334
0 0.10416666666666667 0.45078124999999997 0.025 0.0109375
0 0.0976851851851852 0.42083333333333334 0.015740740740740743 0.0125
0 0.014351851851851852 0.5713541666666666 0.025 0.010416666666666666
0 0.10416666666666667 0.8549479166666667 0.036111111111111115 0.024479166666666666
0 0.11203703703703705 0.7408854166666666 0.02777777777777778 0.019270833333333334
0 0.8847222222222223 0.14166666666666666 0.036111111111111115 0.019791666666666666
0 0.9078703703703704 0.22994791666666667 0.026851851851851852 0.0171875
0 0.40185185185185185 0.3846354166666667 0.022222222222222223 0.01614583333333333
0 0.47870370370370374 0.4122395833333333 0.018518518518518517 0.008854166666666666
0 0.6777777777777778 0.5223958333333333 0.02962962962962963 0.02395833333333333
0 0.9018518518518519 0.34869791666666666 0.02777777777777778 0.011979166666666666
0 0.8601851851851852 0.35546875 0.031481481481481485 0.015104166666666667
0 0.913888888888889 0.2994791666666667 0.02962962962962963 0.014583333333333334
0 0.7824074074074074 0.32369791666666664 0.020370370370370372 0.013020833333333334
0 0.06574074074074074 0.7244791666666667 0.031481481481481485 0.025
0 0.025462962962962965 0.7205729166666667 0.01388888888888889 0.0140625
0 0.0060185185185185185 0.54765625 0.010185185185185186 0.013020833333333334
0 0.7152777777777778 0.3385416666666667 0.02314814814814815 0.014583333333333334
0 0.8925925925925926 0.3765625 0.02962962962962963 0.014583333333333334
0 0.9171296296296296 0.38671875 0.028703703703703703 0.018229166666666668
0 0.9486111111111112 0.3880208333333333 0.032407407407407406 0.016666666666666666
0 0.8615740740740742 0.43046875 0.026851851851851852 0.013020833333333334
0 0.7949074074074074 0.4322916666666667 0.025 0.015625
0 0.8851851851851852 0.4635416666666667 0.02592592592592593 0.011458333333333333
0 0.8092592592592593 0.4770833333333333 0.02962962962962963 0.016666666666666666
0 0.7847222222222222 0.4908854166666667 0.021296296296296296 0.011979166666666666
0 0.8319444444444445 0.48984374999999997 0.03425925925925926 0.0203125
0 0.9222222222222223 0.5020833333333333 0.037037037037037035 0.01875
0 0.9337962962962963 0.52578125 0.032407407407407406 0.018229166666666668
0 0.8138888888888889 0.52734375 0.031481481481481485 0.019270833333333334
0 0.925 0.609375 0.03518518518518519 0.016666666666666666
0 0.8861111111111112 0.6200520833333333 0.04259259259259259 0.022395833333333334
0 0.6087962962962963 0.13854166666666667 0.025 0.020833333333333332
0 0.9467592592592593 0.68828125 0.03981481481481482 0.022395833333333334
0 0.9388888888888889 0.7552083333333334 0.03518518518518519 0.01875
0 0.8782407407407408 0.7377604166666667 0.032407407407407406 0.0203125
0 0.8476851851851852 0.7375 0.025 0.01875
0 0.7907407407407407 0.6229166666666667 0.02777777777777778 0.017708333333333333
0 0.6888888888888889 0.7270833333333333 0.031481481481481485 0.013541666666666667
0 0.649537037037037 0.6424479166666667 0.025 0.015104166666666667
0 0.512962962962963 0.3768229166666667 0.031481481481481485 0.0140625
0 0.5898148148148148 0.1453125 0.02777777777777778 0.019791666666666666
0 0.5351851851851852 0.20390624999999998 0.03888888888888889 0.025520833333333333
0 0.5152777777777778 0.18802083333333333 0.03981481481481482 0.022916666666666665
0 0.42685185185185187 0.2513020833333333 0.02592592592592593 0.019270833333333334
0 0.40046296296296297 0.24817708333333333 0.026851851851851852 0.015104166666666667
0 0.47870370370370374 0.31979166666666664 0.03333333333333333 0.015625
0 0.48703703703703705 0.33515625 0.02592592592592593 0.0140625
0 0.37777777777777777 0.32057291666666665 0.03333333333333333 0.018229166666666668
0 0.3837962962962963 0.37109375 0.019444444444444445 0.0171875
0 0.4152777777777778 0.35546875 0.032407407407407406 0.022395833333333334
0 0.4939814814814815 0.40260416666666665 0.02314814814814815 0.013541666666666667
0 0.47500000000000003 0.39791666666666664 0.02592592592592593 0.013541666666666667
0 0.45740740740740743 0.48411458333333335 0.02592592592592593 0.0140625
0 0.6018518518518519 0.4588541666666667 0.02962962962962963 0.016666666666666666
0 0.5162037037037037 0.45859374999999997 0.03425925925925926 0.0171875
0 0.6351851851851852 0.4828125 0.03333333333333333 0.01875
0 0.562962962962963 0.4869791666666667 0.03333333333333333 0.01875
0 0.5708333333333333 0.5731770833333333 0.032407407407407406 0.0171875
0 0.6023148148148149 0.5778645833333333 0.032407407407407406 0.019270833333333334
0 0.6064814814814815 0.5927083333333333 0.02962962962962963 0.013541666666666667
0 0.6046296296296296 0.6122395833333333 0.031481481481481485 0.01614583333333333
0 0.5912037037037037 0.6958333333333333 0.026851851851851852 0.01875
0 0.6268518518518519 0.8091145833333333 0.031481481481481485 0.021354166666666667
0 0.5532407407407408 0.7372395833333333 0.03425925925925926 0.0234375
0 0.4912037037037037 0.6979166666666666 0.030555555555555558 0.016666666666666666
0 0.49768518518518523 0.7229166666666667 0.025 0.017708333333333333
0 0.513888888888889 0.5291666666666667 0.024074074074074074 0.017708333333333333
0 0.48333333333333334 0.5263020833333333 0.03518518518518519 0.0203125
0 0.42453703703703705 0.5325520833333334 0.028703703703703703 0.018229166666666668
0 0.40231481481481485 0.5559895833333334 0.032407407407407406 0.0171875
0 0.38703703703703707 0.6033854166666667 0.031481481481481485 0.015104166666666667
0 0.2675925925925926 0.5518229166666666 0.02592592592592593 0.015104166666666667
0 0.27870370370370373 0.33958333333333335 0.020370370370370372 0.010416666666666666
0 0.2601851851851852 0.34296875 0.014814814814814815 0.008854166666666666
0 0.14537037037037037 0.253125 0.016666666666666666 0.009375
0 0.13333333333333333 0.2625 0.020370370370370372 0.011458333333333333
0 0.1814814814814815 0.2864583333333333 0.022222222222222223 0.011458333333333333
0 0.22037037037037038 0.19713541666666667 0.03333333333333333 0.018229166666666668
0 0.2898148148148148 0.1109375 0.02592592592592593 0.016666666666666666
0 0.27870370370370373 0.09348958333333333 0.031481481481481485 0.024479166666666666
0 0.2652777777777778 0.11640625 0.026851851851851852 0.0234375
0 0.23287037037037037 0.16171875 0.026851851851851852 0.019270833333333334
0 0.20601851851851852 0.14427083333333332 0.028703703703703703 0.022916666666666665
0 0.23472222222222222 0.24244791666666665 0.021296296296296296 0.011979166666666666
0 0.1787037037037037 0.22942708333333334 0.024074074074074074 0.0140625
0 0.17916666666666667 0.2171875 0.028703703703703703 0.01875
0 0.1763888888888889 0.15989583333333332 0.032407407407407406 0.021875
0 0.08703703703703704 0.18229166666666666 0.02592592592592593 0.015625
0 0.055092592592592596 0.17005208333333333 0.03425925925925926 0.024479166666666666
0 0.19768518518518519 0.3645833333333333 0.021296296296296296 0.011458333333333333
0 0.22962962962962963 0.384375 0.020370370370370372 0.011458333333333333
0 0.2263888888888889 0.44036458333333334 0.017592592592592594 0.011979166666666666
0 0.13842592592592592 0.3390625 0.021296296296296296 0.009375
0 0.15601851851851853 0.40078125 0.02314814814814815 0.01614583333333333
0 0.1425925925925926 0.3927083333333333 0.020370370370370372 0.011458333333333333
0 0.09398148148148149 0.3890625 0.019444444444444445 0.0125
0 0.11064814814814815 0.43463541666666666 0.015740740740740743 0.009895833333333333
0 0.1865740740740741 0.5713541666666666 0.01388888888888889 0.011458333333333333
0 0.14120370370370372 0.5489583333333333 0.02314814814814815 0.0125
0 0.20231481481481484 0.5674479166666666 0.02314814814814815 0.01614583333333333
0 0.10324074074074074 0.49114583333333334 0.036111111111111115 0.01875
0 0.11481481481481481 0.55625 0.031481481481481485 0.014583333333333334
0 0.39490740740740743 0.7833333333333333 0.026851851851851852 0.027083333333333334
0 0.24444444444444446 0.5809895833333333 0.02592592592592593 0.018229166666666668
0 0.25925925925925924 0.5971354166666667 0.02592592592592593 0.011979166666666666
0 0.2962962962962963 0.6075520833333333 0.022222222222222223 0.015104166666666667
0 0.2087962962962963 0.61171875 0.028703703703703703 0.011979166666666666
0 0.33564814814814814 0.6309895833333333 0.032407407407407406 0.015104166666666667
0 0.31666666666666665 0.6651041666666666 0.02592592592592593 0.016666666666666666
0 0.3138888888888889 0.64765625 0.024074074074074074 0.015104166666666667
0 0.3907407407407408 0.63515625 0.020370370370370372 0.0109375
0 0.362962962962963 0.6390625 0.02777777777777778 0.015625
0 0.4425925925925926 0.6903645833333333 0.022222222222222223 0.01614583333333333
0 0.425462962962963 0.68671875 0.019444444444444445 0.015104166666666667
0 0.41111111111111115 0.7143229166666667 0.02777777777777778 0.018229166666666668
0 0.35833333333333334 0.7234375 0.02777777777777778 0.019791666666666666
0 0.3041666666666667 0.71484375 0.02314814814814815 0.0140625
0 0.2791666666666667 0.7208333333333333 0.026851851851851852 0.01875
0 0.40370370370370373 0.8166666666666667 0.02592592592592593 0.020833333333333332
0 0.25092592592592594 0.746875 0.03333333333333333 0.019791666666666666
0 0.20416666666666666 0.8453125 0.019444444444444445 0.025
0 0.6699074074074074 0.7484375 0.026851851851851852 0.021875
0 0.46851851851851856 0.4895833333333333 0.020370370370370372 0.017708333333333333
0 0.5717592592592593 0.34270833333333334 0.017592592592592594 0.009375
0 0.9685185185185186 0.6041666666666666 0.037037037037037035 0.013541666666666667
0 0.9625 0.55234375 0.03425925925925926 0.019270833333333334
0 0.9875 0.54921875 0.025 0.011979166666666666
0 0.7518518518518519 0.6869791666666667 0.02777777777777778 0.013541666666666667
