0 0.9171296296296296 0.6158854166666666 0.028703703703703703 0.024479166666666666
0 0.9393518518518519 0.20885416666666667 0.019444444444444445 0.0125
0 0.9805555555555556 0.5291666666666667 0.02592592592592593 0.013541666666666667
0 0.9541666666666667 0.44687499999999997 0.026851851851851852 0.0125
0 0.9819444444444445 0.8559895833333333 0.036111111111111115 0.025520833333333333
0 0.9611111111111111 0.73984375 0.02962962962962963 0.021354166666666667
0 0.19166666666666668 0.3494791666666667 0.020370370370370372 0.014583333333333334
0 0.1638888888888889 0.13151041666666666 0.03518518518518519 0.0203125
0 0.14027777777777778 0.221875 0.026851851851851852 0.016666666666666666
0 0.6532407407407408 0.37916666666666665 0.021296296296296296 0.015625
0 0.5689814814814815 0.40625 0.019444444444444445 0.010416666666666666
0 0.3888888888888889 0.5190104166666667 0.02962962962962963 0.0234375
0 0.14907407407407408 0.34322916666666664 0.02962962962962963 0.0125
0 0.13055555555555556 0.29296875 0.02962962962962963 0.015104166666666667
0 0.2611111111111111 0.31875 0.022222222222222223 0.015625
0 0.33101851851851855 0.33307291666666666 0.02314814814814815 0.015104166666666667
0 0.15972222222222224 0.37109375 0.030555555555555558 0.0140625
0 0.1337962962962963 0.38125 0.030555555555555558 0.01875
0 0.10648148148148148 0.38307291666666665 0.02962962962962963 0.0171875
0 0.18796296296296297 0.4263020833333333 0.031481481481481485 0.0140625
0 0.2574074074074074 0.4276041666666667 0.024074074074074074 0.015625
0 0.16296296296296298 0.4596354166666667 0.02592592592592593 0.013020833333333334
0 0.2439814814814815 0.47265625 0.030555555555555558 0.01614583333333333
0 0.26296296296296295 0.4864583333333333 0.022222222222222223 0.011458333333333333
0 0.22175925925925927 0.4864583333333333 0.03425925925925926 0.019791666666666666
0 0.12962962962962962 0.4981770833333333 0.037037037037037035 0.018229166666666668
0 0.11851851851851852 0.5223958333333333 0.03333333333333333 0.01875
0 0.23981481481481481 0.5236979166666667 0.02962962962962963 0.019270833333333334
0 0.1277777777777778 0.6065104166666666 0.037037037037037035 0.018229166666666668
0 0.17222222222222222 0.6169270833333333 0.04259259259259259 0.0234375
0 0.11527777777777778 0.6859375 0.03796296296296296 0.021875
0 0.11805555555555557 0.7526041666666666 0.03425925925925926 0.01875
0 0.17916666666666667 0.7354166666666666 0.032407407407407406 0.020833333333333332
0 0.21203703703703705 0.7354166666666666 0.02592592592592593 0.01875
0 0.26435185185185184 0.6203125 0.026851851851851852 0.017708333333333333
0 0.3680555555555556 0.7252604166666666 0.030555555555555558 0.013020833333333334
0 0.40972222222222227 0.6403645833333333 0.026851851851851852 0.01614583333333333
0 0.5351851851851852 0.3729166666666667 0.03518518518518519 0.015625
0 0.45046296296296295 0.12734375 0.028703703703703703 0.022395833333333334
0 0.46481481481481485 0.13541666666666666 0.02777777777777778 0.021875
0 0.5217592592592593 0.1953125 0.032407407407407406 0.026041666666666668
0 0.549074074074074 0.17864583333333334 0.040740740740740744 0.022916666666666665
0 0.6287037037037038 0.24270833333333333 0.02777777777777778 0.01875
0 0.6564814814814816 0.24010416666666667 0.02777777777777778 0.016666666666666666
0 0.5810185185185185 0.3130208333333333 0.036111111111111115 0.015625
0 0.5694444444444444 0.3286458333333333 0.02777777777777778 0.014583333333333334
0 0.6824074074074075 0.31354166666666666 0.03518518518518519 0.01875
0 0.6736111111111112 0.3653645833333333 0.017592592592592594 0.01614583333333333
0 0.6444444444444445 0.3497395833333333 0.03333333333333333 0.022395833333333334
0 0.5532407407407408 0.39765625 0.02314814814814815 0.0140625
0 0.5731481481481482 0.3932291666666667 0.02777777777777778 0.014583333333333334
0 0.5967592592592593 0.48203124999999997 0.019444444444444445 0.0171875
0 0.45787037037037037 0.4549479166666667 0.032407407407407406 0.018229166666666668
0 0.5449074074074074 0.4536458333333333 0.032407407407407406 0.016666666666666666
0 0.42592592592592593 0.47890625 0.03518518518518519 0.019270833333333334
0 0.4986111111111111 0.4825520833333333 0.03425925925925926 0.0203125
0 0.48842592592592593 0.5700520833333333 0.032407407407407406 0.0171875
0 0.45740740740740743 0.5752604166666666 0.031481481481481485 0.019270833333333334
0 0.4518518518518519 0.5895833333333333 0.02777777777777778 0.0125
0 0.4527777777777778 0.6091145833333333 0.02962962962962963 0.0171875
0 0.46944444444444444 0.69375 0.02777777777777778 0.019791666666666666
0 0.4351851851851852 0.80703125 0.02777777777777778 0.022395833333333334
0 0.5078703703703704 0.7361979166666667 0.032407407407407406 0.022395833333333334
0 0.5699074074074074 0.6958333333333333 0.030555555555555558 0.016666666666666666
0 0.5620370370370371 0.7216145833333333 0.024074074074074074 0.0171875
0 0.5467592592592593 0.52578125 0.025 0.018229166666666668
0 0.5782407407407407 0.52265625 0.036111111111111115 0.0203125
0 0.6333333333333333 0.5291666666666667 0.031481481481481485 0.01875
0 0.6532407407407408 0.5528645833333333 0.03425925925925926 0.018229166666666668
0 0.674074074074074 0.6005208333333333 0.03518518518518519 0.015625
0 0.7898148148148149 0.5484375 0.02777777777777778 0.014583333333333334
0 0.7759259259259259 0.33307291666666666 0.022222222222222223 0.0109375
0 0.7972222222222223 0.33671875 0.016666666666666666 0.009895833333333333
0 0.924537037037037 0.24401041666666667 0.017592592592592594 0.009895833333333333
0 0.9333333333333333 0.25364583333333335 0.020370370370370372 0.011458333333333333
0 0.8833333333333334 0.278125 0.024074074074074074 0.0125
0 0.8425925925925927 0.18776041666666665 0.03518518518518519 0.021354166666666667
0 0.7699074074074075 0.09947916666666666 0.026851851851851852 0.017708333333333333
0 0.7824074074074074 0.08098958333333334 0.03333333333333333 0.024479166666666666
0 0.7958333333333334 0.1046875 0.028703703703703703 0.02395833333333333
0 0.8291666666666667 0.15130208333333334 0.028703703703703703 0.019270833333333334
0 0.8587962962962963 0.13255208333333332 0.030555555555555558 0.0234375
0 0.8240740740740741 0.23411458333333332 0.022222222222222223 0.011979166666666666
0 0.888425925925926 0.21979166666666666 0.025 0.014583333333333334
0 0.888888888888889 0.20781249999999998 0.031481481481481485 0.019791666666666666
0 0.8902777777777778 0.14895833333333333 0.03425925925925926 0.021875
0 0.9861111111111112 0.17083333333333334 0.02777777777777778 0.01875
0 0.8708333333333333 0.3578125 0.021296296296296296 0.0125
0 0.8365740740740741 0.37838541666666664 0.021296296296296296 0.011979166666666666
0 0.837037037037037 0.4354166666666667 0.020370370370370372 0.0125
0 0.9277777777777778 0.33203125 0.022222222222222223 0.009895833333333333
0 0.9152777777777779 0.39479166666666665 0.02314814814814815 0.016666666666666666
0 0.9347222222222222 0.38619791666666664 0.02314814814814815 0.0109375
0 0.976388888888889 0.38255208333333335 0.019444444444444445 0.013020833333333334
0 0.9453703703703704 0.42942708333333335 0.024074074074074074 0.011979166666666666
0 0.9273148148148148 0.5455729166666666 0.02314814814814815 0.013020833333333334
0 0.8648148148148148 0.5643229166666667 0.022222222222222223 0.01614583333333333
0 0.9652777777777778 0.4869791666666667 0.03796296296296296 0.019791666666666666
0 0.9546296296296297 0.5536458333333333 0.03333333333333333 0.014583333333333334
0 0.6731481481481482 0.7815104166666667 0.02777777777777778 0.027604166666666666
0 0.8162037037037038 0.578125 0.028703703703703703 0.016666666666666666
0 0.800462962962963 0.5942708333333333 0.025 0.0125
0 0.8560185185185185 0.6091145833333333 0.030555555555555558 0.011979166666666666
0 0.7226851851851852 0.6283854166666667 0.032407407407407406 0.015104166666666667
0 0.7430555555555556 0.66328125 0.026851851851851852 0.0171875
0 0.7444444444444445 0.6455729166666666 0.022222222222222223 0.015104166666666667
0 0.6662037037037037 0.6333333333333333 0.021296296296296296 0.011458333333333333
0 0.6944444444444444 0.6364583333333333 0.02777777777777778 0.015625
0 0.6125 0.6888020833333334 0.02314814814814815 0.01614583333333333
0 0.6361111111111112 0.684375 0.022222222222222223 0.016666666666666666
0 0.6532407407407408 0.7127604166666667 0.028703703703703703 0.018229166666666668
0 0.7092592592592593 0.721875 0.02962962962962963 0.019791666666666666
0 0.7518518518518519 0.7125 0.024074074074074074 0.014583333333333334
0 0.7777777777777778 0.71875 0.02777777777777778 0.01875
0 0.6666666666666667 0.8156249999999999 0.02592592592592593 0.020833333333333332
0 0.812962962962963 0.7453125 0.03333333333333333 0.019791666666666666
0 0.8611111111111112 0.8429687499999999 0.022222222222222223 0.021354166666666667
0 0.3875 0.7463541666666667 0.026851851851851852 0.020833333333333332
0 0.47870370370370374 0.3364583333333333 0.018518518518518517 0.008333333333333333
0 0.08611111111111111 0.60078125 0.03333333333333333 0.015104166666666667
0 0.24351851851851852 0.81875 0.02592592592592593 0.022916666666666665
0 0.0587962962962963 0.6770833333333334 0.036111111111111115 0.01875
0 0.014351851851851852 0.740625 0.025 0.020833333333333332
0 0.08888888888888889 0.5494791666666666 0.03333333333333333 0.01875
0 0.044444444444444446 0.5317708333333333 0.03333333333333333 0.0125
0 0.06157407407407408 0.5463541666666667 0.028703703703703703 0.013541666666666667
0 0.011574074074074075 0.48593749999999997 0.019444444444444445 0.015625
0 0.04027777777777778 0.3859375 0.03425925925925926 0.017708333333333333
0 0.04583333333333334 0.2890625 0.032407407407407406 0.014583333333333334
0 0.2953703703703704 0.6833333333333333 0.020370370370370372 0.013541666666666667
