0 0.04398148148148148 0.615625 0.028703703703703703 0.01875
0 0.022222222222222223 0.20390624999999998 0.020370370370370372 0.011979166666666666
0 0.0125 0.44375 0.021296296296296296 0.0125
0 0.8013888888888889 0.12682291666666667 0.032407407407407406 0.019270833333333334
0 0.8268518518518518 0.21901041666666665 0.02777777777777778 0.0171875
0 0.3092592592592593 0.3763020833333333 0.020370370370370372 0.01614583333333333
0 0.40046296296296297 0.4036458333333333 0.021296296296296296 0.010416666666666666
0 0.5662037037037038 0.5177083333333333 0.026851851851851852 0.022916666666666665
0 0.8162037037037038 0.34088541666666666 0.030555555555555558 0.013020833333333334
0 0.8375 0.290625 0.028703703703703703 0.015625
0 0.7087962962962964 0.3171875 0.025 0.015625
0 0.638888888888889 0.33046875 0.022222222222222223 0.015104166666666667
0 0.8037037037037037 0.36953125 0.02962962962962963 0.015104166666666667
0 0.8305555555555556 0.37864583333333335 0.02962962962962963 0.01875
0 0.8587962962962963 0.38046875 0.030555555555555558 0.0171875
0 0.7782407407407408 0.4244791666666667 0.036111111111111115 0.015625
0 0.7087962962962964 0.42604166666666665 0.02314814814814815 0.015625
0 0.8046296296296297 0.4578125 0.02777777777777778 0.013541666666666667
0 0.7199074074074074 0.47161458333333334 0.030555555555555558 0.0171875
0 0.7421296296296297 0.4848958333333333 0.03425925925925926 0.020833333333333332
0 0.8333333333333334 0.4966145833333333 0.037037037037037035 0.019270833333333334
0 0.8458333333333333 0.5208333333333334 0.032407407407407406 0.01875
0 0.7245370370370371 0.521875 0.028703703703703703 0.019791666666666666
0 0.8393518518518519 0.6057291666666667 0.03425925925925926 0.01875
0 0.788888888888889 0.6161458333333333 0.04259259259259259 0.022916666666666665
0 0.8430555555555556 0.7518229166666667 0.03425925925925926 0.019270833333333334
0 0.7810185185185186 0.7341145833333333 0.032407407407407406 0.021354166666666667
0 0.7490740740740741 0.7348958333333333 0.02592592592592593 0.019791666666666666
0 0.7000000000000001 0.6182291666666666 0.024074074074074074 0.017708333333333333
0 0.5930555555555556 0.7244791666666667 0.032407407407407406 0.013541666666666667
0 0.5509259259259259 0.6385416666666667 0.02777777777777778 0.017708333333333333
0 0.42592592592592593 0.37109375 0.040740740740740744 0.018229166666666668
0 0.5101851851851852 0.12369791666666667 0.02777777777777778 0.027604166666666666
0 0.4939814814814815 0.13177083333333334 0.032407407407407406 0.025
0 0.437962962962963 0.19140625 0.03518518518518519 0.025520833333333333
0 0.4078703703703704 0.1734375 0.04351851851851852 0.022916666666666665
0 0.33472222222222225 0.23906249999999998 0.026851851851851852 0.019791666666666666
0 0.3060185185185185 0.23541666666666666 0.026851851851851852 0.016666666666666666
0 0.37824074074074077 0.30963541666666666 0.03796296296296296 0.0171875
0 0.39212962962962966 0.32526041666666666 0.025 0.015104166666666667
0 0.27824074074074073 0.31015625 0.036111111111111115 0.019270833333333334
0 0.2898148148148148 0.3619791666666667 0.016666666666666666 0.016666666666666666
0 0.31851851851851853 0.3463541666666667 0.03518518518518519 0.022916666666666665
0 0.41712962962962963 0.39453125 0.025 0.0140625
0 0.39583333333333337 0.390625 0.026851851851851852 0.014583333333333334
0 0.36435185185185187 0.4791666666666667 0.019444444444444445 0.017708333333333333
0 0.5018518518518519 0.453125 0.03333333333333333 0.017708333333333333
0 0.41574074074074074 0.4513020833333333 0.03333333333333333 0.01614583333333333
0 0.5342592592592593 0.47682291666666665 0.03518518518518519 0.019270833333333334
0 0.4601851851851852 0.48072916666666665 0.03518518518518519 0.020833333333333332
0 0.47175925925925927 0.5684895833333333 0.032407407407407406 0.0171875
0 0.5027777777777778 0.5736979166666667 0.031481481481481485 0.019270833333333334
0 0.5092592592592593 0.58828125 0.02592592592592593 0.011979166666666666
0 0.5185185185185185 0.6083333333333333 0.02962962962962963 0.016666666666666666
0 0.48888888888888893 0.69296875 0.02777777777777778 0.0203125
0 0.5226851851851853 0.80625 0.025 0.022916666666666665
0 0.4518518518518519 0.7364583333333333 0.03333333333333333 0.020833333333333332
0 0.3902777777777778 0.69453125 0.030555555555555558 0.018229166666666668
0 0.3990740740740741 0.72109375 0.022222222222222223 0.0171875
0 0.4134259259259259 0.5239583333333333 0.025 0.017708333333333333
0 0.3819444444444445 0.5213541666666667 0.036111111111111115 0.020833333333333332
0 0.3300925925925926 0.5276041666666667 0.032407407407407406 0.01875
0 0.01712962962962963 0.4270833333333333 0.02314814814814815 0.011458333333333333
0 0.30972222222222223 0.5510416666666667 0.03425925925925926 0.01875
0 0.2865740740740741 0.5989583333333334 0.036111111111111115 0.016666666666666666
0 0.1736111111111111 0.5466145833333333 0.026851851851851852 0.015104166666666667
0 0.1875 0.32890625 0.02314814814814815 0.0109375
0 0.16666666666666669 0.3325520833333333 0.018518518518518517 0.009895833333333333
0 0.02962962962962963 0.23880208333333333 0.018518518518518517 0.0109375
0 0.02314814814814815 0.24895833333333334 0.020370370370370372 0.0125
0 0.075 0.2739583333333333 0.02592592592592593 0.0125
0 0.11666666666666667 0.18203125 0.03518518518518519 0.022395833333333334
0 0.19166666666666668 0.09296875 0.02777777777777778 0.0171875
0 0.17731481481481481 0.07421875 0.032407407407407406 0.024479166666666666
0 0.16481481481481483 0.09895833333333333 0.02962962962962963 0.02395833333333333
0 0.1300925925925926 0.14557291666666666 0.030555555555555558 0.019270833333333334
0 0.09907407407407408 0.12630208333333334 0.031481481481481485 0.024479166666666666
0 0.1388888888888889 0.22916666666666666 0.022222222222222223 0.0125
0 0.0699074074074074 0.21484375 0.026851851851851852 0.01614583333333333
0 0.06759259259259259 0.20234375 0.031481481481481485 0.021354166666666667
0 0.06712962962962964 0.1421875 0.03425925925925926 0.022916666666666665
0 0.08472222222222223 0.35390625 0.019444444444444445 0.013020833333333334
0 0.11990740740740741 0.37473958333333335 0.021296296296296296 0.011979166666666666
0 0.1212962962962963 0.4322916666666667 0.022222222222222223 0.0125
0 0.02962962962962963 0.32786458333333335 0.022222222222222223 0.009895833333333333
0 0.03796296296296296 0.3911458333333333 0.022222222222222223 0.016666666666666666
0 0.014814814814814815 0.3828125 0.024074074074074074 0.011458333333333333
0 0.028703703703703703 0.5434895833333333 0.022222222222222223 0.013020833333333334
0 0.0912037037037037 0.5630208333333333 0.021296296296296296 0.015625
0 0.009722222222222222 0.5510416666666667 0.017592592592592594 0.015625
0 0.28101851851851856 0.78125 0.026851851851851852 0.028125
0 0.14583333333333334 0.5765625 0.026851851851851852 0.017708333333333333
0 0.16018518518518518 0.59296875 0.02592592592592593 0.011979166666666666
0 0.10277777777777779 0.6078125 0.03333333333333333 0.0125
0 0.24027777777777778 0.62734375 0.032407407407407406 0.015104166666666667
0 0.21851851851851853 0.6622395833333333 0.02777777777777778 0.0171875
0 0.2175925925925926 0.6442708333333333 0.022222222222222223 0.014583333333333334
0 0.2972222222222222 0.63203125 0.022222222222222223 0.0109375
0 0.26805555555555555 0.63515625 0.028703703703703703 0.015104166666666667
0 0.35324074074074074 0.6875 0.02314814814814815 0.016666666666666666
0 0.32453703703703707 0.68359375 0.021296296296296296 0.019270833333333334
0 0.3074074074074074 0.7109375 0.02962962962962963 0.022916666666666665
0 0.24675925925925926 0.7213541666666666 0.030555555555555558 0.019791666666666666
0 0.21296296296296297 0.7127604166666667 0.024074074074074074 0.0140625
0 0.18703703703703706 0.7182291666666667 0.02777777777777778 0.01875
0 0.2865740740740741 0.8156249999999999 0.026851851851851852 0.020833333333333332
0 0.14583333333333334 0.74453125 0.036111111111111115 0.0203125
0 0.09583333333333334 0.8424479166666666 0.02314814814814815 0.021354166666666667
0 0.5736111111111112 0.7455729166666667 0.028703703703703703 0.021354166666666667
0 0.487962962962963 0.33359375 0.020370370370370372 0.008854166666666666
0 0.8791666666666667 0.5971354166666667 0.03981481481481482 0.019270833333333334
0 0.7134259259259259 0.8182291666666667 0.026851851851851852 0.021875
0 0.8486111111111111 0.6848958333333334 0.030555555555555558 0.027083333333333334
0 0.8986111111111111 0.6760416666666667 0.036111111111111115 0.01875
0 0.9476851851851852 0.7393229166666666 0.030555555555555558 0.021354166666666667
0 0.9833333333333334 0.7294270833333333 0.03333333333333333 0.024479166666666666
0 0.875 0.5471354166666667 0.03518518518518519 0.018229166666666668
0 0.9226851851851853 0.53046875 0.032407407407407406 0.013020833333333334
0 0.9046296296296297 0.54453125 0.02962962962962963 0.0140625
0 0.9601851851851853 0.4848958333333333 0.02777777777777778 0.016666666666666666
0 0.925 0.38385416666666666 0.031481481481481485 0.017708333333333333
0 0.9768518518518519 0.3731770833333333 0.02777777777777778 0.015104166666666667
0 0.9231481481481482 0.2869791666666667 0.02962962962962963 0.016666666666666666
0 0.6708333333333334 0.6822916666666666 0.02314814814814815 0.014583333333333334
0 0.9865740740740742 0.31875 0.025 0.013541666666666667
0 0.9875 0.3390625 0.021296296296296296 0.011458333333333333
