0 0.7583333333333334 0.13046875 0.031481481481481485 0.0171875
0 0.7833333333333333 0.22265625 0.02777777777777778 0.0171875
0 0.26666666666666666 0.37838541666666664 0.016666666666666666 0.015104166666666667
0 0.36203703703703705 0.4046875 0.022222222222222223 0.009375
0 0.5194444444444445 0.51875 0.03333333333333333 0.02395833333333333
0 0.7703703703703704 0.34375 0.02962962962962963 0.013541666666666667
0 0.7976851851851852 0.2942708333333333 0.028703703703703703 0.016666666666666666
0 0.6708333333333334 0.31953125 0.026851851851851852 0.01614583333333333
0 0.600462962962963 0.3325520833333333 0.021296296296296296 0.015104166666666667
0 0.7578703703703704 0.3734375 0.030555555555555558 0.017708333333333333
0 0.7856481481481482 0.38177083333333334 0.030555555555555558 0.017708333333333333
0 0.8138888888888889 0.38385416666666666 0.02777777777777778 0.016666666666666666
0 0.7393518518518519 0.4276041666666667 0.028703703703703703 0.014583333333333334
0 0.6638888888888889 0.4276041666666667 0.024074074074074074 0.013541666666666667
0 0.7625000000000001 0.46041666666666664 0.026851851851851852 0.013541666666666667
0 0.675 0.47369791666666666 0.02962962962962963 0.0171875
0 0.6962962962962963 0.48671875 0.03518518518518519 0.0203125
0 0.7870370370370371 0.4986979166666667 0.037037037037037035 0.019270833333333334
0 0.8009259259259259 0.5231770833333333 0.031481481481481485 0.019270833333333334
0 0.6796296296296297 0.5244791666666666 0.02592592592592593 0.019791666666666666
0 0.7944444444444445 0.6088541666666667 0.031481481481481485 0.01875
0 0.7375 0.61796875 0.04166666666666667 0.0234375
0 0.7944444444444445 0.7552083333333334 0.031481481481481485 0.019791666666666666
0 0.7324074074074074 0.73671875 0.031481481481481485 0.021354166666666667
0 0.6995370370370371 0.7375 0.026851851851851852 0.021875
0 0.6541666666666667 0.6203125 0.02314814814814815 0.016666666666666666
0 0.5453703703703704 0.7270833333333333 0.031481481481481485 0.0125
0 0.5018518518518519 0.6403645833333333 0.02592592592592593 0.019270833333333334
0 0.38287037037037036 0.3723958333333333 0.036111111111111115 0.017708333333333333
0 0.46435185185185185 0.12552083333333333 0.030555555555555558 0.022916666666666665
0 0.44722222222222224 0.13359375 0.03518518518518519 0.025520833333333333
0 0.38842592592592595 0.19322916666666667 0.03425925925925926 0.025
0 0.3574074074074074 0.175 0.040740740740740744 0.02395833333333333
0 0.29212962962962963 0.23984375 0.028703703703703703 0.018229166666666668
0 0.26296296296296295 0.23723958333333334 0.02592592592592593 0.0171875
0 0.337037037037037 0.3109375 0.02962962962962963 0.015625
0 0.3462962962962963 0.3265625 0.022222222222222223 0.015625
0 0.23148148148148148 0.3098958333333333 0.03518518518518519 0.01875
0 0.24212962962962964 0.36432291666666666 0.015740740740740743 0.018229166666666668
0 0.27083333333333337 0.34765625 0.03796296296296296 0.022395833333333334
0 0.3791666666666667 0.39609375 0.02314814814814815 0.0140625
0 0.35833333333333334 0.39296875 0.02777777777777778 0.015104166666666667
0 0.45092592592592595 0.4552083333333333 0.03518518518518519 0.01875
0 0.36574074074074076 0.45234375 0.031481481481481485 0.015104166666666667
0 0.48333333333333334 0.4783854166666667 0.03518518518518519 0.019270833333333334
0 0.4101851851851852 0.48203124999999997 0.03333333333333333 0.0203125
0 0.4236111111111111 0.5703125 0.032407407407407406 0.017708333333333333
0 0.4532407407407408 0.5752604166666666 0.030555555555555558 0.019270833333333334
0 0.4625 0.5903645833333333 0.028703703703703703 0.011979166666666666
0 0.47222222222222227 0.6098958333333333 0.031481481481481485 0.016666666666666666
0 0.44027777777777777 0.6958333333333333 0.028703703703703703 0.019791666666666666
0 0.4703703703703704 0.8096354166666666 0.020370370370370372 0.0234375
0 0.40185185185185185 0.7393229166666666 0.03333333333333333 0.019270833333333334
0 0.3421296296296296 0.6958333333333333 0.030555555555555558 0.015625
0 0.3490740740740741 0.7236979166666666 0.020370370370370372 0.0171875
0 0.3652777777777778 0.5252604166666667 0.026851851851851852 0.0171875
0 0.33287037037037037 0.5229166666666667 0.036111111111111115 0.020833333333333332
0 0.2847222222222222 0.5286458333333334 0.03425925925925926 0.019791666666666666
0 0.2652777777777778 0.55234375 0.03425925925925926 0.019270833333333334
0 0.2388888888888889 0.6010416666666667 0.031481481481481485 0.01875
0 0.12824074074074074 0.5484375 0.028703703703703703 0.015625
0 0.14722222222222223 0.3302083333333333 0.024074074074074074 0.011458333333333333
0 0.12685185185185185 0.334375 0.020370370370370372 0.010416666666666666
0 0.028703703703703703 0.27421875 0.02592592592592593 0.013020833333333334
0 0.07222222222222223 0.1828125 0.03333333333333333 0.022916666666666665
0 0.14814814814814814 0.09479166666666666 0.02777777777777778 0.017708333333333333
0 0.1328703703703704 0.07578125 0.03425925925925926 0.024479166666666666
0 0.12083333333333333 0.10026041666666667 0.030555555555555558 0.024479166666666666
0 0.08564814814814815 0.146875 0.030555555555555558 0.01875
0 0.051388888888888894 0.12734375 0.03425925925925926 0.024479166666666666
0 0.0962962962962963 0.22994791666666667 0.022222222222222223 0.011979166666666666
0 0.022222222222222223 0.21484375 0.02777777777777778 0.015104166666666667
0 0.017592592592592594 0.20286458333333332 0.031481481481481485 0.021354166666666667
0 0.01990740740740741 0.14322916666666666 0.032407407407407406 0.022916666666666665
0 0.03287037037037037 0.35390625 0.019444444444444445 0.013020833333333334
0 0.06898148148148149 0.3755208333333333 0.02314814814814815 0.0125
0 0.07314814814814816 0.4328125 0.022222222222222223 0.0125
0 0.038425925925925926 0.5651041666666666 0.02314814814814815 0.0125
0 0.2263888888888889 0.78359375 0.026851851851851852 0.027604166666666666
0 0.09907407407407408 0.578125 0.02777777777777778 0.017708333333333333
0 0.11342592592592593 0.5947916666666666 0.02314814814814815 0.0125
0 0.05277777777777778 0.6096354166666667 0.03333333333333333 0.013020833333333334
0 0.1925925925925926 0.6286458333333333 0.031481481481481485 0.014583333333333334
0 0.17175925925925928 0.6638020833333333 0.028703703703703703 0.0171875
0 0.17037037037037037 0.6458333333333334 0.022222222222222223 0.015625
0 0.25277777777777777 0.6338541666666666 0.024074074074074074 0.011458333333333333
0 0.22222222222222224 0.6375 0.02962962962962963 0.016666666666666666
0 0.5240740740740741 0.7484375 0.031481481481481485 0.021875
0 0.30972222222222223 0.6901041666666666 0.02314814814814815 0.015625
0 0.274537037037037 0.6861979166666666 0.02314814814814815 0.0203125
0 0.25416666666666665 0.7130208333333333 0.030555555555555558 0.022916666666666665
0 0.19074074074074074 0.7236979166666666 0.031481481481481485 0.0203125
0 0.16203703703703703 0.7151041666666667 0.014814814814814815 0.013541666666666667
0 0.14305555555555557 0.7200520833333334 0.030555555555555558 0.019270833333333334
0 0.22916666666666669 0.8184895833333333 0.026851851851851852 0.021354166666666667
0 0.09398148148148149 0.7466145833333333 0.036111111111111115 0.0203125
0 0.04166666666666667 0.8447916666666666 0.022222222222222223 0.020833333333333332
0 0.4425925925925926 0.3567708333333333 0.016666666666666666 0.015625
0 0.4462962962962963 0.33541666666666664 0.020370370370370372 0.010416666666666666
0 0.8319444444444445 0.5994791666666667 0.03796296296296296 0.020833333333333332
0 0.6583333333333333 0.8213541666666666 0.02592592592592593 0.021875
0 0.7958333333333334 0.6875 0.032407407407407406 0.027083333333333334
0 0.8578703703703704 0.67890625 0.03796296296296296 0.021354166666666667
0 0.8953703703703704 0.74296875 0.02962962962962963 0.0203125
0 0.9319444444444445 0.7328125 0.036111111111111115 0.025
0 0.8314814814814815 0.5502604166666667 0.03333333333333333 0.0171875
0 0.8800925925925926 0.5341145833333333 0.03425925925925926 0.013020833333333334
0 0.8606481481481482 0.5479166666666666 0.030555555555555558 0.014583333333333334
0 0.9236111111111112 0.4888020833333333 0.026851851851851852 0.0171875
0 0.987962962962963 0.47890625 0.024074074074074074 0.015104166666666667
0 0.8791666666666667 0.3872395833333333 0.030555555555555558 0.0171875
0 0.9287037037037037 0.3768229166666667 0.02777777777777778 0.015104166666666667
0 0.9611111111111111 0.4028645833333333 0.016666666666666666 0.008854166666666666
0 0.9800925925925926 0.39817708333333335 0.02314814814814815 0.011979166666666666
0 0.8805555555555555 0.2903645833333333 0.02962962962962963 0.0171875
0 0.987037037037037 0.25 0.02592592592592593 0.01875
0 0.6277777777777778 0.68515625 0.02777777777777778 0.015104166666666667
0 0.9490740740740741 0.321875 0.024074074074074074 0.013541666666666667
0 0.9495370370370371 0.34088541666666666 0.025 0.0109375
