0 0.30972222222222223 0.13463541666666667 0.028703703703703703 0.01614583333333333
0 0.28055555555555556 0.2265625 0.02592592592592593 0.016666666666666666
0 0.799537037037037 0.3809895833333333 0.01388888888888889 0.0140625
0 0.6930555555555555 0.40859375 0.025 0.0109375
0 0.5620370370370371 0.5205729166666666 0.03333333333333333 0.0234375
0 0.2972222222222222 0.34739583333333335 0.031481481481481485 0.013541666666666667
0 0.26342592592592595 0.29791666666666666 0.026851851851851852 0.016666666666666666
0 0.38796296296296295 0.3229166666666667 0.02592592592592593 0.016666666666666666
0 0.45787037037037037 0.3359375 0.021296296296296296 0.014583333333333334
0 0.3092592592592593 0.37734375 0.02962962962962963 0.019270833333333334
0 0.28240740740740744 0.3848958333333333 0.02962962962962963 0.017708333333333333
0 0.25324074074074077 0.38697916666666665 0.026851851851851852 0.016666666666666666
0 0.3212962962962963 0.43046875 0.031481481481481485 0.013020833333333334
0 0.40046296296296297 0.43046875 0.021296296296296296 0.013020833333333334
0 0.29953703703703705 0.4630208333333333 0.028703703703703703 0.013541666666666667
0 0.39351851851851855 0.47682291666666665 0.02962962962962963 0.0171875
0 0.3717592592592593 0.4895833333333333 0.03425925925925926 0.020833333333333332
0 0.28055555555555556 0.5020833333333333 0.03518518518518519 0.019791666666666666
0 0.28425925925925927 0.6901041666666666 0.03888888888888889 0.026041666666666668
0 0.26481481481481484 0.5260416666666666 0.031481481481481485 0.01875
0 0.3861111111111111 0.5268229166666667 0.024074074074074074 0.0203125
0 0.27083333333333337 0.61171875 0.032407407407407406 0.019270833333333334
0 0.3351851851851852 0.62109375 0.04259259259259259 0.0234375
0 0.27592592592592596 0.75859375 0.03333333333333333 0.0203125
0 0.34074074074074073 0.7401041666666667 0.031481481481481485 0.021875
0 0.3717592592592593 0.7419270833333333 0.028703703703703703 0.021354166666666667
0 0.41064814814814815 0.6234375 0.026851851851851852 0.015625
0 0.5263888888888889 0.7309895833333333 0.03425925925925926 0.011979166666666666
0 0.5712962962962963 0.64375 0.02592592592592593 0.020833333333333332
0 0.6847222222222222 0.3755208333333333 0.032407407407407406 0.015625
0 0.6069444444444445 0.12942708333333333 0.030555555555555558 0.0234375
0 0.6245370370370371 0.13802083333333334 0.03425925925925926 0.025
0 0.6856481481481482 0.19609375 0.03425925925925926 0.025520833333333333
0 0.7199074074074074 0.17864583333333334 0.04166666666666667 0.02395833333333333
0 0.7726851851851853 0.24322916666666666 0.028703703703703703 0.01875
0 0.8023148148148148 0.23984375 0.026851851851851852 0.0171875
0 0.7351851851851852 0.3138020833333333 0.03333333333333333 0.0171875
0 0.7222222222222222 0.32916666666666666 0.018518518518518517 0.013541666666666667
0 0.8375 0.3125 0.036111111111111115 0.01875
0 0.8222222222222223 0.36744791666666665 0.016666666666666666 0.01614583333333333
0 0.7976851851851852 0.35 0.03981481481481482 0.022916666666666665
0 0.6805555555555556 0.3984375 0.020370370370370372 0.013541666666666667
0 0.6981481481481482 0.3950520833333333 0.02777777777777778 0.015104166666666667
0 0.6060185185185185 0.59453125 0.028703703703703703 0.0140625
0 0.6217592592592592 0.4575520833333333 0.032407407407407406 0.018229166666666668
0 0.7078703703703704 0.4544270833333333 0.028703703703703703 0.015104166666666667
0 0.5912037037037037 0.48072916666666665 0.03796296296296296 0.019791666666666666
0 0.6638888888888889 0.4848958333333333 0.03518518518518519 0.020833333333333332
0 0.6490740740740741 0.5731770833333333 0.03333333333333333 0.018229166666666668
0 0.6194444444444445 0.5783854166666667 0.02962962962962963 0.019270833333333334
0 0.5967592592592593 0.61328125 0.036111111111111115 0.0171875
0 0.6342592592592593 0.7 0.02962962962962963 0.020833333333333332
0 0.6055555555555556 0.8140625 0.016666666666666666 0.021875
0 0.6736111111111112 0.7427083333333333 0.032407407407407406 0.020833333333333332
0 0.7310185185185185 0.6997395833333333 0.028703703703703703 0.0140625
0 0.7222222222222222 0.7270833333333333 0.018518518518518517 0.015625
0 0.7083333333333334 0.52890625 0.02592592592592593 0.018229166666666668
0 0.7407407407407408 0.5255208333333333 0.037037037037037035 0.020833333333333332
0 0.7842592592592593 0.5317708333333333 0.03333333333333333 0.019791666666666666
0 0.800462962962963 0.5552083333333333 0.036111111111111115 0.019791666666666666
0 0.8319444444444445 0.6046875 0.03425925925925926 0.01875
0 0.9375 0.5510416666666667 0.030555555555555558 0.015625
0 0.9157407407407407 0.3328125 0.024074074074074074 0.011458333333333333
0 0.9356481481481482 0.3372395833333333 0.021296296296296296 0.011979166666666666
0 0.9893518518518519 0.18619791666666666 0.021296296296296296 0.0234375
0 0.9162037037037037 0.09817708333333333 0.028703703703703703 0.0171875
0 0.9337962962962963 0.08020833333333333 0.03425925925925926 0.02395833333333333
0 0.9439814814814815 0.10416666666666667 0.030555555555555558 0.02395833333333333
0 0.9814814814814815 0.14973958333333334 0.03333333333333333 0.018229166666666668
0 0.9675925925925927 0.23255208333333333 0.024074074074074074 0.011979166666666666
0 0.9935185185185186 0.43515624999999997 0.012962962962962964 0.011979166666666666
0 0.8555555555555556 0.7880208333333333 0.02777777777777778 0.028125
0 0.9699074074074074 0.5809895833333333 0.026851851851851852 0.0171875
0 0.9560185185185186 0.5981770833333333 0.02314814814814815 0.013020833333333334
0 0.8745370370370371 0.6325520833333333 0.032407407407407406 0.015104166666666667
0 0.8986111111111111 0.66796875 0.028703703703703703 0.018229166666666668
0 0.8986111111111111 0.6497395833333334 0.02314814814814815 0.015104166666666667
0 0.8143518518518519 0.6372395833333333 0.025 0.011979166666666666
0 0.8453703703703704 0.6411458333333333 0.031481481481481485 0.016666666666666666
0 0.7560185185185185 0.69453125 0.021296296296296296 0.015104166666666667
0 0.7986111111111112 0.68984375 0.026851851851851852 0.0203125
0 0.8245370370370371 0.7171875 0.032407407407407406 0.022916666666666665
0 0.8893518518518518 0.7278645833333334 0.032407407407407406 0.0203125
0 0.9240740740740742 0.7239583333333334 0.02777777777777778 0.019791666666666666
0 0.8555555555555556 0.8236979166666667 0.02777777777777778 0.021354166666666667
0 0.9824074074074074 0.7515625 0.03333333333333333 0.020833333333333332
0 0.5444444444444445 0.7520833333333333 0.03333333333333333 0.021875
0 0.6199074074074075 0.3606770833333333 0.021296296296296296 0.0171875
0 0.6138888888888889 0.33541666666666664 0.022222222222222223 0.013541666666666667
0 0.23796296296296296 0.60234375 0.037037037037037035 0.0203125
0 0.42129629629629634 0.8255208333333334 0.02777777777777778 0.021875
0 0.21944444444444444 0.6817708333333333 0.04259259259259259 0.021875
0 0.17777777777777778 0.7463541666666667 0.02777777777777778 0.020833333333333332
0 0.1425925925925926 0.7364583333333333 0.037037037037037035 0.025
0 0.23240740740740742 0.5528645833333333 0.031481481481481485 0.0171875
0 0.18287037037037038 0.5372395833333333 0.03425925925925926 0.0140625
0 0.05324074074074074 0.6263020833333334 0.02314814814814815 0.0109375
0 0.2013888888888889 0.5513020833333333 0.030555555555555558 0.0140625
0 0.0375 0.5489583333333333 0.026851851851851852 0.009375
0 0.13935185185185187 0.49166666666666664 0.030555555555555558 0.017708333333333333
0 0.06759259259259259 0.4825520833333333 0.03888888888888889 0.015104166666666667
0 0.18472222222222223 0.39036458333333335 0.030555555555555558 0.0171875
0 0.13935185185185187 0.3802083333333333 0.026851851851851852 0.015625
0 0.10370370370370371 0.40651041666666665 0.016666666666666666 0.008854166666666666
0 0.08472222222222223 0.40208333333333335 0.02314814814814815 0.0125
0 0.18333333333333335 0.2934895833333333 0.02962962962962963 0.0171875
0 0.0763888888888889 0.25416666666666665 0.028703703703703703 0.01875
0 0.4337962962962963 0.6877604166666667 0.026851851851851852 0.015104166666666667
0 0.10833333333333334 0.3265625 0.02592592592592593 0.014583333333333334
0 0.1087962962962963 0.34453125 0.021296296296296296 0.0078125
