0 0.3162037037037037 0.13567708333333334 0.028703703703703703 0.015104166666666667
0 0.28703703703703703 0.22734374999999998 0.02592592592592593 0.01614583333333333
0 0.8064814814814815 0.38125 0.012962962962962964 0.014583333333333334
0 0.6990740740740741 0.40859375 0.02592592592592593 0.0109375
0 0.5708333333333333 0.5213541666666667 0.032407407407407406 0.022916666666666665
0 0.3041666666666667 0.34791666666666665 0.030555555555555558 0.013541666666666667
0 0.26990740740740743 0.2989583333333333 0.026851851851851852 0.016666666666666666
0 0.3944444444444445 0.32395833333333335 0.02777777777777778 0.016666666666666666
0 0.46342592592592596 0.33697916666666666 0.021296296296296296 0.014583333333333334
0 0.31666666666666665 0.37786458333333334 0.02962962962962963 0.019270833333333334
0 0.2898148148148148 0.38697916666666665 0.02962962962962963 0.01875
0 0.2601851851851852 0.3885416666666667 0.02592592592592593 0.016666666666666666
0 0.32916666666666666 0.43124999999999997 0.030555555555555558 0.0125
0 0.40740740740740744 0.4315104166666667 0.020370370370370372 0.013020833333333334
0 0.3060185185185185 0.46432291666666664 0.028703703703703703 0.0140625
0 0.40092592592592596 0.47734375 0.02962962962962963 0.0171875
0 0.37824074074074077 0.490625 0.03425925925925926 0.020833333333333332
0 0.287962962962963 0.5026041666666666 0.03518518518518519 0.019791666666666666
0 0.2726851851851852 0.5268229166666667 0.032407407407407406 0.019270833333333334
0 0.39351851851851855 0.5278645833333333 0.024074074074074074 0.0203125
0 0.27870370370370373 0.6125 0.03333333333333333 0.019791666666666666
0 0.3439814814814815 0.6216145833333333 0.04351851851851852 0.0234375
0 0.2837962962962963 0.7596354166666667 0.032407407407407406 0.0203125
0 0.34814814814814815 0.7411458333333333 0.031481481481481485 0.021875
0 0.3805555555555556 0.7432291666666666 0.02777777777777778 0.020833333333333332
0 0.4185185185185185 0.625 0.02592592592592593 0.014583333333333334
0 0.5347222222222222 0.7317708333333334 0.03425925925925926 0.0125
0 0.5800925925925926 0.64453125 0.026851851851851852 0.0203125
0 0.6925925925925926 0.3763020833333333 0.031481481481481485 0.015104166666666667
0 0.6143518518518519 0.13072916666666667 0.030555555555555558 0.022916666666666665
0 0.6314814814814815 0.1390625 0.03518518518518519 0.025
0 0.6944444444444444 0.19739583333333333 0.03333333333333333 0.025
0 0.7277777777777779 0.17916666666666667 0.04259259259259259 0.025
0 0.7791666666666667 0.24322916666666666 0.028703703703703703 0.01875
0 0.8092592592592593 0.240625 0.02592592592592593 0.017708333333333333
0 0.7430555555555556 0.3145833333333333 0.03425925925925926 0.016666666666666666
0 0.7296296296296296 0.33046875 0.018518518518518517 0.013020833333333334
0 0.8449074074074074 0.31354166666666666 0.036111111111111115 0.01875
0 0.8296296296296297 0.3684895833333333 0.016666666666666666 0.01614583333333333
0 0.8055555555555556 0.35078125 0.040740740740740744 0.0234375
0 0.6865740740740741 0.39921875 0.021296296296296296 0.013020833333333334
0 0.6143518518518519 0.5950520833333334 0.028703703703703703 0.013020833333333334
0 0.7046296296296296 0.39557291666666666 0.02777777777777778 0.015104166666666667
0 0.6291666666666667 0.45807291666666666 0.032407407407407406 0.018229166666666668
0 0.7152777777777778 0.4549479166666667 0.028703703703703703 0.0140625
0 0.6 0.4817708333333333 0.037037037037037035 0.019791666666666666
0 0.6722222222222223 0.4856770833333333 0.03518518518518519 0.0203125
0 0.6574074074074074 0.57421875 0.03333333333333333 0.018229166666666668
0 0.6277777777777778 0.5791666666666666 0.02962962962962963 0.01875
0 0.6055555555555556 0.6145833333333334 0.037037037037037035 0.017708333333333333
0 0.6425925925925926 0.70078125 0.02962962962962963 0.0203125
0 0.6152777777777778 0.8151041666666666 0.015740740740740743 0.021875
0 0.6819444444444445 0.74296875 0.032407407407407406 0.022395833333333334
0 0.7393518518518519 0.7002604166666666 0.028703703703703703 0.0140625
0 0.7305555555555556 0.7276041666666666 0.018518518518518517 0.014583333333333334
0 0.7157407407407408 0.5294270833333333 0.02592592592592593 0.018229166666666668
0 0.7490740740740741 0.5263020833333333 0.037037037037037035 0.021354166666666667
0 0.7916666666666667 0.5322916666666666 0.03333333333333333 0.019791666666666666
0 0.8078703703703703 0.5557291666666666 0.036111111111111115 0.019791666666666666
0 0.8407407407407408 0.6052083333333333 0.03518518518518519 0.01875
0 0.9458333333333334 0.5513020833333333 0.030555555555555558 0.01614583333333333
0 0.9217592592592593 0.3333333333333333 0.02314814814814815 0.011458333333333333
0 0.9430555555555556 0.3372395833333333 0.021296296296296296 0.011979166666666666
0 0.9236111111111112 0.09973958333333333 0.028703703703703703 0.0171875
0 0.9402777777777778 0.08098958333333334 0.03425925925925926 0.024479166666666666
0 0.950462962962963 0.10494791666666667 0.030555555555555558 0.0234375
0 0.9856481481481482 0.15026041666666667 0.028703703703703703 0.019270833333333334
0 0.9745370370370371 0.23307291666666666 0.02314814814814815 0.011979166666666666
0 0.6393518518518518 0.7184895833333333 0.019444444444444445 0.01614583333333333
0 0.8662037037037037 0.7890625 0.026851851851851852 0.028125
0 0.9782407407407407 0.58203125 0.026851851851851852 0.0171875
0 0.9643518518518519 0.5984375 0.02314814814814815 0.0125
0 0.8828703703703704 0.6330729166666667 0.032407407407407406 0.015104166666666667
0 0.9074074074074074 0.6684895833333333 0.02962962962962963 0.018229166666666668
0 0.9074074074074074 0.6502604166666667 0.022222222222222223 0.015104166666666667
0 0.8222222222222223 0.63828125 0.024074074074074074 0.011979166666666666
0 0.8532407407407407 0.6416666666666666 0.030555555555555558 0.016666666666666666
0 0.763888888888889 0.6953125 0.020370370370370372 0.015625
0 0.04583333333333334 0.5494791666666666 0.019444444444444445 0.013541666666666667
0 0.8074074074074075 0.6908854166666667 0.02777777777777778 0.0203125
0 0.8347222222222223 0.7177083333333333 0.032407407407407406 0.022916666666666665
0 0.900462962962963 0.72890625 0.032407407407407406 0.0203125
0 0.9324074074074075 0.72421875 0.02777777777777778 0.0203125
0 0.8652777777777778 0.8252604166666666 0.028703703703703703 0.021354166666666667
0 0.987962962962963 0.7528645833333333 0.024074074074074074 0.021354166666666667
0 0.5532407407407408 0.753125 0.032407407407407406 0.021875
0 0.6273148148148149 0.36171875 0.021296296296296296 0.0171875
0 0.6199074074074075 0.33567708333333335 0.021296296296296296 0.013020833333333334
0 0.24537037037037038 0.6026041666666666 0.037037037037037035 0.020833333333333332
0 0.4300925925925926 0.8268229166666666 0.028703703703703703 0.022395833333333334
0 0.4953703703703704 0.65703125 0.02592592592592593 0.0171875
0 0.5513888888888889 0.5791666666666666 0.025 0.015625
0 0.29074074074074074 0.6919270833333333 0.03518518518518519 0.0265625
0 0.22916666666666669 0.6825520833333333 0.04166666666666667 0.022395833333333334
0 0.18703703703703706 0.74765625 0.02777777777777778 0.021354166666666667
0 0.15185185185185185 0.7372395833333333 0.037037037037037035 0.024479166666666666
0 0.24074074074074076 0.55390625 0.031481481481481485 0.0171875
0 0.18888888888888888 0.53828125 0.03333333333333333 0.015104166666666667
0 0.06064814814814815 0.6268229166666667 0.02314814814814815 0.0109375
0 0.2087962962962963 0.5520833333333334 0.030555555555555558 0.013541666666666667
0 0.1449074074074074 0.4921875 0.030555555555555558 0.017708333333333333
0 0.07361111111111111 0.48385416666666664 0.03796296296296296 0.015625
0 0.1925925925925926 0.39140625 0.031481481481481485 0.0171875
0 0.14722222222222223 0.3807291666666667 0.02777777777777778 0.015625
0 0.11018518518518519 0.40729166666666666 0.016666666666666666 0.008333333333333333
0 0.09212962962962963 0.4028645833333333 0.02314814814814815 0.013020833333333334
0 0.19074074074074074 0.2950520833333333 0.02962962962962963 0.0171875
0 0.08472222222222223 0.2552083333333333 0.028703703703703703 0.01875
0 0.4412037037037037 0.6890625 0.026851851851851852 0.015625
0 0.11527777777777778 0.3268229166666667 0.025 0.0140625
0 0.11435185185185186 0.3458333333333333 0.021296296296296296 0.007291666666666667
