0 0.3300925925925926 0.13697916666666665 0.026851851851851852 0.015625
0 0.3013888888888889 0.22838541666666667 0.026851851851851852 0.01614583333333333
0 0.7101851851851853 0.40989583333333335 0.02592592592592593 0.011458333333333333
0 0.587962962962963 0.5216145833333333 0.03333333333333333 0.0234375
0 0.31851851851851853 0.3494791666666667 0.031481481481481485 0.013541666666666667
0 0.2828703703703704 0.2994791666666667 0.026851851851851852 0.016666666666666666
0 0.40694444444444444 0.3247395833333333 0.026851851851851852 0.01614583333333333
0 0.4759259259259259 0.3375 0.022222222222222223 0.014583333333333334
0 0.33240740740740743 0.37916666666666665 0.02777777777777778 0.01875
0 0.3050925925925926 0.3880208333333333 0.030555555555555558 0.01875
0 0.27546296296296297 0.3888020833333333 0.026851851851851852 0.01614583333333333
0 0.3425925925925926 0.43203125 0.02962962962962963 0.011979166666666666
0 0.4217592592592593 0.43255208333333334 0.021296296296296296 0.013020833333333334
0 0.3189814814814815 0.46510416666666665 0.028703703703703703 0.013541666666666667
0 0.41574074074074074 0.47812499999999997 0.02962962962962963 0.016666666666666666
0 0.39305555555555555 0.49140625 0.03425925925925926 0.0203125
0 0.30185185185185187 0.5036458333333333 0.03518518518518519 0.019791666666666666
0 0.2865740740740741 0.5278645833333333 0.032407407407407406 0.019270833333333334
0 0.4083333333333333 0.5286458333333334 0.024074074074074074 0.019791666666666666
0 0.29120370370370374 0.61328125 0.032407407407407406 0.0203125
0 0.3597222222222222 0.6223958333333334 0.04166666666666667 0.022916666666666665
0 0.3101851851851852 0.6916666666666667 0.031481481481481485 0.029166666666666667
0 0.29953703703703705 0.7606770833333333 0.032407407407407406 0.0203125
0 0.36435185185185187 0.7424479166666667 0.032407407407407406 0.021354166666666667
0 0.39583333333333337 0.7440104166666667 0.028703703703703703 0.021354166666666667
0 0.4328703703703704 0.6255208333333333 0.025 0.014583333333333334
0 0.55 0.7333333333333333 0.03333333333333333 0.0125
0 0.5953703703703704 0.6453125 0.02777777777777778 0.019791666666666666
0 0.7064814814814815 0.3776041666666667 0.02592592592592593 0.013541666666666667
0 0.6291666666666667 0.13229166666666667 0.030555555555555558 0.022916666666666665
0 0.6467592592592593 0.14036458333333332 0.036111111111111115 0.024479166666666666
0 0.7092592592592593 0.1984375 0.03333333333333333 0.025
0 0.7435185185185186 0.18072916666666666 0.04259259259259259 0.02395833333333333
0 0.7930555555555556 0.24479166666666666 0.028703703703703703 0.01875
0 0.8226851851851852 0.24166666666666667 0.026851851851851852 0.017708333333333333
0 0.7578703703703704 0.31536458333333334 0.03425925925925926 0.0171875
0 0.7444444444444445 0.33151041666666664 0.016666666666666666 0.011979166666666666
0 0.8601851851851852 0.3140625 0.037037037037037035 0.01875
0 0.8439814814814816 0.37005208333333334 0.017592592592592594 0.015104166666666667
0 0.8208333333333334 0.35130208333333335 0.03981481481481482 0.024479166666666666
0 0.7166666666666667 0.39609375 0.02777777777777778 0.015104166666666667
0 0.6240740740740741 0.81640625 0.02777777777777778 0.018229166666666668
0 0.6458333333333334 0.4591145833333333 0.032407407407407406 0.018229166666666668
0 0.7314814814814815 0.4552083333333333 0.02777777777777778 0.013541666666666667
0 0.6152777777777778 0.4822916666666667 0.03796296296296296 0.019791666666666666
0 0.6888888888888889 0.48671875 0.03518518518518519 0.0203125
0 0.674074074074074 0.5747395833333333 0.03333333333333333 0.018229166666666668
0 0.6435185185185185 0.5802083333333333 0.02962962962962963 0.01875
0 0.6194444444444445 0.6151041666666667 0.037037037037037035 0.017708333333333333
0 0.6601851851851852 0.7020833333333333 0.02962962962962963 0.020833333333333332
0 0.6995370370370371 0.74375 0.032407407407407406 0.022916666666666665
0 0.7546296296296297 0.7015625 0.02777777777777778 0.014583333333333334
0 0.7476851851851852 0.7276041666666666 0.017592592592592594 0.013541666666666667
0 0.7324074074074074 0.5299479166666666 0.02592592592592593 0.018229166666666668
0 0.7648148148148148 0.52734375 0.037037037037037035 0.021354166666666667
0 0.8064814814814815 0.5328125 0.03333333333333333 0.019791666666666666
0 0.8226851851851852 0.5567708333333333 0.036111111111111115 0.019791666666666666
0 0.8564814814814815 0.6057291666666667 0.03518518518518519 0.01875
0 0.9601851851851853 0.5520833333333334 0.02962962962962963 0.015625
0 0.9356481481481482 0.3341145833333333 0.02314814814814815 0.0109375
0 0.9560185185185186 0.3385416666666667 0.021296296296296296 0.011458333333333333
0 0.9361111111111111 0.10052083333333334 0.02777777777777778 0.017708333333333333
0 0.9532407407407407 0.08255208333333333 0.03425925925925926 0.0234375
0 0.9634259259259259 0.10598958333333333 0.030555555555555558 0.0234375
0 0.9921296296296297 0.1515625 0.015740740740740743 0.01875
0 0.9875 0.23411458333333332 0.02314814814814815 0.011979166666666666
0 0.8842592592592593 0.7908854166666667 0.02777777777777778 0.028645833333333332
0 0.9907407407407408 0.5828125 0.018518518518518517 0.017708333333333333
0 0.9800925925925926 0.59921875 0.02314814814814815 0.011979166666666666
0 0.8981481481481481 0.6341145833333334 0.031481481481481485 0.015104166666666667
0 0.9231481481481482 0.6700520833333333 0.02962962962962963 0.018229166666666668
0 0.9226851851851853 0.6510416666666666 0.02314814814814815 0.015625
0 0.8365740740740741 0.6388020833333333 0.025 0.011979166666666666
0 0.8689814814814815 0.6421875 0.030555555555555558 0.016666666666666666
0 0.7777777777777778 0.6958333333333333 0.020370370370370372 0.014583333333333334
0 0.8231481481481482 0.69140625 0.02777777777777778 0.0203125
0 0.851388888888889 0.7190104166666667 0.03425925925925926 0.0234375
0 0.9175925925925926 0.7299479166666667 0.03333333333333333 0.0203125
0 0.9490740740740741 0.7260416666666667 0.02592592592592593 0.019791666666666666
0 0.8851851851851852 0.8260416666666667 0.02777777777777778 0.021875
0 0.5689814814814815 0.75390625 0.03425925925925926 0.022395833333333334
0 0.6555555555555556 0.7200520833333334 0.020370370370370372 0.01614583333333333
0 0.6407407407407407 0.36223958333333334 0.022222222222222223 0.01614583333333333
0 0.6337962962962963 0.33697916666666666 0.021296296296296296 0.013541666666666667
0 0.2611111111111111 0.6041666666666666 0.037037037037037035 0.020833333333333332
0 0.4486111111111111 0.828125 0.028703703703703703 0.022916666666666665
0 0.5111111111111112 0.6580729166666667 0.02592592592592593 0.0171875
0 0.5657407407407408 0.5809895833333333 0.024074074074074074 0.0171875
0 0.24583333333333335 0.6828125 0.03981481481481482 0.022916666666666665
0 0.20324074074074075 0.7484375 0.026851851851851852 0.020833333333333332
0 0.16805555555555557 0.7388020833333333 0.03796296296296296 0.024479166666666666
0 0.25277777777777777 0.5546875 0.02962962962962963 0.017708333333333333
0 0.20277777777777778 0.5393229166666667 0.03333333333333333 0.015104166666666667
0 0.017592592592592594 0.5861979166666667 0.02777777777777778 0.018229166666666668
0 0.07453703703703704 0.6278645833333333 0.02314814814814815 0.0109375
0 0.22175925925925927 0.553125 0.030555555555555558 0.013541666666666667
0 0.15833333333333333 0.49322916666666666 0.02962962962962963 0.017708333333333333
0 0.08657407407407408 0.48463541666666665 0.03796296296296296 0.015104166666666667
0 0.20694444444444446 0.39296875 0.030555555555555558 0.018229166666666668
0 0.1625 0.3815104166666667 0.026851851851851852 0.015104166666666667
0 0.12453703703703704 0.4080729166666667 0.015740740740740743 0.0078125
0 0.10601851851851853 0.4036458333333333 0.02314814814814815 0.0125
0 0.20416666666666666 0.29583333333333334 0.030555555555555558 0.017708333333333333
0 0.09722222222222222 0.2565104166666667 0.02777777777777778 0.018229166666666668
0 0.012037037037037037 0.28411458333333334 0.020370370370370372 0.01614583333333333
0 0.45462962962962966 0.6895833333333333 0.02592592592592593 0.015625
0 0.12731481481481483 0.32786458333333335 0.025 0.0140625
0 0.12685185185185185 0.3455729166666667 0.022222222222222223 0.0078125
