0 0.3388888888888889 0.13828125 0.02777777777777778 0.01614583333333333
0 0.30972222222222223 0.22916666666666666 0.026851851851851852 0.016666666666666666
0 0.7166666666666667 0.40989583333333335 0.02592592592592593 0.011458333333333333
0 0.5981481481481482 0.5223958333333333 0.03333333333333333 0.02395833333333333
0 0.32685185185185184 0.3497395833333333 0.031481481481481485 0.0140625
0 0.2902777777777778 0.30026041666666664 0.026851851851851852 0.0171875
0 0.4138888888888889 0.32578125 0.02777777777777778 0.01614583333333333
0 0.48333333333333334 0.3380208333333333 0.022222222222222223 0.014583333333333334
0 0.3402777777777778 0.37916666666666665 0.028703703703703703 0.01875
0 0.3125 0.38828125 0.030555555555555558 0.018229166666666668
0 0.28425925925925927 0.38984375 0.02592592592592593 0.01614583333333333
0 0.350462962962963 0.4328125 0.030555555555555558 0.0125
0 0.42962962962962964 0.43255208333333334 0.020370370370370372 0.013020833333333334
0 0.3263888888888889 0.4653645833333333 0.028703703703703703 0.0140625
0 0.4236111111111111 0.4783854166666667 0.028703703703703703 0.0171875
0 0.4013888888888889 0.4921875 0.03425925925925926 0.020833333333333332
0 0.3106481481481482 0.5041666666666667 0.03425925925925926 0.019791666666666666
0 0.2935185185185185 0.528125 0.031481481481481485 0.01875
0 0.41574074074074074 0.5291666666666667 0.024074074074074074 0.019791666666666666
0 0.29953703703703705 0.6140625 0.032407407407407406 0.019791666666666666
0 0.3685185185185185 0.6231770833333333 0.04259259259259259 0.0234375
0 0.31851851851851853 0.6924479166666666 0.031481481481481485 0.0296875
0 0.30833333333333335 0.7611979166666667 0.03333333333333333 0.0203125
0 0.3731481481481482 0.7432291666666666 0.031481481481481485 0.021875
0 0.4041666666666667 0.7450520833333333 0.028703703703703703 0.021354166666666667
0 0.44027777777777777 0.6260416666666666 0.025 0.015625
0 0.5578703703703703 0.7338541666666667 0.032407407407407406 0.0125
0 0.6037037037037037 0.6455729166666666 0.02962962962962963 0.0203125
0 0.7148148148148148 0.37838541666666664 0.024074074074074074 0.013020833333333334
0 0.637962962962963 0.1328125 0.031481481481481485 0.022916666666666665
0 0.6555555555555556 0.14088541666666665 0.03518518518518519 0.024479166666666666
0 0.7189814814814816 0.19895833333333332 0.032407407407407406 0.025
0 0.7527777777777778 0.18125 0.04259259259259259 0.025
0 0.8 0.24479166666666666 0.02777777777777778 0.01875
0 0.8300925925925926 0.2421875 0.026851851851851852 0.017708333333333333
0 0.7666666666666667 0.31614583333333335 0.03518518518518519 0.016666666666666666
0 0.7523148148148149 0.33229166666666665 0.017592592592592594 0.011458333333333333
0 0.8680555555555556 0.31484375 0.036111111111111115 0.019270833333333334
0 0.850462962962963 0.37109375 0.019444444444444445 0.0140625
0 0.8277777777777778 0.35182291666666665 0.040740740740740744 0.024479166666666666
0 0.7236111111111111 0.3966145833333333 0.026851851851851852 0.015104166666666667
0 0.6342592592592593 0.8171875 0.02592592592592593 0.019791666666666666
0 0.6546296296296297 0.459375 0.03333333333333333 0.01875
0 0.7402777777777778 0.45625 0.026851851851851852 0.013541666666666667
0 0.6245370370370371 0.4828125 0.03796296296296296 0.019791666666666666
0 0.6972222222222223 0.48723958333333334 0.03518518518518519 0.0203125
0 0.6814814814814815 0.5752604166666666 0.03333333333333333 0.018229166666666668
0 0.6527777777777778 0.5807291666666666 0.02962962962962963 0.01875
0 0.6268518518518519 0.6153645833333333 0.037037037037037035 0.018229166666666668
0 0.6680555555555556 0.70234375 0.028703703703703703 0.0203125
0 0.7078703703703704 0.74453125 0.032407407407407406 0.022395833333333334
0 0.763425925925926 0.7026041666666667 0.026851851851851852 0.014583333333333334
0 0.7560185185185185 0.7283854166666667 0.017592592592592594 0.013020833333333334
0 0.7407407407407408 0.53046875 0.02592592592592593 0.018229166666666668
0 0.7740740740740741 0.5276041666666667 0.037037037037037035 0.020833333333333332
0 0.8152777777777778 0.5338541666666666 0.03425925925925926 0.019791666666666666
0 0.8305555555555556 0.5575520833333333 0.037037037037037035 0.019270833333333334
0 0.8648148148148148 0.60625 0.037037037037037035 0.01875
0 0.9675925925925927 0.553125 0.02962962962962963 0.015625
0 0.9421296296296297 0.3346354166666667 0.02314814814814815 0.0109375
0 0.9625 0.33932291666666664 0.021296296296296296 0.011979166666666666
0 0.9430555555555556 0.10130208333333333 0.028703703703703703 0.0171875
0 0.9611111111111111 0.08333333333333333 0.03333333333333333 0.02395833333333333
0 0.9712962962962963 0.10703125 0.031481481481481485 0.0234375
0 0.9912037037037037 0.23489583333333333 0.017592592592592594 0.0125
0 0.8935185185185186 0.7908854166666667 0.02777777777777778 0.028645833333333332
0 0.9939814814814815 0.5833333333333334 0.012037037037037037 0.017708333333333333
0 0.987962962962963 0.6 0.022222222222222223 0.0125
0 0.9064814814814816 0.6341145833333334 0.031481481481481485 0.015104166666666667
0 0.9305555555555556 0.6703125 0.02962962962962963 0.01875
0 0.9300925925925926 0.6515625 0.02314814814814815 0.015625
0 0.8439814814814816 0.6395833333333333 0.025 0.0125
0 0.8768518518518519 0.6432291666666666 0.031481481481481485 0.016666666666666666
0 0.7851851851851852 0.696875 0.020370370370370372 0.014583333333333334
0 0.8314814814814815 0.6921875 0.02777777777777778 0.020833333333333332
0 0.8601851851851852 0.7192708333333333 0.03333333333333333 0.02395833333333333
0 0.9273148148148148 0.7302083333333333 0.03425925925925926 0.020833333333333332
0 0.9569444444444445 0.7265625 0.025 0.019791666666666666
0 0.8944444444444445 0.8270833333333333 0.02962962962962963 0.021875
0 0.5768518518518518 0.7544270833333333 0.03333333333333333 0.022395833333333334
0 0.6648148148148149 0.7205729166666667 0.020370370370370372 0.01614583333333333
0 0.6476851851851853 0.36276041666666664 0.02314814814814815 0.01614583333333333
0 0.6402777777777778 0.33671875 0.021296296296296296 0.0140625
0 0.26944444444444443 0.60390625 0.037037037037037035 0.021354166666666667
0 0.4569444444444445 0.8286458333333333 0.028703703703703703 0.021875
0 0.5189814814814815 0.6588541666666666 0.026851851851851852 0.017708333333333333
0 0.5736111111111112 0.58125 0.025 0.016666666666666666
0 0.25601851851851853 0.6841145833333333 0.03796296296296296 0.024479166666666666
0 0.21203703703703705 0.7489583333333333 0.02592592592592593 0.020833333333333332
0 0.1763888888888889 0.7385416666666667 0.03796296296296296 0.025
0 0.26157407407407407 0.5546875 0.028703703703703703 0.017708333333333333
0 0.20972222222222223 0.5401041666666666 0.032407407407407406 0.015625
0 0.027314814814814816 0.5864583333333333 0.028703703703703703 0.017708333333333333
0 0.08148148148148149 0.6276041666666666 0.022222222222222223 0.010416666666666666
0 0.22962962962962963 0.5536458333333333 0.031481481481481485 0.013541666666666667
0 0.01388888888888889 0.59765625 0.024074074074074074 0.013020833333333334
0 0.16481481481481483 0.49322916666666666 0.02962962962962963 0.016666666666666666
0 0.09398148148148149 0.48515625 0.03796296296296296 0.015104166666666667
0 0.21574074074074076 0.3927083333333333 0.02962962962962963 0.017708333333333333
0 0.17083333333333334 0.38229166666666664 0.026851851851851852 0.015625
0 0.13240740740740742 0.4088541666666667 0.016666666666666666 0.008333333333333333
0 0.11342592592592593 0.4041666666666667 0.02314814814814815 0.0125
0 0.21203703703703705 0.29635416666666664 0.02962962962962963 0.017708333333333333
0 0.10648148148148148 0.25703125 0.02777777777777778 0.018229166666666668
0 0.016203703703703703 0.28463541666666664 0.028703703703703703 0.0171875
0 0.4625 0.690625 0.025 0.015625
0 0.13425925925925927 0.32890625 0.024074074074074074 0.0140625
0 0.13425925925925927 0.34609375 0.020370370370370372 0.008854166666666666
