0 0.6546296296296297 0.13958333333333334 0.02592592592592593 0.015625
0 0.6837962962962963 0.2296875 0.026851851851851852 0.016666666666666666
0 0.27824074074074073 0.4109375 0.025 0.011458333333333333
0 0.39305555555555555 0.5229166666666667 0.03425925925925926 0.02395833333333333
0 0.6662037037037037 0.35 0.032407407407407406 0.013541666666666667
0 0.7037037037037037 0.30052083333333335 0.02592592592592593 0.016666666666666666
0 0.5796296296296296 0.3263020833333333 0.02777777777777778 0.01614583333333333
0 0.5111111111111112 0.33880208333333334 0.022222222222222223 0.015104166666666667
0 0.6527777777777778 0.37994791666666666 0.02962962962962963 0.019270833333333334
0 0.6800925925925926 0.3893229166666667 0.030555555555555558 0.018229166666666668
0 0.7087962962962964 0.39010416666666664 0.026851851851851852 0.016666666666666666
0 0.6435185185185185 0.43333333333333335 0.031481481481481485 0.0125
0 0.5638888888888889 0.43333333333333335 0.020370370370370372 0.013541666666666667
0 0.6675925925925926 0.4661458333333333 0.02777777777777778 0.013541666666666667
0 0.5699074074074074 0.47942708333333334 0.028703703703703703 0.0171875
0 0.5921296296296297 0.4927083333333333 0.03425925925925926 0.020833333333333332
0 0.6824074074074075 0.5052083333333334 0.03518518518518519 0.019791666666666666
0 0.6986111111111112 0.5286458333333334 0.030555555555555558 0.01875
0 0.5782407407407407 0.5299479166666666 0.02314814814814815 0.019270833333333334
0 0.6944444444444444 0.61484375 0.031481481481481485 0.019270833333333334
0 0.6236111111111111 0.6236979166666666 0.04166666666666667 0.0234375
0 0.6726851851851852 0.6927083333333334 0.032407407407407406 0.029166666666666667
0 0.6851851851851852 0.76171875 0.03333333333333333 0.0203125
0 0.6194444444444445 0.74375 0.031481481481481485 0.021875
0 0.5888888888888889 0.7455729166666667 0.02962962962962963 0.021354166666666667
0 0.5527777777777778 0.6263020833333334 0.02592592592592593 0.015104166666666667
0 0.43472222222222223 0.7348958333333333 0.032407407407407406 0.0125
0 0.38842592592592595 0.6463541666666667 0.028703703703703703 0.020833333333333332
0 0.27870370370370373 0.3794270833333333 0.022222222222222223 0.013020833333333334
0 0.35462962962962963 0.13411458333333334 0.031481481481481485 0.022395833333333334
0 0.337037037037037 0.14166666666666666 0.03518518518518519 0.025
0 0.27314814814814814 0.2 0.03333333333333333 0.025
0 0.23935185185185187 0.1828125 0.04351851851851852 0.025
0 0.19305555555555556 0.24583333333333332 0.028703703703703703 0.01875
0 0.16342592592592592 0.24296874999999998 0.026851851851851852 0.0171875
0 0.2263888888888889 0.3169270833333333 0.036111111111111115 0.0171875
0 0.12546296296296297 0.315625 0.036111111111111115 0.01875
0 0.14166666666666666 0.3716145833333333 0.018518518518518517 0.013020833333333334
0 0.16342592592592592 0.3528645833333333 0.03981481481481482 0.025520833333333333
0 0.27175925925925926 0.39765625 0.026851851851851852 0.015104166666666667
0 0.362962962962963 0.8171875 0.03518518518518519 0.020833333333333332
0 0.3388888888888889 0.46041666666666664 0.031481481481481485 0.01875
0 0.2523148148148148 0.45677083333333335 0.026851851851851852 0.013541666666666667
0 0.3689814814814815 0.48385416666666664 0.03796296296296296 0.019791666666666666
0 0.2953703703703704 0.48802083333333335 0.03518518518518519 0.020833333333333332
0 0.3111111111111111 0.5760416666666667 0.03333333333333333 0.01875
0 0.34074074074074073 0.58125 0.02962962962962963 0.01875
0 0.36712962962962964 0.61640625 0.036111111111111115 0.018229166666666668
0 0.325 0.7033854166666667 0.02962962962962963 0.021354166666666667
0 0.28564814814814815 0.7455729166666667 0.03425925925925926 0.022395833333333334
0 0.22916666666666669 0.703125 0.026851851851851852 0.014583333333333334
0 0.23703703703703705 0.7286458333333333 0.016666666666666666 0.013541666666666667
0 0.2523148148148148 0.5315104166666667 0.025 0.018229166666666668
0 0.21944444444444444 0.528125 0.037037037037037035 0.020833333333333332
0 0.17777777777777778 0.5346354166666667 0.03333333333333333 0.0203125
0 0.1638888888888889 0.5580729166666667 0.037037037037037035 0.0203125
0 0.1277777777777778 0.6072916666666667 0.037037037037037035 0.01875
0 0.02638888888888889 0.5536458333333333 0.030555555555555558 0.015625
0 0.052314814814814814 0.33567708333333335 0.02314814814814815 0.0109375
0 0.031481481481481485 0.33958333333333335 0.022222222222222223 0.0125
0 0.050462962962962966 0.10260416666666666 0.028703703703703703 0.017708333333333333
0 0.03194444444444445 0.084375 0.03425925925925926 0.02395833333333333
0 0.02314814814814815 0.10807291666666667 0.02962962962962963 0.0234375
0 0.09814814814814815 0.7921875 0.02777777777777778 0.029166666666666667
0 0.009259259259259259 0.6002604166666666 0.016666666666666666 0.013020833333333334
0 0.08750000000000001 0.63515625 0.032407407407407406 0.01614583333333333
0 0.06296296296296297 0.6713541666666667 0.02962962962962963 0.01875
0 0.0625 0.653125 0.02314814814814815 0.015625
0 0.14953703703703705 0.6403645833333333 0.025 0.011979166666666666
0 0.11712962962962964 0.6440104166666667 0.030555555555555558 0.01614583333333333
0 0.2087962962962963 0.6979166666666666 0.021296296296296296 0.014583333333333334
0 0.1615740740740741 0.6927083333333334 0.028703703703703703 0.020833333333333332
0 0.13240740740740742 0.7205729166666667 0.03333333333333333 0.0234375
0 0.06481481481481481 0.73125 0.03333333333333333 0.020833333333333332
0 0.036111111111111115 0.7276041666666666 0.024074074074074074 0.019791666666666666
0 0.09722222222222222 0.8276041666666667 0.02962962962962963 0.021875
0 0.41620370370370374 0.75546875 0.03425925925925926 0.022395833333333334
0 0.3277777777777778 0.7216145833333333 0.020370370370370372 0.01614583333333333
0 0.34675925925925927 0.36302083333333335 0.02314814814814815 0.015625
0 0.35324074074074074 0.3377604166666667 0.021296296296296296 0.0140625
0 0.7245370370370371 0.6046875 0.036111111111111115 0.020833333333333332
0 0.5351851851851852 0.8296875 0.02777777777777778 0.021875
0 0.4740740740740741 0.659375 0.02777777777777778 0.017708333333333333
0 0.41944444444444445 0.5825520833333333 0.024074074074074074 0.018229166666666668
0 0.7356481481481482 0.684375 0.03796296296296296 0.02395833333333333
0 0.7810185185185186 0.7497395833333333 0.026851851851851852 0.021354166666666667
0 0.8157407407407408 0.73984375 0.03888888888888889 0.024479166666666666
0 0.7342592592592593 0.5557291666666666 0.02592592592592593 0.017708333333333333
0 0.7842592592592593 0.540625 0.03333333333333333 0.015625
0 0.9638888888888889 0.58671875 0.02777777777777778 0.0171875
0 0.9111111111111111 0.6283854166666667 0.020370370370370372 0.009895833333333333
0 0.7652777777777778 0.55390625 0.030555555555555558 0.015104166666666667
0 0.9800925925925926 0.5971354166666667 0.025 0.011979166666666666
0 0.8296296296296297 0.49374999999999997 0.02962962962962963 0.017708333333333333
0 0.900462962962963 0.48541666666666666 0.03796296296296296 0.015625
0 0.7787037037037038 0.39348958333333334 0.02962962962962963 0.0171875
0 0.8222222222222223 0.38255208333333335 0.02592592592592593 0.01614583333333333
0 0.8615740740740742 0.40963541666666664 0.017592592592592594 0.008854166666666666
0 0.8800925925925926 0.4044270833333333 0.02314814814814815 0.013020833333333334
0 0.7824074074074074 0.29713541666666665 0.02962962962962963 0.0171875
0 0.8870370370370371 0.25755208333333335 0.02777777777777778 0.018229166666666668
0 0.9907407407407408 0.31171875 0.018518518518518517 0.011979166666666666
0 0.9782407407407407 0.28515625 0.030555555555555558 0.0171875
0 0.5319444444444444 0.69140625 0.025 0.015104166666666667
0 0.8592592592592593 0.32916666666666666 0.024074074074074074 0.013541666666666667
0 0.8592592592592593 0.34661458333333334 0.020370370370370372 0.008854166666666666
