0 0.6319444444444444 0.13776041666666666 0.02314814814814815 0.01614583333333333
0 0.6625 0.22838541666666667 0.026851851851851852 0.01614583333333333
0 0.2587962962962963 0.4106770833333333 0.026851851851851852 0.011979166666666666
0 0.36712962962962964 0.5231770833333333 0.03425925925925926 0.0265625
0 0.6449074074074075 0.35 0.032407407407407406 0.013541666666666667
0 0.6842592592592592 0.30026041666666664 0.02592592592592593 0.0171875
0 0.5615740740740741 0.3255208333333333 0.026851851851851852 0.015625
0 0.49212962962962964 0.33828125 0.021296296296296296 0.015104166666666667
0 0.6300925925925926 0.3796875 0.028703703703703703 0.01875
0 0.6569444444444444 0.3888020833333333 0.030555555555555558 0.019270833333333334
0 0.6870370370370371 0.38984375 0.02592592592592593 0.01614583333333333
0 0.6231481481481481 0.43307291666666664 0.031481481481481485 0.013020833333333334
0 0.5421296296296296 0.43255208333333334 0.019444444444444445 0.011979166666666666
0 0.6481481481481481 0.46640624999999997 0.02777777777777778 0.015104166666666667
0 0.5467592592592593 0.47890625 0.028703703703703703 0.0171875
0 0.5699074074074074 0.49244791666666665 0.03425925925925926 0.0203125
0 0.6597222222222222 0.5044270833333333 0.03425925925925926 0.019270833333333334
0 0.6782407407407408 0.528125 0.030555555555555558 0.01875
0 0.5555555555555556 0.5296875 0.024074074074074074 0.019791666666666666
0 0.6736111111111112 0.6151041666666667 0.030555555555555558 0.019791666666666666
0 0.5995370370370371 0.6234375 0.03981481481481482 0.022916666666666665
0 0.6472222222222223 0.69296875 0.031481481481481485 0.028645833333333332
0 0.6615740740740741 0.7619791666666667 0.032407407407407406 0.020833333333333332
0 0.5958333333333333 0.7440104166666667 0.032407407407407406 0.022395833333333334
0 0.5648148148148149 0.7458333333333333 0.02962962962962963 0.020833333333333332
0 0.5296296296296297 0.6255208333333333 0.024074074074074074 0.015625
0 0.41203703703703703 0.73515625 0.03518518518518519 0.011979166666666666
0 0.36342592592592593 0.6463541666666667 0.028703703703703703 0.021875
0 0.32962962962962966 0.13307291666666665 0.031481481481481485 0.022395833333333334
0 0.3106481481481482 0.140625 0.036111111111111115 0.02395833333333333
0 0.24675925925925926 0.19921875 0.03425925925925926 0.024479166666666666
0 0.2111111111111111 0.18229166666666666 0.044444444444444446 0.026041666666666668
0 0.17083333333333334 0.24609375 0.028703703703703703 0.018229166666666668
0 0.1398148148148148 0.24296874999999998 0.02777777777777778 0.0171875
0 0.20046296296296298 0.31640625 0.03796296296296296 0.0171875
0 0.09953703703703703 0.315625 0.03796296296296296 0.01875
0 0.12175925925925926 0.37109375 0.019444444444444445 0.0140625
0 0.13842592592592592 0.35182291666666665 0.04166666666666667 0.0265625
0 0.25092592592592594 0.39739583333333334 0.02777777777777778 0.015625
0 0.33796296296296297 0.81875 0.03518518518518519 0.01875
0 0.3138888888888889 0.45989583333333334 0.031481481481481485 0.01875
0 0.20972222222222223 0.7114583333333333 0.02314814814814815 0.017708333333333333
0 0.22685185185185186 0.45625 0.02592592592592593 0.013541666666666667
0 0.34305555555555556 0.48333333333333334 0.03981481481481482 0.019791666666666666
0 0.26805555555555555 0.48828125 0.036111111111111115 0.0203125
0 0.2847222222222222 0.5765625 0.03425925925925926 0.01875
0 0.31527777777777777 0.5815104166666667 0.028703703703703703 0.019270833333333334
0 0.3425925925925926 0.6166666666666667 0.037037037037037035 0.017708333333333333
0 0.29953703703703705 0.70390625 0.028703703703703703 0.021354166666666667
0 0.25972222222222224 0.7458333333333333 0.03425925925925926 0.022916666666666665
0 0.21203703703703705 0.7296875 0.016666666666666666 0.0125
0 0.22592592592592595 0.5317708333333333 0.02592592592592593 0.017708333333333333
0 0.1925925925925926 0.5286458333333334 0.03888888888888889 0.020833333333333332
0 0.15416666666666667 0.5348958333333333 0.036111111111111115 0.019791666666666666
0 0.1398148148148148 0.5583333333333333 0.037037037037037035 0.019791666666666666
0 0.10462962962962963 0.6080729166666666 0.03333333333333333 0.019270833333333334
0 0.010185185185185186 0.5541666666666667 0.016666666666666666 0.016666666666666666
0 0.02962962962962963 0.3359375 0.024074074074074074 0.010416666666666666
0 0.010185185185185186 0.33984375 0.018518518518518517 0.013020833333333334
0 0.026851851851851852 0.10234375 0.02777777777777778 0.0171875
0 0.012962962962962964 0.08463541666666667 0.024074074074074074 0.0234375
0 0.06898148148148149 0.7934895833333333 0.026851851851851852 0.0296875
0 0.0625 0.6361979166666667 0.032407407407407406 0.015104166666666667
0 0.03796296296296296 0.6723958333333333 0.02962962962962963 0.01875
0 0.03888888888888889 0.6533854166666666 0.022222222222222223 0.01614583333333333
0 0.12592592592592594 0.6403645833333333 0.02592592592592593 0.011979166666666666
0 0.0925925925925926 0.64453125 0.031481481481481485 0.01614583333333333
0 0.1865740740740741 0.6984375 0.019444444444444445 0.013541666666666667
0 0.13518518518518519 0.69375 0.02962962962962963 0.020833333333333332
0 0.10370370370370371 0.72109375 0.03333333333333333 0.0234375
0 0.03564814814814815 0.7322916666666667 0.03425925925925926 0.020833333333333332
0 0.06712962962962964 0.8291666666666666 0.030555555555555558 0.021875
0 0.3925925925925926 0.75625 0.03333333333333333 0.021875
0 0.3013888888888889 0.7223958333333333 0.021296296296296296 0.015625
0 0.325 0.36276041666666664 0.024074074074074074 0.01614583333333333
0 0.33194444444444443 0.3372395833333333 0.021296296296296296 0.0140625
0 0.31712962962962965 0.3450520833333333 0.02314814814814815 0.01614583333333333
0 0.701388888888889 0.6044270833333333 0.036111111111111115 0.0203125
0 0.5074074074074074 0.8302083333333333 0.02592592592592593 0.021875
0 0.45046296296296295 0.659375 0.028703703703703703 0.017708333333333333
0 0.39583333333333337 0.58203125 0.025 0.0171875
0 0.7092592592592593 0.6838541666666667 0.03518518518518519 0.02395833333333333
0 0.7560185185185185 0.7497395833333333 0.025 0.021354166666666667
0 0.7902777777777779 0.7395833333333334 0.03981481481481482 0.025
0 0.7138888888888889 0.5549479166666667 0.024074074074074074 0.018229166666666668
0 0.763888888888889 0.5401041666666666 0.03333333333333333 0.015625
0 0.9412037037037038 0.5861979166666667 0.030555555555555558 0.0171875
0 0.7458333333333333 0.5533854166666666 0.028703703703703703 0.0140625
0 0.9597222222222223 0.5963541666666666 0.025 0.0125
0 0.8106481481481482 0.49374999999999997 0.028703703703703703 0.017708333333333333
0 0.8814814814814815 0.48463541666666665 0.040740740740740744 0.015104166666666667
0 0.7564814814814815 0.3927083333333333 0.02962962962962963 0.01875
0 0.8 0.38177083333333334 0.02592592592592593 0.016666666666666666
0 0.8407407407407408 0.40911458333333334 0.016666666666666666 0.008854166666666666
0 0.8597222222222223 0.4041666666666667 0.02314814814814815 0.0125
0 0.7615740740740741 0.29661458333333335 0.028703703703703703 0.0171875
0 0.8675925925925926 0.25677083333333334 0.02777777777777778 0.01875
0 0.9907407407407408 0.18203125 0.018518518518518517 0.0140625
0 0.9800925925925926 0.16588541666666667 0.026851851851851852 0.0171875
0 0.9731481481481482 0.3104166666666667 0.022222222222222223 0.0125
0 0.9851851851851853 0.42890625 0.02962962962962963 0.019270833333333334
0 0.9902777777777778 0.296875 0.019444444444444445 0.017708333333333333
0 0.9578703703703704 0.28411458333333334 0.030555555555555558 0.0171875
0 0.5111111111111112 0.69140625 0.024074074074074074 0.015104166666666667
0 0.8421296296296297 0.328125 0.02314814814814815 0.013541666666666667
0 0.8435185185185186 0.3442708333333333 0.022222222222222223 0.0125
