0 0.5643518518518519 0.21510416666666665 0.026851851851851852 0.016666666666666666
0 0.1615740740740741 0.40182291666666664 0.021296296296296296 0.013020833333333334
0 0.22870370370370371 0.5169270833333334 0.03518518518518519 0.0234375
0 0.5425925925925926 0.33984375 0.02777777777777778 0.013020833333333334
0 0.5935185185185186 0.28828125 0.02592592592592593 0.0171875
0 0.46944444444444444 0.315625 0.02777777777777778 0.013541666666666667
0 0.3990740740740741 0.32760416666666664 0.024074074074074074 0.015625
0 0.5240740740740741 0.3703125 0.02777777777777778 0.019791666666666666
0 0.5518518518518519 0.3802083333333333 0.02592592592592593 0.01875
0 0.5837962962962964 0.3802083333333333 0.026851851851851852 0.016666666666666666
0 0.5259259259259259 0.42473958333333334 0.03888888888888889 0.0109375
0 0.43842592592592594 0.4239583333333333 0.019444444444444445 0.011458333333333333
0 0.5518518518518519 0.4588541666666667 0.02962962962962963 0.014583333333333334
0 0.4398148148148148 0.4713541666666667 0.02962962962962963 0.01875
0 0.46342592592592596 0.4856770833333333 0.03425925925925926 0.021354166666666667
0 0.5546296296296297 0.4981770833333333 0.03333333333333333 0.0203125
0 0.576388888888889 0.5216145833333333 0.032407407407407406 0.019270833333333334
0 0.4513888888888889 0.5234375 0.021296296296296296 0.019791666666666666
0 0.5708333333333333 0.6096354166666667 0.026851851851851852 0.021354166666666667
0 0.48333333333333334 0.6182291666666666 0.03888888888888889 0.022916666666666665
0 0.5287037037037037 0.6877604166666667 0.03518518518518519 0.028645833333333332
0 0.549074074074074 0.75703125 0.02962962962962963 0.0203125
0 0.4810185185185185 0.7395833333333334 0.032407407407407406 0.021875
0 0.44907407407407407 0.7421875 0.02962962962962963 0.01875
0 0.42129629629629634 0.6192708333333333 0.022222222222222223 0.015625
0 0.29212962962962963 0.73125 0.026851851851851852 0.011458333333333333
0 0.24722222222222223 0.6401041666666667 0.02962962962962963 0.025
0 0.21435185185185185 0.11354166666666667 0.032407407407407406 0.025
0 0.18611111111111112 0.12135416666666667 0.03888888888888889 0.027083333333333334
0 0.11527777777777778 0.18151041666666667 0.036111111111111115 0.025520833333333333
0 0.07685185185185185 0.16328125 0.0462962962962963 0.0296875
0 0.04861111111111111 0.23072916666666665 0.017592592592592594 0.017708333333333333
0 0.02314814814814815 0.22708333333333333 0.02777777777777778 0.017708333333333333
0 0.07731481481481482 0.3026041666666667 0.04166666666666667 0.016666666666666666
0 0.1865740740740741 0.390625 0.019444444444444445 0.011458333333333333
0 0.01712962962962963 0.3372395833333333 0.032407407407407406 0.0234375
0 0.18935185185185185 0.4505208333333333 0.032407407407407406 0.01875
0 0.09953703703703703 0.4471354166666667 0.021296296296296296 0.013020833333333334
0 0.21805555555555556 0.47604166666666664 0.04166666666666667 0.020833333333333332
0 0.14120370370370372 0.47994791666666664 0.036111111111111115 0.021354166666666667
0 0.16203703703703703 0.5705729166666667 0.03518518518518519 0.018229166666666668
0 0.19305555555555556 0.5763020833333333 0.028703703703703703 0.018229166666666668
0 0.2351851851851852 0.61328125 0.03518518518518519 0.015104166666666667
0 0.17685185185185187 0.6997395833333333 0.03333333333333333 0.021354166666666667
0 0.2175925925925926 0.81484375 0.02592592592592593 0.0234375
0 0.13564814814814816 0.7421875 0.03425925925925926 0.022916666666666665
0 0.08935185185185185 0.70703125 0.02314814814814815 0.015104166666666667
0 0.10694444444444445 0.5236979166666667 0.03796296296296296 0.0203125
0 0.06666666666666667 0.5216145833333333 0.040740740740740744 0.022395833333333334
0 0.03564814814814815 0.528125 0.030555555555555558 0.020833333333333332
0 0.02638888888888889 0.5515625 0.03981481481481482 0.019791666666666666
0 0.015277777777777779 0.6354166666666666 0.026851851851851852 0.0125
0 0.016203703703703703 0.6890625 0.028703703703703703 0.020833333333333332
0 0.11898148148148148 0.20234375 0.026851851851851852 0.019270833333333334
0 0.2791666666666667 0.7515625 0.03425925925925926 0.022916666666666665
0 0.17916666666666667 0.7184895833333333 0.02314814814814815 0.0171875
0 0.22361111111111112 0.3520833333333333 0.026851851851851852 0.016666666666666666
0 0.23101851851851854 0.3263020833333333 0.025 0.015104166666666667
0 0.2125 0.33489583333333334 0.025 0.017708333333333333
0 0.29814814814814816 0.5018229166666667 0.02777777777777778 0.015104166666666667
0 0.5125000000000001 0.6067708333333334 0.02314814814814815 0.01875
0 0.5930555555555556 0.5994791666666667 0.036111111111111115 0.01875
0 0.37962962962962965 0.8268229166666666 0.024074074074074074 0.022395833333333334
0 0.34120370370370373 0.65390625 0.032407407407407406 0.018229166666666668
0 0.7458333333333333 0.4002604166666667 0.01388888888888889 0.0067708333333333336
0 0.27870370370370373 0.5776041666666667 0.02962962962962963 0.019791666666666666
0 0.5824074074074075 0.6796875 0.03333333333333333 0.017708333333333333
0 0.6717592592592593 0.7348958333333333 0.03981481481481482 0.025
0 0.6129629629629629 0.55 0.02592592592592593 0.017708333333333333
0 0.6685185185185185 0.534375 0.031481481481481485 0.016666666666666666
0 0.9287037037037037 0.8645833333333334 0.04259259259259259 0.03125
0 0.9018518518518519 0.7864583333333334 0.03888888888888889 0.027083333333333334
0 0.8898148148148148 0.7533854166666667 0.04259259259259259 0.022395833333333334
0 0.8273148148148148 0.5807291666666666 0.030555555555555558 0.01875
0 0.8064814814814815 0.6229166666666667 0.024074074074074074 0.010416666666666666
0 0.65 0.5479166666666666 0.02777777777777778 0.013541666666666667
0 0.9412037037037038 0.5744791666666667 0.026851851851851852 0.0125
0 0.7236111111111111 0.48541666666666666 0.02314814814814815 0.013541666666666667
0 0.6555555555555556 0.3846354166666667 0.02777777777777778 0.0171875
0 0.6962962962962963 0.3731770833333333 0.02592592592592593 0.015104166666666667
0 0.6972222222222223 0.39401041666666664 0.012962962962962964 0.0109375
0 0.763425925925926 0.39479166666666665 0.021296296296296296 0.0125
0 0.6671296296296296 0.28541666666666665 0.028703703703703703 0.017708333333333333
0 0.774537037037037 0.24427083333333333 0.026851851851851852 0.019791666666666666
0 0.9023148148148149 0.16666666666666666 0.025 0.016666666666666666
0 0.8870370370370371 0.15052083333333333 0.02592592592592593 0.016666666666666666
0 0.9324074074074075 0.10520833333333333 0.02777777777777778 0.017708333333333333
0 0.8773148148148149 0.30026041666666664 0.021296296296296296 0.011979166666666666
0 0.9365740740740741 0.2830729166666667 0.025 0.021354166666666667
0 0.987037037037037 0.2716145833333333 0.024074074074074074 0.013020833333333334
0 0.9726851851851852 0.22734374999999998 0.028703703703703703 0.0171875
0 0.8532407407407407 0.41432291666666665 0.026851851851851852 0.013020833333333334
0 0.8824074074074074 0.4203125 0.03333333333333333 0.017708333333333333
0 0.987037037037037 0.37057291666666664 0.02592592592592593 0.0171875
0 0.9421296296296297 0.4270833333333333 0.025 0.015625
0 0.9625 0.52890625 0.03981481481481482 0.0203125
0 0.9282407407407408 0.2505208333333333 0.02314814814814815 0.013541666666666667
0 0.8967592592592593 0.28541666666666665 0.028703703703703703 0.017708333333333333
0 0.875925925925926 0.3893229166666667 0.037037037037037035 0.022395833333333334
0 0.8708333333333333 0.27447916666666666 0.030555555555555558 0.014583333333333334
0 0.41574074074074074 0.6856770833333333 0.02777777777777778 0.015104166666666667
0 0.7569444444444444 0.31875 0.02314814814814815 0.014583333333333334
0 0.7597222222222223 0.3380208333333333 0.021296296296296296 0.0125
