0 0.5546296296296297 0.21588541666666666 0.02592592592592593 0.0171875
0 0.15324074074074073 0.403125 0.019444444444444445 0.0125
0 0.2199074074074074 0.5190104166666667 0.026851851851851852 0.021354166666666667
0 0.5337962962962963 0.3403645833333333 0.028703703703703703 0.013020833333333334
0 0.5842592592592593 0.28932291666666665 0.02592592592592593 0.018229166666666668
0 0.46111111111111114 0.31640625 0.02777777777777778 0.013020833333333334
0 0.3907407407407408 0.32838541666666665 0.024074074074074074 0.015104166666666667
0 0.5148148148148148 0.37135416666666665 0.02777777777777778 0.019791666666666666
0 0.5425925925925926 0.3807291666666667 0.02592592592592593 0.01875
0 0.5745370370370371 0.38046875 0.026851851851851852 0.0171875
0 0.5166666666666667 0.42552083333333335 0.040740740740740744 0.011458333333333333
0 0.4305555555555556 0.425 0.018518518518518517 0.011458333333333333
0 0.5444444444444445 0.4591145833333333 0.02962962962962963 0.015104166666666667
0 0.4310185185185185 0.471875 0.028703703703703703 0.01875
0 0.4550925925925926 0.4861979166666667 0.03425925925925926 0.021354166666666667
0 0.5458333333333334 0.4981770833333333 0.03425925925925926 0.0203125
0 0.5666666666666667 0.52265625 0.031481481481481485 0.019270833333333334
0 0.44212962962962965 0.5239583333333333 0.021296296296296296 0.019791666666666666
0 0.5620370370370371 0.6104166666666666 0.02592592592592593 0.021875
0 0.47361111111111115 0.6190104166666667 0.03981481481481482 0.0234375
0 0.5175925925925926 0.68828125 0.03518518518518519 0.028645833333333332
0 0.5402777777777777 0.7583333333333333 0.030555555555555558 0.019791666666666666
0 0.4712962962962963 0.7403645833333333 0.03333333333333333 0.022395833333333334
0 0.44074074074074077 0.74296875 0.02962962962962963 0.019270833333333334
0 0.4134259259259259 0.6200520833333333 0.025 0.015104166666666667
0 0.2837962962962963 0.7328125 0.025 0.011458333333333333
0 0.23796296296296296 0.6411458333333333 0.02777777777777778 0.025
0 0.15324074074074073 0.36640625 0.025 0.019270833333333334
0 0.20277777777777778 0.11432291666666666 0.031481481481481485 0.025520833333333333
0 0.17500000000000002 0.12239583333333333 0.03888888888888889 0.027083333333333334
0 0.10462962962962963 0.18255208333333334 0.03518518518518519 0.025520833333333333
0 0.06481481481481481 0.16458333333333333 0.0462962962962963 0.030208333333333334
0 0.037037037037037035 0.23124999999999998 0.018518518518518517 0.016666666666666666
0 0.014351851851851852 0.22864583333333333 0.025 0.01875
0 0.06759259259259259 0.3033854166666667 0.040740740740740744 0.0171875
0 0.17916666666666667 0.3921875 0.021296296296296296 0.011458333333333333
0 0.17824074074074076 0.4515625 0.032407407407407406 0.01875
0 0.08842592592592594 0.44817708333333334 0.021296296296296296 0.013020833333333334
0 0.20833333333333334 0.4765625 0.04259259259259259 0.020833333333333332
0 0.13055555555555556 0.48072916666666665 0.03518518518518519 0.020833333333333332
0 0.1527777777777778 0.571875 0.03518518518518519 0.01875
0 0.1837962962962963 0.57734375 0.028703703703703703 0.019270833333333334
0 0.22546296296296298 0.6140625 0.036111111111111115 0.014583333333333334
0 0.1675925925925926 0.7015625 0.03333333333333333 0.020833333333333332
0 0.2087962962962963 0.8158854166666667 0.025 0.0234375
0 0.12685185185185185 0.7434895833333334 0.03518518518518519 0.0234375
0 0.08009259259259259 0.7080729166666666 0.02314814814814815 0.015104166666666667
0 0.09814814814814815 0.52421875 0.03888888888888889 0.021354166666666667
0 0.05601851851851852 0.52265625 0.04166666666666667 0.021354166666666667
0 0.025462962962962965 0.52890625 0.028703703703703703 0.0203125
0 0.020370370370370372 0.55234375 0.037037037037037035 0.019270833333333334
0 0.011574074074074075 0.6359375 0.017592592592592594 0.0125
0 0.012037037037037037 0.6903645833333333 0.020370370370370372 0.021354166666666667
0 0.1087962962962963 0.20338541666666665 0.026851851851851852 0.019270833333333334
0 0.27037037037037037 0.7528645833333333 0.03333333333333333 0.022395833333333334
0 0.16944444444444445 0.7203125 0.022222222222222223 0.016666666666666666
0 0.21481481481481482 0.3533854166666667 0.02777777777777778 0.0171875
0 0.2212962962962963 0.3268229166666667 0.02592592592592593 0.015104166666666667
0 0.20370370370370372 0.33567708333333335 0.02592592592592593 0.0171875
0 0.2898148148148148 0.503125 0.02777777777777778 0.015625
0 0.5037037037037038 0.6072916666666667 0.022222222222222223 0.01875
0 0.5851851851851853 0.6002604166666666 0.03518518518518519 0.019270833333333334
0 0.3699074074074074 0.828125 0.02314814814814815 0.022916666666666665
0 0.33287037037037037 0.6552083333333333 0.032407407407407406 0.017708333333333333
0 0.26944444444444443 0.5765625 0.03333333333333333 0.015625
0 0.5731481481481482 0.68046875 0.03518518518518519 0.018229166666666668
0 0.662962962962963 0.7354166666666666 0.040740740740740744 0.025
0 0.6041666666666667 0.55 0.030555555555555558 0.015625
0 0.6592592592592593 0.5348958333333333 0.031481481481481485 0.016666666666666666
0 0.9189814814814815 0.8645833333333334 0.04166666666666667 0.03229166666666666
0 0.8921296296296297 0.7859375 0.03981481481481482 0.026041666666666668
0 0.8810185185185185 0.75390625 0.04166666666666667 0.022395833333333334
0 0.9902777777777778 0.7471354166666666 0.019444444444444445 0.018229166666666668
0 0.8171296296296297 0.5807291666666666 0.030555555555555558 0.01875
0 0.9333333333333333 0.5744791666666667 0.02777777777777778 0.011458333333333333
0 0.7990740740740742 0.6231770833333333 0.024074074074074074 0.0109375
0 0.6421296296296296 0.5481770833333334 0.028703703703703703 0.0140625
0 0.7152777777777778 0.48541666666666666 0.02314814814814815 0.0125
0 0.6458333333333334 0.3854166666666667 0.026851851851851852 0.016666666666666666
0 0.6870370370370371 0.37421875 0.02592592592592593 0.015104166666666667
0 0.688425925925926 0.39479166666666665 0.012037037037037037 0.010416666666666666
0 0.7541666666666667 0.39557291666666666 0.021296296296296296 0.011979166666666666
0 0.6578703703703704 0.2859375 0.028703703703703703 0.017708333333333333
0 0.7652777777777778 0.24505208333333334 0.026851851851851852 0.0203125
0 0.8921296296296297 0.1671875 0.025 0.016666666666666666
0 0.8777777777777778 0.15130208333333334 0.02592592592592593 0.01614583333333333
0 0.9217592592592593 0.10572916666666667 0.026851851851851852 0.017708333333333333
0 0.8680555555555556 0.30052083333333335 0.021296296296296296 0.0125
0 0.9268518518518519 0.2833333333333333 0.02592592592592593 0.020833333333333332
0 0.9773148148148149 0.271875 0.025 0.013541666666666667
0 0.9638888888888889 0.22786458333333334 0.02777777777777778 0.0171875
0 0.8439814814814816 0.41484375 0.025 0.013020833333333334
0 0.8731481481481482 0.42083333333333334 0.03333333333333333 0.017708333333333333
0 0.8726851851851852 0.39921875 0.019444444444444445 0.013020833333333334
0 0.9157407407407407 0.37838541666666664 0.018518518518518517 0.008854166666666666
0 0.9800925925925926 0.37109375 0.030555555555555558 0.0171875
0 0.9333333333333333 0.4276041666666667 0.02592592592592593 0.015625
0 0.9537037037037037 0.5294270833333333 0.03888888888888889 0.0203125
0 0.9217592592592593 0.5447916666666667 0.021296296296296296 0.014583333333333334
0 0.9189814814814815 0.2505208333333333 0.02314814814814815 0.013541666666666667
0 0.8861111111111112 0.2864583333333333 0.02777777777777778 0.017708333333333333
0 0.8657407407407408 0.39088541666666665 0.03518518518518519 0.021354166666666667
0 0.862037037037037 0.275 0.031481481481481485 0.014583333333333334
0 0.40694444444444444 0.6872395833333333 0.026851851851851852 0.015104166666666667
0 0.7495370370370371 0.31979166666666664 0.02314814814814815 0.014583333333333334
0 0.7518518518518519 0.33932291666666664 0.022222222222222223 0.011979166666666666
