0 0.4949074074074074 0.21901041666666665 0.026851851851851852 0.0171875
0 0.8495370370370371 0.5205729166666666 0.026851851851851852 0.0234375
0 0.5180555555555556 0.34322916666666664 0.028703703703703703 0.014583333333333334
0 0.4638888888888889 0.29270833333333335 0.02592592592592593 0.017708333333333333
0 0.5828703703703704 0.31614583333333335 0.026851851851851852 0.014583333333333334
0 0.6546296296296297 0.3296875 0.024074074074074074 0.015625
0 0.5388888888888889 0.3736979166666667 0.02777777777777778 0.0203125
0 0.5055555555555555 0.38177083333333334 0.02592592592592593 0.01875
0 0.47870370370370374 0.3828125 0.02592592592592593 0.016666666666666666
0 0.5324074074074074 0.428125 0.0462962962962963 0.0125
0 0.6231481481481481 0.4265625 0.018518518518518517 0.011458333333333333
0 0.5046296296296297 0.4614583333333333 0.02962962962962963 0.014583333333333334
0 0.6226851851851852 0.47369791666666666 0.028703703703703703 0.019270833333333334
0 0.600462962962963 0.48802083333333335 0.03425925925925926 0.021875
0 0.5083333333333333 0.5002604166666667 0.03333333333333333 0.0203125
0 0.4861111111111111 0.5244791666666666 0.03333333333333333 0.01875
0 0.6069444444444445 0.5255208333333333 0.028703703703703703 0.019791666666666666
0 0.4898148148148148 0.6114583333333333 0.02962962962962963 0.025
0 0.5861111111111111 0.6216145833333333 0.040740740740740744 0.0234375
0 0.5481481481481482 0.6916666666666667 0.037037037037037035 0.029166666666666667
0 0.5189814814814815 0.7609375 0.028703703703703703 0.020833333333333332
0 0.5893518518518519 0.7434895833333334 0.03425925925925926 0.022395833333333334
0 0.6157407407407408 0.7481770833333333 0.02592592592592593 0.01614583333333333
0 0.6398148148148148 0.6234375 0.024074074074074074 0.013541666666666667
0 0.7791666666666667 0.7354166666666666 0.021296296296296296 0.011458333333333333
0 0.8236111111111112 0.64296875 0.028703703703703703 0.024479166666666666
0 0.9046296296296297 0.36744791666666665 0.03333333333333333 0.018229166666666668
0 0.8523148148148149 0.11588541666666667 0.03425925925925926 0.025520833333333333
0 0.8814814814814815 0.12395833333333334 0.03888888888888889 0.027083333333333334
0 0.9560185185185186 0.18307291666666667 0.036111111111111115 0.024479166666666666
0 0.9856481481481482 0.16692708333333334 0.028703703703703703 0.030729166666666665
0 0.9847222222222223 0.3046875 0.030555555555555558 0.017708333333333333
0 0.8685185185185186 0.39427083333333335 0.02592592592592593 0.014583333333333334
0 0.8833333333333334 0.45260416666666664 0.03518518518518519 0.01875
0 0.9722222222222222 0.44869791666666664 0.020370370370370372 0.011979166666666666
0 0.8550925925925926 0.47812499999999997 0.03981481481481482 0.020833333333333332
0 0.9328703703703705 0.48151041666666666 0.036111111111111115 0.021354166666666667
0 0.9097222222222222 0.5734375 0.036111111111111115 0.01875
0 0.8791666666666667 0.5791666666666666 0.026851851851851852 0.01875
0 0.8310185185185186 0.6171875 0.036111111111111115 0.014583333333333334
0 0.8967592592592593 0.70390625 0.032407407407407406 0.021354166666666667
0 0.8601851851851852 0.8184895833333333 0.02962962962962963 0.024479166666666666
0 0.938425925925926 0.7471354166666666 0.030555555555555558 0.024479166666666666
0 0.9833333333333334 0.7104166666666667 0.022222222222222223 0.014583333333333334
0 0.962962962962963 0.5247395833333334 0.040740740740740744 0.022395833333333334
0 0.17685185185185187 0.7572916666666667 0.03888888888888889 0.02395833333333333
0 0.9476851851851852 0.2046875 0.032407407407407406 0.020833333333333332
0 0.788888888888889 0.7549479166666666 0.03518518518518519 0.022395833333333334
0 0.8949074074074075 0.7229166666666667 0.02314814814814815 0.017708333333333333
0 0.8333333333333334 0.35442708333333334 0.02962962962962963 0.0171875
0 0.8268518518518518 0.32786458333333335 0.02592592592592593 0.015104166666666667
0 0.8467592592592593 0.33671875 0.026851851851851852 0.0171875
0 0.7652777777777778 0.50546875 0.026851851851851852 0.0171875
0 0.5546296296296297 0.6098958333333333 0.02592592592592593 0.019791666666666666
0 0.4708333333333333 0.603125 0.036111111111111115 0.01875
0 0.6967592592592593 0.83203125 0.02314814814814815 0.0234375
0 0.7236111111111111 0.6575520833333334 0.032407407407407406 0.018229166666666668
0 0.7902777777777779 0.5791666666666666 0.03425925925925926 0.015625
0 0.4861111111111111 0.68359375 0.03888888888888889 0.019270833333333334
0 0.39537037037037037 0.7372395833333333 0.04259259259259259 0.025520833333333333
0 0.44537037037037036 0.5526041666666667 0.02777777777777778 0.01875
0 0.3907407407407408 0.5372395833333333 0.02962962962962963 0.0171875
0 0.14305555555555557 0.86875 0.04166666666666667 0.03125
0 0.1638888888888889 0.78984375 0.040740740740740744 0.027604166666666666
0 0.06064814814814815 0.75 0.025 0.01875
0 0.24074074074074076 0.5833333333333334 0.02962962962962963 0.01875
0 0.2490740740740741 0.62578125 0.024074074074074074 0.0109375
0 0.4087962962962963 0.55078125 0.028703703703703703 0.013020833333333334
0 0.18796296296296297 0.5916666666666667 0.031481481481481485 0.011458333333333333
0 0.24537037037037038 0.5447916666666667 0.02592592592592593 0.0125
0 0.33055555555555555 0.4875 0.022222222222222223 0.0125
0 0.25324074074074077 0.52109375 0.02314814814814815 0.013020833333333334
0 0.2606481481481482 0.48020833333333335 0.025 0.014583333333333334
0 0.40694444444444444 0.3872395833333333 0.025 0.01614583333333333
0 0.36712962962962964 0.3765625 0.026851851851851852 0.015625
0 0.36388888888888893 0.39765625 0.012962962962962964 0.0109375
0 0.3907407407407408 0.28854166666666664 0.02777777777777778 0.017708333333333333
0 0.2837962962962963 0.24791666666666667 0.026851851851851852 0.020833333333333332
0 0.15787037037037038 0.1703125 0.025 0.017708333333333333
0 0.17175925925925928 0.1546875 0.025 0.015625
0 0.12916666666666668 0.109375 0.026851851851851852 0.017708333333333333
0 0.18287037037037038 0.3033854166666667 0.021296296296296296 0.013020833333333334
0 0.12824074074074074 0.2869791666666667 0.025 0.020833333333333332
0 0.075 0.2747395833333333 0.02777777777777778 0.013020833333333334
0 0.08750000000000001 0.23124999999999998 0.026851851851851852 0.016666666666666666
0 0.20833333333333334 0.4192708333333333 0.024074074074074074 0.014583333333333334
0 0.1800925925925926 0.42343749999999997 0.032407407407407406 0.017708333333333333
0 0.1814814814814815 0.4036458333333333 0.018518518518518517 0.009375
0 0.13611111111111113 0.38203125 0.020370370370370372 0.0109375
0 0.07314814814814816 0.37447916666666664 0.02962962962962963 0.016666666666666666
0 0.11898148148148148 0.43046875 0.026851851851851852 0.01614583333333333
0 0.09907407407407408 0.53203125 0.03518518518518519 0.0203125
0 0.12962962962962962 0.546875 0.02592592592592593 0.015625
0 0.04120370370370371 0.60703125 0.026851851851851852 0.0140625
0 0.13055555555555556 0.25364583333333335 0.024074074074074074 0.014583333333333334
0 0.16666666666666669 0.2890625 0.02777777777777778 0.017708333333333333
0 0.18842592592592594 0.39348958333333334 0.03425925925925926 0.0203125
0 0.1875 0.27760416666666665 0.028703703703703703 0.014583333333333334
0 0.4467592592592593 0.39036458333333335 0.019444444444444445 0.0140625
0 0.6444444444444445 0.6880208333333333 0.02592592592592593 0.0125
0 0.29583333333333334 0.3223958333333333 0.02314814814814815 0.014583333333333334
0 0.29305555555555557 0.3411458333333333 0.02314814814814815 0.013541666666666667
