0 0.5638888888888889 0.21510416666666665 0.02592592592592593 0.016666666666666666
0 0.9444444444444445 0.5197916666666667 0.03333333333333333 0.02395833333333333
0 0.587037037037037 0.340625 0.02962962962962963 0.014583333333333334
0 0.5263888888888889 0.28984375 0.025 0.018229166666666668
0 0.6449074074074075 0.3143229166666667 0.019444444444444445 0.0171875
0 0.7185185185185186 0.3263020833333333 0.024074074074074074 0.015104166666666667
0 0.611574074074074 0.37135416666666665 0.028703703703703703 0.019791666666666666
0 0.5782407407407407 0.3802083333333333 0.02314814814814815 0.020833333333333332
0 0.549074074074074 0.3809895833333333 0.024074074074074074 0.0171875
0 0.6875 0.42578125 0.028703703703703703 0.011979166666666666
0 0.5689814814814815 0.4591145833333333 0.030555555555555558 0.0140625
0 0.6972222222222223 0.47239583333333335 0.02962962962962963 0.01875
0 0.6736111111111112 0.4869791666666667 0.032407407407407406 0.021875
0 0.5800925925925926 0.49921875 0.032407407407407406 0.019270833333333334
0 0.5560185185185186 0.5236979166666667 0.032407407407407406 0.019270833333333334
0 0.6782407407407408 0.5244791666666666 0.026851851851851852 0.020833333333333332
0 0.6657407407407407 0.6216145833333333 0.040740740740740744 0.0234375
0 0.6300925925925926 0.6919270833333333 0.03796296296296296 0.0296875
0 0.5944444444444444 0.7622395833333333 0.02777777777777778 0.0203125
0 0.6671296296296296 0.74453125 0.03425925925925926 0.022395833333333334
0 0.6939814814814815 0.7494791666666667 0.025 0.015625
0 0.9055555555555556 0.6434895833333333 0.02962962962962963 0.0234375
0 0.9805555555555556 0.3640625 0.037037037037037035 0.01875
0 0.9324074074074075 0.10963541666666667 0.037037037037037035 0.025520833333333333
0 0.9657407407407408 0.11770833333333333 0.040740740740740744 0.027083333333333334
0 0.9643518518518519 0.38697916666666665 0.030555555555555558 0.017708333333333333
0 0.9685185185185186 0.45078124999999997 0.037037037037037035 0.018229166666666668
0 0.9425925925925926 0.4765625 0.04259259259259259 0.020833333333333332
0 0.9875 0.5734375 0.025 0.019791666666666666
0 0.9634259259259259 0.5796875 0.026851851851851852 0.01875
0 0.9300925925925926 0.59375 0.026851851851851852 0.017708333333333333
0 0.9097222222222222 0.61640625 0.03425925925925926 0.013020833333333334
0 0.9810185185185185 0.7049479166666667 0.03425925925925926 0.022395833333333334
0 0.9402777777777778 0.8255208333333334 0.032407407407407406 0.019791666666666666
0 0.8671296296296297 0.75703125 0.03425925925925926 0.022395833333333334
0 0.9773148148148149 0.7244791666666667 0.02314814814814815 0.016666666666666666
0 0.9041666666666667 0.35104166666666664 0.032407407407407406 0.017708333333333333
0 0.8953703703703704 0.325 0.02777777777777778 0.015625
0 0.9185185185185185 0.33307291666666666 0.02777777777777778 0.01614583333333333
0 0.8384259259259259 0.5049479166666666 0.030555555555555558 0.0171875
0 0.6305555555555555 0.61015625 0.02962962962962963 0.021354166666666667
0 0.5439814814814815 0.6033854166666667 0.036111111111111115 0.0171875
0 0.7861111111111111 0.8348958333333333 0.024074074074074074 0.022916666666666665
0 0.7976851851851852 0.65859375 0.03425925925925926 0.018229166666666668
0 0.8712962962962963 0.5791666666666666 0.037037037037037035 0.015625
0 0.5657407407407408 0.68515625 0.03518518518518519 0.021354166666666667
0 0.5314814814814816 0.6786458333333333 0.03333333333333333 0.011458333333333333
0 0.47314814814814815 0.7377604166666667 0.04259259259259259 0.025520833333333333
0 0.3902777777777778 0.5994791666666667 0.032407407407407406 0.020833333333333332
0 0.5143518518518518 0.5515625 0.028703703703703703 0.017708333333333333
0 0.45601851851851855 0.5364583333333334 0.028703703703703703 0.017708333333333333
0 0.22361111111111112 0.8697916666666666 0.03981481481481482 0.03125
0 0.25787037037037036 0.8635416666666667 0.026851851851851852 0.03229166666666666
0 0.23935185185185187 0.7903645833333334 0.03981481481481482 0.027604166666666666
0 0.24629629629629632 0.7567708333333333 0.03888888888888889 0.028125
0 0.12592592592592594 0.7505208333333333 0.02592592592592593 0.016666666666666666
0 0.31527777777777777 0.5830729166666666 0.030555555555555558 0.018229166666666668
0 0.3087962962962963 0.6247395833333333 0.02314814814814815 0.011979166666666666
0 0.47175925925925927 0.5510416666666667 0.026851851851851852 0.0125
0 0.24537037037037038 0.5924479166666666 0.020370370370370372 0.013020833333333334
0 0.3101851851851852 0.5432291666666667 0.02592592592592593 0.013541666666666667
0 0.31342592592592594 0.5197916666666667 0.017592592592592594 0.013541666666666667
0 0.32037037037037036 0.47578125 0.022222222222222223 0.008854166666666666
0 0.4708333333333333 0.3848958333333333 0.017592592592592594 0.016666666666666666
0 0.437962962962963 0.37447916666666664 0.02592592592592593 0.015625
0 0.43194444444444446 0.3953125 0.01388888888888889 0.010416666666666666
0 0.3611111111111111 0.39453125 0.020370370370370372 0.0078125
0 0.3490740740740741 0.4125 0.020370370370370372 0.013541666666666667
0 0.45555555555555555 0.28515625 0.02777777777777778 0.018229166666666668
0 0.34861111111111115 0.24505208333333334 0.026851851851851852 0.0203125
0 0.22175925925925927 0.16692708333333334 0.025 0.018229166666666668
0 0.23564814814814816 0.15104166666666666 0.02314814814814815 0.015625
0 0.1962962962962963 0.10520833333333333 0.02592592592592593 0.017708333333333333
0 0.2490740740740741 0.30104166666666665 0.020370370370370372 0.013541666666666667
0 0.19861111111111113 0.28463541666666664 0.025 0.021354166666666667
0 0.13796296296296298 0.27239583333333334 0.02592592592592593 0.0125
0 0.1513888888888889 0.228125 0.026851851851851852 0.016666666666666666
0 0.27546296296296297 0.41770833333333335 0.02314814814814815 0.017708333333333333
0 0.24861111111111112 0.42213541666666665 0.032407407407407406 0.0171875
0 0.2439814814814815 0.40182291666666664 0.019444444444444445 0.0109375
0 0.20324074074074075 0.38229166666666664 0.02314814814814815 0.0125
0 0.14027777777777778 0.3731770833333333 0.028703703703703703 0.0171875
0 0.1851851851851852 0.42942708333333335 0.02592592592592593 0.01614583333333333
0 0.16111111111111112 0.5315104166666667 0.04259259259259259 0.019270833333333334
0 0.19305555555555556 0.5466145833333333 0.030555555555555558 0.015104166666666667
0 0.10462962962962963 0.6057291666666667 0.031481481481481485 0.0125
0 0.014814814814814815 0.6942708333333333 0.024074074074074074 0.020833333333333332
0 0.028240740740740743 0.65 0.028703703703703703 0.016666666666666666
0 0.029166666666666667 0.628125 0.02314814814814815 0.010416666666666666
0 0.19351851851851853 0.2518229166666667 0.022222222222222223 0.0140625
0 0.23564814814814816 0.2869791666666667 0.025 0.017708333333333333
0 0.25277777777777777 0.3921875 0.02592592592592593 0.016666666666666666
0 0.24953703703703706 0.2734375 0.026851851851851852 0.014583333333333334
0 0.5166666666666667 0.3880208333333333 0.020370370370370372 0.013541666666666667
0 0.7111111111111111 0.68828125 0.02592592592592593 0.0109375
0 0.35370370370370374 0.32109375 0.022222222222222223 0.0171875
0 0.35000000000000003 0.33880208333333334 0.022222222222222223 0.0140625
