0 0.5722222222222223 0.21562499999999998 0.02592592592592593 0.016666666666666666
0 0.951388888888889 0.5200520833333333 0.036111111111111115 0.024479166666666666
0 0.5958333333333333 0.3411458333333333 0.028703703703703703 0.014583333333333334
0 0.5333333333333333 0.29010416666666666 0.02592592592592593 0.017708333333333333
0 0.6523148148148148 0.3145833333333333 0.019444444444444445 0.016666666666666666
0 0.725 0.3265625 0.024074074074074074 0.014583333333333334
0 0.6199074074074075 0.3716145833333333 0.028703703703703703 0.0203125
0 0.587037037037037 0.3807291666666667 0.022222222222222223 0.021875
0 0.5569444444444445 0.3809895833333333 0.02314814814814815 0.0171875
0 0.6953703703703704 0.42578125 0.02962962962962963 0.011979166666666666
0 0.575462962962963 0.459375 0.030555555555555558 0.013541666666666667
0 0.7046296296296296 0.47291666666666665 0.02777777777777778 0.01875
0 0.6814814814814815 0.4869791666666667 0.03333333333333333 0.021875
0 0.587962962962963 0.49947916666666664 0.03333333333333333 0.019791666666666666
0 0.562962962962963 0.5239583333333333 0.031481481481481485 0.01875
0 0.6856481481481482 0.5244791666666666 0.026851851851851852 0.020833333333333332
0 0.674074074074074 0.6223958333333334 0.040740740740740744 0.02395833333333333
0 0.6398148148148148 0.6924479166666666 0.03888888888888889 0.030729166666666665
0 0.6027777777777777 0.7625 0.02777777777777778 0.020833333333333332
0 0.6759259259259259 0.7453125 0.03518518518518519 0.021875
0 0.7023148148148148 0.7505208333333333 0.025 0.015625
0 0.9143518518518519 0.6442708333333333 0.028703703703703703 0.02395833333333333
0 0.9851851851851853 0.3638020833333333 0.02962962962962963 0.0203125
0 0.9416666666666667 0.10989583333333333 0.037037037037037035 0.026041666666666668
0 0.9750000000000001 0.11770833333333333 0.040740740740740744 0.027083333333333334
0 0.9703703703703704 0.3872395833333333 0.031481481481481485 0.018229166666666668
0 0.9768518518518519 0.4510416666666667 0.03518518518518519 0.017708333333333333
0 0.950925925925926 0.47734375 0.04259259259259259 0.0203125
0 0.9722222222222222 0.58046875 0.02592592592592593 0.018229166666666668
0 0.937962962962963 0.59453125 0.02592592592592593 0.018229166666666668
0 0.9180555555555556 0.6169270833333333 0.032407407407407406 0.013020833333333334
0 0.9861111111111112 0.7057291666666666 0.02777777777777778 0.021875
0 0.9490740740740741 0.82578125 0.031481481481481485 0.0203125
0 0.875462962962963 0.7580729166666667 0.032407407407407406 0.022395833333333334
0 0.987037037037037 0.7247395833333333 0.024074074074074074 0.0171875
0 0.9111111111111111 0.35104166666666664 0.03333333333333333 0.017708333333333333
0 0.9027777777777778 0.32526041666666666 0.02777777777777778 0.01614583333333333
0 0.925462962962963 0.33359375 0.028703703703703703 0.01614583333333333
0 0.8472222222222222 0.5057291666666667 0.031481481481481485 0.017708333333333333
0 0.638425925925926 0.6104166666666666 0.030555555555555558 0.020833333333333332
0 0.5527777777777778 0.6036458333333333 0.037037037037037035 0.017708333333333333
0 0.7953703703703704 0.8351562499999999 0.024074074074074074 0.0234375
0 0.8060185185185186 0.6591145833333333 0.03425925925925926 0.018229166666666668
0 0.8791666666666667 0.5794270833333334 0.03796296296296296 0.015104166666666667
0 0.575462962962963 0.6854166666666667 0.03425925925925926 0.021875
0 0.538425925925926 0.6796875 0.032407407407407406 0.011458333333333333
0 0.48194444444444445 0.73828125 0.04351851851851852 0.025520833333333333
0 0.40046296296296297 0.5997395833333333 0.032407407407407406 0.0203125
0 0.5212962962962964 0.5520833333333334 0.02962962962962963 0.017708333333333333
0 0.46296296296296297 0.5372395833333333 0.02777777777777778 0.0171875
0 0.23148148148148148 0.8708333333333333 0.03888888888888889 0.03125
0 0.26666666666666666 0.8645833333333334 0.02777777777777778 0.03125
0 0.2476851851851852 0.7911458333333333 0.03981481481481482 0.027083333333333334
0 0.25416666666666665 0.7572916666666667 0.03981481481481482 0.028125
0 0.13333333333333333 0.7513020833333334 0.02592592592592593 0.01614583333333333
0 0.015740740740740743 0.8286458333333333 0.02777777777777778 0.028125
0 0.3236111111111111 0.58359375 0.030555555555555558 0.018229166666666668
0 0.31574074074074077 0.6255208333333333 0.022222222222222223 0.011458333333333333
0 0.4791666666666667 0.5510416666666667 0.026851851851851852 0.0125
0 0.25324074074074077 0.5932291666666667 0.021296296296296296 0.013541666666666667
0 0.31666666666666665 0.5421875 0.02592592592592593 0.011458333333333333
0 0.3212962962962963 0.5203125 0.018518518518518517 0.013541666666666667
0 0.32685185185185184 0.47604166666666664 0.022222222222222223 0.008333333333333333
0 0.47870370370370374 0.3859375 0.018518518518518517 0.016666666666666666
0 0.4449074074074074 0.37473958333333335 0.026851851851851852 0.01614583333333333
0 0.4398148148148148 0.3958333333333333 0.012962962962962964 0.010416666666666666
0 0.3689814814814815 0.39453125 0.019444444444444445 0.0067708333333333336
0 0.3564814814814815 0.41171874999999997 0.018518518518518517 0.011979166666666666
0 0.4638888888888889 0.28619791666666666 0.02777777777777778 0.018229166666666668
0 0.35694444444444445 0.2453125 0.026851851851851852 0.020833333333333332
0 0.23101851851851854 0.16770833333333332 0.025 0.017708333333333333
0 0.24444444444444446 0.1515625 0.024074074074074074 0.015625
0 0.20462962962962963 0.10546875 0.02592592592592593 0.0171875
0 0.25787037037037036 0.3015625 0.021296296296296296 0.013541666666666667
0 0.2064814814814815 0.28515625 0.02592592592592593 0.0203125
0 0.1462962962962963 0.27291666666666664 0.02592592592592593 0.0125
0 0.15925925925925927 0.22864583333333333 0.02592592592592593 0.016666666666666666
0 0.2837962962962963 0.41796875 0.02314814814814815 0.0171875
0 0.2564814814814815 0.42265625 0.031481481481481485 0.0171875
0 0.25092592592592594 0.40182291666666664 0.020370370370370372 0.0109375
0 0.21157407407407408 0.3828125 0.02314814814814815 0.0125
0 0.14907407407407408 0.3734375 0.02962962962962963 0.016666666666666666
0 0.19305555555555556 0.42994791666666665 0.026851851851851852 0.01614583333333333
0 0.1685185185185185 0.5315104166666667 0.04259259259259259 0.019270833333333334
0 0.19953703703703704 0.5466145833333333 0.030555555555555558 0.015104166666666667
0 0.1125 0.60625 0.028703703703703703 0.013541666666666667
0 0.10185185185185186 0.6411458333333333 0.014814814814814815 0.008333333333333333
0 0.020833333333333336 0.6950520833333333 0.025 0.0203125
0 0.033796296296296297 0.6502604166666667 0.026851851851851852 0.0171875
0 0.009722222222222222 0.6479166666666667 0.015740740740740743 0.013541666666666667
0 0.036111111111111115 0.6286458333333333 0.022222222222222223 0.010416666666666666
0 0.20092592592592592 0.2520833333333333 0.022222222222222223 0.014583333333333334
0 0.2439814814814815 0.2875 0.025 0.017708333333333333
0 0.2625 0.3924479166666667 0.026851851851851852 0.0171875
0 0.25787037037037036 0.27369791666666665 0.026851851851851852 0.0140625
0 0.524537037037037 0.3885416666666667 0.021296296296296296 0.013541666666666667
0 0.7185185185185186 0.6890625 0.02592592592592593 0.011458333333333333
0 0.36064814814814816 0.3221354166666667 0.02314814814814815 0.0171875
0 0.3564814814814815 0.33932291666666664 0.022222222222222223 0.0140625
