0 0.5805555555555556 0.21588541666666666 0.02592592592592593 0.01614583333333333
0 0.9634259259259259 0.5208333333333334 0.03425925925925926 0.02395833333333333
0 0.6037037037037037 0.3411458333333333 0.02962962962962963 0.014583333333333334
0 0.5412037037037037 0.2903645833333333 0.025 0.018229166666666668
0 0.6597222222222222 0.3151041666666667 0.019444444444444445 0.016666666666666666
0 0.7324074074074074 0.32734375 0.024074074074074074 0.015104166666666667
0 0.6287037037037038 0.37213541666666666 0.02777777777777778 0.0203125
0 0.5949074074074074 0.3809895833333333 0.02314814814814815 0.021354166666666667
0 0.5652777777777778 0.3815104166666667 0.02314814814814815 0.0171875
0 0.7027777777777778 0.4263020833333333 0.02962962962962963 0.011979166666666666
0 0.5833333333333334 0.46041666666666664 0.02962962962962963 0.013541666666666667
0 0.712962962962963 0.47369791666666666 0.02777777777777778 0.018229166666666668
0 0.6893518518518519 0.48776041666666664 0.032407407407407406 0.022395833333333334
0 0.5962962962962963 0.5 0.03333333333333333 0.019791666666666666
0 0.5703703703703704 0.52421875 0.031481481481481485 0.019270833333333334
0 0.6944444444444444 0.5260416666666666 0.02592592592592593 0.020833333333333332
0 0.6828703703703703 0.6229166666666667 0.04166666666666667 0.02395833333333333
0 0.6476851851851853 0.6932291666666667 0.03981481481481482 0.030208333333333334
0 0.612037037037037 0.7627604166666666 0.02777777777777778 0.021354166666666667
0 0.6842592592592592 0.74609375 0.03518518518518519 0.022395833333333334
0 0.7106481481481481 0.7510416666666666 0.025 0.015625
0 0.9231481481481482 0.6450520833333333 0.02962962962962963 0.0234375
0 0.987962962962963 0.36484375 0.024074074074074074 0.019270833333333334
0 0.9500000000000001 0.11041666666666666 0.037037037037037035 0.026041666666666668
0 0.9824074074074074 0.11901041666666666 0.03518518518518519 0.0265625
0 0.9782407407407407 0.38776041666666666 0.032407407407407406 0.018229166666666668
0 0.9847222222222223 0.45234375 0.030555555555555558 0.019270833333333334
0 0.9611111111111111 0.4778645833333333 0.04259259259259259 0.0203125
0 0.9819444444444445 0.58125 0.025 0.017708333333333333
0 0.9472222222222223 0.5953125 0.02592592592592593 0.017708333333333333
0 0.9282407407407408 0.6177083333333333 0.032407407407407406 0.0125
0 0.9587962962962964 0.8270833333333333 0.032407407407407406 0.020833333333333332
0 0.8851851851851852 0.7583333333333333 0.03333333333333333 0.021875
0 0.9921296296296297 0.7263020833333333 0.015740740740740743 0.018229166666666668
0 0.9189814814814815 0.3520833333333333 0.032407407407407406 0.01875
0 0.9115740740740741 0.3255208333333333 0.028703703703703703 0.015625
0 0.9328703703703705 0.3341145833333333 0.028703703703703703 0.01614583333333333
0 0.8550925925925926 0.50625 0.030555555555555558 0.017708333333333333
0 0.6476851851851853 0.6109375 0.030555555555555558 0.020833333333333332
0 0.5611111111111111 0.6046875 0.037037037037037035 0.017708333333333333
0 0.8046296296296297 0.83671875 0.024074074074074074 0.0234375
0 0.8143518518518519 0.66015625 0.03425925925925926 0.018229166666666668
0 0.888888888888889 0.5802083333333333 0.03888888888888889 0.015625
0 0.5842592592592593 0.6861979166666666 0.03518518518518519 0.021354166666666667
0 0.5472222222222223 0.6799479166666667 0.03333333333333333 0.011979166666666666
0 0.4902777777777778 0.7390625 0.04166666666666667 0.026041666666666668
0 0.40972222222222227 0.6005208333333333 0.032407407407407406 0.020833333333333332
0 0.5287037037037037 0.5528645833333333 0.02962962962962963 0.018229166666666668
0 0.4708333333333333 0.5377604166666666 0.028703703703703703 0.0171875
0 0.24074074074074076 0.8713541666666667 0.03888888888888889 0.03125
0 0.27592592592592596 0.8653645833333333 0.02962962962962963 0.0296875
0 0.2550925925925926 0.79140625 0.03981481481481482 0.027604166666666666
0 0.26203703703703707 0.7578125 0.03888888888888889 0.028125
0 0.14074074074074075 0.75234375 0.02592592592592593 0.01614583333333333
0 0.020370370370370372 0.8299479166666667 0.037037037037037035 0.027604166666666666
0 0.33240740740740743 0.5841145833333333 0.031481481481481485 0.018229166666666668
0 0.3226851851851852 0.6255208333333333 0.021296296296296296 0.011458333333333333
0 0.4865740740740741 0.5515625 0.026851851851851852 0.0125
0 0.2601851851851852 0.5934895833333333 0.022222222222222223 0.0140625
0 0.32407407407407407 0.5427083333333333 0.02592592592592593 0.011458333333333333
0 0.3287037037037037 0.5205729166666666 0.018518518518518517 0.0140625
0 0.33333333333333337 0.47630208333333335 0.022222222222222223 0.008854166666666666
0 0.4865740740740741 0.3859375 0.019444444444444445 0.016666666666666666
0 0.4532407407407408 0.37526041666666665 0.026851851851851852 0.01614583333333333
0 0.44722222222222224 0.3963541666666667 0.012962962962962964 0.010416666666666666
0 0.3763888888888889 0.39427083333333335 0.019444444444444445 0.00625
0 0.36388888888888893 0.41171874999999997 0.018518518518518517 0.011979166666666666
0 0.4708333333333333 0.28619791666666666 0.026851851851851852 0.018229166666666668
0 0.36388888888888893 0.24583333333333332 0.02777777777777778 0.020833333333333332
0 0.23842592592592593 0.16796875 0.025 0.018229166666666668
0 0.25092592592592594 0.15234375 0.024074074074074074 0.01614583333333333
0 0.21203703703703705 0.10598958333333333 0.02592592592592593 0.0171875
0 0.26481481481481484 0.30182291666666666 0.020370370370370372 0.013020833333333334
0 0.2152777777777778 0.28541666666666665 0.025 0.020833333333333332
0 0.1537037037037037 0.27317708333333335 0.02592592592592593 0.011979166666666666
0 0.16712962962962963 0.22890625 0.026851851851851852 0.01614583333333333
0 0.29120370370370374 0.41822916666666665 0.02314814814814815 0.016666666666666666
0 0.26481481481481484 0.42291666666666666 0.031481481481481485 0.017708333333333333
0 0.25833333333333336 0.40234375 0.020370370370370372 0.0109375
0 0.2189814814814815 0.38307291666666665 0.02314814814814815 0.013020833333333334
0 0.15555555555555556 0.37421875 0.02962962962962963 0.0171875
0 0.20046296296296298 0.4302083333333333 0.026851851851851852 0.016666666666666666
0 0.17592592592592593 0.53203125 0.040740740740740744 0.019270833333333334
0 0.20694444444444446 0.5471354166666667 0.030555555555555558 0.015104166666666667
0 0.12037037037037038 0.6067708333333334 0.02962962962962963 0.0125
0 0.10972222222222222 0.6427083333333333 0.015740740740740743 0.010416666666666666
0 0.012037037037037037 0.73046875 0.020370370370370372 0.018229166666666668
0 0.02777777777777778 0.6953125 0.02592592592592593 0.020833333333333332
0 0.04027777777777778 0.65078125 0.026851851851851852 0.01614583333333333
0 0.01712962962962963 0.6486979166666667 0.015740740740740743 0.013020833333333334
0 0.04259259259259259 0.62890625 0.024074074074074074 0.009895833333333333
0 0.2087962962962963 0.25234375 0.021296296296296296 0.0140625
0 0.2513888888888889 0.2872395833333333 0.025 0.018229166666666668
0 0.27037037037037037 0.3927083333333333 0.02592592592592593 0.017708333333333333
0 0.26481481481481484 0.27369791666666665 0.02777777777777778 0.013020833333333334
0 0.5328703703703704 0.3890625 0.021296296296296296 0.013541666666666667
0 0.725925925925926 0.68984375 0.02592592592592593 0.0109375
0 0.3685185185185185 0.3223958333333333 0.022222222222222223 0.017708333333333333
0 0.362962962962963 0.33984375 0.022222222222222223 0.0140625
