0 0.33425925925925926 0.21223958333333334 0.02592592592592593 0.01614583333333333
0 0.3060185185185185 0.3375 0.030555555555555558 0.013541666666666667
0 0.37962962962962965 0.2875 0.02592592592592593 0.01875
0 0.2606481481481482 0.31223958333333335 0.02314814814814815 0.0171875
0 0.1865740740740741 0.32317708333333334 0.02314814814814815 0.0140625
0 0.2777777777777778 0.36953125 0.02777777777777778 0.021354166666666667
0 0.3212962962962963 0.37890625 0.031481481481481485 0.018229166666666668
0 0.3453703703703704 0.37994791666666666 0.022222222222222223 0.0171875
0 0.20601851851851852 0.425 0.028703703703703703 0.015625
0 0.3351851851851852 0.45859374999999997 0.02962962962962963 0.0140625
0 0.19166666666666668 0.47213541666666664 0.02777777777777778 0.018229166666666668
0 0.2162037037037037 0.48593749999999997 0.032407407407407406 0.022916666666666665
0 0.312962962962963 0.49895833333333334 0.03333333333333333 0.019791666666666666
0 0.3421296296296296 0.5239583333333333 0.03425925925925926 0.019791666666666666
0 0.21805555555555556 0.5247395833333334 0.036111111111111115 0.0203125
0 0.2138888888888889 0.6247395833333333 0.04259259259259259 0.0234375
0 0.2439814814814815 0.69453125 0.04351851851851852 0.030729166666666665
0 0.29074074074074074 0.7653645833333333 0.02777777777777778 0.0203125
0 0.2138888888888889 0.7481770833333333 0.037037037037037035 0.022395833333333334
0 0.18888888888888888 0.7536458333333333 0.024074074074074074 0.014583333333333334
0 0.01990740740740741 0.7604166666666666 0.03425925925925926 0.02395833333333333
0 0.009259259259259259 0.3221354166666667 0.014814814814814815 0.0171875
0 0.04953703703703704 0.5049479166666666 0.03425925925925926 0.019270833333333334
0 0.25601851851851853 0.6111979166666667 0.03425925925925926 0.021354166666666667
0 0.3458333333333333 0.6049479166666667 0.036111111111111115 0.0171875
0 0.07962962962962963 0.8401041666666667 0.024074074074074074 0.02395833333333333
0 0.08981481481481482 0.6606770833333333 0.03518518518518519 0.018229166666666668
0 0.0125 0.5794270833333334 0.02314814814814815 0.01614583333333333
0 0.3148148148148148 0.68828125 0.03333333333333333 0.0203125
0 0.3527777777777778 0.68046875 0.031481481481481485 0.015104166666666667
0 0.3861111111111111 0.7520833333333333 0.024074074074074074 0.022916666666666665
0 0.4083333333333333 0.7408854166666666 0.04259259259259259 0.0234375
0 0.5305555555555556 0.7544270833333333 0.020370370370370372 0.013020833333333334
0 0.4953703703703704 0.6 0.02777777777777778 0.021875
0 0.4342592592592593 0.6096354166666667 0.011111111111111112 0.0171875
0 0.3851851851851852 0.5526041666666667 0.031481481481481485 0.017708333333333333
0 0.4462962962962963 0.5372395833333333 0.02777777777777778 0.0171875
0 0.6569444444444444 0.8739583333333333 0.03981481481481482 0.03125
0 0.6226851851851852 0.86875 0.03981481481481482 0.028125
0 0.6513888888888889 0.79296875 0.03796296296296296 0.027604166666666666
0 0.6435185185185185 0.7598958333333333 0.03888888888888889 0.026041666666666668
0 0.7152777777777778 0.7098958333333333 0.036111111111111115 0.025
0 0.7736111111111111 0.75546875 0.025 0.011979166666666666
0 0.8861111111111112 0.8309895833333333 0.04259259259259259 0.028645833333333332
0 0.5736111111111112 0.5838541666666667 0.030555555555555558 0.01875
0 0.6074074074074074 0.628125 0.014814814814814815 0.007291666666666667
0 0.4337962962962963 0.5510416666666667 0.02314814814814815 0.0125
0 0.6583333333333333 0.5932291666666667 0.031481481481481485 0.014583333333333334
0 0.5949074074074074 0.5419270833333333 0.02314814814814815 0.0109375
0 0.5921296296296297 0.5205729166666666 0.019444444444444445 0.015104166666666667
0 0.5875 0.47890625 0.02314814814814815 0.0140625
0 0.4240740740740741 0.3841145833333333 0.024074074074074074 0.01614583333333333
0 0.5240740740740741 0.4010416666666667 0.018518518518518517 0.011458333333333333
0 0.5412037037037037 0.3958333333333333 0.021296296296296296 0.011458333333333333
0 0.5541666666666667 0.40989583333333335 0.019444444444444445 0.013541666666666667
0 0.44722222222222224 0.2838541666666667 0.02777777777777778 0.01875
0 0.5694444444444444 0.5190104166666667 0.022222222222222223 0.015104166666666667
0 0.5541666666666667 0.24270833333333333 0.026851851851851852 0.020833333333333332
0 0.6805555555555556 0.16432291666666665 0.024074074074074074 0.018229166666666668
0 0.6671296296296296 0.14921875 0.02314814814814815 0.0171875
0 0.7023148148148148 0.10208333333333333 0.02314814814814815 0.017708333333333333
0 0.6518518518518519 0.30026041666666664 0.020370370370370372 0.013020833333333334
0 0.6962962962962963 0.28359375 0.02592592592592593 0.0203125
0 0.7648148148148148 0.2716145833333333 0.024074074074074074 0.013020833333333334
0 0.7513888888888889 0.22708333333333333 0.025 0.016666666666666666
0 0.6425925925925926 0.39140625 0.022222222222222223 0.019270833333333334
0 0.6268518518518519 0.41744791666666664 0.02962962962962963 0.01614583333333333
0 0.6490740740740741 0.42135416666666664 0.02962962962962963 0.016666666666666666
0 0.6638888888888889 0.4015625 0.020370370370370372 0.011458333333333333
0 0.6944444444444444 0.38307291666666665 0.02592592592592593 0.015104166666666667
0 0.7583333333333334 0.37265625 0.02777777777777778 0.01614583333333333
0 0.7162037037037037 0.4296875 0.028703703703703703 0.015625
0 0.7384259259259259 0.53203125 0.036111111111111115 0.019270833333333334
0 0.7162037037037037 0.546875 0.026851851851851852 0.013541666666666667
0 0.7986111111111112 0.6067708333333334 0.030555555555555558 0.0125
0 0.8055555555555556 0.64453125 0.018518518518518517 0.009895833333333333
0 0.912962962962963 0.7315104166666666 0.03333333333333333 0.018229166666666668
0 0.8921296296296297 0.6953125 0.030555555555555558 0.020833333333333332
0 0.8810185185185185 0.6505208333333333 0.026851851851851852 0.017708333333333333
0 0.9069444444444444 0.6494791666666666 0.017592592592592594 0.013541666666666667
0 0.9222222222222223 0.6419270833333334 0.024074074074074074 0.015104166666666667
0 0.887962962962963 0.6286458333333333 0.018518518518518517 0.010416666666666666
0 0.9824074074074074 0.5255208333333333 0.024074074074074074 0.011458333333333333
0 0.9902777777777778 0.49296875 0.019444444444444445 0.015104166666666667
0 0.9805555555555556 0.4505208333333333 0.031481481481481485 0.014583333333333334
0 0.9740740740740741 0.4145833333333333 0.031481481481481485 0.016666666666666666
0 0.9898148148148148 0.39609375 0.020370370370370372 0.0109375
0 0.9745370370370371 0.2986979166666667 0.030555555555555558 0.0171875
0 0.712037037037037 0.25 0.022222222222222223 0.014583333333333334
0 0.2972222222222222 0.6497395833333334 0.024074074074074074 0.0203125
0 0.6611111111111111 0.2856770833333333 0.022222222222222223 0.018229166666666668
0 0.6569444444444444 0.2713541666666667 0.026851851851851852 0.013541666666666667
0 0.3800925925925926 0.3841145833333333 0.025 0.018229166666666668
0 0.18888888888888888 0.69140625 0.02777777777777778 0.011979166666666666
0 0.5587962962962963 0.3203125 0.019444444444444445 0.015625
0 0.5652777777777778 0.3375 0.021296296296296296 0.013541666666666667
