0 0.7314814814814815 0.2171875 0.02962962962962963 0.017708333333333333
0 0.762962962962963 0.3419270833333333 0.031481481481481485 0.013020833333333334
0 0.6819444444444445 0.29192708333333334 0.026851851851851852 0.018229166666666668
0 0.875462962962963 0.32760416666666664 0.021296296296296296 0.013541666666666667
0 0.7944444444444445 0.3731770833333333 0.02777777777777778 0.021354166666666667
0 0.7537037037037038 0.38307291666666665 0.03333333333333333 0.019270833333333334
0 0.725462962962963 0.38359375 0.021296296296296296 0.0171875
0 0.862962962962963 0.4302083333333333 0.02962962962962963 0.016666666666666666
0 0.7277777777777779 0.4627604166666667 0.02962962962962963 0.0140625
0 0.8814814814814815 0.47630208333333335 0.02592592592592593 0.018229166666666668
0 0.8532407407407407 0.48984374999999997 0.03981481481481482 0.0234375
0 0.7597222222222223 0.5028645833333333 0.032407407407407406 0.019270833333333334
0 0.7287037037037037 0.528125 0.03518518518518519 0.019791666666666666
0 0.8532407407407407 0.5291666666666667 0.03425925925925926 0.020833333333333332
0 0.8666666666666667 0.6291666666666667 0.04259259259259259 0.02395833333333333
0 0.8388888888888889 0.6997395833333333 0.040740740740740744 0.027604166666666666
0 0.7856481481481482 0.7703125 0.026851851851851852 0.021875
0 0.8634259259259259 0.7528645833333333 0.03796296296296296 0.022395833333333334
0 0.887962962962963 0.759375 0.024074074074074074 0.013541666666666667
0 0.8189814814814815 0.6153645833333333 0.03425925925925926 0.022395833333333334
0 0.7296296296296296 0.6119791666666666 0.03333333333333333 0.016666666666666666
0 0.9828703703703704 0.665625 0.03425925925925926 0.01875
0 0.7699074074074075 0.69296875 0.03981481481481482 0.021354166666666667
0 0.7199074074074074 0.6822916666666666 0.030555555555555558 0.02395833333333333
0 0.6949074074074074 0.7572916666666667 0.02314814814814815 0.022916666666666665
0 0.6712962962962963 0.7455729166666667 0.040740740740740744 0.022395833333333334
0 0.5472222222222223 0.7578125 0.022222222222222223 0.015625
0 0.5805555555555556 0.60390625 0.02592592592592593 0.0203125
0 0.6324074074074074 0.6143229166666666 0.014814814814814815 0.0171875
0 0.6828703703703703 0.5565104166666667 0.03425925925925926 0.0171875
0 0.6490740740740741 0.690625 0.014814814814814815 0.017708333333333333
0 0.6194444444444445 0.5401041666666666 0.02777777777777778 0.014583333333333334
0 0.42314814814814816 0.8796875 0.040740740740740744 0.03125
0 0.4564814814814815 0.8736979166666666 0.03888888888888889 0.0296875
0 0.42453703703703705 0.7981770833333334 0.03796296296296296 0.027604166666666666
0 0.4236111111111111 0.7651041666666667 0.028703703703703703 0.025
0 0.36388888888888893 0.7135416666666666 0.04259259259259259 0.025
0 0.29444444444444445 0.7591145833333334 0.02592592592592593 0.013020833333333334
0 0.1912037037037037 0.8359375 0.03981481481481482 0.029166666666666667
0 0.500925925925926 0.5877604166666667 0.031481481481481485 0.019270833333333334
0 0.45740740740740743 0.63046875 0.022222222222222223 0.009895833333333333
0 0.6333333333333333 0.5552083333333333 0.02777777777777778 0.0125
0 0.40370370370370373 0.596875 0.031481481481481485 0.014583333333333334
0 0.4703703703703704 0.5479166666666666 0.02592592592592593 0.017708333333333333
0 0.5375 0.49166666666666664 0.02314814814814815 0.011458333333333333
0 0.47175925925925927 0.5244791666666666 0.02314814814814815 0.014583333333333334
0 0.4740740740740741 0.48203124999999997 0.022222222222222223 0.0140625
0 0.6157407407407408 0.37734375 0.024074074074074074 0.015104166666666667
0 0.6018518518518519 0.3971354166666667 0.014814814814814815 0.0078125
0 0.5416666666666667 0.40572916666666664 0.020370370370370372 0.010416666666666666
0 0.524537037037037 0.4002604166666667 0.021296296296296296 0.011979166666666666
0 0.5111111111111112 0.41432291666666665 0.020370370370370372 0.0140625
0 0.6171296296296297 0.28802083333333334 0.028703703703703703 0.01875
0 0.4912037037037037 0.5239583333333333 0.028703703703703703 0.014583333333333334
0 0.5111111111111112 0.24765625 0.02777777777777778 0.0203125
0 0.38703703703703707 0.17005208333333333 0.024074074074074074 0.018229166666666668
0 0.40046296296296297 0.15546875 0.02314814814814815 0.0171875
0 0.3675925925925926 0.10859375 0.024074074074074074 0.0171875
0 0.4166666666666667 0.30494791666666665 0.020370370370370372 0.013020833333333334
0 0.3763888888888889 0.28880208333333335 0.025 0.0203125
0 0.3041666666666667 0.27708333333333335 0.025 0.013541666666666667
0 0.3162037037037037 0.23229166666666667 0.025 0.016666666666666666
0 0.4305555555555556 0.3963541666666667 0.024074074074074074 0.01875
0 0.4425925925925926 0.421875 0.024074074074074074 0.016666666666666666
0 0.4203703703703704 0.42578125 0.02962962962962963 0.01614583333333333
0 0.3995370370370371 0.40572916666666664 0.021296296296296296 0.0125
0 0.3726851851851852 0.38776041666666666 0.025 0.015104166666666667
0 0.3111111111111111 0.37734375 0.02592592592592593 0.01614583333333333
0 0.350462962962963 0.43359375 0.028703703703703703 0.015104166666666667
0 0.3300925925925926 0.5354166666666667 0.03425925925925926 0.01875
0 0.34490740740740744 0.55078125 0.025 0.0140625
0 0.3314814814814815 0.6864583333333333 0.024074074074074074 0.011458333333333333
0 0.26481481481481484 0.6098958333333333 0.02777777777777778 0.0125
0 0.2638888888888889 0.6486979166666667 0.020370370370370372 0.0109375
0 0.15046296296296297 0.7361979166666667 0.032407407407407406 0.018229166666666668
0 0.17407407407407408 0.6997395833333333 0.03518518518518519 0.0203125
0 0.17916666666666667 0.6546875 0.025 0.017708333333333333
0 0.15416666666666667 0.6533854166666666 0.019444444444444445 0.013020833333333334
0 0.13564814814814816 0.6455729166666666 0.02314814814814815 0.015104166666666667
0 0.1712962962962963 0.6328125 0.020370370370370372 0.010416666666666666
0 0.01388888888888889 0.7419270833333333 0.024074074074074074 0.0203125
0 0.04120370370370371 0.7080729166666666 0.030555555555555558 0.0171875
0 0.02361111111111111 0.6052083333333333 0.025 0.017708333333333333
0 0.04583333333333334 0.42421875 0.021296296296296296 0.013020833333333334
0 0.07777777777777778 0.5302083333333333 0.02592592592592593 0.0125
0 0.07453703703703704 0.49713541666666666 0.030555555555555558 0.0140625
0 0.07777777777777778 0.4549479166666667 0.031481481481481485 0.01614583333333333
0 0.08888888888888889 0.4184895833333333 0.031481481481481485 0.0171875
0 0.06944444444444445 0.4 0.02777777777777778 0.011458333333333333
0 0.05 0.35104166666666664 0.03518518518518519 0.017708333333333333
0 0.08611111111111111 0.3028645833333333 0.02962962962962963 0.0171875
0 0.0638888888888889 0.28854166666666664 0.02592592592592593 0.015625
0 0.017592592592592594 0.27630208333333334 0.020370370370370372 0.0140625
0 0.024537037037037038 0.2643229166666667 0.02314814814814815 0.0109375
0 0.35370370370370374 0.25494791666666666 0.022222222222222223 0.0140625
0 0.7805555555555556 0.65546875 0.024074074074074074 0.021354166666666667
0 0.41111111111111115 0.2895833333333333 0.018518518518518517 0.014583333333333334
0 0.40925925925925927 0.27682291666666664 0.024074074074074074 0.0109375
0 0.6907407407407408 0.3890625 0.02777777777777778 0.01875
0 0.8773148148148149 0.696875 0.02314814814814815 0.013541666666666667
0 0.500462962962963 0.3223958333333333 0.021296296296296296 0.009375
