0 0.23611111111111113 0.21692708333333333 0.02962962962962963 0.0171875
0 0.20277777777777778 0.34270833333333334 0.031481481481481485 0.013541666666666667
0 0.28750000000000003 0.29244791666666664 0.026851851851851852 0.018229166666666668
0 0.09490740740740741 0.328125 0.021296296296296296 0.013541666666666667
0 0.17037037037037037 0.37447916666666664 0.02777777777777778 0.020833333333333332
0 0.20972222222222223 0.384375 0.03425925925925926 0.020833333333333332
0 0.24074074074074076 0.38359375 0.022222222222222223 0.0171875
0 0.10324074074074074 0.4296875 0.028703703703703703 0.014583333333333334
0 0.24120370370370373 0.4630208333333333 0.028703703703703703 0.014583333333333334
0 0.08333333333333334 0.4770833333333333 0.02592592592592593 0.01875
0 0.11064814814814815 0.49114583333333334 0.03981481481481482 0.022916666666666665
0 0.20601851851851852 0.5041666666666667 0.032407407407407406 0.019791666666666666
0 0.23842592592592593 0.5286458333333334 0.03425925925925926 0.020833333333333332
0 0.11157407407407408 0.5296875 0.032407407407407406 0.021875
0 0.09444444444444444 0.6307291666666667 0.044444444444444446 0.02395833333333333
0 0.11944444444444445 0.7013020833333333 0.040740740740740744 0.0265625
0 0.1763888888888889 0.7723958333333333 0.026851851851851852 0.021875
0 0.09861111111111112 0.7549479166666666 0.03796296296296296 0.022395833333333334
0 0.07314814814814816 0.76171875 0.024074074074074074 0.013020833333333334
0 0.1449074074074074 0.6174479166666667 0.036111111111111115 0.022395833333333334
0 0.23472222222222222 0.6138020833333333 0.030555555555555558 0.0171875
0 0.18935185185185185 0.69453125 0.04351851851851852 0.022395833333333334
0 0.24305555555555555 0.6848958333333334 0.032407407407407406 0.021875
0 0.2662037037037037 0.759375 0.021296296296296296 0.022916666666666665
0 0.29074074074074074 0.74765625 0.040740740740740744 0.022395833333333334
0 0.41574074074074074 0.75859375 0.022222222222222223 0.0171875
0 0.3787037037037037 0.6057291666666667 0.02962962962962963 0.019791666666666666
0 0.3375 0.6169270833333333 0.019444444444444445 0.015104166666666667
0 0.2851851851851852 0.55703125 0.03518518518518519 0.0171875
0 0.31666666666666665 0.6921875 0.018518518518518517 0.017708333333333333
0 0.3513888888888889 0.54140625 0.030555555555555558 0.01614583333333333
0 0.5388888888888889 0.8815104166666666 0.040740740740740744 0.03177083333333333
0 0.5055555555555555 0.87578125 0.040740740740740744 0.0296875
0 0.5402777777777777 0.7997395833333333 0.03796296296296296 0.027604166666666666
0 0.5425925925925926 0.7669270833333334 0.02962962962962963 0.024479166666666666
0 0.6018518518518519 0.7138020833333333 0.040740740740740744 0.025520833333333333
0 0.6736111111111112 0.7596354166666667 0.026851851851851852 0.015104166666666667
0 0.7731481481481481 0.8369791666666666 0.03888888888888889 0.030208333333333334
0 0.4638888888888889 0.5888020833333333 0.031481481481481485 0.0203125
0 0.5152777777777778 0.6315104166666666 0.021296296296296296 0.0109375
0 0.337037037037037 0.5559895833333334 0.02592592592592593 0.013020833333333334
0 0.5694444444444444 0.5981770833333333 0.03333333333333333 0.015104166666666667
0 0.5023148148148149 0.5494791666666666 0.025 0.017708333333333333
0 0.4342592592592593 0.49166666666666664 0.022222222222222223 0.0125
0 0.5018518518518519 0.5244791666666666 0.020370370370370372 0.014583333333333334
0 0.49722222222222223 0.48359375 0.024074074074074074 0.015104166666666667
0 0.3509259259259259 0.3770833333333333 0.02592592592592593 0.016666666666666666
0 0.3648148148148148 0.39947916666666666 0.018518518518518517 0.011458333333333333
0 0.4291666666666667 0.40651041666666665 0.015740740740740743 0.009895833333333333
0 0.4449074074074074 0.40078125 0.021296296296296296 0.011979166666666666
0 0.45833333333333337 0.41510416666666666 0.020370370370370372 0.014583333333333334
0 0.3513888888888889 0.28828125 0.028703703703703703 0.019270833333333334
0 0.48055555555555557 0.5244791666666666 0.02777777777777778 0.013541666666666667
0 0.45787037037037037 0.2484375 0.026851851851851852 0.020833333333333332
0 0.5819444444444445 0.17083333333333334 0.02314814814814815 0.01875
0 0.5694444444444444 0.15546875 0.024074074074074074 0.0171875
0 0.6 0.10885416666666667 0.020370370370370372 0.016666666666666666
0 0.5523148148148148 0.30546875 0.019444444444444445 0.013020833333333334
0 0.5898148148148148 0.2890625 0.02592592592592593 0.019791666666666666
0 0.6662037037037037 0.27734375 0.025 0.0140625
0 0.6523148148148148 0.23307291666666666 0.025 0.01614583333333333
0 0.5351851851851852 0.396875 0.02592592592592593 0.01875
0 0.5259259259259259 0.4231770833333333 0.022222222222222223 0.0171875
0 0.5481481481481482 0.4263020833333333 0.02962962962962963 0.01614583333333333
0 0.5722222222222223 0.40651041666666665 0.022222222222222223 0.013020833333333334
0 0.5972222222222222 0.3880208333333333 0.024074074074074074 0.015625
0 0.6569444444444444 0.37786458333333334 0.026851851851851852 0.01614583333333333
0 0.6194444444444445 0.434375 0.02777777777777778 0.014583333333333334
0 0.6412037037037037 0.5364583333333334 0.028703703703703703 0.019791666666666666
0 0.6268518518518519 0.5510416666666667 0.024074074074074074 0.013541666666666667
0 0.6527777777777778 0.5778645833333333 0.024074074074074074 0.0109375
0 0.6402777777777778 0.6901041666666666 0.03425925925925926 0.015625
0 0.7064814814814815 0.61015625 0.02592592592592593 0.0109375
0 0.7023148148148148 0.6505208333333333 0.017592592592592594 0.010416666666666666
0 0.8199074074074074 0.7372395833333333 0.032407407407407406 0.018229166666666668
0 0.7958333333333334 0.70078125 0.036111111111111115 0.0203125
0 0.7921296296296296 0.6552083333333333 0.025 0.017708333333333333
0 0.8180555555555555 0.6541666666666667 0.019444444444444445 0.013541666666666667
0 0.8375 0.64609375 0.02314814814814815 0.015104166666666667
0 0.8023148148148148 0.6328125 0.021296296296296296 0.010416666666666666
0 0.9574074074074075 0.74375 0.037037037037037035 0.017708333333333333
0 0.9277777777777778 0.7088541666666667 0.02777777777777778 0.017708333333333333
0 0.9439814814814815 0.60703125 0.026851851851851852 0.018229166666666668
0 0.8976851851851853 0.53125 0.02314814814814815 0.0125
0 0.9847222222222223 0.5010416666666666 0.030555555555555558 0.015625
0 0.8935185185185186 0.4979166666666667 0.031481481481481485 0.014583333333333334
0 0.8949074074074075 0.45546875 0.028703703703703703 0.01614583333333333
0 0.8824074074074074 0.41953124999999997 0.031481481481481485 0.0171875
0 0.9023148148148149 0.4010416666666667 0.028703703703703703 0.011458333333333333
0 0.9199074074074074 0.35182291666666665 0.03425925925925926 0.0171875
0 0.8861111111111112 0.30390625 0.02962962962962963 0.018229166666666668
0 0.9097222222222222 0.28932291666666665 0.026851851851851852 0.01614583333333333
0 0.9550925925925926 0.27682291666666664 0.021296296296296296 0.0140625
0 0.9782407407407407 0.27630208333333334 0.02314814814814815 0.013020833333333334
0 0.976388888888889 0.26640625 0.02314814814814815 0.011979166666666666
0 0.9476851851851852 0.26458333333333334 0.021296296296296296 0.011458333333333333
0 0.9842592592592593 0.25703125 0.022222222222222223 0.011979166666666666
0 0.987962962962963 0.20416666666666666 0.024074074074074074 0.019791666666666666
0 0.6162037037037037 0.2552083333333333 0.019444444444444445 0.013541666666666667
0 0.18472222222222223 0.6572916666666666 0.021296296296296296 0.020833333333333332
0 0.5560185185185186 0.29010416666666666 0.015740740740740743 0.015625
0 0.5597222222222222 0.278125 0.02314814814814815 0.011458333333333333
0 0.27592592592592596 0.3888020833333333 0.02962962962962963 0.018229166666666668
0 0.08888888888888889 0.69765625 0.022222222222222223 0.013020833333333334
