0 0.18796296296296297 0.21302083333333333 0.02962962962962963 0.017708333333333333
0 0.15185185185185185 0.33984375 0.02962962962962963 0.013020833333333334
0 0.24305555555555555 0.28984375 0.026851851851851852 0.018229166666666668
0 0.04814814814814815 0.32578125 0.018518518518518517 0.013020833333333334
0 0.11712962962962964 0.3716145833333333 0.028703703703703703 0.021354166666666667
0 0.16111111111111112 0.38125 0.02777777777777778 0.01875
0 0.18888888888888888 0.3815104166666667 0.024074074074074074 0.0171875
0 0.051388888888888894 0.4270833333333333 0.030555555555555558 0.014583333333333334
0 0.19861111111111113 0.46249999999999997 0.03796296296296296 0.013541666666666667
0 0.028703703703703703 0.47578125 0.024074074074074074 0.018229166666666668
0 0.05694444444444444 0.48984374999999997 0.03981481481481482 0.022395833333333334
0 0.15231481481481482 0.5033854166666667 0.032407407407407406 0.019270833333333334
0 0.1875 0.5283854166666666 0.03425925925925926 0.019270833333333334
0 0.059722222222222225 0.52890625 0.030555555555555558 0.0234375
0 0.037037037037037035 0.63125 0.044444444444444446 0.02395833333333333
0 0.059722222222222225 0.7013020833333333 0.04537037037037037 0.025520833333333333
0 0.12175925925925926 0.7729166666666667 0.026851851851851852 0.022916666666666665
0 0.04166666666666667 0.7557291666666667 0.040740740740740744 0.022916666666666665
0 0.01712962962962963 0.7630208333333334 0.021296296296296296 0.0125
0 0.09027777777777778 0.6166666666666667 0.03796296296296296 0.022916666666666665
0 0.1814814814814815 0.6138020833333333 0.031481481481481485 0.0171875
0 0.12962962962962962 0.6947916666666667 0.0462962962962963 0.022916666666666665
0 0.19351851851851853 0.6854166666666667 0.02962962962962963 0.020833333333333332
0 0.20972222222222223 0.76015625 0.019444444444444445 0.0234375
0 0.23425925925925928 0.7484375 0.03888888888888889 0.021875
0 0.3615740740740741 0.7588541666666666 0.02314814814814815 0.01875
0 0.39583333333333337 0.7424479166666667 0.017592592592592594 0.0171875
0 0.3226851851851852 0.6057291666666667 0.030555555555555558 0.019791666666666666
0 0.29120370370370374 0.6182291666666666 0.021296296296296296 0.011458333333333333
0 0.23703703703703705 0.5565104166666667 0.03333333333333333 0.0171875
0 0.26666666666666666 0.6916666666666667 0.020370370370370372 0.017708333333333333
0 0.3050925925925926 0.5403645833333334 0.030555555555555558 0.0140625
0 0.4814814814814815 0.8828125 0.040740740740740744 0.03229166666666666
0 0.45 0.875 0.037037037037037035 0.029166666666666667
0 0.48750000000000004 0.8002604166666667 0.03796296296296296 0.027604166666666666
0 0.49074074074074076 0.7682291666666666 0.031481481481481485 0.022916666666666665
0 0.549537037037037 0.7125 0.04166666666666667 0.027083333333333334
0 0.6273148148148149 0.7583333333333333 0.026851851851851852 0.017708333333333333
0 0.7194444444444444 0.8372395833333334 0.03518518518518519 0.030729166666666665
0 0.4115740740740741 0.5880208333333333 0.032407407407407406 0.019791666666666666
0 0.47361111111111115 0.6309895833333333 0.021296296296296296 0.0109375
0 0.29305555555555557 0.5549479166666667 0.028703703703703703 0.011979166666666666
0 0.5268518518518519 0.5973958333333333 0.031481481481481485 0.014583333333333334
0 0.4569444444444445 0.5486979166666667 0.026851851851851852 0.018229166666666668
0 0.3912037037037037 0.4903645833333333 0.025 0.013020833333333334
0 0.4569444444444445 0.5239583333333333 0.021296296296296296 0.014583333333333334
0 0.45416666666666666 0.4822916666666667 0.025 0.014583333333333334
0 0.27361111111111114 0.38671875 0.02314814814814815 0.0109375
0 0.3013888888888889 0.37578125 0.025 0.015104166666666667
0 0.31527777777777777 0.39765625 0.019444444444444445 0.011979166666666666
0 0.38287037037037036 0.4044270833333333 0.015740740740740743 0.0109375
0 0.3995370370370371 0.3989583333333333 0.021296296296296296 0.0125
0 0.412962962962963 0.41354166666666664 0.022222222222222223 0.014583333333333334
0 0.3060185185185185 0.2856770833333333 0.028703703703703703 0.019270833333333334
0 0.4361111111111111 0.5234375 0.02592592592592593 0.013541666666666667
0 0.412962962962963 0.2453125 0.02777777777777778 0.020833333333333332
0 0.5375 0.16666666666666666 0.02314814814814815 0.017708333333333333
0 0.5236111111111111 0.15130208333333334 0.02314814814814815 0.0171875
0 0.5527777777777778 0.10390624999999999 0.020370370370370372 0.0171875
0 0.5060185185185185 0.3028645833333333 0.019444444444444445 0.013020833333333334
0 0.5402777777777777 0.2864583333333333 0.026851851851851852 0.019791666666666666
0 0.6212962962962963 0.2747395833333333 0.02592592592592593 0.0140625
0 0.6074074074074074 0.2296875 0.024074074074074074 0.016666666666666666
0 0.4865740740740741 0.39557291666666666 0.026851851851851852 0.019270833333333334
0 0.47870370370370374 0.42135416666666664 0.022222222222222223 0.016666666666666666
0 0.5 0.42421875 0.02962962962962963 0.01614583333333333
0 0.5939814814814816 0.5354166666666667 0.03425925925925926 0.016666666666666666
0 0.5287037037037037 0.4046875 0.022222222222222223 0.0125
0 0.5518518518518519 0.38619791666666664 0.024074074074074074 0.015104166666666667
0 0.6106481481481482 0.3755208333333333 0.026851851851851852 0.015625
0 0.5736111111111112 0.4328125 0.028703703703703703 0.014583333333333334
0 0.5875 0.55078125 0.021296296296296296 0.0140625
0 0.6101851851851852 0.5776041666666667 0.022222222222222223 0.010416666666666666
0 0.5930555555555556 0.6919270833333333 0.032407407407407406 0.01614583333333333
0 0.662962962962963 0.61015625 0.02592592592592593 0.013020833333333334
0 0.6583333333333333 0.6471354166666666 0.024074074074074074 0.0140625
0 0.774537037037037 0.73671875 0.032407407407407406 0.019270833333333334
0 0.75 0.7 0.03518518518518519 0.020833333333333332
0 0.750925925925926 0.65546875 0.02777777777777778 0.018229166666666668
0 0.7763888888888889 0.6533854166666666 0.021296296296296296 0.0140625
0 0.7967592592592593 0.64609375 0.02314814814814815 0.015104166666666667
0 0.7620370370370371 0.63203125 0.022222222222222223 0.009895833333333333
0 0.9055555555555556 0.74296875 0.03518518518518519 0.018229166666666668
0 0.8810185185185185 0.709375 0.026851851851851852 0.016666666666666666
0 0.9861111111111112 0.6838541666666667 0.02777777777777778 0.014583333333333334
0 0.9856481481481482 0.6317708333333333 0.028703703703703703 0.014583333333333334
0 0.8949074074074075 0.6057291666666667 0.028703703703703703 0.017708333333333333
0 0.9805555555555556 0.5661458333333333 0.03333333333333333 0.015625
0 0.9800925925925926 0.57734375 0.03796296296296296 0.008854166666666666
0 0.8578703703703704 0.5302083333333333 0.02314814814814815 0.013541666666666667
0 0.9888888888888889 0.5109375 0.022222222222222223 0.016666666666666666
0 0.9453703703703704 0.49973958333333335 0.031481481481481485 0.015104166666666667
0 0.9893518518518519 0.43906249999999997 0.021296296296296296 0.016666666666666666
0 0.9671296296296297 0.4348958333333333 0.025 0.0125
0 0.8462962962962963 0.49635416666666665 0.02962962962962963 0.014583333333333334
0 0.8560185185185185 0.4536458333333333 0.026851851851851852 0.014583333333333334
0 0.8416666666666667 0.41770833333333335 0.03333333333333333 0.019791666666666666
0 0.8611111111111112 0.39947916666666666 0.02777777777777778 0.011458333333333333
0 0.9875 0.35130208333333335 0.025 0.0171875
0 0.8768518518518519 0.35 0.03333333333333333 0.017708333333333333
0 0.9634259259259259 0.30104166666666665 0.028703703703703703 0.0125
0 0.8472222222222222 0.30104166666666665 0.02962962962962963 0.017708333333333333
0 0.8680555555555556 0.2864583333333333 0.026851851851851852 0.015625
0 0.9157407407407407 0.27421875 0.020370370370370372 0.0140625
0 0.9370370370370371 0.27369791666666665 0.022222222222222223 0.013020833333333334
0 0.9356481481481482 0.2635416666666667 0.02314814814814815 0.0125
0 0.9078703703703704 0.26197916666666665 0.021296296296296296 0.011458333333333333
0 0.9430555555555556 0.25364583333333335 0.02314814814814815 0.011458333333333333
0 0.9912037037037037 0.24661458333333333 0.017592592592592594 0.019270833333333334
0 0.9527777777777778 0.20078125 0.03333333333333333 0.019270833333333334
0 0.5726851851851852 0.2520833333333333 0.021296296296296296 0.0125
0 0.6166666666666667 0.48151041666666666 0.011111111111111112 0.0109375
0 0.1300925925925926 0.6598958333333333 0.017592592592592594 0.016666666666666666
0 0.5069444444444444 0.28671875 0.01388888888888889 0.015104166666666667
0 0.5143518518518518 0.27447916666666666 0.019444444444444445 0.011458333333333333
0 0.22546296296296298 0.3880208333333333 0.028703703703703703 0.016666666666666666
