0 0.8611111111111112 0.20390624999999998 0.031481481481481485 0.018229166666666668
0 0.8986111111111111 0.3338541666666667 0.030555555555555558 0.013541666666666667
0 0.8009259259259259 0.2825520833333333 0.02777777777777778 0.018229166666666668
0 0.9935185185185186 0.31875 0.012962962962962964 0.0125
0 0.9356481481481482 0.3653645833333333 0.030555555555555558 0.0203125
0 0.8898148148148148 0.3755208333333333 0.02592592592592593 0.01875
0 0.8611111111111112 0.3763020833333333 0.022222222222222223 0.0171875
0 0.8453703703703704 0.4583333333333333 0.040740740740740744 0.014583333333333334
0 0.8981481481481481 0.5005208333333333 0.02962962962962963 0.016666666666666666
0 0.8615740740740742 0.5247395833333334 0.036111111111111115 0.0203125
0 0.987962962962963 0.5255208333333333 0.024074074074074074 0.022916666666666665
0 0.987037037037037 0.6973958333333333 0.02592592592592593 0.022916666666666665
0 0.9300925925925926 0.7713541666666667 0.026851851851851852 0.022916666666666665
0 0.9625 0.61484375 0.03796296296296296 0.022395833333333334
0 0.8671296296296297 0.6088541666666667 0.03981481481481482 0.020833333333333332
0 0.9287037037037037 0.6934895833333333 0.0462962962962963 0.022395833333333334
0 0.8592592592592593 0.68359375 0.031481481481481485 0.021354166666666667
0 0.8449074074074074 0.759375 0.021296296296296296 0.02395833333333333
0 0.8203703703703704 0.7471354166666666 0.03888888888888889 0.022395833333333334
0 0.6893518518518519 0.7565104166666666 0.02314814814814815 0.019270833333333334
0 0.6518518518518519 0.740625 0.020370370370370372 0.017708333333333333
0 0.7305555555555556 0.6018229166666667 0.03518518518518519 0.0203125
0 0.7513888888888889 0.6161458333333333 0.021296296296296296 0.010416666666666666
0 0.8101851851851852 0.553125 0.03518518518518519 0.016666666666666666
0 0.7796296296296297 0.6893229166666667 0.020370370370370372 0.0171875
0 0.7402777777777778 0.53671875 0.026851851851851852 0.015104166666666667
0 0.5703703703703704 0.8815104166666666 0.040740740740740744 0.03177083333333333
0 0.6023148148148149 0.8729166666666667 0.03981481481481482 0.029166666666666667
0 0.5611111111111111 0.7986979166666667 0.03888888888888889 0.027604166666666666
0 0.5569444444444445 0.76640625 0.032407407407407406 0.022395833333333334
0 0.500462962962963 0.7111979166666667 0.04351851851851852 0.0265625
0 0.41435185185185186 0.75546875 0.025 0.019270833333333334
0 0.32962962962962966 0.8356770833333333 0.03333333333333333 0.0296875
0 0.6375000000000001 0.58515625 0.032407407407407406 0.0203125
0 0.5662037037037038 0.628125 0.02314814814814815 0.0125
0 0.7513888888888889 0.5526041666666667 0.028703703703703703 0.0125
0 0.5143518518518518 0.5940104166666667 0.030555555555555558 0.015104166666666667
0 0.5856481481481481 0.5453125 0.026851851851851852 0.017708333333333333
0 0.6486111111111111 0.4869791666666667 0.025 0.013541666666666667
0 0.6069444444444445 0.5192708333333333 0.02314814814814815 0.014583333333333334
0 0.5856481481481481 0.5205729166666666 0.021296296296296296 0.015104166666666667
0 0.587037037037037 0.4791666666666667 0.024074074074074074 0.014583333333333334
0 0.7763888888888889 0.38125 0.025 0.016666666666666666
0 0.7486111111111111 0.3703125 0.025 0.015625
0 0.7314814814814815 0.3921875 0.020370370370370372 0.0125
0 0.6606481481481482 0.3997395833333333 0.015740740740740743 0.0109375
0 0.6449074074074075 0.39401041666666664 0.021296296296296296 0.013020833333333334
0 0.6305555555555555 0.4080729166666667 0.022222222222222223 0.015104166666666667
0 0.7388888888888889 0.2786458333333333 0.02962962962962963 0.019791666666666666
0 0.6310185185185185 0.2375 0.028703703703703703 0.020833333333333332
0 0.5050925925925926 0.1578125 0.02314814814814815 0.017708333333333333
0 0.5185185185185185 0.1421875 0.024074074074074074 0.017708333333333333
0 0.4902777777777778 0.09322916666666667 0.021296296296296296 0.016666666666666666
0 0.5375 0.29661458333333335 0.021296296296296296 0.011979166666666666
0 0.4481481481481482 0.5307291666666667 0.031481481481481485 0.014583333333333334
0 0.5060185185185185 0.2799479166666667 0.026851851851851852 0.0203125
0 0.4199074074074074 0.26796875 0.025 0.0140625
0 0.4342592592592593 0.22239583333333332 0.024074074074074074 0.016666666666666666
0 0.5597222222222222 0.390625 0.028703703703703703 0.01875
0 0.5657407407407408 0.4166666666666667 0.020370370370370372 0.016666666666666666
0 0.5444444444444445 0.4203125 0.02962962962962963 0.016666666666666666
0 0.5106481481481482 0.4002604166666667 0.02314814814814815 0.013020833333333334
0 0.49074074074074076 0.38125 0.024074074074074074 0.015625
0 0.4324074074074074 0.3703125 0.02592592592592593 0.015625
0 0.46851851851851856 0.4283854166666667 0.02777777777777778 0.0140625
0 0.4513888888888889 0.5466145833333333 0.019444444444444445 0.0140625
0 0.4305555555555556 0.5760416666666667 0.02592592592592593 0.013541666666666667
0 0.45092592592592595 0.6903645833333333 0.03333333333333333 0.0171875
0 0.3787037037037037 0.6075520833333333 0.02592592592592593 0.0140625
0 0.38287037037037036 0.6442708333333333 0.02314814814814815 0.014583333333333334
0 0.26666666666666666 0.7338541666666667 0.031481481481481485 0.01875
0 0.29074074074074074 0.6973958333333333 0.03518518518518519 0.020833333333333332
0 0.2884259259259259 0.6526041666666667 0.028703703703703703 0.01875
0 0.26157407407407407 0.6505208333333333 0.021296296296296296 0.014583333333333334
0 0.24027777777777778 0.6427083333333333 0.02314814814814815 0.014583333333333334
0 0.275 0.6291666666666667 0.022222222222222223 0.010416666666666666
0 0.14120370370370372 0.740625 0.036111111111111115 0.017708333333333333
0 0.1615740740740741 0.7067708333333333 0.025 0.016666666666666666
0 0.020833333333333336 0.790625 0.025 0.019791666666666666
0 0.05462962962962963 0.68125 0.02962962962962963 0.014583333333333334
0 0.05601851851851852 0.6278645833333333 0.032407407407407406 0.015104166666666667
0 0.14907407407407408 0.603125 0.02962962962962963 0.01875
0 0.05787037037037037 0.5627604166666667 0.032407407407407406 0.015104166666666667
0 0.058333333333333334 0.5739583333333333 0.037037037037037035 0.009375
0 0.019444444444444445 0.5768229166666666 0.022222222222222223 0.013020833333333334
0 0.17824074074074076 0.5265625 0.02314814814814815 0.013541666666666667
0 0.04212962962962963 0.5067708333333333 0.036111111111111115 0.017708333333333333
0 0.08981481481481482 0.49557291666666664 0.031481481481481485 0.015104166666666667
0 0.024074074074074074 0.4591145833333333 0.02592592592592593 0.013020833333333334
0 0.011111111111111112 0.4380208333333333 0.018518518518518517 0.01875
0 0.04351851851851852 0.43463541666666666 0.03518518518518519 0.0171875
0 0.07268518518518519 0.43046875 0.025 0.013020833333333334
0 0.19583333333333333 0.4927083333333333 0.028703703703703703 0.014583333333333334
0 0.1814814814814815 0.44921875 0.024074074074074074 0.013020833333333334
0 0.19583333333333333 0.4125 0.032407407407407406 0.017708333333333333
0 0.17546296296296296 0.39479166666666665 0.028703703703703703 0.011458333333333333
0 0.03796296296296296 0.34739583333333335 0.02777777777777778 0.014583333333333334
0 0.16203703703703703 0.3442708333333333 0.03333333333333333 0.017708333333333333
0 0.07268518518518519 0.2947916666666667 0.028703703703703703 0.0125
0 0.18842592592592594 0.2950520833333333 0.028703703703703703 0.018229166666666668
0 0.1675925925925926 0.28046875 0.02777777777777778 0.01614583333333333
0 0.11898148148148148 0.2677083333333333 0.019444444444444445 0.013541666666666667
0 0.09722222222222222 0.2671875 0.022222222222222223 0.013541666666666667
0 0.10046296296296296 0.25703125 0.02314814814814815 0.013020833333333334
0 0.12731481481481483 0.2552083333333333 0.019444444444444445 0.011458333333333333
0 0.09166666666666667 0.24713541666666666 0.022222222222222223 0.011979166666666666
0 0.037037037037037035 0.23932291666666666 0.03333333333333333 0.0203125
0 0.08148148148148149 0.19348958333333333 0.03333333333333333 0.019270833333333334
0 0.46805555555555556 0.24453125 0.019444444444444445 0.011979166666666666
0 0.42083333333333334 0.47942708333333334 0.01388888888888889 0.013020833333333334
0 0.925 0.6580729166666667 0.022222222222222223 0.01614583333333333
0 0.5287037037037037 0.26640625 0.016666666666666666 0.008854166666666666
