0 0.8685185185185186 0.20182291666666666 0.031481481481481485 0.018229166666666668
0 0.9074074074074074 0.33177083333333335 0.02962962962962963 0.013541666666666667
0 0.8083333333333333 0.28125 0.02777777777777778 0.01875
0 0.9439814814814815 0.36432291666666666 0.030555555555555558 0.0203125
0 0.8976851851851853 0.3736979166666667 0.026851851851851852 0.018229166666666668
0 0.8699074074074075 0.37526041666666665 0.02314814814814815 0.0171875
0 0.8537037037037037 0.45703125 0.040740740740740744 0.0140625
0 0.9069444444444444 0.49921875 0.030555555555555558 0.0171875
0 0.8694444444444445 0.5244791666666666 0.03518518518518519 0.019791666666666666
0 0.9393518518518519 0.7708333333333334 0.026851851851851852 0.022916666666666665
0 0.9717592592592593 0.6140625 0.03796296296296296 0.022916666666666665
0 0.875925925925926 0.6083333333333333 0.040740740740740744 0.020833333333333332
0 0.938425925925926 0.6927083333333334 0.04537037037037037 0.022916666666666665
0 0.8685185185185186 0.6830729166666667 0.031481481481481485 0.021354166666666667
0 0.8532407407407407 0.7583333333333333 0.021296296296296296 0.022916666666666665
0 0.8287037037037037 0.7466145833333333 0.03888888888888889 0.022395833333333334
0 0.6972222222222223 0.7559895833333333 0.024074074074074074 0.019270833333333334
0 0.6587962962962963 0.73984375 0.021296296296296296 0.0171875
0 0.7398148148148148 0.6010416666666667 0.03518518518518519 0.019791666666666666
0 0.7578703703703704 0.615625 0.021296296296296296 0.010416666666666666
0 0.8175925925925926 0.5526041666666667 0.03518518518518519 0.016666666666666666
0 0.7870370370370371 0.6890625 0.020370370370370372 0.017708333333333333
0 0.7481481481481482 0.5359375 0.02777777777777778 0.014583333333333334
0 0.5782407407407407 0.88046875 0.04166666666666667 0.03177083333333333
0 0.6106481481481482 0.8721354166666666 0.04166666666666667 0.028645833333333332
0 0.5694444444444444 0.7979166666666666 0.03888888888888889 0.027083333333333334
0 0.5643518518518519 0.7658854166666667 0.032407407407407406 0.022395833333333334
0 0.5083333333333333 0.71015625 0.044444444444444446 0.0265625
0 0.42129629629629634 0.7546875 0.02592592592592593 0.019791666666666666
0 0.3365740740740741 0.8348958333333333 0.032407407407407406 0.030208333333333334
0 0.6453703703703704 0.584375 0.03333333333333333 0.019791666666666666
0 0.5726851851851852 0.6268229166666667 0.02314814814814815 0.011979166666666666
0 0.7587962962962963 0.5520833333333334 0.028703703703703703 0.0125
0 0.5208333333333334 0.5932291666666667 0.030555555555555558 0.015625
0 0.5930555555555556 0.54453125 0.026851851851851852 0.018229166666666668
0 0.6550925925925927 0.4856770833333333 0.025 0.013020833333333334
0 0.5921296296296297 0.5197916666666667 0.021296296296296296 0.015625
0 0.5935185185185186 0.4778645833333333 0.022222222222222223 0.0140625
0 0.7842592592592593 0.3802083333333333 0.024074074074074074 0.016666666666666666
0 0.7569444444444444 0.3692708333333333 0.025 0.015625
0 0.7388888888888889 0.3911458333333333 0.020370370370370372 0.0125
0 0.6675925925925926 0.3984375 0.016666666666666666 0.010416666666666666
0 0.6518518518518519 0.3927083333333333 0.022222222222222223 0.0125
0 0.6370370370370371 0.40729166666666666 0.022222222222222223 0.014583333333333334
0 0.7467592592592592 0.27682291666666664 0.030555555555555558 0.019270833333333334
0 0.6125 0.5184895833333333 0.02314814814814815 0.0140625
0 0.6375000000000001 0.23567708333333334 0.028703703703703703 0.021354166666666667
0 0.5120370370370371 0.15572916666666667 0.024074074074074074 0.017708333333333333
0 0.5259259259259259 0.13984375 0.024074074074074074 0.018229166666666668
0 0.49722222222222223 0.090625 0.020370370370370372 0.017708333333333333
0 0.5444444444444445 0.2950520833333333 0.020370370370370372 0.011979166666666666
0 0.5125000000000001 0.2778645833333333 0.026851851851851852 0.0203125
0 0.42592592592592593 0.26640625 0.02592592592592593 0.0140625
0 0.44074074074074077 0.2203125 0.024074074074074074 0.016666666666666666
0 0.5666666666666667 0.3893229166666667 0.02777777777777778 0.019270833333333334
0 0.5731481481481482 0.41562499999999997 0.020370370370370372 0.016666666666666666
0 0.5518518518518519 0.41822916666666665 0.02962962962962963 0.016666666666666666
0 0.5171296296296296 0.39921875 0.02314814814814815 0.013020833333333334
0 0.4981481481481482 0.37994791666666666 0.024074074074074074 0.015104166666666667
0 0.4393518518518519 0.3692708333333333 0.026851851851851852 0.015625
0 0.47453703703703703 0.4276041666666667 0.028703703703703703 0.014583333333333334
0 0.45416666666666666 0.5291666666666667 0.032407407407407406 0.016666666666666666
0 0.45740740740740743 0.5463541666666667 0.020370370370370372 0.013541666666666667
0 0.4375 0.5752604166666666 0.026851851851851852 0.013020833333333334
0 0.4587962962962963 0.6901041666666666 0.03425925925925926 0.017708333333333333
0 0.3842592592592593 0.60703125 0.02592592592592593 0.0140625
0 0.3902777777777778 0.6434895833333333 0.02314814814814815 0.0140625
0 0.2726851851851852 0.7333333333333333 0.030555555555555558 0.01875
0 0.2976851851851852 0.6963541666666666 0.03425925925925926 0.020833333333333332
0 0.2939814814814815 0.6515625 0.028703703703703703 0.01875
0 0.26712962962962966 0.6494791666666666 0.021296296296296296 0.014583333333333334
0 0.24583333333333335 0.6419270833333334 0.02314814814814815 0.015104166666666667
0 0.28055555555555556 0.6286458333333333 0.022222222222222223 0.010416666666666666
0 0.14814814814814814 0.7395833333333334 0.037037037037037035 0.017708333333333333
0 0.1685185185185185 0.70546875 0.02592592592592593 0.01614583333333333
0 0.02777777777777778 0.7895833333333333 0.024074074074074074 0.019791666666666666
0 0.061111111111111116 0.6802083333333333 0.02962962962962963 0.014583333333333334
0 0.06296296296296297 0.6270833333333333 0.03333333333333333 0.015625
0 0.15555555555555556 0.6018229166666667 0.02962962962962963 0.018229166666666668
0 0.06342592592592593 0.5619791666666667 0.032407407407407406 0.015625
0 0.06342592592592593 0.5734375 0.036111111111111115 0.009375
0 0.024537037037037038 0.5760416666666667 0.021296296296296296 0.013541666666666667
0 0.1837962962962963 0.5255208333333333 0.02314814814814815 0.013541666666666667
0 0.047685185185185185 0.50625 0.036111111111111115 0.017708333333333333
0 0.09537037037037037 0.4947916666666667 0.031481481481481485 0.014583333333333334
0 0.02962962962962963 0.45807291666666666 0.02592592592592593 0.013020833333333334
0 0.013425925925925926 0.43697916666666664 0.02314814814814815 0.019791666666666666
0 0.049074074074074076 0.43359375 0.03518518518518519 0.0171875
0 0.07777777777777778 0.4302083333333333 0.02592592592592593 0.0125
0 0.20231481481481484 0.49192708333333335 0.028703703703703703 0.0140625
0 0.1865740740740741 0.4484375 0.02314814814814815 0.0125
0 0.20092592592592592 0.4114583333333333 0.03333333333333333 0.017708333333333333
0 0.18194444444444446 0.39348958333333334 0.025 0.011979166666666666
0 0.04212962962962963 0.34609375 0.026851851851851852 0.015104166666666667
0 0.16666666666666669 0.34322916666666664 0.03333333333333333 0.017708333333333333
0 0.07731481481481482 0.2934895833333333 0.028703703703703703 0.011979166666666666
0 0.19351851851851853 0.29401041666666666 0.02962962962962963 0.018229166666666668
0 0.1726851851851852 0.27890625 0.026851851851851852 0.01614583333333333
0 0.12314814814814816 0.26666666666666666 0.018518518518518517 0.013541666666666667
0 0.10185185185185186 0.26588541666666665 0.022222222222222223 0.013020833333333334
0 0.1050925925925926 0.25546875 0.02314814814814815 0.013020833333333334
0 0.13240740740740742 0.25364583333333335 0.018518518518518517 0.011458333333333333
0 0.09675925925925927 0.24557291666666667 0.02314814814814815 0.011979166666666666
0 0.04120370370370371 0.23776041666666667 0.03425925925925926 0.0203125
0 0.08611111111111111 0.19140625 0.03333333333333333 0.019270833333333334
0 0.47453703703703703 0.24244791666666665 0.019444444444444445 0.011979166666666666
0 0.42638888888888893 0.4786458333333333 0.01388888888888889 0.013541666666666667
0 0.9342592592592593 0.6580729166666667 0.022222222222222223 0.01614583333333333
0 0.5342592592592593 0.26510416666666664 0.016666666666666666 0.008333333333333333
