0 0.05324074074074074 0.18828125 0.030555555555555558 0.018229166666666668
0 0.013425925925925926 0.321875 0.025 0.014583333333333334
0 0.12083333333333333 0.27057291666666666 0.028703703703703703 0.019270833333333334
0 0.07407407407407407 0.44947916666666665 0.03333333333333333 0.014583333333333334
0 0.01388888888888889 0.49244791666666665 0.02592592592592593 0.018229166666666668
0 0.05324074074074074 0.51796875 0.03796296296296296 0.019270833333333334
0 0.03888888888888889 0.6028645833333334 0.037037037037037035 0.0203125
0 0.049074074074074076 0.6786458333333333 0.03518518518518519 0.021875
0 0.059722222222222225 0.7533854166666667 0.021296296296296296 0.021354166666666667
0 0.08425925925925926 0.7424479166666667 0.037037037037037035 0.022395833333333334
0 0.2212962962962963 0.7520833333333333 0.024074074074074074 0.020833333333333332
0 0.2657407407407408 0.7359375 0.02592592592592593 0.017708333333333333
0 0.1726851851851852 0.5966145833333333 0.04166666666666667 0.021354166666666667
0 0.16944444444444445 0.61171875 0.012962962962962964 0.0078125
0 0.10648148148148148 0.5466145833333333 0.03333333333333333 0.0171875
0 0.14120370370370372 0.6841145833333333 0.019444444444444445 0.0171875
0 0.1814814814814815 0.5315104166666667 0.02962962962962963 0.018229166666666668
0 0.3375 0.8778645833333333 0.04351851851851852 0.0328125
0 0.3055555555555556 0.8692708333333333 0.04259259259259259 0.029166666666666667
0 0.3523148148148148 0.7947916666666667 0.03796296296296296 0.028125
0 0.35833333333333334 0.7625 0.03518518518518519 0.021875
0 0.41250000000000003 0.70546875 0.05092592592592593 0.0296875
0 0.5078703703703704 0.7505208333333333 0.030555555555555558 0.019791666666666666
0 0.5851851851851853 0.8315104166666667 0.03333333333333333 0.0296875
0 0.275 0.5799479166666667 0.03518518518518519 0.0203125
0 0.36388888888888893 0.6216145833333333 0.020370370370370372 0.0109375
0 0.33935185185185185 0.5393229166666667 0.025 0.018229166666666668
0 0.28055555555555556 0.4796875 0.02592592592592593 0.013541666666666667
0 0.3421296296296296 0.5138020833333333 0.02314814814814815 0.015104166666666667
0 0.1388888888888889 0.37109375 0.02592592592592593 0.0171875
0 0.16342592592592592 0.36041666666666666 0.026851851851851852 0.015625
0 0.4328703703703704 0.07578125 0.021296296296296296 0.018229166666666668
0 0.1851851851851852 0.38255208333333335 0.020370370370370372 0.011979166666666666
0 0.2625 0.39036458333333335 0.015740740740740743 0.009895833333333333
0 0.27731481481481485 0.384375 0.021296296296296296 0.011458333333333333
0 0.2925925925925926 0.3989583333333333 0.022222222222222223 0.013541666666666667
0 0.1824074074074074 0.2661458333333333 0.031481481481481485 0.020833333333333332
0 0.2925925925925926 0.22447916666666667 0.02962962962962963 0.021875
0 0.4203703703703704 0.14244791666666667 0.02592592592592593 0.019270833333333334
0 0.4064814814814815 0.12630208333333334 0.024074074074074074 0.018229166666666668
0 0.3856481481481482 0.28515625 0.021296296296296296 0.013020833333333334
0 0.4134259259259259 0.2674479166666667 0.026851851851851852 0.022395833333333334
0 0.5078703703703704 0.2565104166666667 0.026851851851851852 0.015104166666666667
0 0.5023148148148149 0.5705729166666667 0.026851851851851852 0.0109375
0 0.49259259259259264 0.209375 0.02592592592592593 0.01875
0 0.35879629629629634 0.38046875 0.030555555555555558 0.018229166666666668
0 0.35694444444444445 0.40859375 0.021296296296296296 0.01614583333333333
0 0.3773148148148148 0.4122395833333333 0.030555555555555558 0.0171875
0 0.41944444444444445 0.39166666666666666 0.024074074074074074 0.013541666666666667
0 0.4337962962962963 0.3729166666666667 0.025 0.016666666666666666
0 0.4916666666666667 0.36223958333333334 0.02592592592592593 0.01614583333333333
0 0.45787037037037037 0.4200520833333333 0.028703703703703703 0.0140625
0 0.47731481481481486 0.5252604166666667 0.030555555555555558 0.0203125
0 0.47962962962962963 0.54140625 0.022222222222222223 0.015104166666666667
0 0.4671296296296297 0.6864583333333333 0.030555555555555558 0.016666666666666666
0 0.549074074074074 0.60390625 0.024074074074074074 0.0140625
0 0.5435185185185185 0.6393229166666666 0.024074074074074074 0.011979166666666666
0 0.6615740740740741 0.7291666666666666 0.030555555555555558 0.019791666666666666
0 0.6361111111111112 0.69296875 0.031481481481481485 0.019270833333333334
0 0.6486111111111111 0.64765625 0.026851851851851852 0.0171875
0 0.674537037037037 0.6455729166666666 0.021296296296296296 0.015104166666666667
0 0.6962962962962963 0.6377604166666666 0.02592592592592593 0.015104166666666667
0 0.6601851851851852 0.62421875 0.024074074074074074 0.009895833333333333
0 0.7768518518518519 0.7356770833333334 0.03518518518518519 0.018229166666666668
0 0.7643518518518518 0.7033854166666667 0.026851851851851852 0.022395833333333334
0 0.8939814814814815 0.7859375 0.030555555555555558 0.025
0 0.8736111111111111 0.6768229166666666 0.028703703703703703 0.015104166666666667
0 0.8611111111111112 0.6221354166666666 0.031481481481481485 0.0203125
0 0.775 0.5981770833333333 0.031481481481481485 0.018229166666666668
0 0.8726851851851852 0.5578125 0.032407407407407406 0.015625
0 0.8745370370370371 0.5692708333333333 0.03425925925925926 0.008333333333333333
0 0.9106481481481482 0.5723958333333333 0.021296296296296296 0.014583333333333334
0 0.7578703703703704 0.52109375 0.025 0.0140625
0 0.888425925925926 0.5018229166666667 0.03425925925925926 0.018229166666666668
0 0.8458333333333333 0.490625 0.030555555555555558 0.015625
0 0.9041666666666667 0.45208333333333334 0.025 0.014583333333333334
0 0.9268518518518519 0.4309895833333333 0.03888888888888889 0.0203125
0 0.8842592592592593 0.428125 0.03518518518518519 0.017708333333333333
0 0.8560185185185185 0.42421875 0.02314814814814815 0.011979166666666666
0 0.7291666666666667 0.4861979166666667 0.026851851851851852 0.0140625
0 0.750462962962963 0.44140625 0.012037037037037037 0.008854166666666666
0 0.7384259259259259 0.40598958333333335 0.030555555555555558 0.0171875
0 0.7592592592592593 0.3875 0.02777777777777778 0.011458333333333333
0 0.9148148148148149 0.3377604166666667 0.02592592592592593 0.011979166666666666
0 0.7712962962962964 0.33619791666666665 0.031481481481481485 0.018229166666666668
0 0.862962962962963 0.28515625 0.02777777777777778 0.011979166666666666
0 0.7495370370370371 0.2864583333333333 0.026851851851851852 0.017708333333333333
0 0.08842592592592594 0.3697916666666667 0.028703703703703703 0.014583333333333334
0 0.7699074074074075 0.2716145833333333 0.026851851851851852 0.01614583333333333
0 0.8194444444444445 0.25755208333333335 0.016666666666666666 0.0140625
0 0.8407407407407408 0.25677083333333334 0.024074074074074074 0.014583333333333334
0 0.8361111111111111 0.24635416666666665 0.022222222222222223 0.011458333333333333
0 0.8106481481481482 0.2453125 0.015740740740740743 0.011458333333333333
0 0.8467592592592593 0.23671875 0.02314814814814815 0.011979166666666666
0 0.8990740740740741 0.22864583333333333 0.03333333333333333 0.019791666666666666
0 0.8587962962962963 0.18177083333333333 0.032407407407407406 0.019791666666666666
0 0.45972222222222225 0.23229166666666667 0.021296296296296296 0.013541666666666667
0 0.5217592592592593 0.47369791666666666 0.015740740740740743 0.015104166666666667
0 0.7925925925925926 0.4127604166666667 0.022222222222222223 0.01614583333333333
0 0.9587962962962964 0.7111979166666667 0.04351851851851852 0.0234375
0 0.9361111111111111 0.5046875 0.016666666666666666 0.01875
0 0.9675925925925927 0.3966145833333333 0.037037037037037035 0.0171875
0 0.9893518518518519 0.3653645833333333 0.021296296296296296 0.0140625
