0 0.9564814814814815 0.18828125 0.031481481481481485 0.018229166666666668
0 0.9921296296296297 0.32265625 0.015740740740740743 0.015104166666666667
0 0.8875000000000001 0.27109375 0.028703703703703703 0.019270833333333334
0 0.9351851851851852 0.45 0.03333333333333333 0.014583333333333334
0 0.9912037037037037 0.4921875 0.017592592592592594 0.019791666666666666
0 0.9560185185185186 0.5182291666666666 0.03796296296296296 0.01875
0 0.9717592592592593 0.6033854166666667 0.03796296296296296 0.0203125
0 0.9606481481481481 0.67890625 0.036111111111111115 0.021354166666666667
0 0.951388888888889 0.7541666666666667 0.021296296296296296 0.020833333333333332
0 0.9268518518518519 0.7432291666666666 0.03888888888888889 0.022916666666666665
0 0.7898148148148149 0.75234375 0.024074074074074074 0.021354166666666667
0 0.7439814814814815 0.7361979166666667 0.025 0.018229166666666668
0 0.8384259259259259 0.5981770833333333 0.04166666666666667 0.0234375
0 0.8402777777777778 0.6122395833333333 0.012037037037037037 0.0078125
0 0.9027777777777778 0.5471354166666667 0.03333333333333333 0.0171875
0 0.8680555555555556 0.684375 0.019444444444444445 0.017708333333333333
0 0.8277777777777778 0.5328125 0.02962962962962963 0.01875
0 0.6731481481481482 0.8783854166666667 0.04259259259259259 0.0328125
0 0.7032407407407407 0.8692708333333333 0.04166666666666667 0.028125
0 0.6578703703703704 0.7953125 0.03796296296296296 0.028125
0 0.6513888888888889 0.7627604166666666 0.036111111111111115 0.022395833333333334
0 0.5986111111111111 0.70625 0.05092592592592593 0.029166666666666667
0 0.500925925925926 0.7515625 0.02962962962962963 0.019791666666666666
0 0.425462962962963 0.8325520833333333 0.032407407407407406 0.0296875
0 0.7351851851851852 0.58046875 0.03518518518518519 0.0203125
0 0.6425925925925926 0.621875 0.024074074074074074 0.010416666666666666
0 0.6699074074074074 0.53984375 0.025 0.018229166666666668
0 0.7273148148148149 0.4796875 0.025 0.013541666666666667
0 0.6675925925925926 0.5143229166666666 0.024074074074074074 0.015104166666666667
0 0.8708333333333333 0.37135416666666665 0.025 0.016666666666666666
0 0.8458333333333333 0.36041666666666666 0.026851851851851852 0.015625
0 0.8240740740740741 0.38255208333333335 0.020370370370370372 0.011979166666666666
0 0.5773148148148148 0.07578125 0.02314814814814815 0.018229166666666668
0 0.7467592592592592 0.39036458333333335 0.015740740740740743 0.009895833333333333
0 0.7319444444444445 0.38515625 0.021296296296296296 0.011979166666666666
0 0.7157407407407408 0.39921875 0.022222222222222223 0.0140625
0 0.8268518518518518 0.2661458333333333 0.031481481481481485 0.020833333333333332
0 0.7166666666666667 0.225 0.02962962962962963 0.021875
0 0.5893518518518519 0.14296875 0.025 0.019270833333333334
0 0.6027777777777777 0.1265625 0.024074074074074074 0.017708333333333333
0 0.6240740740740741 0.28541666666666665 0.022222222222222223 0.013541666666666667
0 0.5958333333333333 0.2671875 0.026851851851851852 0.021875
0 0.5013888888888889 0.25703125 0.026851851851851852 0.015104166666666667
0 0.5166666666666667 0.20963541666666666 0.02592592592592593 0.018229166666666668
0 0.6518518518518519 0.3809895833333333 0.031481481481481485 0.019270833333333334
0 0.6523148148148148 0.4088541666666667 0.021296296296296296 0.016666666666666666
0 0.6319444444444444 0.4122395833333333 0.030555555555555558 0.0171875
0 0.5893518518518519 0.3919270833333333 0.02314814814814815 0.013020833333333334
0 0.5750000000000001 0.3729166666666667 0.024074074074074074 0.016666666666666666
0 0.5180555555555556 0.36223958333333334 0.026851851851851852 0.01614583333333333
0 0.5518518518518519 0.42083333333333334 0.02962962962962963 0.014583333333333334
0 0.5314814814814816 0.5260416666666666 0.031481481481481485 0.019791666666666666
0 0.5287037037037037 0.54140625 0.022222222222222223 0.015104166666666667
0 0.5064814814814815 0.57109375 0.02777777777777778 0.009895833333333333
0 0.5425925925925926 0.6872395833333333 0.02962962962962963 0.0171875
0 0.46064814814814814 0.60390625 0.02314814814814815 0.0140625
0 0.46620370370370373 0.6395833333333333 0.02314814814814815 0.011458333333333333
0 0.3476851851851852 0.7299479166666667 0.030555555555555558 0.019270833333333334
0 0.37222222222222223 0.6932291666666667 0.031481481481481485 0.019791666666666666
0 0.35879629629629634 0.64765625 0.026851851851851852 0.0171875
0 0.3337962962962963 0.6455729166666666 0.021296296296296296 0.015104166666666667
0 0.31157407407407406 0.63828125 0.025 0.015104166666666667
0 0.34814814814814815 0.625 0.024074074074074074 0.010416666666666666
0 0.23333333333333334 0.7361979166666667 0.037037037037037035 0.018229166666666668
0 0.24537037037037038 0.7033854166666667 0.02592592592592593 0.022395833333333334
0 0.11620370370370371 0.7861979166666666 0.030555555555555558 0.025520833333333333
0 0.13564814814814816 0.67734375 0.028703703703703703 0.015104166666666667
0 0.1476851851851852 0.6221354166666666 0.030555555555555558 0.0203125
0 0.23564814814814816 0.5981770833333333 0.030555555555555558 0.018229166666666668
0 0.13611111111111113 0.5580729166666667 0.031481481481481485 0.015104166666666667
0 0.13425925925925927 0.5692708333333333 0.03333333333333333 0.009375
0 0.09861111111111112 0.57265625 0.021296296296296296 0.0140625
0 0.25 0.5213541666666667 0.024074074074074074 0.013541666666666667
0 0.11990740740740741 0.5020833333333333 0.036111111111111115 0.017708333333333333
0 0.16296296296296298 0.49140625 0.02962962962962963 0.015104166666666667
0 0.1050925925925926 0.45260416666666664 0.025 0.014583333333333334
0 0.08240740740740742 0.4309895833333333 0.03888888888888889 0.0203125
0 0.125 0.428125 0.03518518518518519 0.017708333333333333
0 0.1527777777777778 0.42421875 0.022222222222222223 0.011979166666666666
0 0.2800925925925926 0.4864583333333333 0.026851851851851852 0.013541666666666667
0 0.26805555555555555 0.40651041666666665 0.03425925925925926 0.0171875
0 0.24861111111111112 0.3875 0.026851851851851852 0.011458333333333333
0 0.09305555555555556 0.33828125 0.025 0.011979166666666666
0 0.23703703703703705 0.33619791666666665 0.031481481481481485 0.018229166666666668
0 0.14583333333333334 0.28541666666666665 0.028703703703703703 0.0125
0 0.924537037037037 0.37135416666666665 0.026851851851851852 0.014583333333333334
0 0.2587962962962963 0.2864583333333333 0.026851851851851852 0.017708333333333333
0 0.2388888888888889 0.2713541666666667 0.02592592592592593 0.016666666666666666
0 0.18888888888888888 0.2578125 0.016666666666666666 0.014583333333333334
0 0.1685185185185185 0.25703125 0.024074074074074074 0.0140625
0 0.17222222222222222 0.24661458333333333 0.022222222222222223 0.011979166666666666
0 0.19861111111111113 0.2453125 0.015740740740740743 0.011458333333333333
0 0.1625 0.23671875 0.02314814814814815 0.011979166666666666
0 0.11064814814814815 0.22890625 0.032407407407407406 0.0203125
0 0.15 0.18177083333333333 0.031481481481481485 0.019791666666666666
0 0.5486111111111112 0.23229166666666667 0.02314814814814815 0.013541666666666667
0 0.4865740740740741 0.4734375 0.015740740740740743 0.015625
0 0.2162037037037037 0.41302083333333334 0.02314814814814815 0.015625
0 0.05185185185185186 0.7111979166666667 0.044444444444444446 0.0234375
0 0.013425925925925926 0.81875 0.02314814814814815 0.022916666666666665
0 0.01898148148148148 0.8752604166666667 0.03425925925925926 0.019270833333333334
0 0.07314814814814816 0.5057291666666667 0.016666666666666666 0.01875
0 0.01388888888888889 0.5625 0.024074074074074074 0.016666666666666666
0 0.04120370370370371 0.39765625 0.03796296296296296 0.018229166666666668
0 0.015277777777777779 0.36666666666666664 0.026851851851851852 0.015625
