0 0.9865740740740742 0.18854166666666666 0.026851851851851852 0.017708333333333333
0 0.9185185185185185 0.27109375 0.02777777777777778 0.019270833333333334
0 0.9685185185185186 0.45026041666666666 0.03518518518518519 0.015104166666666667
0 0.9851851851851853 0.51953125 0.02962962962962963 0.019270833333333334
0 0.9888888888888889 0.6026041666666666 0.022222222222222223 0.019791666666666666
0 0.9893518518518519 0.6809895833333334 0.021296296296296296 0.022395833333333334
0 0.9888888888888889 0.7557291666666667 0.020370370370370372 0.019791666666666666
0 0.9638888888888889 0.7450520833333333 0.03888888888888889 0.0234375
0 0.8240740740740741 0.75390625 0.024074074074074074 0.022395833333333334
0 0.775462962962963 0.7375 0.025 0.01875
0 0.8763888888888889 0.5997395833333333 0.04537037037037037 0.024479166666666666
0 0.8597222222222223 0.6125 0.017592592592592594 0.011458333333333333
0 0.9375 0.5481770833333334 0.032407407407407406 0.0171875
0 0.8990740740740741 0.6854166666666667 0.020370370370370372 0.01875
0 0.8597222222222223 0.534375 0.032407407407407406 0.017708333333333333
0 0.7101851851851853 0.8807291666666667 0.044444444444444446 0.03229166666666666
0 0.7398148148148148 0.871875 0.04259259259259259 0.029166666666666667
0 0.6916666666666667 0.7971354166666667 0.03888888888888889 0.027604166666666666
0 0.6851851851851852 0.7653645833333333 0.037037037037037035 0.021354166666666667
0 0.6287037037037038 0.7080729166666666 0.0462962962962963 0.028645833333333332
0 0.5310185185185186 0.7526041666666666 0.030555555555555558 0.020833333333333332
0 0.45972222222222225 0.8346354166666666 0.03425925925925926 0.0296875
0 0.7703703703703704 0.58203125 0.03518518518518519 0.0203125
0 0.6675925925925926 0.6223958333333334 0.016666666666666666 0.007291666666666667
0 0.7000000000000001 0.5408854166666667 0.024074074074074074 0.018229166666666668
0 0.7560185185185185 0.48046875 0.025 0.0140625
0 0.6967592592592593 0.5153645833333333 0.025 0.015104166666666667
0 0.9041666666666667 0.371875 0.025 0.017708333333333333
0 0.8800925925925926 0.3609375 0.026851851851851852 0.016666666666666666
0 0.6101851851851852 0.07395833333333333 0.020370370370370372 0.011458333333333333
0 0.8569444444444445 0.38307291666666665 0.021296296296296296 0.011979166666666666
0 0.7777777777777778 0.3911458333333333 0.014814814814814815 0.010416666666666666
0 0.762962962962963 0.38567708333333334 0.022222222222222223 0.011979166666666666
0 0.7472222222222222 0.4 0.022222222222222223 0.013541666666666667
0 0.8574074074074074 0.2661458333333333 0.031481481481481485 0.020833333333333332
0 0.7476851851851852 0.22447916666666667 0.030555555555555558 0.021875
0 0.6208333333333333 0.14270833333333333 0.025 0.01875
0 0.6342592592592593 0.1265625 0.024074074074074074 0.01875
0 0.6546296296296297 0.2856770833333333 0.022222222222222223 0.0140625
0 0.6300925925925926 0.2677083333333333 0.026851851851851852 0.021875
0 0.5328703703703704 0.25755208333333335 0.026851851851851852 0.015104166666666667
0 0.5476851851851852 0.21015625 0.026851851851851852 0.018229166666666668
0 0.6851851851851852 0.38177083333333334 0.03333333333333333 0.019791666666666666
0 0.6851851851851852 0.4088541666666667 0.022222222222222223 0.016666666666666666
0 0.6638888888888889 0.41302083333333334 0.031481481481481485 0.017708333333333333
0 0.6180555555555556 0.3924479166666667 0.02314814814814815 0.013020833333333334
0 0.6060185185185185 0.3736979166666667 0.025 0.01614583333333333
0 0.549537037037037 0.3625 0.026851851851851852 0.015625
0 0.5824074074074075 0.42135416666666664 0.02962962962962963 0.014583333333333334
0 0.5625 0.5265625 0.032407407407407406 0.019791666666666666
0 0.5574074074074075 0.5427083333333333 0.024074074074074074 0.014583333333333334
0 0.5342592592592593 0.57265625 0.02777777777777778 0.011979166666666666
0 0.5750000000000001 0.6893229166666667 0.02962962962962963 0.0171875
0 0.4902777777777778 0.6049479166666667 0.02314814814814815 0.0140625
0 0.4953703703703704 0.6390625 0.022222222222222223 0.008333333333333333
0 0.37592592592592594 0.7309895833333333 0.02962962962962963 0.019270833333333334
0 0.40092592592592596 0.6942708333333333 0.031481481481481485 0.019791666666666666
0 0.3861111111111111 0.6486979166666667 0.02777777777777778 0.0171875
0 0.3615740740740741 0.6466145833333333 0.021296296296296296 0.015104166666666667
0 0.3375 0.6388020833333333 0.025 0.015104166666666667
0 0.37453703703703706 0.6252604166666667 0.025 0.009895833333333333
0 0.26666666666666666 0.7372395833333333 0.03518518518518519 0.018229166666666668
0 0.2763888888888889 0.7052083333333333 0.025 0.020833333333333332
0 0.14953703703703705 0.7872395833333333 0.032407407407407406 0.0265625
0 0.16666666666666669 0.6776041666666667 0.02777777777777778 0.015625
0 0.18287037037037038 0.6231770833333333 0.030555555555555558 0.0203125
0 0.26712962962962966 0.59921875 0.030555555555555558 0.018229166666666668
0 0.16435185185185186 0.55859375 0.030555555555555558 0.01614583333333333
0 0.1615740740740741 0.5705729166666667 0.032407407407407406 0.009895833333333333
0 0.1277777777777778 0.57265625 0.020370370370370372 0.0140625
0 0.2763888888888889 0.521875 0.025 0.013541666666666667
0 0.14953703703703705 0.5026041666666666 0.036111111111111115 0.017708333333333333
0 0.1902777777777778 0.49140625 0.028703703703703703 0.015104166666666667
0 0.1375 0.45338541666666665 0.02314814814814815 0.015104166666666667
0 0.11527777777777778 0.4315104166666667 0.03796296296296296 0.0203125
0 0.15694444444444444 0.42864583333333334 0.03425925925925926 0.017708333333333333
0 0.18333333333333335 0.42552083333333335 0.022222222222222223 0.0125
0 0.31157407407407406 0.4875 0.026851851851851852 0.014583333333333334
0 0.2967592592592593 0.4080729166666667 0.03425925925925926 0.018229166666666668
0 0.27824074074074073 0.38776041666666666 0.026851851851851852 0.0109375
0 0.11620370370370371 0.3385416666666667 0.025 0.011458333333333333
0 0.26805555555555555 0.33697916666666666 0.030555555555555558 0.017708333333333333
0 0.17500000000000002 0.28671875 0.02592592592592593 0.011979166666666666
0 0.9587962962962964 0.37057291666666664 0.025 0.015104166666666667
0 0.2865740740740741 0.2875 0.026851851851851852 0.017708333333333333
0 0.2675925925925926 0.271875 0.02592592592592593 0.015625
0 0.2675925925925926 0.271875 0.02592592592592593 0.015625
0 0.2675925925925926 0.27239583333333334 0.02592592592592593 0.016666666666666666
0 0.21805555555555556 0.25859375 0.015740740740740743 0.0140625
0 0.19768518518518519 0.25807291666666665 0.025 0.0140625
0 0.20185185185185187 0.24739583333333334 0.022222222222222223 0.011458333333333333
0 0.22685185185185186 0.24557291666666667 0.014814814814814815 0.0109375
0 0.1912037037037037 0.23723958333333334 0.02314814814814815 0.011979166666666666
0 0.14120370370370372 0.22994791666666667 0.032407407407407406 0.0203125
0 0.1787037037037037 0.18229166666666666 0.031481481481481485 0.019791666666666666
0 0.5805555555555556 0.23307291666666666 0.024074074074074074 0.0140625
0 0.5106481481481482 0.47421874999999997 0.01388888888888889 0.015104166666666667
0 0.24629629629629632 0.4127604166666667 0.02592592592592593 0.0171875
0 0.08981481481481482 0.7122395833333334 0.044444444444444446 0.024479166666666666
0 0.03935185185185185 0.8203125 0.03981481481481482 0.022916666666666665
0 0.027314814814814816 0.8791666666666667 0.04166666666666667 0.027083333333333334
0 0.10370370370370371 0.5057291666666667 0.016666666666666666 0.015625
0 0.040740740740740744 0.5625 0.02962962962962963 0.016666666666666666
0 0.07268518518518519 0.39765625 0.036111111111111115 0.018229166666666668
0 0.043055555555555555 0.36744791666666665 0.025 0.01614583333333333
0 0.028240740740740743 0.34479166666666666 0.028703703703703703 0.014583333333333334
