0 0.04814814814814815 0.26979166666666665 0.02777777777777778 0.01875
0 0.13518518518518519 0.7557291666666667 0.024074074074074074 0.027083333333333334
0 0.18842592592592594 0.7375 0.025 0.019791666666666666
0 0.08194444444444444 0.6002604166666666 0.05462962962962963 0.024479166666666666
0 0.10462962962962963 0.6109375 0.024074074074074074 0.014583333333333334
0 0.02638888888888889 0.5484375 0.028703703703703703 0.017708333333333333
0 0.05787037037037037 0.6854166666666667 0.030555555555555558 0.017708333333333333
0 0.10324074074074074 0.5348958333333333 0.026851851851851852 0.011458333333333333
0 0.24861111111111112 0.8817708333333333 0.04351851851851852 0.03333333333333333
0 0.21851851851851853 0.87265625 0.0462962962962963 0.0296875
0 0.26944444444444443 0.79765625 0.040740740740740744 0.028645833333333332
0 0.27685185185185185 0.7653645833333333 0.037037037037037035 0.022395833333333334
0 0.33101851851851855 0.7088541666666667 0.04537037037037037 0.028125
0 0.4328703703703704 0.7526041666666666 0.030555555555555558 0.020833333333333332
0 0.5050925925925926 0.8356770833333333 0.03796296296296296 0.027604166666666666
0 0.1902777777777778 0.5817708333333333 0.036111111111111115 0.019791666666666666
0 0.2986111111111111 0.6216145833333333 0.02314814814814815 0.0067708333333333336
0 0.26666666666666666 0.540625 0.024074074074074074 0.01875
0 0.2138888888888889 0.4809895833333333 0.02592592592592593 0.0140625
0 0.27037037037037037 0.5153645833333333 0.02592592592592593 0.015104166666666667
0 0.0587962962962963 0.37083333333333335 0.025 0.017708333333333333
0 0.08194444444444444 0.3598958333333333 0.026851851851851852 0.016666666666666666
0 0.10694444444444445 0.3828125 0.021296296296296296 0.0125
0 0.18888888888888888 0.39010416666666664 0.014814814814814815 0.010416666666666666
0 0.20231481481481484 0.384375 0.02314814814814815 0.011458333333333333
0 0.21944444444444444 0.39921875 0.022222222222222223 0.0140625
0 0.1087962962962963 0.26510416666666664 0.032407407407407406 0.020833333333333332
0 0.2189814814814815 0.22317708333333333 0.030555555555555558 0.022395833333333334
0 0.3453703703703704 0.14166666666666666 0.02592592592592593 0.019791666666666666
0 0.33194444444444443 0.125 0.02314814814814815 0.01875
0 0.3550925925925926 0.07083333333333333 0.028703703703703703 0.008333333333333333
0 0.3101851851851852 0.284375 0.022222222222222223 0.013541666666666667
0 0.33333333333333337 0.2669270833333333 0.02962962962962963 0.022395833333333334
0 0.4351851851851852 0.25625 0.02777777777777778 0.015625
0 0.4185185185185185 0.20885416666666667 0.02592592592592593 0.01875
0 0.27870370370370373 0.3815104166666667 0.03333333333333333 0.019270833333333334
0 0.2791666666666667 0.4088541666666667 0.019444444444444445 0.016666666666666666
0 0.300462962962963 0.4127604166666667 0.032407407407407406 0.018229166666666668
0 0.35185185185185186 0.3919270833333333 0.024074074074074074 0.0140625
0 0.3601851851851852 0.3723958333333333 0.02592592592592593 0.016666666666666666
0 0.41574074074074074 0.3619791666666667 0.02777777777777778 0.015625
0 0.3837962962962963 0.4205729166666667 0.030555555555555558 0.015104166666666667
0 0.4027777777777778 0.5260416666666666 0.03518518518518519 0.020833333333333332
0 0.41250000000000003 0.5421875 0.02314814814814815 0.014583333333333334
0 0.4342592592592593 0.5729166666666666 0.02962962962962963 0.0125
0 0.38842592592592595 0.68984375 0.026851851851851852 0.0171875
0 0.475462962962963 0.6044270833333333 0.02314814814814815 0.0140625
0 0.4708333333333333 0.6377604166666666 0.021296296296296296 0.008854166666666666
0 0.5902777777777778 0.7317708333333334 0.028703703703703703 0.01875
0 0.5666666666666667 0.6947916666666667 0.03333333333333333 0.019791666666666666
0 0.5837962962962964 0.6486979166666667 0.026851851851851852 0.0171875
0 0.6092592592592593 0.6466145833333333 0.022222222222222223 0.015104166666666667
0 0.6333333333333333 0.6385416666666667 0.024074074074074074 0.015625
0 0.5976851851851852 0.6252604166666667 0.025 0.009895833333333333
0 0.6958333333333334 0.7377604166666667 0.036111111111111115 0.018229166666666668
0 0.6898148148148149 0.7059895833333333 0.022222222222222223 0.0203125
0 0.8125 0.7872395833333333 0.032407407407407406 0.027604166666666666
0 0.8 0.6778645833333333 0.02777777777777778 0.01614583333333333
0 0.7791666666666667 0.6236979166666666 0.028703703703703703 0.021354166666666667
0 0.6972222222222223 0.59921875 0.02962962962962963 0.019270833333333334
0 0.8046296296296297 0.55859375 0.031481481481481485 0.01614583333333333
0 0.8078703703703703 0.5700520833333333 0.032407407407407406 0.008854166666666666
0 0.8402777777777778 0.57265625 0.017592592592592594 0.013020833333333334
0 0.6958333333333334 0.52109375 0.025 0.0140625
0 0.8180555555555555 0.5026041666666666 0.036111111111111115 0.017708333333333333
0 0.7800925925925927 0.4908854166666667 0.028703703703703703 0.0140625
0 0.8282407407407407 0.453125 0.021296296296296296 0.014583333333333334
0 0.8518518518518519 0.4315104166666667 0.037037037037037035 0.0203125
0 0.8092592592592593 0.428125 0.03518518518518519 0.017708333333333333
0 0.7851851851851852 0.4244791666666667 0.020370370370370372 0.0125
0 0.6527777777777778 0.4869791666666667 0.02592592592592593 0.014583333333333334
0 0.6736111111111112 0.40651041666666665 0.032407407407407406 0.0171875
0 0.6930555555555555 0.38645833333333335 0.026851851851851852 0.010416666666666666
0 0.8625 0.33619791666666665 0.021296296296296296 0.008854166666666666
0 0.700462962962963 0.3359375 0.030555555555555558 0.017708333333333333
0 0.7944444444444445 0.2856770833333333 0.024074074074074074 0.013020833333333334
0 0.6851851851851852 0.28619791666666666 0.02592592592592593 0.018229166666666668
0 0.7027777777777778 0.27109375 0.02592592592592593 0.015104166666666667
0 0.7032407407407407 0.2708333333333333 0.026851851851851852 0.015625
0 0.7037037037037037 0.2713541666666667 0.02592592592592593 0.016666666666666666
0 0.7537037037037038 0.25755208333333335 0.014814814814814815 0.0140625
0 0.7736111111111111 0.25703125 0.025 0.0140625
0 0.7675925925925926 0.24609375 0.022222222222222223 0.011979166666666666
0 0.7435185185185186 0.24453125 0.012962962962962964 0.0109375
0 0.7791666666666667 0.23671875 0.02314814814814815 0.011979166666666666
0 0.8282407407407407 0.228125 0.03425925925925926 0.020833333333333332
0 0.7921296296296296 0.18098958333333334 0.030555555555555558 0.0203125
0 0.38981481481481484 0.23046875 0.022222222222222223 0.013020833333333334
0 0.4625 0.4744791666666667 0.01388888888888889 0.013541666666666667
0 0.7222222222222222 0.41041666666666665 0.02777777777777778 0.014583333333333334
0 0.7694444444444445 0.45651041666666664 0.012962962962962964 0.013020833333333334
0 0.8680555555555556 0.7122395833333334 0.04351851851851852 0.024479166666666666
0 0.9212962962962963 0.8208333333333333 0.040740740740740744 0.022916666666666665
0 0.9740740740740741 0.8736979166666666 0.05185185185185186 0.025520833333333333
0 0.9791666666666667 0.89296875 0.03981481481481482 0.021354166666666667
0 0.9337962962962963 0.8802083333333334 0.04537037037037037 0.029166666666666667
0 0.8643518518518519 0.5052083333333334 0.017592592592592594 0.014583333333333334
0 0.9282407407407408 0.5622395833333333 0.030555555555555558 0.01614583333333333
0 0.8972222222222223 0.3971354166666667 0.03518518518518519 0.018229166666666668
0 0.9810185185185185 0.53515625 0.03796296296296296 0.021354166666666667
0 0.9680555555555556 0.13932291666666666 0.036111111111111115 0.0234375
0 0.9287037037037037 0.36666666666666664 0.024074074074074074 0.015625
0 0.9412037037037038 0.34375 0.028703703703703703 0.014583333333333334
0 0.9699074074074074 0.3502604166666667 0.032407407407407406 0.0203125
