0 0.9740740740740741 0.26979166666666665 0.02592592592592593 0.01875
0 0.8912037037037037 0.7541666666666667 0.02314814814814815 0.025
0 0.8356481481481481 0.7380208333333333 0.02314814814814815 0.019791666666666666
0 0.9449074074074074 0.5994791666666667 0.04351851851851852 0.022916666666666665
0 0.9175925925925926 0.6106770833333334 0.02592592592592593 0.0140625
0 0.9921296296296297 0.5486979166666667 0.015740740740740743 0.0171875
0 0.9212962962962963 0.53515625 0.022222222222222223 0.0109375
0 0.7787037037037038 0.8822916666666667 0.0462962962962963 0.03229166666666666
0 0.8074074074074075 0.8731770833333333 0.04259259259259259 0.0296875
0 0.7555555555555555 0.7984375 0.040740740740740744 0.028125
0 0.7486111111111111 0.765625 0.03796296296296296 0.021875
0 0.6962962962962963 0.7098958333333333 0.0462962962962963 0.028125
0 0.5907407407407408 0.7533854166666667 0.02777777777777778 0.019270833333333334
0 0.5217592592592593 0.8361979166666667 0.036111111111111115 0.028645833333333332
0 0.7430555555555556 0.47109375 0.02314814814814815 0.011979166666666666
0 0.8356481481481481 0.58203125 0.036111111111111115 0.0203125
0 0.9226851851851853 0.5471354166666667 0.028703703703703703 0.013020833333333334
0 0.9416666666666667 0.359375 0.02962962962962963 0.017708333333333333
0 0.7560185185185185 0.5403645833333334 0.02314814814814815 0.018229166666666668
0 0.8074074074074075 0.48046875 0.02592592592592593 0.0140625
0 0.8333333333333334 0.3911458333333333 0.016666666666666666 0.011458333333333333
0 0.7532407407407408 0.5153645833333333 0.02314814814814815 0.015104166666666667
0 0.8194444444444445 0.3841145833333333 0.022222222222222223 0.0109375
0 0.9652777777777778 0.3703125 0.025 0.017708333333333333
0 0.9171296296296296 0.38177083333333334 0.021296296296296296 0.0125
0 0.8041666666666667 0.22317708333333333 0.030555555555555558 0.021354166666666667
0 0.8060185185185186 0.39921875 0.021296296296296296 0.0109375
0 0.9143518518518519 0.26458333333333334 0.032407407407407406 0.020833333333333332
0 0.6773148148148148 0.14140625 0.026851851851851852 0.019270833333333334
0 0.6912037037037038 0.2661458333333333 0.026851851851851852 0.020833333333333332
0 0.6912037037037038 0.125 0.02314814814814815 0.01875
0 0.6685185185185185 0.07057291666666667 0.02962962962962963 0.008854166666666666
0 0.7125 0.284375 0.02314814814814815 0.013541666666666667
0 0.587037037037037 0.25625 0.02777777777777778 0.015625
0 0.6041666666666667 0.20911458333333333 0.026851851851851852 0.018229166666666668
0 0.7453703703703703 0.38125 0.03333333333333333 0.017708333333333333
0 0.7444444444444445 0.4080729166666667 0.020370370370370372 0.0171875
0 0.6069444444444445 0.3611979166666667 0.025 0.01614583333333333
0 0.7240740740740741 0.4125 0.03333333333333333 0.01875
0 0.6370370370370371 0.42083333333333334 0.02592592592592593 0.015625
0 0.6694444444444445 0.3919270833333333 0.024074074074074074 0.0140625
0 0.6620370370370371 0.37265625 0.02592592592592593 0.0171875
0 0.6074074074074074 0.5421875 0.020370370370370372 0.014583333333333334
0 0.6208333333333333 0.5260416666666666 0.036111111111111115 0.020833333333333332
0 0.587037037037037 0.5731770833333333 0.031481481481481485 0.013020833333333334
0 0.6351851851851852 0.6893229166666667 0.02777777777777778 0.0171875
0 0.5462962962962963 0.60390625 0.022222222222222223 0.013020833333333334
0 0.4300925925925926 0.7322916666666667 0.028703703703703703 0.01875
0 0.5518518518518519 0.6377604166666666 0.020370370370370372 0.008854166666666666
0 0.45416666666666666 0.6953125 0.030555555555555558 0.019791666666666666
0 0.4365740740740741 0.6486979166666667 0.025 0.01614583333333333
0 0.4087962962962963 0.6473958333333333 0.021296296296296296 0.016666666666666666
0 0.3842592592592593 0.6390625 0.022222222222222223 0.013541666666666667
0 0.41944444444444445 0.6260416666666666 0.024074074074074074 0.009375
0 0.32685185185185184 0.7395833333333334 0.03518518518518519 0.017708333333333333
0 0.33240740740740743 0.7072916666666667 0.022222222222222223 0.020833333333333332
0 0.21342592592592594 0.7885416666666667 0.030555555555555558 0.025
0 0.22175925925925927 0.6791666666666667 0.025 0.014583333333333334
0 0.32546296296296295 0.5997395833333333 0.030555555555555558 0.019270833333333334
0 0.21481481481481482 0.5588541666666667 0.03333333333333333 0.015625
0 0.2125 0.5703125 0.032407407407407406 0.008333333333333333
0 0.18101851851851852 0.5723958333333333 0.015740740740740743 0.011458333333333333
0 0.3236111111111111 0.5221354166666666 0.02314814814814815 0.0140625
0 0.20324074074074075 0.5033854166666667 0.036111111111111115 0.0171875
0 0.2388888888888889 0.49166666666666664 0.02777777777777778 0.014583333333333334
0 0.19166666666666668 0.45390625 0.02592592592592593 0.0140625
0 0.17037037037037037 0.4328125 0.03518518518518519 0.020833333333333332
0 0.2125 0.4296875 0.03425925925925926 0.017708333333333333
0 0.23564814814814816 0.42552083333333335 0.019444444444444445 0.0125
0 0.3689814814814815 0.4869791666666667 0.026851851851851852 0.013541666666666667
0 0.3462962962962963 0.40703125 0.031481481481481485 0.0171875
0 0.32685185185185184 0.3888020833333333 0.02592592592592593 0.011979166666666666
0 0.32037037037037036 0.33619791666666665 0.02777777777777778 0.018229166666666668
0 0.33425925925925926 0.28671875 0.02777777777777778 0.019270833333333334
0 0.31712962962962965 0.2713541666666667 0.026851851851851852 0.015625
0 0.3175925925925926 0.2713541666666667 0.02592592592592593 0.015625
0 0.31666666666666665 0.27109375 0.02592592592592593 0.0171875
0 0.26666666666666666 0.25755208333333335 0.014814814814814815 0.0140625
0 0.24675925925925926 0.2565104166666667 0.02314814814814815 0.0140625
0 0.2518518518518519 0.24687499999999998 0.022222222222222223 0.0125
0 0.24027777777777778 0.2359375 0.02314814814814815 0.010416666666666666
0 0.19166666666666668 0.22890625 0.03333333333333333 0.0203125
0 0.22824074074074074 0.18151041666666667 0.030555555555555558 0.019270833333333334
0 0.6310185185185185 0.23020833333333332 0.021296296296296296 0.013541666666666667
0 0.7574074074074074 0.30364583333333334 0.02592592592592593 0.0125
0 0.29814814814814816 0.4114583333333333 0.02777777777777778 0.015625
0 0.2513888888888889 0.45729166666666665 0.015740740740740743 0.013541666666666667
0 0.1587962962962963 0.7127604166666667 0.04351851851851852 0.0234375
0 0.10462962962962963 0.8221354166666667 0.040740740740740744 0.0234375
0 0.05324074074074074 0.8752604166666667 0.05092592592592593 0.025520833333333333
0 0.0462962962962963 0.8940104166666667 0.040740740740740744 0.0203125
0 0.09027777777777778 0.8825520833333333 0.04166666666666667 0.028645833333333332
0 0.1564814814814815 0.50546875 0.018518518518518517 0.0140625
0 0.09212962962962963 0.56328125 0.030555555555555558 0.01614583333333333
0 0.12407407407407407 0.39817708333333335 0.031481481481481485 0.018229166666666668
0 0.03888888888888889 0.5356770833333333 0.03888888888888889 0.021354166666666667
0 0.007870370370370371 0.12343749999999999 0.012037037037037037 0.03125
0 0.09212962962962963 0.3671875 0.02314814814814815 0.016666666666666666
0 0.07824074074074075 0.34401041666666665 0.028703703703703703 0.0140625
0 0.05 0.35104166666666664 0.03333333333333333 0.019791666666666666
0 0.018518518518518517 0.37135416666666665 0.03333333333333333 0.017708333333333333
