0 0.022685185185185187 0.2703125 0.026851851851851852 0.01875
0 0.10324074074074074 0.7546875 0.02314814814814815 0.025
0 0.16018518518518518 0.73828125 0.022222222222222223 0.0203125
0 0.04953703703703704 0.6 0.04351851851851852 0.022916666666666665
0 0.07824074074074075 0.6106770833333334 0.026851851851851852 0.015104166666666667
0 0.07361111111111111 0.5356770833333333 0.021296296296296296 0.0109375
0 0.2162037037037037 0.8828125 0.04537037037037037 0.03229166666666666
0 0.18703703703703706 0.8736979166666666 0.04259259259259259 0.0296875
0 0.2388888888888889 0.7984375 0.040740740740740744 0.028125
0 0.24583333333333335 0.7661458333333333 0.03796296296296296 0.021875
0 0.2986111111111111 0.7098958333333333 0.04722222222222222 0.028125
0 0.4041666666666667 0.7536458333333333 0.026851851851851852 0.019791666666666666
0 0.47314814814814815 0.8364583333333333 0.037037037037037035 0.028125
0 0.15925925925925927 0.5822916666666667 0.037037037037037035 0.019791666666666666
0 0.07361111111111111 0.5473958333333333 0.028703703703703703 0.013541666666666667
0 0.05324074074074074 0.3598958333333333 0.026851851851851852 0.01875
0 0.24027777777777778 0.5411458333333333 0.02314814814814815 0.01875
0 0.18981481481481483 0.4809895833333333 0.02592592592592593 0.0140625
0 0.2425925925925926 0.515625 0.024074074074074074 0.014583333333333334
0 0.17592592592592593 0.3846354166666667 0.022222222222222223 0.0109375
0 0.2518518518518519 0.47161458333333334 0.02592592592592593 0.009895833333333333
0 0.030555555555555558 0.37083333333333335 0.024074074074074074 0.017708333333333333
0 0.08148148148148149 0.26588541666666665 0.031481481481481485 0.021354166666666667
0 0.07916666666666666 0.38229166666666664 0.021296296296296296 0.0125
0 0.19212962962962965 0.22343749999999998 0.028703703703703703 0.021875
0 0.3175925925925926 0.14192708333333334 0.02592592592592593 0.019270833333333334
0 0.16203703703703703 0.39166666666666666 0.016666666666666666 0.011458333333333333
0 0.19074074074074074 0.3989583333333333 0.020370370370370372 0.011458333333333333
0 0.3037037037037037 0.12604166666666666 0.022222222222222223 0.017708333333333333
0 0.2833333333333333 0.28463541666666664 0.020370370370370372 0.013020833333333334
0 0.32592592592592595 0.07109375 0.02962962962962963 0.008854166666666666
0 0.3041666666666667 0.2674479166666667 0.028703703703703703 0.0203125
0 0.4078703703703704 0.25625 0.026851851851851852 0.014583333333333334
0 0.3907407407407408 0.20963541666666666 0.02592592592592593 0.018229166666666668
0 0.25 0.38177083333333334 0.03333333333333333 0.019791666666666666
0 0.2523148148148148 0.4088541666666667 0.019444444444444445 0.017708333333333333
0 0.27222222222222225 0.41302083333333334 0.03333333333333333 0.01875
0 0.32731481481481484 0.3921875 0.025 0.013541666666666667
0 0.33333333333333337 0.37265625 0.02592592592592593 0.0171875
0 0.3888888888888889 0.36171875 0.02777777777777778 0.015104166666666667
0 0.3578703703703704 0.42135416666666664 0.026851851851851852 0.014583333333333334
0 0.3824074074074074 0.5265625 0.02962962962962963 0.01875
0 0.3893518518518519 0.5432291666666667 0.02314814814814815 0.014583333333333334
0 0.4087962962962963 0.5731770833333333 0.030555555555555558 0.013020833333333334
0 0.36435185185185187 0.6903645833333333 0.032407407407407406 0.01614583333333333
0 0.4518518518518519 0.6052083333333333 0.02777777777777778 0.013541666666666667
0 0.5648148148148149 0.7325520833333333 0.02777777777777778 0.019270833333333334
0 0.5425925925925926 0.6958333333333333 0.02777777777777778 0.021875
0 0.5597222222222222 0.64921875 0.026851851851851852 0.015104166666666667
0 0.587037037037037 0.6481770833333333 0.022222222222222223 0.01614583333333333
0 0.6111111111111112 0.6393229166666666 0.020370370370370372 0.0140625
0 0.5768518518518518 0.6263020833333334 0.024074074074074074 0.008854166666666666
0 0.6671296296296296 0.7401041666666667 0.036111111111111115 0.016666666666666666
0 0.6620370370370371 0.7075520833333333 0.022222222222222223 0.0203125
0 0.7819444444444444 0.7893229166666667 0.030555555555555558 0.025520833333333333
0 0.7731481481481481 0.6796875 0.024074074074074074 0.014583333333333334
0 0.6685185185185185 0.6 0.02962962962962963 0.01875
0 0.7791666666666667 0.559375 0.032407407407407406 0.015625
0 0.7833333333333333 0.5705729166666667 0.031481481481481485 0.008854166666666666
0 0.8143518518518519 0.57265625 0.015740740740740743 0.0109375
0 0.6722222222222223 0.52265625 0.024074074074074074 0.015104166666666667
0 0.7921296296296296 0.5033854166666667 0.036111111111111115 0.0171875
0 0.7574074074074074 0.49166666666666664 0.02962962962962963 0.014583333333333334
0 0.8023148148148148 0.45390625 0.025 0.0140625
0 0.8240740740740741 0.43307291666666664 0.037037037037037035 0.0203125
0 0.7814814814814816 0.43046875 0.03333333333333333 0.018229166666666668
0 0.7597222222222223 0.4263020833333333 0.021296296296296296 0.0109375
0 0.625462962962963 0.48776041666666664 0.025 0.0140625
0 0.6481481481481481 0.40703125 0.031481481481481485 0.0171875
0 0.6675925925925926 0.3890625 0.02777777777777778 0.010416666666666666
0 0.675 0.3372395833333333 0.02962962962962963 0.018229166666666668
0 0.6606481481481482 0.2869791666666667 0.026851851851851852 0.01875
0 0.6777777777777778 0.2716145833333333 0.02592592592592593 0.01614583333333333
0 0.6787037037037037 0.2721354166666667 0.02592592592592593 0.0171875
0 0.7296296296296296 0.2583333333333333 0.014814814814814815 0.013541666666666667
0 0.7486111111111111 0.25703125 0.02314814814814815 0.0140625
0 0.7425925925925926 0.24739583333333334 0.022222222222222223 0.0125
0 0.7550925925925926 0.23645833333333333 0.02314814814814815 0.010416666666666666
0 0.7680555555555556 0.18255208333333334 0.028703703703703703 0.0171875
0 0.8023148148148148 0.22916666666666666 0.03425925925925926 0.020833333333333332
0 0.36574074074074076 0.23072916666666665 0.022222222222222223 0.013541666666666667
0 0.23796296296296296 0.30416666666666664 0.02777777777777778 0.0125
0 0.6981481481481482 0.4125 0.02777777777777778 0.016666666666666666
0 0.7439814814814815 0.4578125 0.015740740740740743 0.013541666666666667
0 0.8337962962962964 0.7138020833333333 0.04351851851851852 0.024479166666666666
0 0.8902777777777778 0.82265625 0.03981481481481482 0.0234375
0 0.9412037037037038 0.8760416666666666 0.05092592592592593 0.025
0 0.9476851851851852 0.89453125 0.04166666666666667 0.0203125
0 0.9041666666666667 0.88359375 0.04166666666666667 0.028645833333333332
0 0.7981481481481482 0.4 0.02777777777777778 0.015625
0 0.8384259259259259 0.5059895833333333 0.019444444444444445 0.015104166666666667
0 0.9023148148148149 0.5630208333333333 0.030555555555555558 0.016666666666666666
0 0.8703703703703703 0.39869791666666665 0.031481481481481485 0.018229166666666668
0 0.8421296296296297 0.4700520833333333 0.015740740740740743 0.0171875
0 0.9564814814814815 0.5359375 0.03888888888888889 0.020833333333333332
0 0.9898148148148148 0.11692708333333333 0.020370370370370372 0.028645833333333332
0 0.9032407407407408 0.3677083333333333 0.025 0.016666666666666666
0 0.9171296296296296 0.34453125 0.028703703703703703 0.0140625
0 0.9453703703703704 0.3515625 0.03333333333333333 0.019791666666666666
0 0.9773148148148149 0.37213541666666666 0.03425925925925926 0.0171875
