0 0.013425925925925926 0.271875 0.02314814814814815 0.019791666666666666
0 0.08611111111111111 0.7567708333333333 0.022222222222222223 0.02395833333333333
0 0.14444444444444446 0.7393229166666666 0.022222222222222223 0.0203125
0 0.031481481481481485 0.6013020833333333 0.044444444444444446 0.0234375
0 0.19814814814814816 0.8848958333333333 0.0462962962962963 0.03229166666666666
0 0.16990740740740742 0.8755208333333333 0.04537037037037037 0.03125
0 0.22222222222222224 0.8002604166666667 0.04259259259259259 0.027604166666666666
0 0.22916666666666669 0.7682291666666666 0.03796296296296296 0.021875
0 0.2814814814814815 0.71171875 0.04814814814814815 0.028645833333333332
0 0.38842592592592595 0.7552083333333334 0.026851851851851852 0.019791666666666666
0 0.45601851851851855 0.8390624999999999 0.03796296296296296 0.027083333333333334
0 0.0375 0.3614583333333333 0.025 0.017708333333333333
0 0.14212962962962963 0.5841145833333333 0.03796296296296296 0.019270833333333334
0 0.05787037037037037 0.5494791666666666 0.028703703703703703 0.0125
0 0.22546296296296298 0.5421875 0.02314814814814815 0.01875
0 0.17592592592592593 0.4822916666666667 0.02592592592592593 0.014583333333333334
0 0.22824074074074074 0.5169270833333334 0.025 0.015104166666666667
0 0.23611111111111113 0.4731770833333333 0.024074074074074074 0.0109375
0 0.014814814814814815 0.37265625 0.024074074074074074 0.0171875
0 0.06342592592592593 0.38359375 0.021296296296296296 0.013020833333333334
0 0.2884259259259259 0.128125 0.021296296296296296 0.016666666666666666
0 0.1476851851851852 0.3924479166666667 0.017592592592592594 0.0109375
0 0.1615740740740741 0.3859375 0.02314814814814815 0.010416666666666666
0 0.26851851851851855 0.2869791666666667 0.022222222222222223 0.015625
0 0.17546296296296296 0.40078125 0.021296296296296296 0.0109375
0 0.06712962962962964 0.2669270833333333 0.032407407407407406 0.0203125
0 0.17777777777777778 0.22526041666666666 0.031481481481481485 0.021354166666666667
0 0.37592592592592594 0.21145833333333333 0.02592592592592593 0.017708333333333333
0 0.3023148148148148 0.14427083333333332 0.026851851851851852 0.01875
0 0.3101851851851852 0.07421875 0.02962962962962963 0.008854166666666666
0 0.3125 0.39427083333333335 0.025 0.013541666666666667
0 0.28750000000000003 0.26901041666666664 0.028703703703703703 0.021354166666666667
0 0.39351851851851855 0.2578125 0.02592592592592593 0.014583333333333334
0 0.23425925925925928 0.38307291666666665 0.03518518518518519 0.019270833333333334
0 0.2351851851851852 0.41041666666666665 0.016666666666666666 0.017708333333333333
0 0.2569444444444445 0.41432291666666665 0.032407407407407406 0.018229166666666668
0 0.31851851851851853 0.37421875 0.02592592592592593 0.0171875
0 0.3736111111111111 0.3625 0.028703703703703703 0.015625
0 0.34305555555555556 0.42265625 0.026851851851851852 0.0140625
0 0.36712962962962964 0.5278645833333333 0.028703703703703703 0.0171875
0 0.375462962962963 0.5440104166666666 0.02314814814814815 0.0140625
0 0.39537037037037037 0.5744791666666667 0.02962962962962963 0.013541666666666667
0 0.34861111111111115 0.6924479166666666 0.032407407407407406 0.01614583333333333
0 0.4375 0.60625 0.026851851851851852 0.013541666666666667
0 0.5504629629629629 0.7341145833333333 0.026851851851851852 0.018229166666666668
0 0.5277777777777778 0.6971354166666667 0.02777777777777778 0.021354166666666667
0 0.5467592592592593 0.6505208333333333 0.026851851851851852 0.014583333333333334
0 0.5740740740740741 0.6494791666666666 0.022222222222222223 0.016666666666666666
0 0.5981481481481482 0.640625 0.020370370370370372 0.014583333333333334
0 0.5643518518518519 0.6276041666666666 0.02314814814814815 0.009375
0 0.6513888888888889 0.74140625 0.036111111111111115 0.0171875
0 0.6467592592592593 0.7091145833333333 0.021296296296296296 0.0203125
0 0.7703703703703704 0.571875 0.02592592592592593 0.010416666666666666
0 0.7652777777777778 0.790625 0.032407407407407406 0.026041666666666668
0 0.7578703703703704 0.68046875 0.02314814814814815 0.015104166666666667
0 0.6532407407407408 0.6013020833333333 0.030555555555555558 0.019270833333333334
0 0.7657407407407407 0.5606770833333333 0.031481481481481485 0.01614583333333333
0 0.7990740740740742 0.5739583333333333 0.014814814814814815 0.011458333333333333
0 0.6587962962962963 0.5239583333333333 0.025 0.014583333333333334
0 0.7763888888888889 0.5049479166666666 0.036111111111111115 0.0171875
0 0.7439814814814815 0.4934895833333333 0.026851851851851852 0.0140625
0 0.7875 0.4557291666666667 0.025 0.014583333333333334
0 0.8087962962962963 0.434375 0.03796296296296296 0.019791666666666666
0 0.7662037037037037 0.4317708333333333 0.032407407407407406 0.017708333333333333
0 0.7439814814814815 0.42734374999999997 0.021296296296296296 0.0109375
0 0.6092592592592593 0.4888020833333333 0.02592592592592593 0.0140625
0 0.662962962962963 0.2739583333333333 0.024074074074074074 0.015625
0 0.6351851851851852 0.40859375 0.031481481481481485 0.0171875
0 0.6541666666666667 0.39036458333333335 0.028703703703703703 0.0109375
0 0.6601851851851852 0.3385416666666667 0.02962962962962963 0.017708333333333333
0 0.6472222222222223 0.28854166666666664 0.02777777777777778 0.01875
0 0.7162037037037037 0.26067708333333334 0.01388888888888889 0.011979166666666666
0 0.7347222222222223 0.2591145833333333 0.02314814814814815 0.0140625
0 0.7287037037037037 0.24895833333333334 0.022222222222222223 0.0125
0 0.7407407407407408 0.23828125 0.022222222222222223 0.009895833333333333
0 0.7870370370370371 0.23124999999999998 0.03333333333333333 0.020833333333333332
0 0.7523148148148149 0.18463541666666666 0.028703703703703703 0.0171875
0 0.34861111111111115 0.23359375 0.021296296296296296 0.0109375
0 0.22592592592592595 0.30546875 0.02777777777777778 0.011979166666666666
0 0.6842592592592592 0.4140625 0.02962962962962963 0.016666666666666666
0 0.7296296296296296 0.45989583333333334 0.016666666666666666 0.013541666666666667
0 0.8148148148148149 0.7151041666666667 0.04259259259259259 0.02395833333333333
0 0.8731481481481482 0.82421875 0.03888888888888889 0.0234375
0 0.9226851851851853 0.8776041666666666 0.05092592592592593 0.025
0 0.9310185185185186 0.8963541666666667 0.04166666666666667 0.020833333333333332
0 0.887962962962963 0.88515625 0.037037037037037035 0.030729166666666665
0 0.7842592592592593 0.4015625 0.03333333333333333 0.015625
0 0.8236111111111112 0.5072916666666667 0.019444444444444445 0.015625
0 0.8875000000000001 0.5643229166666667 0.030555555555555558 0.01614583333333333
0 0.8527777777777779 0.3997395833333333 0.03333333333333333 0.018229166666666668
0 0.8287037037037037 0.47161458333333334 0.016666666666666666 0.0171875
0 0.9412037037037038 0.5369791666666667 0.03981481481481482 0.021875
0 0.9916666666666667 0.10286458333333333 0.016666666666666666 0.024479166666666666
0 0.887962962962963 0.3692708333333333 0.024074074074074074 0.016666666666666666
0 0.9023148148148149 0.3463541666666667 0.028703703703703703 0.014583333333333334
0 0.9296296296296297 0.35260416666666666 0.03333333333333333 0.019791666666666666
0 0.9625 0.3736979166666667 0.03425925925925926 0.0171875
