0 0.038425925925925926 0.759375 0.019444444444444445 0.022916666666666665
0 0.10185185185185186 0.7416666666666667 0.020370370370370372 0.020833333333333332
0 0.15092592592592594 0.8880208333333334 0.0462962962962963 0.03229166666666666
0 0.12268518518518519 0.8781249999999999 0.04537037037037037 0.03125
0 0.17824074074074076 0.8028645833333333 0.04351851851851852 0.028645833333333332
0 0.1865740740740741 0.7697916666666667 0.03981481481481482 0.021875
0 0.01388888888888889 0.5513020833333333 0.02592592592592593 0.0109375
0 0.23935185185185187 0.7135416666666666 0.04351851851851852 0.028125
0 0.3458333333333333 0.7572916666666667 0.02314814814814815 0.017708333333333333
0 0.41435185185185186 0.8411458333333334 0.03981481481481482 0.027083333333333334
0 0.09537037037037037 0.5854166666666667 0.037037037037037035 0.019791666666666666
0 0.1851851851851852 0.5432291666666667 0.022222222222222223 0.01875
0 0.13657407407407407 0.4828125 0.025 0.014583333333333334
0 0.18796296296296297 0.51796875 0.02592592592592593 0.015104166666666667
0 0.1953703703703704 0.4739583333333333 0.024074074074074074 0.011458333333333333
0 0.018518518518518517 0.384375 0.022222222222222223 0.0125
0 0.10555555555555556 0.3927083333333333 0.018518518518518517 0.010416666666666666
0 0.11898148148148148 0.38567708333333334 0.02314814814814815 0.0109375
0 0.1328703703703704 0.40078125 0.019444444444444445 0.0109375
0 0.02361111111111111 0.2674479166666667 0.032407407407407406 0.0203125
0 0.13425925925925927 0.22447916666666667 0.031481481481481485 0.020833333333333332
0 0.25972222222222224 0.14244791666666667 0.026851851851851852 0.019270833333333334
0 0.24444444444444446 0.12630208333333334 0.020370370370370372 0.0171875
0 0.2662037037037037 0.07213541666666666 0.026851851851851852 0.0109375
0 0.22592592592592595 0.28619791666666666 0.024074074074074074 0.0140625
0 0.24120370370370373 0.26848958333333334 0.030555555555555558 0.021354166666666667
0 0.35185185185185186 0.25703125 0.02777777777777778 0.015104166666666667
0 0.33333333333333337 0.20989583333333334 0.02592592592592593 0.017708333333333333
0 0.18842592592592594 0.38255208333333335 0.03425925925925926 0.019270833333333334
0 0.19212962962962965 0.40989583333333335 0.017592592592592594 0.016666666666666666
0 0.3611111111111111 0.5755208333333334 0.024074074074074074 0.0125
0 0.21342592592592594 0.41432291666666665 0.03425925925925926 0.018229166666666668
0 0.27361111111111114 0.39375 0.025 0.014583333333333334
0 0.27592592592592596 0.37395833333333334 0.02592592592592593 0.017708333333333333
0 0.33055555555555555 0.36276041666666664 0.02962962962962963 0.01614583333333333
0 0.30185185185185187 0.42265625 0.02777777777777778 0.0140625
0 0.32685185185185184 0.528125 0.02962962962962963 0.01875
0 0.33842592592592596 0.5442708333333334 0.02314814814814815 0.014583333333333334
0 0.30694444444444446 0.6934895833333333 0.03425925925925926 0.01614583333333333
0 0.39861111111111114 0.60625 0.028703703703703703 0.0125
0 0.512962962962963 0.7341145833333333 0.02592592592592593 0.019270833333333334
0 0.4902777777777778 0.6973958333333333 0.028703703703703703 0.021875
0 0.5115740740740741 0.65078125 0.026851851851851852 0.0140625
0 0.5393518518518519 0.6494791666666666 0.02314814814814815 0.016666666666666666
0 0.5643518518518519 0.6408854166666667 0.019444444444444445 0.0140625
0 0.5305555555555556 0.6276041666666666 0.024074074074074074 0.009375
0 0.6092592592592593 0.7419270833333333 0.03518518518518519 0.0171875
0 0.7226851851851852 0.7903645833333334 0.032407407407407406 0.025520833333333333
0 0.7208333333333333 0.6799479166666667 0.026851851851851852 0.015104166666666667
0 0.612037037037037 0.6013020833333333 0.02962962962962963 0.019270833333333334
0 0.7277777777777779 0.56015625 0.031481481481481485 0.01614583333333333
0 0.7356481481481482 0.5716145833333334 0.025 0.0109375
0 0.7625000000000001 0.5729166666666666 0.01388888888888889 0.011458333333333333
0 0.625 0.5231770833333333 0.02592592592592593 0.0140625
0 0.7384259259259259 0.5044270833333333 0.03425925925925926 0.01614583333333333
0 0.7078703703703704 0.4927083333333333 0.026851851851851852 0.014583333333333334
0 0.7467592592592592 0.4544270833333333 0.025 0.0140625
0 0.7680555555555556 0.4328125 0.03796296296296296 0.019791666666666666
0 0.725 0.43072916666666666 0.031481481481481485 0.01875
0 0.7041666666666667 0.42682291666666666 0.019444444444444445 0.0109375
0 0.5680555555555555 0.48854166666666665 0.025 0.013541666666666667
0 0.5976851851851852 0.4080729166666667 0.03425925925925926 0.01614583333333333
0 0.6166666666666667 0.38984375 0.02962962962962963 0.0109375
0 0.6208333333333333 0.3372395833333333 0.028703703703703703 0.018229166666666668
0 0.6097222222222223 0.2875 0.026851851851851852 0.01875
0 0.625462962962963 0.27265625 0.025 0.015104166666666667
0 0.6791666666666667 0.25885416666666666 0.01388888888888889 0.0125
0 0.6967592592592593 0.25755208333333335 0.02314814814814815 0.0140625
0 0.6893518518518519 0.24739583333333334 0.02314814814814815 0.0125
0 0.7023148148148148 0.23671875 0.02314814814814815 0.0109375
0 0.7472222222222222 0.22916666666666666 0.03333333333333333 0.020833333333333332
0 0.7143518518518519 0.18255208333333334 0.028703703703703703 0.0171875
0 0.30694444444444446 0.23255208333333333 0.02314814814814815 0.0109375
0 0.18703703703703706 0.30494791666666665 0.031481481481481485 0.013020833333333334
0 0.65 0.41302083333333334 0.02592592592592593 0.015625
0 0.6916666666666667 0.459375 0.020370370370370372 0.013541666666666667
0 0.7671296296296296 0.7145833333333333 0.04166666666666667 0.02395833333333333
0 0.8300925925925926 0.8231770833333333 0.03981481481481482 0.0234375
0 0.8773148148148149 0.8765625 0.04166666666666667 0.028125
0 0.8875000000000001 0.8963541666666667 0.04166666666666667 0.019791666666666666
0 0.8444444444444444 0.8848958333333333 0.04259259259259259 0.026041666666666668
0 0.8115740740740741 0.74921875 0.015740740740740743 0.0140625
0 0.9833333333333334 0.7265625 0.03333333333333333 0.020833333333333332
0 0.7439814814814815 0.4005208333333333 0.030555555555555558 0.016666666666666666
0 0.7875 0.50546875 0.025 0.0171875
0 0.85 0.56328125 0.02962962962962963 0.01614583333333333
0 0.8152777777777778 0.39869791666666665 0.030555555555555558 0.018229166666666668
0 0.7925925925925926 0.4700520833333333 0.020370370370370372 0.018229166666666668
0 0.9824074074074074 0.5838541666666667 0.03518518518518519 0.019791666666666666
0 0.9032407407407408 0.5359375 0.03796296296296296 0.022916666666666665
0 0.9935185185185186 0.12265625 0.012962962962962964 0.01614583333333333
0 0.851388888888889 0.3677083333333333 0.025 0.016666666666666666
0 0.8675925925925926 0.34479166666666666 0.02777777777777778 0.015625
0 0.8921296296296297 0.35078125 0.03425925925925926 0.0203125
0 0.925 0.371875 0.03333333333333333 0.017708333333333333
0 0.9777777777777779 0.3921875 0.03888888888888889 0.022916666666666665
0 0.9777777777777779 0.4692708333333333 0.02592592592592593 0.014583333333333334
0 0.9708333333333333 0.51328125 0.03981481481481482 0.0203125
