0 0.047685185185185185 0.7453125 0.019444444444444445 0.020833333333333332
0 0.08842592592592594 0.8916666666666666 0.04722222222222222 0.03333333333333333
0 0.06018518518518519 0.8830729166666667 0.05 0.030729166666666665
0 0.12083333333333333 0.8059895833333334 0.04351851851851852 0.028645833333333332
0 0.12962962962962962 0.7731770833333333 0.04259259259259259 0.022395833333333334
0 0.18194444444444446 0.7174479166666666 0.049074074074074076 0.028645833333333332
0 0.3560185185185185 0.8424479166666666 0.04351851851851852 0.0328125
0 0.03518518518518519 0.5880208333333333 0.037037037037037035 0.019791666666666666
0 0.13657407407407407 0.5455729166666666 0.02314814814814815 0.018229166666666668
0 0.0912037037037037 0.48463541666666665 0.025 0.015104166666666667
0 0.13935185185185187 0.5197916666666667 0.026851851851851852 0.015625
0 0.05555555555555556 0.39401041666666664 0.018518518518518517 0.0109375
0 0.06898148148148149 0.3872395833333333 0.025 0.0109375
0 0.08287037037037037 0.40234375 0.019444444444444445 0.0109375
0 0.08564814814814815 0.22578125 0.03425925925925926 0.021354166666666667
0 0.2101851851851852 0.14505208333333333 0.02777777777777778 0.019270833333333334
0 0.19583333333333333 0.12890625 0.021296296296296296 0.0171875
0 0.21805555555555556 0.07578125 0.021296296296296296 0.013020833333333334
0 0.17407407407407408 0.2875 0.02592592592592593 0.013541666666666667
0 0.1875 0.2700520833333333 0.030555555555555558 0.021354166666666667
0 0.3027777777777778 0.2591145833333333 0.02777777777777778 0.015104166666666667
0 0.2833333333333333 0.21197916666666666 0.02592592592592593 0.017708333333333333
0 0.13611111111111113 0.3828125 0.03518518518518519 0.021875
0 0.1388888888888889 0.4122395833333333 0.016666666666666666 0.01614583333333333
0 0.16111111111111112 0.4161458333333333 0.03518518518518519 0.01875
0 0.22731481481481483 0.3953125 0.025 0.014583333333333334
0 0.22592592592592595 0.3755208333333333 0.02592592592592593 0.017708333333333333
0 0.2796296296296296 0.36432291666666666 0.02777777777777778 0.01614583333333333
0 0.2523148148148148 0.42421875 0.028703703703703703 0.0140625
0 0.27824074074074073 0.5302083333333333 0.030555555555555558 0.01875
0 0.29305555555555557 0.5463541666666667 0.02314814814814815 0.014583333333333334
0 0.31574074074074077 0.57734375 0.024074074074074074 0.013020833333333334
0 0.2513888888888889 0.696875 0.036111111111111115 0.017708333333333333
0 0.3490740740740741 0.60859375 0.02777777777777778 0.013020833333333334
0 0.46481481481481485 0.7375 0.024074074074074074 0.01875
0 0.4425925925925926 0.7010416666666667 0.031481481481481485 0.021875
0 0.46620370370370373 0.653125 0.026851851851851852 0.014583333333333334
0 0.4953703703703704 0.6520833333333333 0.024074074074074074 0.016666666666666666
0 0.5208333333333334 0.64453125 0.017592592592592594 0.011979166666666666
0 0.48750000000000004 0.6299479166666666 0.025 0.008854166666666666
0 0.5527777777777778 0.7447916666666666 0.03518518518518519 0.017708333333333333
0 0.6675925925925926 0.7942708333333334 0.03333333333333333 0.026041666666666668
0 0.6717592592592593 0.6841145833333333 0.02314814814814815 0.011979166666666666
0 0.5601851851851852 0.6036458333333333 0.02962962962962963 0.019791666666666666
0 0.6800925925925926 0.5630208333333333 0.030555555555555558 0.016666666666666666
0 0.6898148148148149 0.5736979166666667 0.02592592592592593 0.011979166666666666
0 0.7152777777777778 0.5752604166666666 0.01388888888888889 0.0109375
0 0.5828703703703704 0.5255208333333333 0.025 0.014583333333333334
0 0.6902777777777778 0.50703125 0.03425925925925926 0.01614583333333333
0 0.662962962962963 0.49557291666666664 0.02592592592592593 0.0140625
0 0.6967592592592593 0.45703125 0.025 0.0140625
0 0.7171296296296297 0.4359375 0.03796296296296296 0.019791666666666666
0 0.674074074074074 0.43307291666666664 0.031481481481481485 0.018229166666666668
0 0.6555555555555556 0.42942708333333335 0.018518518518518517 0.009895833333333333
0 0.14675925925925926 0.30963541666666666 0.021296296296296296 0.0109375
0 0.5166666666666667 0.49114583333333334 0.024074074074074074 0.014583333333333334
0 0.6037037037037037 0.4161458333333333 0.020370370370370372 0.017708333333333333
0 0.5541666666666667 0.4114583333333333 0.036111111111111115 0.014583333333333334
0 0.6462962962962964 0.4627604166666667 0.020370370370370372 0.0140625
0 0.5731481481481482 0.3921875 0.02962962962962963 0.0125
0 0.5731481481481482 0.33984375 0.02962962962962963 0.019270833333333334
0 0.5662037037037038 0.29010416666666666 0.026851851851851852 0.01875
0 0.5800925925925926 0.2747395833333333 0.025 0.015104166666666667
0 0.6337962962962963 0.2622395833333333 0.01388888888888889 0.011979166666666666
0 0.6513888888888889 0.2609375 0.02314814814814815 0.014583333333333334
0 0.6425925925925926 0.2505208333333333 0.022222222222222223 0.0125
0 0.6569444444444444 0.23958333333333334 0.02314814814814815 0.010416666666666666
0 0.6986111111111112 0.23255208333333333 0.032407407407407406 0.021354166666666667
0 0.6689814814814815 0.18567708333333333 0.028703703703703703 0.0171875
0 0.2601851851851852 0.23463541666666665 0.022222222222222223 0.0109375
0 0.7050925925925926 0.7171875 0.03981481481481482 0.02395833333333333
0 0.7722222222222223 0.8270833333333333 0.03888888888888889 0.02395833333333333
0 0.8199074074074074 0.8820312499999999 0.04166666666666667 0.025520833333333333
0 0.8291666666666667 0.9015624999999999 0.03981481481481482 0.020833333333333332
0 0.7828703703703704 0.8869791666666667 0.04351851851851852 0.03125
0 0.7601851851851852 0.7520833333333333 0.018518518518518517 0.015625
0 0.9287037037037037 0.7294270833333333 0.02962962962962963 0.021354166666666667
0 0.6953703703703704 0.403125 0.031481481481481485 0.016666666666666666
0 0.7398148148148148 0.5083333333333333 0.02777777777777778 0.016666666666666666
0 0.8009259259259259 0.5658854166666667 0.02962962962962963 0.01614583333333333
0 0.7648148148148148 0.4015625 0.031481481481481485 0.01875
0 0.7462962962962963 0.47291666666666665 0.024074074074074074 0.017708333333333333
0 0.9328703703703705 0.58671875 0.03796296296296296 0.0203125
0 0.8564814814814815 0.5385416666666667 0.031481481481481485 0.025
0 0.975462962962963 0.12890625 0.030555555555555558 0.0203125
0 0.9699074074074074 0.2296875 0.03425925925925926 0.013541666666666667
0 0.9643518518518519 0.3341145833333333 0.028703703703703703 0.0171875
0 0.9726851851851852 0.31666666666666665 0.04351851851851852 0.017708333333333333
0 0.8050925925925926 0.37135416666666665 0.026851851851851852 0.016666666666666666
0 0.8212962962962963 0.3489583333333333 0.02592592592592593 0.015625
0 0.8439814814814816 0.35442708333333334 0.032407407407407406 0.0203125
0 0.8773148148148149 0.375 0.032407407407407406 0.017708333333333333
0 0.9282407407407408 0.39453125 0.036111111111111115 0.0203125
0 0.9648148148148149 0.3950520833333333 0.037037037037037035 0.0203125
0 0.9277777777777778 0.47213541666666664 0.02592592592592593 0.015104166666666667
0 0.9217592592592593 0.5158854166666667 0.03981481481481482 0.0203125
0 0.987037037037037 0.5765625 0.02592592592592593 0.019791666666666666
