0 0.04027777777777778 0.7453125 0.019444444444444445 0.020833333333333332
0 0.08009259259259259 0.89296875 0.04722222222222222 0.0328125
0 0.05277777777777778 0.8838541666666666 0.04814814814814815 0.03125
0 0.11296296296296297 0.8072916666666666 0.044444444444444446 0.028125
0 0.12175925925925926 0.7739583333333333 0.04166666666666667 0.021875
0 0.17500000000000002 0.7177083333333333 0.05185185185185186 0.028125
0 0.3472222222222222 0.8434895833333333 0.044444444444444446 0.0328125
0 0.028240740740740743 0.5890625 0.03796296296296296 0.019791666666666666
0 0.12962962962962962 0.5463541666666667 0.022222222222222223 0.01875
0 0.08425925925925926 0.4848958333333333 0.024074074074074074 0.014583333333333334
0 0.1328703703703704 0.5203125 0.026851851851851852 0.015625
0 0.049074074074074076 0.3950520833333333 0.018518518518518517 0.0109375
0 0.062037037037037036 0.38828125 0.024074074074074074 0.0109375
0 0.07546296296296297 0.40338541666666666 0.019444444444444445 0.0109375
0 0.07916666666666666 0.22734374999999998 0.03425925925925926 0.021354166666666667
0 0.20324074074074075 0.14635416666666667 0.026851851851851852 0.019791666666666666
0 0.18842592592592594 0.13020833333333334 0.021296296296296296 0.016666666666666666
0 0.21064814814814817 0.07734375 0.021296296296296296 0.013020833333333334
0 0.16805555555555557 0.28880208333333335 0.026851851851851852 0.0140625
0 0.18055555555555555 0.27109375 0.031481481481481485 0.021354166666666667
0 0.2953703703703704 0.26015625 0.02777777777777778 0.015104166666666667
0 0.27685185185185185 0.21354166666666666 0.02592592592592593 0.017708333333333333
0 0.12731481481481483 0.384375 0.036111111111111115 0.021875
0 0.13148148148148148 0.4127604166666667 0.016666666666666666 0.01614583333333333
0 0.15324074074074073 0.4166666666666667 0.03425925925925926 0.01875
0 0.22083333333333335 0.39609375 0.025 0.0140625
0 0.21944444444444444 0.3765625 0.02592592592592593 0.017708333333333333
0 0.27222222222222225 0.3651041666666667 0.02962962962962963 0.016666666666666666
0 0.24583333333333335 0.425 0.028703703703703703 0.014583333333333334
0 0.2712962962962963 0.53125 0.031481481481481485 0.01875
0 0.287962962962963 0.5471354166666667 0.024074074074074074 0.015104166666666667
0 0.3092592592592593 0.5786458333333333 0.024074074074074074 0.0125
0 0.24444444444444446 0.69765625 0.037037037037037035 0.018229166666666668
0 0.34305555555555556 0.6091145833333333 0.026851851851851852 0.013020833333333334
0 0.45787037037037037 0.7385416666666667 0.025 0.01875
0 0.4356481481481482 0.7013020833333333 0.030555555555555558 0.022395833333333334
0 0.46064814814814814 0.6544270833333333 0.026851851851851852 0.015104166666666667
0 0.48888888888888893 0.6526041666666667 0.024074074074074074 0.016666666666666666
0 0.5148148148148148 0.6450520833333333 0.018518518518518517 0.011979166666666666
0 0.48240740740740745 0.6307291666666667 0.024074074074074074 0.009375
0 0.5453703703703704 0.7453125 0.03518518518518519 0.01875
0 0.6597222222222222 0.7947916666666667 0.032407407407407406 0.026041666666666668
0 0.6638888888888889 0.6848958333333334 0.022222222222222223 0.011458333333333333
0 0.5523148148148148 0.6046875 0.028703703703703703 0.019791666666666666
0 0.674074074074074 0.5635416666666666 0.02962962962962963 0.016666666666666666
0 0.6837962962962963 0.5744791666666667 0.026851851851851852 0.0125
0 0.7092592592592593 0.5760416666666667 0.012962962962962964 0.010416666666666666
0 0.576388888888889 0.5268229166666667 0.025 0.015104166666666667
0 0.6833333333333333 0.5078125 0.03333333333333333 0.016666666666666666
0 0.6578703703703704 0.49635416666666665 0.026851851851851852 0.013541666666666667
0 0.6893518518518519 0.4578125 0.025 0.014583333333333334
0 0.7097222222222223 0.43671875 0.03796296296296296 0.0203125
0 0.6671296296296296 0.4341145833333333 0.030555555555555558 0.018229166666666668
0 0.6481481481481481 0.4302083333333333 0.018518518518518517 0.010416666666666666
0 0.5097222222222222 0.49140625 0.02314814814814815 0.0140625
0 0.5976851851851852 0.4171875 0.02314814814814815 0.016666666666666666
0 0.5472222222222223 0.4122395833333333 0.037037037037037035 0.0140625
0 0.638888888888889 0.46380208333333334 0.02592592592592593 0.01614583333333333
0 0.5666666666666667 0.39296875 0.031481481481481485 0.011979166666666666
0 0.5675925925925926 0.340625 0.02962962962962963 0.01875
0 0.5601851851851852 0.2911458333333333 0.02592592592592593 0.01875
0 0.5745370370370371 0.27630208333333334 0.025 0.015104166666666667
0 0.6273148148148149 0.2635416666666667 0.01388888888888889 0.0125
0 0.6453703703703704 0.2622395833333333 0.022222222222222223 0.0140625
0 0.6361111111111112 0.25104166666666666 0.022222222222222223 0.0125
0 0.65 0.240625 0.024074074074074074 0.010416666666666666
0 0.6916666666666667 0.234375 0.03333333333333333 0.020833333333333332
0 0.6625 0.18697916666666667 0.028703703703703703 0.017708333333333333
0 0.25324074074074077 0.2359375 0.02314814814814815 0.011458333333333333
0 0.14027777777777778 0.31015625 0.021296296296296296 0.009895833333333333
0 0.6972222222222223 0.71796875 0.040740740740740744 0.024479166666666666
0 0.7643518518518518 0.8278645833333333 0.03796296296296296 0.024479166666666666
0 0.8125 0.8830729166666667 0.04351851851851852 0.024479166666666666
0 0.8217592592592593 0.90234375 0.03981481481481482 0.0203125
0 0.7763888888888889 0.8875 0.049074074074074076 0.028125
0 0.7537037037037038 0.7526041666666666 0.018518518518518517 0.015625
0 0.9217592592592593 0.73046875 0.032407407407407406 0.0203125
0 0.6888888888888889 0.4044270833333333 0.031481481481481485 0.01614583333333333
0 0.7337962962962963 0.5088541666666666 0.028703703703703703 0.016666666666666666
0 0.7939814814814815 0.5669270833333333 0.028703703703703703 0.01614583333333333
0 0.7587962962962963 0.40234375 0.030555555555555558 0.018229166666666668
0 0.7407407407407408 0.4739583333333333 0.024074074074074074 0.017708333333333333
0 0.924537037037037 0.5872395833333334 0.03981481481481482 0.0203125
0 0.8486111111111111 0.5388020833333333 0.032407407407407406 0.024479166666666666
0 0.9236111111111112 0.23828125 0.019444444444444445 0.01614583333333333
0 0.9685185185185186 0.13020833333333334 0.031481481481481485 0.020833333333333332
0 0.962962962962963 0.23072916666666665 0.03518518518518519 0.013541666666666667
0 0.9875 0.2700520833333333 0.025 0.021354166666666667
0 0.9569444444444445 0.33541666666666664 0.028703703703703703 0.016666666666666666
0 0.9662037037037038 0.3177083333333333 0.04166666666666667 0.017708333333333333
0 0.7986111111111112 0.371875 0.026851851851851852 0.016666666666666666
0 0.8148148148148149 0.34921875 0.02592592592592593 0.01614583333333333
0 0.8375 0.35520833333333335 0.032407407407407406 0.020833333333333332
0 0.8712962962962963 0.37604166666666666 0.031481481481481485 0.017708333333333333
0 0.9226851851851853 0.39479166666666665 0.036111111111111115 0.020833333333333332
0 0.9583333333333334 0.3958333333333333 0.03518518518518519 0.019791666666666666
0 0.987962962962963 0.4393229166666667 0.024074074074074074 0.0171875
0 0.9212962962962963 0.4731770833333333 0.02592592592592593 0.015104166666666667
0 0.9152777777777779 0.5169270833333334 0.03981481481481482 0.0203125
0 0.9837962962962963 0.57734375 0.032407407407407406 0.0203125
