0 0.05092592592592593 0.7239583333333334 0.05555555555555556 0.028125
0 0.19444444444444445 0.7658854166666667 0.024074074074074074 0.019270833333333334
0 0.22592592592592595 0.8510416666666667 0.044444444444444446 0.030208333333333334
0 0.02314814814814815 0.5489583333333333 0.022222222222222223 0.017708333333333333
0 0.02962962962962963 0.5231770833333333 0.022222222222222223 0.0140625
0 0.0962962962962963 0.14479166666666665 0.02962962962962963 0.01875
0 0.08101851851851852 0.12890625 0.026851851851851852 0.018229166666666668
0 0.1 0.07682291666666667 0.022222222222222223 0.0140625
0 0.05740740740740741 0.28854166666666664 0.02592592592592593 0.013541666666666667
0 0.06342592592592593 0.2713541666666667 0.032407407407407406 0.020833333333333332
0 0.18981481481481483 0.26015625 0.031481481481481485 0.01614583333333333
0 0.16944444444444445 0.2125 0.02777777777777778 0.017708333333333333
0 0.014351851851851852 0.384375 0.026851851851851852 0.022916666666666665
0 0.03888888888888889 0.41822916666666665 0.037037037037037035 0.01875
0 0.11990740740740741 0.396875 0.025 0.014583333333333334
0 0.10972222222222222 0.3770833333333333 0.025 0.017708333333333333
0 0.16203703703703703 0.365625 0.02962962962962963 0.016666666666666666
0 0.1388888888888889 0.42578125 0.031481481481481485 0.01614583333333333
0 0.16527777777777777 0.5330729166666667 0.032407407407407406 0.019270833333333334
0 0.1912037037037037 0.54921875 0.025 0.0140625
0 0.2125 0.5817708333333333 0.025 0.0125
0 0.14027777777777778 0.70078125 0.02314814814814815 0.0234375
0 0.2388888888888889 0.6122395833333333 0.02777777777777778 0.0109375
0 0.35555555555555557 0.7424479166666667 0.022222222222222223 0.0171875
0 0.3351851851851852 0.7041666666666666 0.03333333333333333 0.020833333333333332
0 0.3712962962962963 0.6572916666666666 0.024074074074074074 0.017708333333333333
0 0.39675925925925926 0.6557291666666667 0.025 0.016666666666666666
0 0.3861111111111111 0.6341145833333334 0.016666666666666666 0.009895833333333333
0 0.42962962962962964 0.75 0.03518518518518519 0.017708333333333333
0 0.5444444444444445 0.79921875 0.031481481481481485 0.0265625
0 0.4425925925925926 0.6067708333333334 0.024074074074074074 0.019791666666666666
0 0.5773148148148148 0.5653645833333333 0.028703703703703703 0.01614583333333333
0 0.5935185185185186 0.5765625 0.02592592592592593 0.0125
0 0.4865740740740741 0.528125 0.021296296296296296 0.014583333333333334
0 0.5828703703703704 0.5098958333333333 0.028703703703703703 0.014583333333333334
0 0.5615740740740741 0.4981770833333333 0.017592592592592594 0.011979166666666666
0 0.5856481481481481 0.4596354166666667 0.025 0.0140625
0 0.6055555555555556 0.43854166666666666 0.037037037037037035 0.019791666666666666
0 0.562962962962963 0.434375 0.031481481481481485 0.017708333333333333
0 0.40092592592592596 0.4934895833333333 0.020370370370370372 0.013020833333333334
0 0.44953703703703707 0.41354166666666664 0.02314814814814815 0.015625
0 0.47361111111111115 0.3921875 0.026851851851851852 0.014583333333333334
0 0.4689814814814815 0.34140625 0.030555555555555558 0.019270833333333334
0 0.46805555555555556 0.2908854166666667 0.025 0.019270833333333334
0 0.48055555555555557 0.27682291666666664 0.024074074074074074 0.015104166666666667
0 0.5370370370370371 0.26328125 0.018518518518518517 0.0140625
0 0.5523148148148148 0.2622395833333333 0.021296296296296296 0.015104166666666667
0 0.5393518518518519 0.2515625 0.021296296296296296 0.0125
0 0.5550925925925926 0.24166666666666667 0.026851851851851852 0.011458333333333333
0 0.5912037037037037 0.23255208333333333 0.028703703703703703 0.019270833333333334
0 0.5680555555555555 0.18567708333333333 0.028703703703703703 0.019270833333333334
0 0.14953703703703705 0.2359375 0.025 0.014583333333333334
0 0.5013888888888889 0.41744791666666664 0.019444444444444445 0.01614583333333333
0 0.5458333333333334 0.46484375 0.021296296296296296 0.0140625
0 0.5467592592592593 0.46432291666666664 0.019444444444444445 0.015104166666666667
0 0.5703703703703704 0.721875 0.03888888888888889 0.025
0 0.6453703703703704 0.8325520833333333 0.037037037037037035 0.024479166666666666
0 0.6902777777777778 0.8864583333333333 0.03981481481481482 0.040625
0 0.6601851851851852 0.8947916666666667 0.040740740740740744 0.027083333333333334
0 0.6453703703703704 0.7536458333333333 0.02592592592592593 0.020833333333333332
0 0.6837962962962963 0.72265625 0.021296296296296296 0.0109375
0 0.8157407407407408 0.7330729166666666 0.03333333333333333 0.0234375
0 0.5884259259259259 0.4046875 0.026851851851851852 0.01875
0 0.6393518518518518 0.5098958333333333 0.030555555555555558 0.016666666666666666
0 0.6972222222222223 0.5684895833333333 0.031481481481481485 0.018229166666666668
0 0.6564814814814816 0.40338541666666666 0.031481481481481485 0.018229166666666668
0 0.649537037037037 0.47578125 0.025 0.0171875
0 0.9324074074074075 0.7591145833333334 0.05185185185185186 0.0203125
0 0.825462962962963 0.5888020833333333 0.036111111111111115 0.0203125
0 0.7546296296296297 0.5408854166666667 0.031481481481481485 0.021354166666666667
0 0.8171296296296297 0.23723958333333334 0.032407407407407406 0.019270833333333334
0 0.8745370370370371 0.12916666666666665 0.032407407407407406 0.020833333333333332
0 0.8699074074074075 0.2296875 0.03796296296296296 0.015625
0 0.9018518518518519 0.26875 0.03518518518518519 0.020833333333333332
0 0.8671296296296297 0.33489583333333334 0.032407407407407406 0.015625
0 0.9208333333333334 0.32760416666666664 0.026851851851851852 0.01875
0 0.8518518518518519 0.30833333333333335 0.022222222222222223 0.013541666666666667
0 0.8847222222222223 0.3177083333333333 0.03796296296296296 0.013541666666666667
0 0.7060185185185186 0.3723958333333333 0.026851851851851852 0.016666666666666666
0 0.7222222222222222 0.34869791666666666 0.024074074074074074 0.0140625
0 0.7421296296296297 0.35625 0.032407407407407406 0.020833333333333332
0 0.7768518518518519 0.3768229166666667 0.02777777777777778 0.018229166666666668
0 0.8226851851851852 0.3953125 0.03425925925925926 0.019791666666666666
0 0.8564814814814815 0.3966145833333333 0.03518518518518519 0.0203125
0 0.9115740740740741 0.41041666666666665 0.030555555555555558 0.020833333333333332
0 0.8958333333333334 0.43984375 0.030555555555555558 0.019270833333333334
0 0.9425925925925926 0.453125 0.03888888888888889 0.019791666666666666
0 0.8217592592592593 0.47421874999999997 0.026851851851851852 0.01614583333333333
0 0.8402777777777778 0.4747395833333333 0.02314814814814815 0.0140625
0 0.8162037037037038 0.5177083333333333 0.03796296296296296 0.019791666666666666
0 0.8962962962962964 0.5674479166666666 0.03518518518518519 0.0171875
0 0.8805555555555555 0.5796875 0.03888888888888889 0.019791666666666666
0 0.9009259259259259 0.5950520833333334 0.037037037037037035 0.018229166666666668
0 0.9476851851851852 0.52265625 0.026851851851851852 0.0171875
0 0.9500000000000001 0.4809895833333333 0.031481481481481485 0.01614583333333333
0 0.9856481481481482 0.39036458333333335 0.028703703703703703 0.025520833333333333
