0 0.06064814814814815 0.7716145833333333 0.032407407407407406 0.0203125
0 0.07731481481481482 0.8575520833333333 0.04537037037037037 0.033854166666666664
0 0.0587962962962963 0.2552083333333333 0.032407407407407406 0.015625
0 0.0375 0.20755208333333333 0.030555555555555558 0.019270833333333334
0 0.025462962962962965 0.36276041666666664 0.032407407407407406 0.0171875
0 0.010648148148148148 0.42526041666666664 0.019444444444444445 0.0171875
0 0.03287037037037037 0.534375 0.03796296296296296 0.01875
0 0.07175925925925926 0.55078125 0.028703703703703703 0.0140625
0 0.0912037037037037 0.5833333333333334 0.025 0.0125
0 0.1087962962962963 0.6158854166666666 0.021296296296296296 0.009895833333333333
0 0.10462962962962963 0.6552083333333333 0.022222222222222223 0.017708333333333333
0 0.25416666666666665 0.6604166666666667 0.025 0.01875
0 0.23287037037037037 0.74609375 0.021296296296296296 0.0140625
0 0.2138888888888889 0.7088541666666667 0.031481481481481485 0.021875
0 0.28425925925925927 0.6578125 0.02777777777777778 0.017708333333333333
0 0.2902777777777778 0.7559895833333333 0.030555555555555558 0.0203125
0 0.40601851851851856 0.8028645833333333 0.03425925925925926 0.028645833333333332
0 0.3087962962962963 0.6104166666666666 0.019444444444444445 0.017708333333333333
0 0.4620370370370371 0.565625 0.02962962962962963 0.016666666666666666
0 0.48842592592592593 0.5776041666666667 0.026851851851851852 0.013541666666666667
0 0.3763888888888889 0.5286458333333334 0.015740740740740743 0.015625
0 0.4620370370370371 0.5109375 0.02592592592592593 0.013541666666666667
0 0.4620370370370371 0.4591145833333333 0.02592592592592593 0.0140625
0 0.4814814814814815 0.43723958333333335 0.037037037037037035 0.021354166666666667
0 0.2689814814814815 0.49374999999999997 0.019444444444444445 0.013541666666666667
0 0.36064814814814816 0.39140625 0.026851851851851852 0.013020833333333334
0 0.34814814814814815 0.33880208333333334 0.02962962962962963 0.019270833333333334
0 0.4615740740740741 0.28854166666666664 0.02314814814814815 0.016666666666666666
0 0.35694444444444445 0.2875 0.026851851851851852 0.01875
0 0.3662037037037037 0.27265625 0.025 0.01614583333333333
0 0.4375 0.259375 0.021296296296296296 0.014583333333333334
0 0.4240740740740741 0.24791666666666667 0.022222222222222223 0.013541666666666667
0 0.44074074074074077 0.23880208333333333 0.024074074074074074 0.0109375
0 0.47175925925925927 0.22890625 0.026851851851851852 0.0203125
0 0.45416666666666666 0.18151041666666667 0.030555555555555558 0.0203125
0 0.02175925925925926 0.23124999999999998 0.026851851851851852 0.015625
0 0.38796296296296295 0.4153645833333333 0.018518518518518517 0.0140625
0 0.4337962962962963 0.4627604166666667 0.026851851851851852 0.0171875
0 0.5430555555555556 0.8953125 0.03981481481481482 0.034375
0 0.4166666666666667 0.7260416666666667 0.037037037037037035 0.025
0 0.5166666666666667 0.9010416666666666 0.03333333333333333 0.03125
0 0.5027777777777778 0.8375 0.03888888888888889 0.026041666666666668
0 0.5194444444444445 0.75703125 0.02777777777777778 0.0203125
0 0.45555555555555555 0.6575520833333334 0.022222222222222223 0.019270833333333334
0 0.46574074074074073 0.6317708333333333 0.02592592592592593 0.017708333333333333
0 0.5638888888888889 0.7247395833333333 0.024074074074074074 0.011979166666666666
0 0.48842592592592593 0.6458333333333334 0.021296296296296296 0.011458333333333333
0 0.6513888888888889 0.7916666666666666 0.025 0.021875
0 0.6856481481481482 0.7359375 0.03425925925925926 0.025
0 0.4703703703703704 0.403125 0.02777777777777778 0.017708333333333333
0 0.5259259259259259 0.51015625 0.03333333333333333 0.0171875
0 0.5800925925925926 0.5690104166666666 0.030555555555555558 0.0171875
0 0.5365740740740741 0.40234375 0.032407407407407406 0.019270833333333334
0 0.5435185185185185 0.47552083333333334 0.02962962962962963 0.01875
0 0.7930555555555556 0.7614583333333333 0.03981481481481482 0.021875
0 0.850925925925926 0.78203125 0.03888888888888889 0.022395833333333334
0 0.6981481481481482 0.5888020833333333 0.03888888888888889 0.018229166666666668
0 0.6402777777777778 0.5411458333333333 0.026851851851851852 0.020833333333333332
0 0.6986111111111112 0.2328125 0.036111111111111115 0.019791666666666666
0 0.763888888888889 0.12526041666666665 0.02962962962962963 0.021354166666666667
0 0.763888888888889 0.12526041666666665 0.02962962962962963 0.021354166666666667
0 0.8851851851851852 0.18046875 0.03333333333333333 0.0203125
0 0.7615740740740741 0.22682291666666665 0.03425925925925926 0.0171875
0 0.7986111111111112 0.2671875 0.030555555555555558 0.019791666666666666
0 0.7615740740740741 0.334375 0.03425925925925926 0.016666666666666666
0 0.8097222222222222 0.3268229166666667 0.030555555555555558 0.018229166666666668
0 0.750925925925926 0.3072916666666667 0.02777777777777778 0.013541666666666667
0 0.5958333333333333 0.371875 0.026851851851851852 0.016666666666666666
0 0.6097222222222223 0.3481770833333333 0.025 0.0140625
0 0.6319444444444444 0.3546875 0.03796296296296296 0.019791666666666666
0 0.6611111111111111 0.37526041666666665 0.02962962962962963 0.018229166666666668
0 0.7060185185185186 0.39453125 0.030555555555555558 0.019270833333333334
0 0.736574074074074 0.39609375 0.03425925925925926 0.019270833333333334
0 0.9157407407407407 0.4080729166666667 0.04259259259259259 0.0203125
0 0.7907407407407407 0.41041666666666665 0.03333333333333333 0.020833333333333332
0 0.7773148148148148 0.440625 0.026851851851851852 0.017708333333333333
0 0.8222222222222223 0.4536458333333333 0.03518518518518519 0.019791666666666666
0 0.7032407407407407 0.47421874999999997 0.030555555555555558 0.0171875
0 0.7032407407407407 0.47421874999999997 0.030555555555555558 0.0171875
0 0.7273148148148149 0.475 0.025 0.014583333333333334
0 0.700462962962963 0.51796875 0.036111111111111115 0.0203125
0 0.7671296296296296 0.5677083333333334 0.032407407407407406 0.017708333333333333
0 0.7537037037037038 0.5802083333333333 0.037037037037037035 0.01875
0 0.7731481481481481 0.5955729166666667 0.037037037037037035 0.0171875
0 0.8287037037037037 0.5221354166666666 0.024074074074074074 0.018229166666666668
0 0.8425925925925927 0.48072916666666665 0.031481481481481485 0.015625
0 0.9050925925925927 0.540625 0.03425925925925926 0.016666666666666666
0 0.8939814814814815 0.59765625 0.04166666666666667 0.022395833333333334
0 0.9287037037037037 0.5984375 0.02962962962962963 0.02395833333333333
0 0.9805555555555556 0.6380208333333334 0.03888888888888889 0.026041666666666668
0 0.9666666666666667 0.5895833333333333 0.02592592592592593 0.015625
0 0.8671296296296297 0.3888020833333333 0.04166666666666667 0.0203125
