0 0.9675925925925927 0.77109375 0.031481481481481485 0.0203125
0 0.9523148148148148 0.8575520833333333 0.04722222222222222 0.033854166666666664
0 0.9694444444444444 0.2505208333333333 0.03333333333333333 0.015625
0 0.9875 0.20260416666666667 0.025 0.019791666666666666
0 0.9875 0.5322916666666666 0.025 0.019791666666666666
0 0.9541666666666667 0.5494791666666666 0.028703703703703703 0.014583333333333334
0 0.9314814814814815 0.58125 0.02592592592592593 0.013541666666666667
0 0.9185185185185185 0.61484375 0.020370370370370372 0.009895833333333333
0 0.9226851851851853 0.6546875 0.02314814814814815 0.017708333333333333
0 0.7912037037037037 0.7450520833333333 0.021296296296296296 0.0140625
0 0.8106481481481482 0.7080729166666666 0.032407407407407406 0.021354166666666667
0 0.7680555555555556 0.6596354166666667 0.030555555555555558 0.015104166666666667
0 0.737962962962963 0.6567708333333333 0.02777777777777778 0.017708333333333333
0 0.737037037037037 0.75546875 0.031481481481481485 0.0203125
0 0.6203703703703703 0.8026041666666667 0.03333333333333333 0.028125
0 0.7171296296296297 0.609375 0.019444444444444445 0.017708333333333333
0 0.5611111111111111 0.5640625 0.02962962962962963 0.016666666666666666
0 0.5337962962962963 0.5760416666666667 0.026851851851851852 0.013541666666666667
0 0.6453703703703704 0.5268229166666667 0.014814814814814815 0.01614583333333333
0 0.674074074074074 0.40989583333333335 0.022222222222222223 0.013541666666666667
0 0.5611111111111111 0.5088541666666666 0.024074074074074074 0.013541666666666667
0 0.5625 0.45703125 0.026851851851851852 0.0140625
0 0.5421296296296296 0.4348958333333333 0.036111111111111115 0.021875
0 0.7569444444444444 0.49192708333333335 0.019444444444444445 0.013020833333333334
0 0.6615740740740741 0.3893229166666667 0.026851851851851852 0.013020833333333334
0 0.6759259259259259 0.33567708333333335 0.02962962962962963 0.019270833333333334
0 0.5611111111111111 0.28515625 0.024074074074074074 0.0171875
0 0.6662037037037037 0.2838541666666667 0.026851851851851852 0.01875
0 0.6555555555555556 0.26901041666666664 0.02592592592592593 0.01614583333333333
0 0.5851851851851853 0.25546875 0.022222222222222223 0.0140625
0 0.5995370370370371 0.24401041666666667 0.021296296296296296 0.0140625
0 0.5810185185185185 0.23411458333333332 0.025 0.009895833333333333
0 0.5513888888888889 0.22526041666666666 0.026851851851851852 0.0203125
0 0.5675925925925926 0.17708333333333334 0.031481481481481485 0.020833333333333332
0 0.4847222222222222 0.8947916666666667 0.03981481481481482 0.03333333333333333
0 0.5083333333333333 0.90078125 0.03518518518518519 0.030729166666666665
0 0.6324074074074074 0.41302083333333334 0.018518518518518517 0.014583333333333334
0 0.5893518518518519 0.46067708333333335 0.026851851851851852 0.0171875
0 0.6129629629629629 0.7255208333333333 0.037037037037037035 0.025
0 0.5231481481481481 0.8364583333333333 0.03888888888888889 0.026041666666666668
0 0.5046296296296297 0.7557291666666667 0.02777777777777778 0.019791666666666666
0 0.5694444444444444 0.65703125 0.024074074074074074 0.019270833333333334
0 0.500925925925926 0.7158854166666666 0.02777777777777778 0.021354166666666667
0 0.4587962962962963 0.7234375 0.025 0.013541666666666667
0 0.5337962962962963 0.64375 0.025 0.0125
0 0.37222222222222223 0.790625 0.02592592592592593 0.022916666666666665
0 0.33842592592592596 0.7346354166666667 0.03425925925925926 0.024479166666666666
0 0.5518518518518519 0.40078125 0.02777777777777778 0.018229166666666668
0 0.4949074074074074 0.5083333333333333 0.03425925925925926 0.017708333333333333
0 0.43842592592592594 0.5677083333333334 0.03796296296296296 0.017708333333333333
0 0.4865740740740741 0.3997395833333333 0.032407407407407406 0.019270833333333334
0 0.47824074074074074 0.4731770833333333 0.026851851851851852 0.018229166666666668
0 0.23472222222222222 0.7598958333333333 0.03981481481481482 0.021875
0 0.1763888888888889 0.7815104166666667 0.03981481481481482 0.022395833333333334
0 0.325 0.5875 0.03888888888888889 0.017708333333333333
0 0.3819444444444445 0.53984375 0.028703703703703703 0.021354166666666667
0 0.32222222222222224 0.228125 0.03518518518518519 0.020833333333333332
0 0.2555555555555556 0.12005208333333334 0.02962962962962963 0.021354166666666667
0 0.2555555555555556 0.12005208333333334 0.02962962962962963 0.021354166666666667
0 0.13333333333333333 0.17604166666666665 0.03333333333333333 0.020833333333333332
0 0.25833333333333336 0.22369791666666666 0.03333333333333333 0.018229166666666668
0 0.2212962962962963 0.2640625 0.031481481481481485 0.019791666666666666
0 0.25925925925925924 0.33177083333333335 0.031481481481481485 0.016666666666666666
0 0.21064814814814817 0.32317708333333334 0.030555555555555558 0.0203125
0 0.26712962962962966 0.30390625 0.028703703703703703 0.0140625
0 0.42453703703703705 0.3690104166666667 0.026851851851851852 0.0171875
0 0.41111111111111115 0.3450520833333333 0.02592592592592593 0.0140625
0 0.3888888888888889 0.3520833333333333 0.037037037037037035 0.019791666666666666
0 0.3597222222222222 0.37265625 0.028703703703703703 0.018229166666666668
0 0.31527777777777777 0.3924479166666667 0.030555555555555558 0.019270833333333334
0 0.2847222222222222 0.39401041666666664 0.03425925925925926 0.019270833333333334
0 0.10740740740740741 0.40520833333333334 0.04259259259259259 0.020833333333333332
0 0.23055555555555557 0.40703125 0.031481481481481485 0.021354166666666667
0 0.24351851851851852 0.43854166666666666 0.02962962962962963 0.017708333333333333
0 0.19768518518518519 0.4515625 0.036111111111111115 0.019791666666666666
0 0.31851851851851853 0.471875 0.031481481481481485 0.017708333333333333
0 0.31851851851851853 0.471875 0.031481481481481485 0.017708333333333333
0 0.2935185185185185 0.47291666666666665 0.024074074074074074 0.014583333333333334
0 0.32175925925925924 0.51640625 0.036111111111111115 0.0203125
0 0.25601851851851853 0.5661458333333333 0.032407407407407406 0.017708333333333333
0 0.26944444444444443 0.5791666666666666 0.037037037037037035 0.01875
0 0.24953703703703706 0.5934895833333333 0.036111111111111115 0.0171875
0 0.19305555555555556 0.5197916666666667 0.025 0.017708333333333333
0 0.17685185185185187 0.4786458333333333 0.031481481481481485 0.015625
0 0.11620370370370371 0.5393229166666667 0.036111111111111115 0.0171875
0 0.13148148148148148 0.5963541666666666 0.040740740740740744 0.022916666666666665
0 0.09583333333333334 0.596875 0.030555555555555558 0.02395833333333333
0 0.038425925925925926 0.63671875 0.049074074074074076 0.025520833333333333
0 0.05787037037037037 0.58984375 0.026851851851851852 0.0140625
0 0.012037037037037037 0.5963541666666666 0.020370370370370372 0.019791666666666666
0 0.15601851851851853 0.38671875 0.04166666666666667 0.0203125
