0 0.02175925925925926 0.18541666666666667 0.032407407407407406 0.014583333333333334
0 0.375 0.5614583333333333 0.02777777777777778 0.016666666666666666
0 0.007407407407407408 0.6122395833333333 0.012962962962962964 0.009895833333333333
0 0.1398148148148148 0.7442708333333333 0.020370370370370372 0.008333333333333333
0 0.12083333333333333 0.7059895833333333 0.036111111111111115 0.021354166666666667
0 0.16805555555555557 0.6572916666666666 0.030555555555555558 0.015625
0 0.20092592592592592 0.6541666666666667 0.02962962962962963 0.017708333333333333
0 0.18333333333333335 0.7536458333333333 0.02962962962962963 0.020833333333333332
0 0.3027777777777778 0.8015625 0.031481481481481485 0.027083333333333334
0 0.20925925925925926 0.6083333333333333 0.020370370370370372 0.016666666666666666
0 0.3768518518518519 0.278125 0.022222222222222223 0.016666666666666666
0 0.3023148148148148 0.5223958333333333 0.030555555555555558 0.015625
0 0.37222222222222223 0.5059895833333333 0.024074074074074074 0.013020833333333334
0 0.35324074074074074 0.24791666666666667 0.02314814814814815 0.015625
0 0.36712962962962964 0.45208333333333334 0.030555555555555558 0.014583333333333334
0 0.3888888888888889 0.43046875 0.037037037037037035 0.021354166666666667
0 0.35879629629629634 0.22473958333333333 0.026851851851851852 0.009895833333333333
0 0.1675925925925926 0.48776041666666664 0.018518518518518517 0.013020833333333334
0 0.25972222222222224 0.4036458333333333 0.030555555555555558 0.016666666666666666
0 0.275 0.3833333333333333 0.02777777777777778 0.013541666666666667
0 0.2569444444444445 0.3286458333333333 0.030555555555555558 0.019791666666666666
0 0.2712962962962963 0.2760416666666667 0.02592592592592593 0.01875
0 0.28101851851851856 0.26067708333333334 0.026851851851851852 0.01614583333333333
0 0.33611111111111114 0.2359375 0.022222222222222223 0.014583333333333334
0 0.3805555555555556 0.21614583333333334 0.02592592592592593 0.019791666666666666
0 0.3703703703703704 0.16796875 0.031481481481481485 0.021354166666666667
0 0.30092592592592593 0.7247395833333333 0.037037037037037035 0.024479166666666666
0 0.39722222222222225 0.8359375 0.03888888888888889 0.025
0 0.44537037037037036 0.8888020833333333 0.024074074074074074 0.024479166666666666
0 0.4569444444444445 0.9080729166666667 0.03425925925925926 0.0234375
0 0.41574074074074074 0.9010416666666666 0.05185185185185186 0.025
0 0.4273148148148148 0.7544270833333333 0.028703703703703703 0.0203125
0 0.3597222222222222 0.6557291666666667 0.02314814814814815 0.016666666666666666
0 0.4337962962962963 0.7143229166666667 0.028703703703703703 0.021354166666666667
0 0.47685185185185186 0.7216145833333333 0.02592592592592593 0.013020833333333334
0 0.41111111111111115 0.64375 0.024074074074074074 0.0125
0 0.5597222222222222 0.7903645833333334 0.028703703703703703 0.021354166666666667
0 0.5916666666666667 0.7330729166666666 0.03333333333333333 0.024479166666666666
0 0.38472222222222224 0.3958333333333333 0.02314814814814815 0.01875
0 0.4444444444444445 0.5046875 0.03518518518518519 0.017708333333333333
0 0.4962962962962963 0.5651041666666666 0.031481481481481485 0.017708333333333333
0 0.4481481481481482 0.3953125 0.03333333333333333 0.01875
0 0.4638888888888889 0.4692708333333333 0.02777777777777778 0.01875
0 0.6861111111111111 0.7583333333333333 0.037037037037037035 0.020833333333333332
0 0.7421296296296297 0.78046875 0.04166666666666667 0.024479166666666666
0 0.6069444444444445 0.5846354166666666 0.03796296296296296 0.0171875
0 0.5532407407407408 0.5372395833333333 0.032407407407407406 0.021354166666666667
0 0.6143518518518519 0.22213541666666667 0.03425925925925926 0.0234375
0 0.6861111111111111 0.11119791666666666 0.02962962962962963 0.022395833333333334
0 0.8069444444444445 0.16848958333333333 0.032407407407407406 0.021354166666666667
0 0.6856481481481482 0.21276041666666667 0.036111111111111115 0.0140625
0 0.7217592592592593 0.25703125 0.030555555555555558 0.019270833333333334
0 0.7217592592592593 0.25703125 0.030555555555555558 0.019270833333333334
0 0.6861111111111111 0.32786458333333335 0.022222222222222223 0.0234375
0 0.7305555555555556 0.3182291666666667 0.02962962962962963 0.019791666666666666
0 0.7537037037037038 0.29140625 0.020370370370370372 0.0109375
0 0.6796296296296297 0.2986979166666667 0.031481481481481485 0.015104166666666667
0 0.5171296296296296 0.3640625 0.026851851851851852 0.017708333333333333
0 0.5287037037037037 0.34010416666666665 0.02592592592592593 0.014583333333333334
0 0.55 0.34713541666666664 0.037037037037037035 0.0203125
0 0.5782407407407407 0.36796875 0.028703703703703703 0.019270833333333334
0 0.6222222222222222 0.3880208333333333 0.02777777777777778 0.019791666666666666
0 0.6527777777777778 0.39036458333333335 0.03518518518518519 0.018229166666666668
0 0.8226851851851852 0.40208333333333335 0.03981481481481482 0.021875
0 0.7018518518518518 0.4036458333333333 0.02777777777777778 0.021875
0 0.6967592592592593 0.4354166666666667 0.030555555555555558 0.016666666666666666
0 0.7388888888888889 0.4479166666666667 0.03333333333333333 0.019791666666666666
0 0.5768518518518518 0.4830729166666667 0.02777777777777778 0.0171875
0 0.6194444444444445 0.46822916666666664 0.03333333333333333 0.01875
0 0.6194444444444445 0.46822916666666664 0.03333333333333333 0.01875
0 0.6472222222222223 0.46953125 0.02592592592592593 0.0140625
0 0.6166666666666667 0.51328125 0.03518518518518519 0.0203125
0 0.675 0.56328125 0.031481481481481485 0.018229166666666668
0 0.662962962962963 0.5765625 0.037037037037037035 0.01875
0 0.6819444444444445 0.5911458333333334 0.03425925925925926 0.016666666666666666
0 0.7435185185185186 0.5171875 0.02592592592592593 0.01875
0 0.7680555555555556 0.4752604166666667 0.030555555555555558 0.01614583333333333
0 0.8203703703703704 0.5372395833333333 0.03888888888888889 0.018229166666666668
0 0.7935185185185185 0.5940104166666667 0.040740740740740744 0.022395833333333334
0 0.8291666666666667 0.5942708333333333 0.030555555555555558 0.02395833333333333
0 0.8810185185185185 0.6338541666666666 0.04166666666666667 0.02395833333333333
0 0.8708333333333333 0.5869791666666666 0.02314814814814815 0.0125
0 0.9273148148148148 0.5950520833333334 0.028703703703703703 0.021354166666666667
0 0.9435185185185185 0.6247395833333333 0.022222222222222223 0.013020833333333334
0 0.775 0.38307291666666665 0.040740740740740744 0.0203125
