0 0.11620370370370371 0.70625 0.028703703703703703 0.020833333333333332
0 0.018518518518518517 0.18151041666666667 0.03333333333333333 0.008854166666666666
0 0.1953703703703704 0.65546875 0.02777777777777778 0.018229166666666668
0 0.17546296296296296 0.7533854166666667 0.028703703703703703 0.0203125
0 0.29953703703703705 0.8049479166666667 0.036111111111111115 0.024479166666666666
0 0.1337962962962963 0.7455729166666667 0.019444444444444445 0.0078125
0 0.38287037037037036 0.4315104166666667 0.03425925925925926 0.021354166666666667
0 0.1615740740740741 0.6578125 0.030555555555555558 0.015625
0 0.20231481481481484 0.609375 0.021296296296296296 0.016666666666666666
0 0.3689814814814815 0.5625 0.028703703703703703 0.016666666666666666
0 0.26944444444444443 0.3848958333333333 0.02592592592592593 0.013541666666666667
0 0.2962962962962963 0.5234375 0.02962962962962963 0.016666666666666666
0 0.3662037037037037 0.5065104166666666 0.02314814814814815 0.013020833333333334
0 0.3611111111111111 0.45286458333333335 0.02962962962962963 0.0140625
0 0.16111111111111112 0.4888020833333333 0.020370370370370372 0.013020833333333334
0 0.34675925925925927 0.24869791666666666 0.021296296296296296 0.01614583333333333
0 0.2537037037037037 0.40520833333333334 0.02962962962962963 0.016666666666666666
0 0.3300925925925926 0.23828125 0.021296296296296296 0.0140625
0 0.25092592592592594 0.3302083333333333 0.031481481481481485 0.019791666666666666
0 0.3703703703703704 0.2794270833333333 0.022222222222222223 0.0171875
0 0.375 0.2171875 0.02592592592592593 0.01875
0 0.2657407407407408 0.27734375 0.02592592592592593 0.019270833333333334
0 0.274537037037037 0.26171875 0.026851851851851852 0.01614583333333333
0 0.3523148148148148 0.22630208333333332 0.026851851851851852 0.009895833333333333
0 0.36388888888888893 0.16953125 0.031481481481481485 0.021354166666666667
0 0.29212962962962963 0.72578125 0.036111111111111115 0.024479166666666666
0 0.38981481481481484 0.8372395833333334 0.03888888888888889 0.025520833333333333
0 0.4361111111111111 0.8903645833333333 0.024074074074074074 0.024479166666666666
0 0.4486111111111111 0.9093749999999999 0.032407407407407406 0.02395833333333333
0 0.4078703703703704 0.9018229166666667 0.04722222222222222 0.027604166666666666
0 0.42083333333333334 0.7549479166666666 0.028703703703703703 0.0203125
0 0.3527777777777778 0.65625 0.022222222222222223 0.016666666666666666
0 0.42685185185185187 0.7153645833333333 0.02777777777777778 0.021354166666666667
0 0.4703703703703704 0.7231770833333333 0.02592592592592593 0.013020833333333334
0 0.4050925925925926 0.6447916666666667 0.025 0.0125
0 0.5518518518518519 0.7919270833333333 0.02962962962962963 0.021354166666666667
0 0.5842592592592593 0.7341145833333333 0.03333333333333333 0.024479166666666666
0 0.3787037037037037 0.3966145833333333 0.024074074074074074 0.019270833333333334
0 0.43842592592592594 0.5059895833333333 0.03425925925925926 0.018229166666666668
0 0.4898148148148148 0.5661458333333333 0.031481481481481485 0.017708333333333333
0 0.4416666666666667 0.3963541666666667 0.03333333333333333 0.01875
0 0.45787037037037037 0.4700520833333333 0.028703703703703703 0.018229166666666668
0 0.6777777777777778 0.76015625 0.037037037037037035 0.0203125
0 0.7328703703703704 0.7809895833333333 0.04166666666666667 0.0234375
0 0.6 0.5856770833333333 0.03888888888888889 0.0171875
0 0.5458333333333334 0.5380208333333333 0.032407407407407406 0.021875
0 0.6078703703703704 0.22369791666666666 0.03425925925925926 0.0234375
0 0.6791666666666667 0.11328125 0.030555555555555558 0.022395833333333334
0 0.799537037037037 0.17057291666666666 0.032407407407407406 0.021354166666666667
0 0.6787037037037037 0.21432291666666667 0.03518518518518519 0.0140625
0 0.7143518518518519 0.2591145833333333 0.030555555555555558 0.019270833333333334
0 0.6787037037037037 0.32890625 0.024074074074074074 0.021354166666666667
0 0.7231481481481482 0.32005208333333335 0.02962962962962963 0.019270833333333334
0 0.7481481481481482 0.29270833333333335 0.020370370370370372 0.010416666666666666
0 0.674074074074074 0.30026041666666664 0.031481481481481485 0.015104166666666667
0 0.5101851851851852 0.36484375 0.02592592592592593 0.018229166666666668
0 0.5222222222222223 0.34088541666666666 0.02592592592592593 0.0140625
0 0.5435185185185185 0.3481770833333333 0.037037037037037035 0.0203125
0 0.5717592592592593 0.3692708333333333 0.028703703703703703 0.01875
0 0.6157407407407408 0.3893229166666667 0.02777777777777778 0.019270833333333334
0 0.6453703703703704 0.3911458333333333 0.03518518518518519 0.01875
0 0.8152777777777778 0.40234375 0.03796296296296296 0.021354166666666667
0 0.6953703703703704 0.4049479166666667 0.03333333333333333 0.019270833333333334
0 0.6898148148148149 0.4359375 0.02962962962962963 0.019791666666666666
0 0.7314814814814815 0.44895833333333335 0.03333333333333333 0.019791666666666666
0 0.5708333333333333 0.48411458333333335 0.028703703703703703 0.01614583333333333
0 0.6134259259259259 0.46901041666666665 0.032407407407407406 0.018229166666666668
0 0.6134259259259259 0.46901041666666665 0.032407407407407406 0.018229166666666668
0 0.6416666666666667 0.47031249999999997 0.02592592592592593 0.014583333333333334
0 0.6092592592592593 0.5138020833333333 0.03518518518518519 0.0203125
0 0.6685185185185185 0.5640625 0.031481481481481485 0.017708333333333333
0 0.6560185185185186 0.57734375 0.036111111111111115 0.019270833333333334
0 0.674537037037037 0.59140625 0.03425925925925926 0.0171875
0 0.737037037037037 0.51796875 0.02592592592592593 0.018229166666666668
0 0.7620370370370371 0.4765625 0.031481481481481485 0.015625
0 0.8138888888888889 0.5375 0.03888888888888889 0.017708333333333333
0 0.7856481481481482 0.59453125 0.03981481481481482 0.022395833333333334
0 0.8203703703703704 0.5955729166666667 0.02962962962962963 0.0234375
0 0.8726851851851852 0.63515625 0.04166666666666667 0.0234375
0 0.8625 0.5877604166666667 0.025 0.013020833333333334
0 0.9208333333333334 0.5958333333333333 0.030555555555555558 0.020833333333333332
0 0.9361111111111111 0.6252604166666667 0.02592592592592593 0.0140625
0 0.7675925925925926 0.38385416666666666 0.040740740740740744 0.020833333333333332
