0 0.9916666666666667 0.18671875 0.016666666666666666 0.0078125
0 0.8226851851851852 0.6111979166666667 0.017592592592592594 0.018229166666666668
0 0.9064814814814816 0.7098958333333333 0.02962962962962963 0.020833333333333332
0 0.7236111111111111 0.5265625 0.028703703703703703 0.014583333333333334
0 0.8597222222222223 0.6611979166666666 0.030555555555555558 0.01614583333333333
0 0.8277777777777778 0.65859375 0.02962962962962963 0.0171875
0 0.85 0.75703125 0.02777777777777778 0.0203125
0 0.7268518518518519 0.80859375 0.03888888888888889 0.022395833333333334
0 0.6527777777777778 0.5651041666666666 0.02962962962962963 0.016666666666666666
0 0.6569444444444444 0.5098958333333333 0.02314814814814815 0.0125
0 0.7699074074074075 0.3333333333333333 0.030555555555555558 0.019791666666666666
0 0.6606481481481482 0.45651041666666664 0.02314814814814815 0.0140625
0 0.7527777777777778 0.2817708333333333 0.02777777777777778 0.01875
0 0.6402777777777778 0.43463541666666666 0.036111111111111115 0.0203125
0 0.8643518518518519 0.49374999999999997 0.019444444444444445 0.009375
0 0.7685185185185186 0.4083333333333333 0.03333333333333333 0.016666666666666666
0 0.7513888888888889 0.3880208333333333 0.026851851851851852 0.0125
0 0.649537037037037 0.2830729166666667 0.02314814814814815 0.0171875
0 0.7453703703703703 0.26536458333333335 0.02592592592592593 0.0140625
0 0.674074074074074 0.253125 0.020370370370370372 0.014583333333333334
0 0.6902777777777778 0.24270833333333333 0.021296296296296296 0.013541666666666667
0 0.6685185185185185 0.23046875 0.02777777777777778 0.009895833333333333
0 0.6476851851851853 0.22135416666666666 0.019444444444444445 0.01875
0 0.6550925925925927 0.17447916666666666 0.032407407407407406 0.020833333333333332
0 0.737037037037037 0.728125 0.03888888888888889 0.026041666666666668
0 0.6375000000000001 0.8408854166666666 0.03981481481481482 0.025520833333333333
0 0.5921296296296297 0.8950520833333333 0.025 0.024479166666666666
0 0.5810185185185185 0.9140625 0.030555555555555558 0.026041666666666668
0 0.6212962962962963 0.90625 0.05 0.025
0 0.6041666666666667 0.7588541666666666 0.028703703703703703 0.020833333333333332
0 0.674074074074074 0.6596354166666667 0.02592592592592593 0.0171875
0 0.5962962962962963 0.71875 0.02777777777777778 0.020833333333333332
0 0.5532407407407408 0.7263020833333333 0.026851851851851852 0.013020833333333334
0 0.6162037037037037 0.6481770833333333 0.025 0.011979166666666666
0 0.47361111111111115 0.7955729166666666 0.030555555555555558 0.021354166666666667
0 0.4412037037037037 0.7372395833333333 0.036111111111111115 0.024479166666666666
0 0.6444444444444445 0.4002604166666667 0.02592592592592593 0.019270833333333334
0 0.5833333333333334 0.5088541666666666 0.03518518518518519 0.017708333333333333
0 0.5328703703703704 0.56953125 0.030555555555555558 0.0171875
0 0.5814814814814815 0.4 0.03333333333333333 0.01875
0 0.562962962962963 0.47369791666666666 0.02777777777777778 0.018229166666666668
0 0.35000000000000003 0.76328125 0.037037037037037035 0.021354166666666667
0 0.2953703703703704 0.784375 0.044444444444444446 0.025
0 0.42453703703703705 0.5888020833333333 0.03796296296296296 0.0171875
0 0.47731481481481486 0.5408854166666667 0.03425925925925926 0.021354166666666667
0 0.41481481481481486 0.22838541666666667 0.03333333333333333 0.022395833333333334
0 0.3425925925925926 0.11875 0.02962962962962963 0.021875
0 0.2240740740740741 0.17552083333333332 0.031481481481481485 0.020833333333333332
0 0.3421296296296296 0.21875 0.03425925925925926 0.014583333333333334
0 0.30324074074074076 0.2638020833333333 0.021296296296296296 0.021354166666666667
0 0.34351851851851856 0.3325520833333333 0.022222222222222223 0.021354166666666667
0 0.29814814814814816 0.32395833333333335 0.02962962962962963 0.01875
0 0.27037037037037037 0.29635416666666664 0.020370370370370372 0.010416666666666666
0 0.3472222222222222 0.30442708333333335 0.02962962962962963 0.015104166666666667
0 0.5106481481481482 0.3690104166666667 0.025 0.0171875
0 0.4990740740740741 0.34479166666666666 0.02592592592592593 0.014583333333333334
0 0.47824074074074074 0.3520833333333333 0.036111111111111115 0.019791666666666666
0 0.45046296296296295 0.3734375 0.028703703703703703 0.01875
0 0.40694444444444444 0.39296875 0.026851851851851852 0.018229166666666668
0 0.37777777777777777 0.39479166666666665 0.03518518518518519 0.01875
0 0.21203703703703705 0.40651041666666665 0.037037037037037035 0.021354166666666667
0 0.32407407407407407 0.40859375 0.040740740740740744 0.019270833333333334
0 0.33333333333333337 0.43984375 0.02962962962962963 0.0171875
0 0.2916666666666667 0.45234375 0.03333333333333333 0.0203125
0 0.45046296296296295 0.4875 0.028703703703703703 0.016666666666666666
0 0.40925925925925927 0.47213541666666664 0.03333333333333333 0.018229166666666668
0 0.3805555555555556 0.4734375 0.02592592592592593 0.014583333333333334
0 0.4138888888888889 0.5171875 0.03518518518518519 0.019791666666666666
0 0.3574074074074074 0.5674479166666666 0.031481481481481485 0.018229166666666668
0 0.3689814814814815 0.58046875 0.036111111111111115 0.019270833333333334
0 0.34953703703703703 0.5947916666666666 0.03425925925925926 0.016666666666666666
0 0.2865740740740741 0.52109375 0.026851851851851852 0.018229166666666668
0 0.25972222222222224 0.47942708333333334 0.030555555555555558 0.01614583333333333
0 0.20972222222222223 0.5411458333333333 0.03981481481481482 0.017708333333333333
0 0.24212962962962964 0.59765625 0.03981481481481482 0.022395833333333334
0 0.2064814814814815 0.5984375 0.02962962962962963 0.02395833333333333
0 0.1574074074074074 0.6377604166666666 0.03888888888888889 0.0234375
0 0.1625 0.5901041666666667 0.026851851851851852 0.013541666666666667
0 0.10277777777777779 0.5986979166666666 0.031481481481481485 0.021354166666666667
0 0.08518518518518518 0.6283854166666667 0.02777777777777778 0.015104166666666667
0 0.020833333333333336 0.353125 0.032407407407407406 0.016666666666666666
0 0.2587962962962963 0.38776041666666666 0.03981481481481482 0.0203125
