0 0.010185185185185186 0.18671875 0.016666666666666666 0.0078125
0 0.17916666666666667 0.6111979166666667 0.017592592592592594 0.018229166666666668
0 0.09537037037037037 0.7098958333333333 0.02962962962962963 0.020833333333333332
0 0.27824074074074073 0.5265625 0.028703703703703703 0.014583333333333334
0 0.14212962962962963 0.6611979166666666 0.030555555555555558 0.01614583333333333
0 0.17407407407407408 0.65859375 0.02962962962962963 0.0171875
0 0.15185185185185185 0.75703125 0.02777777777777778 0.0203125
0 0.275 0.80859375 0.03888888888888889 0.022395833333333334
0 0.3490740740740741 0.5651041666666666 0.02962962962962963 0.016666666666666666
0 0.34490740740740744 0.5098958333333333 0.02314814814814815 0.0125
0 0.23194444444444445 0.3333333333333333 0.030555555555555558 0.019791666666666666
0 0.34120370370370373 0.45651041666666664 0.02314814814814815 0.0140625
0 0.2490740740740741 0.2817708333333333 0.02777777777777778 0.01875
0 0.3615740740740741 0.43463541666666666 0.036111111111111115 0.0203125
0 0.1375 0.49374999999999997 0.019444444444444445 0.009375
0 0.23333333333333334 0.4083333333333333 0.03333333333333333 0.016666666666666666
0 0.250462962962963 0.3880208333333333 0.026851851851851852 0.0125
0 0.3523148148148148 0.2830729166666667 0.02314814814814815 0.0171875
0 0.2564814814814815 0.26536458333333335 0.02592592592592593 0.0140625
0 0.3277777777777778 0.253125 0.020370370370370372 0.014583333333333334
0 0.31157407407407406 0.24270833333333333 0.021296296296296296 0.013541666666666667
0 0.33333333333333337 0.23046875 0.02777777777777778 0.009895833333333333
0 0.3541666666666667 0.22135416666666666 0.019444444444444445 0.01875
0 0.34675925925925927 0.17447916666666666 0.032407407407407406 0.020833333333333332
0 0.26481481481481484 0.728125 0.03888888888888889 0.026041666666666668
0 0.36435185185185187 0.8408854166666666 0.03981481481481482 0.025520833333333333
0 0.40972222222222227 0.8950520833333333 0.025 0.024479166666666666
0 0.42083333333333334 0.9140625 0.030555555555555558 0.026041666666666668
0 0.3805555555555556 0.90625 0.05 0.025
0 0.3976851851851852 0.7588541666666666 0.028703703703703703 0.020833333333333332
0 0.3277777777777778 0.6596354166666667 0.02592592592592593 0.0171875
0 0.40555555555555556 0.71875 0.02777777777777778 0.020833333333333332
0 0.4486111111111111 0.7263020833333333 0.026851851851851852 0.013020833333333334
0 0.3856481481481482 0.6481770833333333 0.025 0.011979166666666666
0 0.5282407407407408 0.7955729166666666 0.030555555555555558 0.021354166666666667
0 0.5606481481481481 0.7372395833333333 0.036111111111111115 0.024479166666666666
0 0.3574074074074074 0.4002604166666667 0.02592592592592593 0.019270833333333334
0 0.4185185185185185 0.5088541666666666 0.03518518518518519 0.017708333333333333
0 0.4689814814814815 0.56953125 0.030555555555555558 0.0171875
0 0.4203703703703704 0.4 0.03333333333333333 0.01875
0 0.4388888888888889 0.47369791666666666 0.02777777777777778 0.018229166666666668
0 0.6518518518518519 0.76328125 0.037037037037037035 0.021354166666666667
0 0.7064814814814815 0.784375 0.044444444444444446 0.025
0 0.5773148148148148 0.5888020833333333 0.03796296296296296 0.0171875
0 0.524537037037037 0.5408854166666667 0.03425925925925926 0.021354166666666667
0 0.587037037037037 0.22838541666666667 0.03333333333333333 0.022395833333333334
0 0.6592592592592593 0.11875 0.02962962962962963 0.021875
0 0.7777777777777778 0.17552083333333332 0.031481481481481485 0.020833333333333332
0 0.6597222222222222 0.21875 0.03425925925925926 0.014583333333333334
0 0.6986111111111112 0.2638020833333333 0.021296296296296296 0.021354166666666667
0 0.6583333333333333 0.3325520833333333 0.022222222222222223 0.021354166666666667
0 0.7037037037037037 0.32395833333333335 0.02962962962962963 0.01875
0 0.7314814814814815 0.29635416666666664 0.020370370370370372 0.010416666666666666
0 0.6546296296296297 0.30442708333333335 0.02962962962962963 0.015104166666666667
0 0.4912037037037037 0.3690104166666667 0.025 0.0171875
0 0.5027777777777778 0.34479166666666666 0.02592592592592593 0.014583333333333334
0 0.5236111111111111 0.3520833333333333 0.036111111111111115 0.019791666666666666
0 0.5513888888888889 0.3734375 0.028703703703703703 0.01875
0 0.5949074074074074 0.39296875 0.026851851851851852 0.018229166666666668
0 0.6240740740740741 0.39479166666666665 0.03518518518518519 0.01875
0 0.7898148148148149 0.40651041666666665 0.037037037037037035 0.021354166666666667
0 0.6777777777777778 0.40859375 0.040740740740740744 0.019270833333333334
0 0.6685185185185185 0.43984375 0.02962962962962963 0.0171875
0 0.7101851851851853 0.45234375 0.03333333333333333 0.0203125
0 0.5513888888888889 0.4875 0.028703703703703703 0.016666666666666666
0 0.5925925925925926 0.47213541666666664 0.03333333333333333 0.018229166666666668
0 0.6212962962962963 0.4734375 0.02592592592592593 0.014583333333333334
0 0.587962962962963 0.5171875 0.03518518518518519 0.019791666666666666
0 0.6444444444444445 0.5674479166666666 0.031481481481481485 0.018229166666666668
0 0.6328703703703704 0.58046875 0.036111111111111115 0.019270833333333334
0 0.6523148148148148 0.5947916666666666 0.03425925925925926 0.016666666666666666
0 0.7152777777777778 0.52109375 0.026851851851851852 0.018229166666666668
0 0.7421296296296297 0.47942708333333334 0.030555555555555558 0.01614583333333333
0 0.7921296296296296 0.5411458333333333 0.03981481481481482 0.017708333333333333
0 0.7597222222222223 0.59765625 0.03981481481481482 0.022395833333333334
0 0.7953703703703704 0.5984375 0.02962962962962963 0.02395833333333333
0 0.8444444444444444 0.6377604166666666 0.03888888888888889 0.0234375
0 0.8393518518518519 0.5901041666666667 0.026851851851851852 0.013541666666666667
0 0.8990740740740741 0.5986979166666666 0.031481481481481485 0.021354166666666667
0 0.9166666666666667 0.6283854166666667 0.02777777777777778 0.015104166666666667
0 0.9810185185185185 0.353125 0.032407407407407406 0.016666666666666666
0 0.7430555555555556 0.38776041666666666 0.03981481481481482 0.0203125
