0 0.08750000000000001 0.71015625 0.030555555555555558 0.021354166666666667
0 0.13564814814814816 0.66171875 0.030555555555555558 0.01614583333333333
0 0.1685185185185185 0.6588541666666666 0.02962962962962963 0.017708333333333333
0 0.14305555555555557 0.7575520833333333 0.028703703703703703 0.0203125
0 0.2675925925925926 0.8091145833333333 0.040740740740740744 0.022395833333333334
0 0.17175925925925928 0.61171875 0.017592592592592594 0.018229166666666668
0 0.3425925925925926 0.5653645833333333 0.02962962962962963 0.0171875
0 0.27222222222222225 0.5276041666666667 0.02777777777777778 0.014583333333333334
0 0.33842592592592596 0.5104166666666666 0.021296296296296296 0.0125
0 0.33472222222222225 0.45703125 0.02314814814814815 0.0140625
0 0.3541666666666667 0.4348958333333333 0.036111111111111115 0.020833333333333332
0 0.1300925925925926 0.4942708333333333 0.019444444444444445 0.009375
0 0.22731481481481483 0.4083333333333333 0.032407407407407406 0.016666666666666666
0 0.24444444444444446 0.3880208333333333 0.02592592592592593 0.0125
0 0.22546296296296298 0.3341145833333333 0.032407407407407406 0.019270833333333334
0 0.34490740740740744 0.2833333333333333 0.02314814814814815 0.016666666666666666
0 0.24305555555555555 0.28203125 0.028703703703703703 0.018229166666666668
0 0.25 0.265625 0.02592592592592593 0.014583333333333334
0 0.3212962962962963 0.253125 0.020370370370370372 0.014583333333333334
0 0.3050925925925926 0.24244791666666665 0.021296296296296296 0.0140625
0 0.3263888888888889 0.23098958333333333 0.026851851851851852 0.009895833333333333
0 0.34814814814814815 0.22161458333333334 0.018518518518518517 0.018229166666666668
0 0.34120370370370373 0.17473958333333334 0.032407407407407406 0.021354166666666667
0 0.25601851851851853 0.72890625 0.03981481481481482 0.0265625
0 0.3564814814814815 0.8411458333333334 0.03888888888888889 0.026041666666666668
0 0.4013888888888889 0.8950520833333333 0.025 0.024479166666666666
0 0.41203703703703703 0.9143229166666667 0.031481481481481485 0.025520833333333333
0 0.37222222222222223 0.9067708333333333 0.0462962962962963 0.026041666666666668
0 0.39166666666666666 0.7591145833333334 0.02962962962962963 0.0203125
0 0.3199074074074074 0.66015625 0.026851851851851852 0.0171875
0 0.33981481481481485 0.6307291666666667 0.024074074074074074 0.0125
0 0.3995370370370371 0.7190104166666667 0.028703703703703703 0.021354166666666667
0 0.44212962962962965 0.7265625 0.026851851851851852 0.013541666666666667
0 0.3861111111111111 0.6359375 0.016666666666666666 0.016666666666666666
0 0.3800925925925926 0.6484375 0.025 0.011458333333333333
0 0.5212962962962964 0.7958333333333333 0.02962962962962963 0.020833333333333332
0 0.5541666666666667 0.7375 0.036111111111111115 0.025
0 0.5537037037037037 0.7372395833333333 0.03518518518518519 0.024479166666666666
0 0.350462962962963 0.4002604166666667 0.026851851851851852 0.019270833333333334
0 0.412962962962963 0.5091145833333334 0.03518518518518519 0.018229166666666668
0 0.4625 0.56953125 0.032407407407407406 0.0171875
0 0.4138888888888889 0.4 0.03333333333333333 0.01875
0 0.6527777777777778 0.33307291666666666 0.02777777777777778 0.018229166666666668
0 0.4342592592592593 0.47369791666666666 0.02962962962962963 0.018229166666666668
0 0.6439814814814815 0.76328125 0.036111111111111115 0.021354166666666667
0 0.6976851851851852 0.7838541666666666 0.04537037037037037 0.026041666666666668
0 0.5712962962962963 0.5888020833333333 0.037037037037037035 0.0171875
0 0.5180555555555556 0.5408854166666667 0.03425925925925926 0.021354166666666667
0 0.5810185185185185 0.22838541666666667 0.03425925925925926 0.022395833333333334
0 0.6527777777777778 0.11875 0.02962962962962963 0.021875
0 0.7722222222222223 0.17578125 0.031481481481481485 0.021354166666666667
0 0.6532407407407408 0.21901041666666665 0.03425925925925926 0.015104166666666667
0 0.6541666666666667 0.21927083333333333 0.03425925925925926 0.014583333333333334
0 0.6925925925925926 0.2635416666666667 0.024074074074074074 0.020833333333333332
0 0.6981481481481482 0.32421875 0.02777777777777778 0.019270833333333334
0 0.7268518518518519 0.29661458333333335 0.020370370370370372 0.0109375
0 0.6486111111111111 0.30416666666666664 0.030555555555555558 0.015625
0 0.48564814814814816 0.3690104166666667 0.026851851851851852 0.0171875
0 0.4967592592592593 0.3450520833333333 0.026851851851851852 0.0140625
0 0.5175925925925926 0.3520833333333333 0.03518518518518519 0.019791666666666666
0 0.5453703703703704 0.3734375 0.02962962962962963 0.01875
0 0.5884259259259259 0.3927083333333333 0.026851851851851852 0.01875
0 0.6180555555555556 0.39453125 0.03425925925925926 0.019270833333333334
0 0.7833333333333333 0.40625 0.037037037037037035 0.021875
0 0.6712962962962963 0.40859375 0.037037037037037035 0.021354166666666667
0 0.6620370370370371 0.4401041666666667 0.03333333333333333 0.015625
0 0.7032407407407407 0.42083333333333334 0.019444444444444445 0.014583333333333334
0 0.7041666666666667 0.45234375 0.032407407407407406 0.0203125
0 0.5462962962962963 0.48776041666666664 0.02962962962962963 0.01614583333333333
0 0.5865740740740741 0.47213541666666664 0.032407407407407406 0.018229166666666668
0 0.6152777777777778 0.4739583333333333 0.026851851851851852 0.014583333333333334
0 0.5824074074074075 0.5171875 0.03518518518518519 0.019791666666666666
0 0.637962962962963 0.5671875 0.031481481481481485 0.017708333333333333
0 0.6268518518518519 0.5807291666666666 0.03518518518518519 0.01875
0 0.6449074074074075 0.5947916666666666 0.032407407407407406 0.017708333333333333
0 0.7092592592592593 0.5216145833333333 0.02777777777777778 0.018229166666666668
0 0.736574074074074 0.47942708333333334 0.030555555555555558 0.01614583333333333
0 0.7856481481481482 0.540625 0.03796296296296296 0.01875
0 0.7527777777777778 0.59765625 0.040740740740740744 0.022395833333333334
0 0.787962962962963 0.5984375 0.031481481481481485 0.022916666666666665
0 0.8361111111111111 0.6377604166666666 0.03888888888888889 0.0234375
0 0.8324074074074075 0.5903645833333333 0.02777777777777778 0.0140625
0 0.8925925925925926 0.5989583333333334 0.02962962962962963 0.020833333333333332
0 0.9111111111111111 0.6283854166666667 0.02962962962962963 0.015104166666666667
0 0.9907407407407408 0.6106770833333334 0.018518518518518517 0.015104166666666667
0 0.951388888888889 0.55 0.015740740740740743 0.007291666666666667
0 0.9944444444444445 0.44166666666666665 0.011111111111111112 0.013541666666666667
0 0.9953703703703705 0.34401041666666665 0.009259259259259259 0.018229166666666668
0 0.9953703703703705 0.34401041666666665 0.009259259259259259 0.018229166666666668
0 0.9953703703703705 0.34322916666666664 0.009259259259259259 0.01875
0 0.9773148148148149 0.6424479166666667 0.04537037037037037 0.015104166666666667
0 0.7356481481481482 0.3875 0.04351851851851852 0.01875
