0 0.075 0.7104166666666667 0.02962962962962963 0.020833333333333332
0 0.12361111111111112 0.66171875 0.032407407407407406 0.01614583333333333
0 0.15694444444444444 0.6591145833333333 0.030555555555555558 0.0171875
0 0.12824074074074074 0.7578125 0.026851851851851852 0.020833333333333332
0 0.25277777777777777 0.8088541666666667 0.040740740740740744 0.022916666666666665
0 0.1564814814814815 0.6114583333333333 0.018518518518518517 0.017708333333333333
0 0.32962962962962966 0.5653645833333333 0.02962962962962963 0.0171875
0 0.2606481481481482 0.52734375 0.028703703703703703 0.015104166666666667
0 0.325 0.51015625 0.022222222222222223 0.011979166666666666
0 0.32083333333333336 0.45677083333333335 0.025 0.014583333333333334
0 0.3402777777777778 0.43463541666666666 0.036111111111111115 0.021354166666666667
0 0.11527777777777778 0.49374999999999997 0.019444444444444445 0.009375
0 0.2138888888888889 0.4080729166666667 0.03333333333333333 0.0171875
0 0.23148148148148148 0.3885416666666667 0.02592592592592593 0.0125
0 0.21203703703703705 0.33359375 0.03333333333333333 0.019270833333333334
0 0.33333333333333337 0.2830729166666667 0.024074074074074074 0.0171875
0 0.23101851851851854 0.28151041666666665 0.028703703703703703 0.018229166666666668
0 0.23796296296296296 0.265625 0.02592592592592593 0.014583333333333334
0 0.30833333333333335 0.253125 0.020370370370370372 0.014583333333333334
0 0.2916666666666667 0.24244791666666665 0.022222222222222223 0.0140625
0 0.3138888888888889 0.23098958333333333 0.02592592592592593 0.009895833333333333
0 0.33425925925925926 0.22135416666666666 0.018518518518518517 0.01875
0 0.3277777777777778 0.17395833333333333 0.031481481481481485 0.020833333333333332
0 0.23796296296296296 0.7291666666666666 0.03888888888888889 0.026041666666666668
0 0.3402777777777778 0.8411458333333334 0.03796296296296296 0.026041666666666668
0 0.38472222222222224 0.8950520833333333 0.025 0.024479166666666666
0 0.4 0.9127604166666666 0.02962962962962963 0.022395833333333334
0 0.3560185185185185 0.9067708333333333 0.04537037037037037 0.026041666666666668
0 0.37824074074074077 0.7588541666666666 0.028703703703703703 0.019791666666666666
0 0.3060185185185185 0.659375 0.026851851851851852 0.017708333333333333
0 0.325 0.6299479166666666 0.02777777777777778 0.013020833333333334
0 0.3856481481481482 0.7184895833333333 0.028703703703703703 0.021354166666666667
0 0.4287037037037037 0.7263020833333333 0.02777777777777778 0.0140625
0 0.3736111111111111 0.63515625 0.017592592592592594 0.01614583333333333
0 0.3699074074074074 0.6479166666666667 0.025 0.011458333333333333
0 0.5092592592592593 0.7947916666666667 0.02962962962962963 0.021875
0 0.5398148148148149 0.7380208333333333 0.03518518518518519 0.025
0 0.5398148148148149 0.7375 0.03518518518518519 0.025
0 0.45092592592592595 0.70703125 0.024074074074074074 0.013020833333333334
0 0.3365740740740741 0.4 0.028703703703703703 0.01875
0 0.40092592592592596 0.5091145833333334 0.03518518518518519 0.018229166666666668
0 0.4537037037037037 0.5703125 0.024074074074074074 0.016666666666666666
0 0.40092592592592596 0.39947916666666666 0.03333333333333333 0.01875
0 0.42314814814814816 0.47369791666666666 0.02962962962962963 0.018229166666666668
0 0.6282407407407408 0.7635416666666667 0.036111111111111115 0.020833333333333332
0 0.6810185185185186 0.7838541666666666 0.04166666666666667 0.02395833333333333
0 0.5564814814814815 0.58828125 0.03518518518518519 0.0171875
0 0.5055555555555555 0.540625 0.03518518518518519 0.020833333333333332
0 0.5671296296296297 0.22786458333333334 0.03425925925925926 0.022395833333333334
0 0.6407407407407407 0.11796875 0.02962962962962963 0.021354166666666667
0 0.7597222222222223 0.17473958333333334 0.032407407407407406 0.021354166666666667
0 0.6412037037037037 0.21875 0.03425925925925926 0.014583333333333334
0 0.6412037037037037 0.21875 0.03425925925925926 0.015625
0 0.6814814814814815 0.2635416666666667 0.02592592592592593 0.021875
0 0.6425925925925926 0.32890625 0.024074074074074074 0.0140625
0 0.6870370370370371 0.32395833333333335 0.02777777777777778 0.021875
0 0.7171296296296297 0.296875 0.019444444444444445 0.011458333333333333
0 0.638888888888889 0.30390625 0.031481481481481485 0.015104166666666667
0 0.47453703703703703 0.36875 0.026851851851851852 0.016666666666666666
0 0.4842592592592593 0.34479166666666666 0.02592592592592593 0.014583333333333334
0 0.5046296296296297 0.35182291666666665 0.03518518518518519 0.019270833333333334
0 0.5319444444444444 0.3734375 0.030555555555555558 0.019791666666666666
0 0.576388888888889 0.3921875 0.026851851851851852 0.01875
0 0.6055555555555556 0.39375 0.03333333333333333 0.01875
0 0.7689814814814815 0.40625 0.036111111111111115 0.020833333333333332
0 0.6560185185185186 0.40859375 0.036111111111111115 0.021354166666666667
0 0.6486111111111111 0.43906249999999997 0.032407407407407406 0.016666666666666666
0 0.6893518518518519 0.42083333333333334 0.019444444444444445 0.013541666666666667
0 0.6907407407407408 0.45208333333333334 0.03333333333333333 0.019791666666666666
0 0.5347222222222222 0.48776041666666664 0.030555555555555558 0.015104166666666667
0 0.5736111111111112 0.47239583333333335 0.032407407407407406 0.01875
0 0.6027777777777777 0.47291666666666665 0.02592592592592593 0.014583333333333334
0 0.5699074074074074 0.5171875 0.036111111111111115 0.019791666666666666
0 0.6236111111111111 0.5666666666666667 0.030555555555555558 0.017708333333333333
0 0.6125 0.5807291666666666 0.03425925925925926 0.01875
0 0.6333333333333333 0.5963541666666666 0.037037037037037035 0.013541666666666667
0 0.6958333333333334 0.52109375 0.026851851851851852 0.018229166666666668
0 0.7245370370370371 0.4791666666666667 0.030555555555555558 0.016666666666666666
0 0.7736111111111111 0.5403645833333334 0.03981481481481482 0.019270833333333334
0 0.737962962962963 0.5973958333333333 0.040740740740740744 0.021875
0 0.7717592592592593 0.5989583333333334 0.032407407407407406 0.022916666666666665
0 0.8217592592592593 0.6372395833333333 0.04351851851851852 0.025520833333333333
0 0.8199074074074074 0.5893229166666667 0.032407407407407406 0.015104166666666667
0 0.8805555555555555 0.5986979166666666 0.02962962962962963 0.0203125
0 0.899537037037037 0.628125 0.030555555555555558 0.015625
0 0.9861111111111112 0.63984375 0.02777777777777778 0.019270833333333334
0 0.9856481481481482 0.6106770833333334 0.028703703703703703 0.01614583333333333
0 0.987037037037037 0.5059895833333333 0.02592592592592593 0.013020833333333334
0 0.9476851851851852 0.5497395833333333 0.017592592592592594 0.0078125
0 0.9916666666666667 0.4421875 0.016666666666666666 0.014583333333333334
0 0.9902777777777778 0.34348958333333335 0.019444444444444445 0.0234375
0 0.9907407407407408 0.34322916666666664 0.018518518518518517 0.02395833333333333
0 0.9902777777777778 0.34348958333333335 0.019444444444444445 0.0234375
0 0.7217592592592593 0.3872395833333333 0.04537037037037037 0.019270833333333334
