0 0.1175925925925926 0.66171875 0.02962962962962963 0.019270833333333334
0 0.06759259259259259 0.71015625 0.02962962962962963 0.0203125
0 0.15 0.6591145833333333 0.02962962962962963 0.0171875
0 0.11990740740740741 0.7580729166666667 0.026851851851851852 0.0203125
0 0.24444444444444446 0.8091145833333333 0.040740740740740744 0.0234375
0 0.14907407407407408 0.6114583333333333 0.018518518518518517 0.017708333333333333
0 0.3236111111111111 0.5653645833333333 0.030555555555555558 0.0171875
0 0.25416666666666665 0.5268229166666667 0.028703703703703703 0.015104166666666667
0 0.3175925925925926 0.51015625 0.024074074074074074 0.011979166666666666
0 0.31342592592592594 0.45651041666666664 0.025 0.0140625
0 0.33333333333333337 0.434375 0.037037037037037035 0.020833333333333332
0 0.10787037037037038 0.4942708333333333 0.017592592592592594 0.009375
0 0.20740740740740743 0.4080729166666667 0.03518518518518519 0.0171875
0 0.22546296296296298 0.3880208333333333 0.026851851851851852 0.0125
0 0.2050925925925926 0.3333333333333333 0.032407407407407406 0.01875
0 0.32685185185185184 0.2828125 0.024074074074074074 0.016666666666666666
0 0.22453703703703703 0.28098958333333335 0.028703703703703703 0.018229166666666668
0 0.23148148148148148 0.26510416666666664 0.02592592592592593 0.014583333333333334
0 0.3023148148148148 0.253125 0.019444444444444445 0.014583333333333334
0 0.2851851851851852 0.2421875 0.022222222222222223 0.013541666666666667
0 0.3078703703703704 0.23046875 0.026851851851851852 0.009895833333333333
0 0.3277777777777778 0.22083333333333333 0.018518518518518517 0.01875
0 0.3212962962962963 0.17395833333333333 0.031481481481481485 0.020833333333333332
0 0.22962962962962963 0.7294270833333333 0.03888888888888889 0.025520833333333333
0 0.33194444444444443 0.84140625 0.03796296296296296 0.025520833333333333
0 0.3773148148148148 0.8953125 0.026851851851851852 0.025
0 0.3907407407407408 0.9132812499999999 0.02962962962962963 0.022395833333333334
0 0.34675925925925927 0.9067708333333333 0.03981481481481482 0.029166666666666667
0 0.37083333333333335 0.7591145833333334 0.028703703703703703 0.0203125
0 0.2990740740740741 0.659375 0.02777777777777778 0.017708333333333333
0 0.31666666666666665 0.6296875 0.02962962962962963 0.013541666666666667
0 0.3791666666666667 0.7190104166666667 0.028703703703703703 0.021354166666666667
0 0.4222222222222222 0.7263020833333333 0.02777777777777778 0.0140625
0 0.3666666666666667 0.6346354166666667 0.018518518518518517 0.01614583333333333
0 0.36342592592592593 0.6479166666666667 0.025 0.011458333333333333
0 0.5032407407407408 0.7947916666666667 0.028703703703703703 0.022916666666666665
0 0.5324074074074074 0.7372395833333333 0.03518518518518519 0.024479166666666666
0 0.5314814814814816 0.7375 0.03518518518518519 0.02395833333333333
0 0.4425925925925926 0.7078125 0.02592592592592593 0.013541666666666667
0 0.33055555555555555 0.4 0.02962962962962963 0.019791666666666666
0 0.3944444444444445 0.50859375 0.03518518518518519 0.018229166666666668
0 0.4467592592592593 0.5700520833333333 0.025 0.0171875
0 0.3944444444444445 0.39947916666666666 0.03333333333333333 0.01875
0 0.41712962962962963 0.4731770833333333 0.028703703703703703 0.018229166666666668
0 0.6199074074074075 0.7638020833333333 0.03425925925925926 0.0203125
0 0.6703703703703704 0.78359375 0.040740740740740744 0.025520833333333333
0 0.5504629629629629 0.5890625 0.036111111111111115 0.016666666666666666
0 0.4986111111111111 0.5408854166666667 0.036111111111111115 0.021354166666666667
0 0.5611111111111111 0.22708333333333333 0.03333333333333333 0.021875
0 0.6342592592592593 0.11744791666666667 0.02962962962962963 0.021354166666666667
0 0.7532407407407408 0.17473958333333334 0.030555555555555558 0.021354166666666667
0 0.6351851851851852 0.21848958333333332 0.03333333333333333 0.015104166666666667
0 0.6361111111111112 0.21822916666666667 0.03333333333333333 0.015625
0 0.674537037037037 0.26328125 0.025 0.0234375
0 0.6370370370370371 0.32838541666666665 0.024074074074074074 0.0140625
0 0.6810185185185186 0.32395833333333335 0.025 0.022916666666666665
0 0.712037037037037 0.29635416666666664 0.020370370370370372 0.011458333333333333
0 0.6351851851851852 0.303125 0.02962962962962963 0.014583333333333334
0 0.46805555555555556 0.3684895833333333 0.026851851851851852 0.0171875
0 0.4777777777777778 0.3442708333333333 0.02592592592592593 0.014583333333333334
0 0.4981481481481482 0.35130208333333335 0.03518518518518519 0.019270833333333334
0 0.5259259259259259 0.3729166666666667 0.02962962962962963 0.019791666666666666
0 0.5699074074074074 0.3921875 0.026851851851851852 0.01875
0 0.5986111111111111 0.39375 0.03425925925925926 0.01875
0 0.7611111111111112 0.40598958333333335 0.037037037037037035 0.021354166666666667
0 0.649537037037037 0.40859375 0.036111111111111115 0.021354166666666667
0 0.6435185185185185 0.43984375 0.031481481481481485 0.015104166666666667
0 0.6819444444444445 0.4197916666666667 0.019444444444444445 0.013541666666666667
0 0.6837962962962963 0.45208333333333334 0.03425925925925926 0.019791666666666666
0 0.5296296296296297 0.48723958333333334 0.031481481481481485 0.015104166666666667
0 0.5666666666666667 0.47213541666666664 0.03333333333333333 0.018229166666666668
0 0.5962962962962963 0.47291666666666665 0.02592592592592593 0.014583333333333334
0 0.5625 0.5171875 0.03425925925925926 0.019791666666666666
0 0.6166666666666667 0.5669270833333333 0.031481481481481485 0.0171875
0 0.6055555555555556 0.58046875 0.03518518518518519 0.018229166666666668
0 0.625925925925926 0.5963541666666666 0.037037037037037035 0.013541666666666667
0 0.6893518518518519 0.52109375 0.026851851851851852 0.018229166666666668
0 0.7199074074074074 0.47890625 0.030555555555555558 0.01614583333333333
0 0.7666666666666667 0.5403645833333334 0.040740740740740744 0.019270833333333334
0 0.7300925925925926 0.59765625 0.03981481481481482 0.022395833333333334
0 0.763425925925926 0.5986979166666666 0.032407407407407406 0.022395833333333334
0 0.8138888888888889 0.6369791666666667 0.044444444444444446 0.025
0 0.8125 0.58984375 0.032407407407407406 0.0140625
0 0.8731481481481482 0.5984375 0.02962962962962963 0.019791666666666666
0 0.8939814814814815 0.628125 0.028703703703703703 0.015625
0 0.9842592592592593 0.6403645833333333 0.031481481481481485 0.0203125
0 0.9810185185185185 0.6106770833333334 0.032407407407407406 0.01614583333333333
0 0.9837962962962963 0.50625 0.032407407407407406 0.0125
0 0.9453703703703704 0.5502604166666667 0.022222222222222223 0.009895833333333333
0 0.9898148148148148 0.44244791666666666 0.020370370370370372 0.015104166666666667
0 0.9875 0.34375 0.025 0.021875
0 0.9875 0.34375 0.025 0.021875
0 0.9875 0.34375 0.025 0.021875
0 0.7134259259259259 0.38776041666666666 0.04351851851851852 0.019270833333333334
