0 0.8842592592592593 0.66171875 0.02962962962962963 0.019270833333333334
0 0.9342592592592593 0.71015625 0.02962962962962963 0.0203125
0 0.8518518518518519 0.6591145833333333 0.02962962962962963 0.0171875
0 0.8819444444444445 0.7580729166666667 0.026851851851851852 0.0203125
0 0.7574074074074074 0.8091145833333333 0.040740740740740744 0.0234375
0 0.8527777777777779 0.6114583333333333 0.018518518518518517 0.017708333333333333
0 0.6782407407407408 0.5653645833333333 0.030555555555555558 0.0171875
0 0.7476851851851852 0.5268229166666667 0.028703703703703703 0.015104166666666667
0 0.6842592592592592 0.51015625 0.024074074074074074 0.011979166666666666
0 0.688425925925926 0.45651041666666664 0.025 0.0140625
0 0.6685185185185185 0.434375 0.037037037037037035 0.020833333333333332
0 0.8939814814814815 0.4942708333333333 0.017592592592592594 0.009375
0 0.7944444444444445 0.4080729166666667 0.03518518518518519 0.0171875
0 0.7763888888888889 0.3880208333333333 0.026851851851851852 0.0125
0 0.7967592592592593 0.3333333333333333 0.032407407407407406 0.01875
0 0.675 0.2828125 0.024074074074074074 0.016666666666666666
0 0.7773148148148148 0.28098958333333335 0.028703703703703703 0.018229166666666668
0 0.7703703703703704 0.26510416666666664 0.02592592592592593 0.014583333333333334
0 0.6995370370370371 0.253125 0.019444444444444445 0.014583333333333334
0 0.7166666666666667 0.2421875 0.022222222222222223 0.013541666666666667
0 0.6939814814814815 0.23046875 0.026851851851851852 0.009895833333333333
0 0.674074074074074 0.22083333333333333 0.018518518518518517 0.01875
0 0.6805555555555556 0.17395833333333333 0.031481481481481485 0.020833333333333332
0 0.7722222222222223 0.7294270833333333 0.03888888888888889 0.025520833333333333
0 0.6699074074074074 0.84140625 0.03796296296296296 0.025520833333333333
0 0.6245370370370371 0.8953125 0.026851851851851852 0.025
0 0.6111111111111112 0.9132812499999999 0.02962962962962963 0.022395833333333334
0 0.6550925925925927 0.9067708333333333 0.03981481481481482 0.029166666666666667
0 0.6310185185185185 0.7591145833333334 0.028703703703703703 0.0203125
0 0.7027777777777778 0.659375 0.02777777777777778 0.017708333333333333
0 0.6851851851851852 0.6296875 0.02962962962962963 0.013541666666666667
0 0.6226851851851852 0.7190104166666667 0.028703703703703703 0.021354166666666667
0 0.5796296296296296 0.7263020833333333 0.02777777777777778 0.0140625
0 0.6351851851851852 0.6346354166666667 0.018518518518518517 0.01614583333333333
0 0.638425925925926 0.6479166666666667 0.025 0.011458333333333333
0 0.4986111111111111 0.7947916666666667 0.028703703703703703 0.022916666666666665
0 0.46944444444444444 0.7372395833333333 0.03518518518518519 0.024479166666666666
0 0.4703703703703704 0.7375 0.03518518518518519 0.02395833333333333
0 0.5592592592592592 0.7078125 0.02592592592592593 0.013541666666666667
0 0.6712962962962963 0.4 0.02962962962962963 0.019791666666666666
0 0.6074074074074074 0.50859375 0.03518518518518519 0.018229166666666668
0 0.5550925925925926 0.5700520833333333 0.025 0.0171875
0 0.6074074074074074 0.39947916666666666 0.03333333333333333 0.01875
0 0.5847222222222223 0.4731770833333333 0.028703703703703703 0.018229166666666668
0 0.3819444444444445 0.7638020833333333 0.03425925925925926 0.0203125
0 0.3314814814814815 0.78359375 0.040740740740740744 0.025520833333333333
0 0.4513888888888889 0.5890625 0.036111111111111115 0.016666666666666666
0 0.5032407407407408 0.5408854166666667 0.036111111111111115 0.021354166666666667
0 0.44074074074074077 0.22708333333333333 0.03333333333333333 0.021875
0 0.3675925925925926 0.11744791666666667 0.02962962962962963 0.021354166666666667
0 0.24861111111111112 0.17473958333333334 0.030555555555555558 0.021354166666666667
0 0.3666666666666667 0.21848958333333332 0.03333333333333333 0.015104166666666667
0 0.36574074074074076 0.21822916666666667 0.03333333333333333 0.015625
0 0.32731481481481484 0.26328125 0.025 0.0234375
0 0.3648148148148148 0.32838541666666665 0.024074074074074074 0.0140625
0 0.32083333333333336 0.32395833333333335 0.025 0.022916666666666665
0 0.2898148148148148 0.29635416666666664 0.020370370370370372 0.011458333333333333
0 0.3666666666666667 0.303125 0.02962962962962963 0.014583333333333334
0 0.5337962962962963 0.3684895833333333 0.026851851851851852 0.0171875
0 0.5240740740740741 0.3442708333333333 0.02592592592592593 0.014583333333333334
0 0.5037037037037038 0.35130208333333335 0.03518518518518519 0.019270833333333334
0 0.4759259259259259 0.3729166666666667 0.02962962962962963 0.019791666666666666
0 0.43194444444444446 0.3921875 0.026851851851851852 0.01875
0 0.40324074074074073 0.39375 0.03425925925925926 0.01875
0 0.24074074074074076 0.40598958333333335 0.037037037037037035 0.021354166666666667
0 0.3523148148148148 0.40859375 0.036111111111111115 0.021354166666666667
0 0.35833333333333334 0.43984375 0.031481481481481485 0.015104166666666667
0 0.3199074074074074 0.4197916666666667 0.019444444444444445 0.013541666666666667
0 0.3180555555555556 0.45208333333333334 0.03425925925925926 0.019791666666666666
0 0.47222222222222227 0.48723958333333334 0.031481481481481485 0.015104166666666667
0 0.4351851851851852 0.47213541666666664 0.03333333333333333 0.018229166666666668
0 0.40555555555555556 0.47291666666666665 0.02592592592592593 0.014583333333333334
0 0.4393518518518519 0.5171875 0.03425925925925926 0.019791666666666666
0 0.3851851851851852 0.5669270833333333 0.031481481481481485 0.0171875
0 0.3962962962962963 0.58046875 0.03518518518518519 0.018229166666666668
0 0.37592592592592594 0.5963541666666666 0.037037037037037035 0.013541666666666667
0 0.3125 0.52109375 0.026851851851851852 0.018229166666666668
0 0.28194444444444444 0.47890625 0.030555555555555558 0.01614583333333333
0 0.2351851851851852 0.5403645833333334 0.040740740740740744 0.019270833333333334
0 0.27175925925925926 0.59765625 0.03981481481481482 0.022395833333333334
0 0.23842592592592593 0.5986979166666666 0.032407407407407406 0.022395833333333334
0 0.18796296296296297 0.6369791666666667 0.044444444444444446 0.025
0 0.18935185185185185 0.58984375 0.032407407407407406 0.0140625
0 0.1287037037037037 0.5984375 0.02962962962962963 0.019791666666666666
0 0.10787037037037038 0.628125 0.028703703703703703 0.015625
0 0.017592592592592594 0.6403645833333333 0.031481481481481485 0.0203125
0 0.020833333333333336 0.6106770833333334 0.032407407407407406 0.01614583333333333
0 0.018055555555555557 0.50625 0.032407407407407406 0.0125
0 0.05648148148148149 0.5502604166666667 0.022222222222222223 0.009895833333333333
0 0.012037037037037037 0.44244791666666666 0.020370370370370372 0.015104166666666667
0 0.014351851851851852 0.34375 0.025 0.021875
0 0.014351851851851852 0.34375 0.025 0.021875
0 0.014351851851851852 0.34375 0.025 0.021875
0 0.2884259259259259 0.38776041666666666 0.04351851851851852 0.019270833333333334
