0 0.06064814814814815 0.7104166666666667 0.030555555555555558 0.020833333333333332
0 0.11018518518518519 0.6614583333333334 0.031481481481481485 0.017708333333333333
0 0.1439814814814815 0.6588541666666666 0.030555555555555558 0.017708333333333333
0 0.11111111111111112 0.7578125 0.02777777777777778 0.020833333333333332
0 0.23611111111111113 0.8091145833333333 0.040740740740740744 0.0234375
0 0.1398148148148148 0.6114583333333333 0.018518518518518517 0.017708333333333333
0 0.3162037037037037 0.565625 0.030555555555555558 0.016666666666666666
0 0.24814814814814815 0.5265625 0.02962962962962963 0.015625
0 0.3101851851851852 0.51015625 0.022222222222222223 0.011979166666666666
0 0.3060185185185185 0.45651041666666664 0.025 0.0140625
0 0.32546296296296295 0.434375 0.036111111111111115 0.020833333333333332
0 0.09953703703703703 0.49374999999999997 0.017592592592592594 0.009375
0 0.20046296296296298 0.4075520833333333 0.03425925925925926 0.0171875
0 0.21805555555555556 0.3875 0.026851851851851852 0.0125
0 0.19768518518518519 0.33307291666666666 0.032407407407407406 0.019270833333333334
0 0.3194444444444445 0.2825520833333333 0.024074074074074074 0.0171875
0 0.2175925925925926 0.28098958333333335 0.02777777777777778 0.018229166666666668
0 0.22453703703703703 0.26510416666666664 0.026851851851851852 0.014583333333333334
0 0.29444444444444445 0.25286458333333334 0.020370370370370372 0.0140625
0 0.27870370370370373 0.24140625 0.022222222222222223 0.0140625
0 0.300462962962963 0.22994791666666667 0.025 0.009895833333333333
0 0.32037037037037036 0.22083333333333333 0.018518518518518517 0.01875
0 0.3148148148148148 0.1734375 0.031481481481481485 0.020833333333333332
0 0.2199074074074074 0.7296875 0.03981481481481482 0.026041666666666668
0 0.3236111111111111 0.8421875 0.03796296296296296 0.026041666666666668
0 0.3675925925925926 0.8953125 0.02592592592592593 0.025
0 0.3819444444444445 0.9130208333333333 0.030555555555555558 0.021875
0 0.3453703703703704 0.9151041666666666 0.0462962962962963 0.017708333333333333
0 0.362962962962963 0.7591145833333334 0.02962962962962963 0.0203125
0 0.2902777777777778 0.6591145833333333 0.030555555555555558 0.019270833333333334
0 0.3074074074074074 0.6296875 0.02962962962962963 0.013541666666666667
0 0.3717592592592593 0.7192708333333333 0.028703703703703703 0.021875
0 0.41481481481481486 0.7265625 0.02777777777777778 0.014583333333333334
0 0.3597222222222222 0.6341145833333334 0.019444444444444445 0.0171875
0 0.3578703703703704 0.64765625 0.025 0.0109375
0 0.49583333333333335 0.79453125 0.028703703703703703 0.0234375
0 0.524537037037037 0.7375 0.036111111111111115 0.025
0 0.4361111111111111 0.7078125 0.02592592592592593 0.014583333333333334
0 0.3236111111111111 0.4 0.030555555555555558 0.019791666666666666
0 0.3875 0.5091145833333334 0.036111111111111115 0.018229166666666668
0 0.4393518518518519 0.5703125 0.025 0.016666666666666666
0 0.38796296296296295 0.3989583333333333 0.03333333333333333 0.01875
0 0.41111111111111115 0.47369791666666666 0.02962962962962963 0.018229166666666668
0 0.6111111111111112 0.7643229166666666 0.03518518518518519 0.0203125
0 0.6620370370370371 0.78359375 0.044444444444444446 0.024479166666666666
0 0.5425925925925926 0.5885416666666666 0.037037037037037035 0.016666666666666666
0 0.49212962962962964 0.540625 0.036111111111111115 0.020833333333333332
0 0.5541666666666667 0.22734374999999998 0.03425925925925926 0.022395833333333334
0 0.6282407407407408 0.11744791666666667 0.028703703703703703 0.021354166666666667
0 0.7462962962962963 0.17447916666666666 0.031481481481481485 0.020833333333333332
0 0.6287037037037038 0.21796875 0.03333333333333333 0.015104166666666667
0 0.6287037037037038 0.21796875 0.03333333333333333 0.015104166666666667
0 0.6685185185185185 0.2635416666666667 0.02777777777777778 0.021875
0 0.6314814814814815 0.3286458333333333 0.024074074074074074 0.013541666666666667
0 0.6736111111111112 0.32317708333333334 0.028703703703703703 0.021354166666666667
0 0.7074074074074075 0.29661458333333335 0.020370370370370372 0.0109375
0 0.6300925925925926 0.303125 0.028703703703703703 0.014583333333333334
0 0.4615740740740741 0.3684895833333333 0.026851851851851852 0.0171875
0 0.47175925925925927 0.3442708333333333 0.026851851851851852 0.014583333333333334
0 0.4912037037037037 0.35130208333333335 0.036111111111111115 0.019270833333333334
0 0.5194444444444445 0.3729166666666667 0.02777777777777778 0.019791666666666666
0 0.562962962962963 0.3921875 0.02777777777777778 0.01875
0 0.5921296296296297 0.39375 0.03425925925925926 0.01875
0 0.7532407407407408 0.40625 0.03796296296296296 0.020833333333333332
0 0.6425925925925926 0.4088541666666667 0.03518518518518519 0.019791666666666666
0 0.6365740740740741 0.4393229166666667 0.030555555555555558 0.01614583333333333
0 0.674537037037037 0.4203125 0.021296296296296296 0.013541666666666667
0 0.6773148148148148 0.4518229166666667 0.03425925925925926 0.019270833333333334
0 0.5231481481481481 0.48723958333333334 0.031481481481481485 0.01614583333333333
0 0.5601851851851852 0.47213541666666664 0.03333333333333333 0.018229166666666668
0 0.5912037037037037 0.4731770833333333 0.028703703703703703 0.015104166666666667
0 0.5564814814814815 0.5171875 0.03518518518518519 0.019791666666666666
0 0.6097222222222223 0.5674479166666666 0.030555555555555558 0.0171875
0 0.5972222222222222 0.58046875 0.03518518518518519 0.018229166666666668
0 0.6185185185185186 0.5963541666666666 0.037037037037037035 0.013541666666666667
0 0.6828703703703703 0.52109375 0.026851851851851852 0.018229166666666668
0 0.7138888888888889 0.4791666666666667 0.02962962962962963 0.016666666666666666
0 0.7601851851851852 0.540625 0.040740740740740744 0.01875
0 0.7217592592592593 0.59765625 0.03981481481481482 0.022395833333333334
0 0.7555555555555555 0.5986979166666666 0.031481481481481485 0.022395833333333334
0 0.8041666666666667 0.6380208333333334 0.04351851851851852 0.025
0 0.8050925925925926 0.5903645833333333 0.032407407407407406 0.0140625
0 0.8657407407407408 0.5986979166666666 0.02962962962962963 0.0203125
0 0.887962962962963 0.6286458333333333 0.02962962962962963 0.015625
0 0.9824074074074074 0.640625 0.03518518518518519 0.019791666666666666
0 0.975462962962963 0.6106770833333334 0.032407407407407406 0.01614583333333333
0 0.9791666666666667 0.50703125 0.03425925925925926 0.0140625
0 0.9782407407407407 0.5588541666666667 0.028703703703703703 0.015625
0 0.9875 0.44427083333333334 0.02314814814814815 0.016666666666666666
0 0.9847222222222223 0.34322916666666664 0.030555555555555558 0.022916666666666665
0 0.9847222222222223 0.34375 0.030555555555555558 0.02395833333333333
0 0.9847222222222223 0.34322916666666664 0.030555555555555558 0.022916666666666665
0 0.9847222222222223 0.34375 0.030555555555555558 0.02395833333333333
0 0.7050925925925926 0.38776041666666666 0.04351851851851852 0.0203125
