0 0.9500000000000001 0.7104166666666667 0.031481481481481485 0.020833333333333332
0 0.8990740740740741 0.6622395833333333 0.031481481481481485 0.0171875
0 0.8657407407407408 0.659375 0.031481481481481485 0.017708333333333333
0 0.8990740740740741 0.75859375 0.02592592592592593 0.0203125
0 0.774537037037037 0.809375 0.03981481481481482 0.02395833333333333
0 0.8717592592592593 0.6114583333333333 0.019444444444444445 0.017708333333333333
0 0.6925925925925926 0.5658854166666667 0.02962962962962963 0.0171875
0 0.7611111111111112 0.525 0.02962962962962963 0.01875
0 0.6990740740740741 0.51015625 0.022222222222222223 0.011979166666666666
0 0.7041666666666667 0.45677083333333335 0.025 0.014583333333333334
0 0.6837962962962963 0.434375 0.036111111111111115 0.020833333333333332
0 0.9115740740740741 0.4942708333333333 0.017592592592592594 0.009375
0 0.8087962962962963 0.40781249999999997 0.03425925925925926 0.017708333333333333
0 0.7907407407407407 0.38776041666666666 0.02592592592592593 0.013020833333333334
0 0.8120370370370371 0.33307291666666666 0.03333333333333333 0.019270833333333334
0 0.6893518518518519 0.2825520833333333 0.025 0.0171875
0 0.7912037037037037 0.28098958333333335 0.026851851851851852 0.018229166666666668
0 0.7837962962962963 0.26458333333333334 0.026851851851851852 0.014583333333333334
0 0.7143518518518519 0.25286458333333334 0.019444444444444445 0.0140625
0 0.7305555555555556 0.24140625 0.022222222222222223 0.0140625
0 0.7078703703703704 0.22994791666666667 0.025 0.009895833333333333
0 0.6888888888888889 0.22083333333333333 0.018518518518518517 0.01875
0 0.6939814814814815 0.1734375 0.032407407407407406 0.020833333333333332
0 0.7907407407407407 0.7299479166666667 0.03888888888888889 0.0265625
0 0.688425925925926 0.8427083333333333 0.03796296296296296 0.026041666666666668
0 0.6444444444444445 0.8963541666666667 0.02592592592592593 0.025
0 0.6296296296296297 0.9145833333333333 0.031481481481481485 0.021875
0 0.6666666666666667 0.9166666666666666 0.04814814814814815 0.017708333333333333
0 0.6462962962962964 0.7596354166666667 0.02962962962962963 0.0203125
0 0.7171296296296297 0.659375 0.032407407407407406 0.019791666666666666
0 0.7032407407407407 0.6307291666666667 0.030555555555555558 0.015625
0 0.6375000000000001 0.71953125 0.028703703703703703 0.021354166666666667
0 0.5944444444444444 0.7270833333333333 0.02777777777777778 0.014583333333333334
0 0.6486111111111111 0.634375 0.021296296296296296 0.01875
0 0.650462962962963 0.6481770833333333 0.025 0.0109375
0 0.5143518518518518 0.7955729166666666 0.028703703703703703 0.0234375
0 0.4865740740740741 0.7385416666666667 0.036111111111111115 0.025
0 0.5712962962962963 0.7088541666666667 0.022222222222222223 0.014583333333333334
0 0.6856481481481482 0.4 0.030555555555555558 0.019791666666666666
0 0.6208333333333333 0.5088541666666666 0.036111111111111115 0.01875
0 0.5703703703703704 0.5708333333333333 0.02592592592592593 0.016666666666666666
0 0.6222222222222222 0.39921875 0.03333333333333333 0.019270833333333334
0 0.5981481481481482 0.47369791666666666 0.02962962962962963 0.018229166666666668
0 0.4 0.7645833333333333 0.03333333333333333 0.020833333333333332
0 0.3476851851851852 0.7830729166666667 0.04351851851851852 0.0265625
0 0.4671296296296297 0.5890625 0.036111111111111115 0.016666666666666666
0 0.5180555555555556 0.5411458333333333 0.036111111111111115 0.020833333333333332
0 0.45462962962962966 0.22760416666666666 0.03333333333333333 0.021875
0 0.3805555555555556 0.11744791666666667 0.02962962962962963 0.021354166666666667
0 0.2625 0.175 0.030555555555555558 0.020833333333333332
0 0.37962962962962965 0.21848958333333332 0.03333333333333333 0.015104166666666667
0 0.37962962962962965 0.21901041666666665 0.03333333333333333 0.015104166666666667
0 0.34074074074074073 0.2643229166666667 0.02777777777777778 0.022395833333333334
0 0.3768518518518519 0.32916666666666666 0.024074074074074074 0.0125
0 0.33472222222222225 0.32421875 0.026851851851851852 0.021354166666666667
0 0.300462962962963 0.296875 0.019444444444444445 0.011458333333333333
0 0.37962962962962965 0.30364583333333334 0.02962962962962963 0.015625
0 0.5467592592592593 0.3684895833333333 0.026851851851851852 0.0171875
0 0.5370370370370371 0.34479166666666666 0.02592592592592593 0.014583333333333334
0 0.5171296296296296 0.35182291666666665 0.036111111111111115 0.019270833333333334
0 0.48935185185185187 0.3729166666666667 0.028703703703703703 0.019791666666666666
0 0.4467592592592593 0.3921875 0.026851851851851852 0.01875
0 0.41712962962962963 0.39401041666666664 0.03425925925925926 0.018229166666666668
0 0.25601851851851853 0.40651041666666665 0.036111111111111115 0.021354166666666667
0 0.3662037037037037 0.40911458333333334 0.03425925925925926 0.019270833333333334
0 0.37222222222222223 0.44036458333333334 0.02962962962962963 0.015104166666666667
0 0.33472222222222225 0.42083333333333334 0.021296296296296296 0.014583333333333334
0 0.33240740740740743 0.45260416666666664 0.03333333333333333 0.019791666666666666
0 0.48564814814814816 0.4875 0.032407407407407406 0.015625
0 0.4481481481481482 0.47239583333333335 0.03333333333333333 0.01875
0 0.41805555555555557 0.47369791666666666 0.026851851851851852 0.015104166666666667
0 0.45231481481481484 0.5174479166666667 0.03425925925925926 0.019270833333333334
0 0.40046296296296297 0.5674479166666666 0.030555555555555558 0.0171875
0 0.4115740740740741 0.58125 0.03425925925925926 0.01875
0 0.3907407407407408 0.596875 0.037037037037037035 0.013541666666666667
0 0.3263888888888889 0.5216145833333333 0.026851851851851852 0.018229166666666668
0 0.2953703703703704 0.47942708333333334 0.031481481481481485 0.0171875
0 0.24953703703703706 0.5408854166666667 0.04166666666666667 0.019270833333333334
0 0.2884259259259259 0.5981770833333333 0.03981481481481482 0.022395833333333334
0 0.25416666666666665 0.5994791666666667 0.032407407407407406 0.021875
0 0.20740740740740743 0.63828125 0.044444444444444446 0.025520833333333333
0 0.20416666666666666 0.590625 0.032407407407407406 0.014583333333333334
0 0.1837962962962963 0.5869791666666666 0.025 0.016666666666666666
0 0.1425925925925926 0.59921875 0.02962962962962963 0.0203125
0 0.11898148148148148 0.6291666666666667 0.028703703703703703 0.015625
0 0.02638888888888889 0.6416666666666666 0.03425925925925926 0.020833333333333332
0 0.03287037037037037 0.6111979166666667 0.032407407407407406 0.01614583333333333
0 0.030092592592592594 0.5072916666666667 0.032407407407407406 0.0125
0 0.008796296296296297 0.55 0.01388888888888889 0.016666666666666666
0 0.01990740740740741 0.45416666666666666 0.02314814814814815 0.016666666666666666
0 0.020833333333333336 0.34401041666666665 0.03796296296296296 0.0234375
0 0.020833333333333336 0.34401041666666665 0.03796296296296296 0.0234375
0 0.020833333333333336 0.34401041666666665 0.03796296296296296 0.0234375
0 0.020833333333333336 0.34401041666666665 0.03796296296296296 0.0234375
0 0.30324074074074076 0.38828125 0.04351851851851852 0.019270833333333334
