0 0.04537037037037037 0.6606770833333333 0.03333333333333333 0.0171875
0 0.08055555555555556 0.6583333333333333 0.031481481481481485 0.017708333333333333
0 0.031018518518518518 0.7580729166666667 0.026851851851851852 0.0203125
0 0.16018518518518518 0.8080729166666667 0.044444444444444446 0.027604166666666666
0 0.2523148148148148 0.5635416666666666 0.030555555555555558 0.016666666666666666
0 0.18888888888888888 0.52421875 0.031481481481481485 0.01614583333333333
0 0.24305555555555555 0.5072916666666667 0.019444444444444445 0.011458333333333333
0 0.23703703703703705 0.45338541666666665 0.02592592592592593 0.015104166666666667
0 0.2574074074074074 0.4309895833333333 0.037037037037037035 0.021354166666666667
0 0.024074074074074074 0.4908854166666667 0.018518518518518517 0.009895833333333333
0 0.13935185185185187 0.40338541666666666 0.036111111111111115 0.0171875
0 0.15324074074074073 0.3833333333333333 0.02314814814814815 0.0125
0 0.13055555555555556 0.328125 0.03518518518518519 0.019791666666666666
0 0.2569444444444445 0.27708333333333335 0.026851851851851852 0.017708333333333333
0 0.1564814814814815 0.2760416666666667 0.02777777777777778 0.01875
0 0.1625 0.25885416666666666 0.026851851851851852 0.014583333333333334
0 0.23240740740740742 0.24687499999999998 0.020370370370370372 0.014583333333333334
0 0.2162037037037037 0.2359375 0.025 0.014583333333333334
0 0.23796296296296296 0.22421875 0.022222222222222223 0.009895833333333333
0 0.2537037037037037 0.21458333333333332 0.020370370370370372 0.01875
0 0.25416666666666665 0.1671875 0.030555555555555558 0.020833333333333332
0 0.1328703703703704 0.7299479166666667 0.03981481481481482 0.025520833333333333
0 0.24212962962962964 0.8427083333333333 0.03796296296296296 0.025
0 0.2851851851851852 0.8966145833333333 0.02962962962962963 0.024479166666666666
0 0.2976851851851852 0.9145833333333333 0.036111111111111115 0.021875
0 0.26435185185185184 0.9158854166666667 0.03981481481481482 0.018229166666666668
0 0.2949074074074074 0.7591145833333334 0.030555555555555558 0.0203125
0 0.22685185185185186 0.6567708333333333 0.02962962962962963 0.021875
0 0.23564814814814816 0.6302083333333334 0.032407407407407406 0.019791666666666666
0 0.30648148148148147 0.7190104166666667 0.02777777777777778 0.021354166666666667
0 0.34953703703703703 0.7263020833333333 0.028703703703703703 0.015104166666666667
0 0.29583333333333334 0.6328125 0.028703703703703703 0.017708333333333333
0 0.3 0.646875 0.02592592592592593 0.010416666666666666
0 0.4300925925925926 0.7947916666666667 0.02314814814814815 0.022916666666666665
0 0.4537037037037037 0.7375 0.037037037037037035 0.02395833333333333
0 0.3805555555555556 0.71015625 0.020370370370370372 0.015104166666666667
0 0.25601851851851853 0.3953125 0.036111111111111115 0.017708333333333333
0 0.32731481481481484 0.5065104166666666 0.036111111111111115 0.018229166666666668
0 0.3731481481481482 0.56796875 0.02777777777777778 0.0171875
0 0.3226851851851852 0.39557291666666666 0.036111111111111115 0.019270833333333334
0 0.3527777777777778 0.4708333333333333 0.02962962962962963 0.01875
0 0.5333333333333333 0.7635416666666667 0.031481481481481485 0.019791666666666666
0 0.5912037037037037 0.7833333333333333 0.036111111111111115 0.022916666666666665
0 0.47500000000000003 0.5872395833333334 0.03518518518518519 0.0171875
0 0.42962962962962964 0.5390625 0.037037037037037035 0.020833333333333332
0 0.49259259259259264 0.221875 0.03333333333333333 0.021875
0 0.5722222222222223 0.11041666666666666 0.03333333333333333 0.019791666666666666
0 0.6875 0.16953125 0.030555555555555558 0.021354166666666667
0 0.5736111111111112 0.21328125 0.032407407407407406 0.01614583333333333
0 0.6125 0.26145833333333335 0.032407407407407406 0.01875
0 0.5736111111111112 0.3268229166666667 0.026851851851851852 0.011979166666666666
0 0.6148148148148148 0.32109375 0.02777777777777778 0.0203125
0 0.6606481481481482 0.29322916666666665 0.019444444444444445 0.0125
0 0.5805555555555556 0.2986979166666667 0.02592592592592593 0.0171875
0 0.6319444444444444 0.3078125 0.02314814814814815 0.011458333333333333
0 0.40324074074074073 0.3651041666666667 0.026851851851851852 0.016666666666666666
0 0.4115740740740741 0.340625 0.026851851851851852 0.014583333333333334
0 0.4314814814814815 0.3481770833333333 0.03518518518518519 0.019270833333333334
0 0.45833333333333337 0.3690104166666667 0.02962962962962963 0.019270833333333334
0 0.5013888888888889 0.3888020833333333 0.028703703703703703 0.018229166666666668
0 0.5300925925925926 0.39010416666666664 0.03425925925925926 0.01875
0 0.6842592592592592 0.40338541666666666 0.03518518518518519 0.022395833333333334
0 0.5787037037037037 0.40598958333333335 0.03333333333333333 0.0203125
0 0.576388888888889 0.4375 0.028703703703703703 0.014583333333333334
0 0.6092592592592593 0.41770833333333335 0.022222222222222223 0.015625
0 0.6152777777777778 0.44947916666666665 0.032407407407407406 0.019791666666666666
0 0.46574074074074073 0.48515625 0.03518518518518519 0.015104166666666667
0 0.4990740740740741 0.46979166666666666 0.03333333333333333 0.01875
0 0.5314814814814816 0.4708333333333333 0.02777777777777778 0.014583333333333334
0 0.4949074074074074 0.51484375 0.03425925925925926 0.0203125
0 0.5407407407407407 0.5653645833333333 0.031481481481481485 0.0171875
0 0.5305555555555556 0.5791666666666666 0.03518518518518519 0.01875
0 0.5504629629629629 0.5947916666666666 0.036111111111111115 0.013541666666666667
0 0.6203703703703703 0.51953125 0.02777777777777778 0.018229166666666668
0 0.6583333333333333 0.4765625 0.02962962962962963 0.016666666666666666
0 0.6981481481481482 0.5380208333333333 0.040740740740740744 0.017708333333333333
0 0.6467592592592593 0.5963541666666666 0.03981481481481482 0.021875
0 0.6800925925925926 0.5979166666666667 0.032407407407407406 0.021875
0 0.725462962962963 0.6375 0.04166666666666667 0.026041666666666668
0 0.7398148148148148 0.5895833333333333 0.03518518518518519 0.014583333333333334
0 0.7652777777777778 0.58515625 0.021296296296296296 0.0171875
0 0.7759259259259259 0.63125 0.018518518518518517 0.0125
0 0.8046296296296297 0.5981770833333333 0.02777777777777778 0.0140625
0 0.8314814814814815 0.5971354166666667 0.02592592592592593 0.013020833333333334
0 0.8342592592592593 0.6270833333333333 0.02962962962962963 0.015625
0 0.9226851851851853 0.6395833333333333 0.03425925925925926 0.01875
0 0.9657407407407408 0.7703125 0.02962962962962963 0.009375
0 0.9921296296296297 0.6703125 0.015740740740740743 0.022916666666666665
0 0.9722222222222222 0.7604166666666666 0.03518518518518519 0.013541666666666667
0 0.9199074074074074 0.6098958333333333 0.030555555555555558 0.016666666666666666
0 0.9240740740740742 0.5046875 0.02962962962962963 0.0125
0 0.9726851851851852 0.5109375 0.030555555555555558 0.015625
0 0.9694444444444444 0.4747395833333333 0.02592592592592593 0.015104166666666667
0 0.9314814814814815 0.3403645833333333 0.040740740740740744 0.0234375
0 0.9699074074074074 0.5458333333333333 0.02314814814814815 0.014583333333333334
0 0.6370370370370371 0.3848958333333333 0.040740740740740744 0.017708333333333333
