0 0.028240740740740743 0.6611979166666666 0.032407407407407406 0.0171875
0 0.06342592592592593 0.65859375 0.032407407407407406 0.018229166666666668
0 0.012037037037037037 0.7598958333333333 0.022222222222222223 0.020833333333333332
0 0.14166666666666666 0.8096354166666666 0.044444444444444446 0.025520833333333333
0 0.2351851851851852 0.5638020833333334 0.031481481481481485 0.0171875
0 0.1736111111111111 0.5247395833333334 0.030555555555555558 0.0171875
0 0.22361111111111112 0.5072916666666667 0.019444444444444445 0.011458333333333333
0 0.21851851851851853 0.453125 0.02592592592592593 0.015625
0 0.23842592592592593 0.43072916666666666 0.03796296296296296 0.021875
0 0.1212962962962963 0.403125 0.03518518518518519 0.017708333333333333
0 0.13518518518518519 0.3833333333333333 0.022222222222222223 0.0125
0 0.11111111111111112 0.32734375 0.03518518518518519 0.0203125
0 0.2388888888888889 0.2765625 0.02777777777777778 0.017708333333333333
0 0.13842592592592592 0.2752604166666667 0.028703703703703703 0.018229166666666668
0 0.14444444444444446 0.2578125 0.02777777777777778 0.014583333333333334
0 0.2138888888888889 0.24635416666666665 0.018518518518518517 0.014583333333333334
0 0.19768518518518519 0.23463541666666665 0.025 0.015104166666666667
0 0.2189814814814815 0.22317708333333333 0.02314814814814815 0.009895833333333333
0 0.23472222222222222 0.2140625 0.019444444444444445 0.01875
0 0.23472222222222222 0.165625 0.030555555555555558 0.021875
0 0.10925925925925926 0.7307291666666667 0.03888888888888889 0.026041666666666668
0 0.27592592592592596 0.9161458333333333 0.04259259259259259 0.019791666666666666
0 0.22175925925925927 0.8440104166666667 0.03796296296296296 0.025520833333333333
0 0.2638888888888889 0.8981770833333333 0.02962962962962963 0.024479166666666666
0 0.24351851851851852 0.9171874999999999 0.03888888888888889 0.017708333333333333
0 0.27685185185185185 0.7596354166666667 0.02962962962962963 0.0203125
0 0.2087962962962963 0.65703125 0.028703703703703703 0.022395833333333334
0 0.21712962962962964 0.6307291666666667 0.032407407407407406 0.019791666666666666
0 0.2888888888888889 0.7190104166666667 0.02777777777777778 0.021354166666666667
0 0.33240740740740743 0.7263020833333333 0.02962962962962963 0.015104166666666667
0 0.28101851851851856 0.6328125 0.030555555555555558 0.017708333333333333
0 0.2851851851851852 0.6466145833333333 0.02592592592592593 0.0109375
0 0.4115740740740741 0.7955729166666666 0.025 0.0234375
0 0.4361111111111111 0.7380208333333333 0.037037037037037035 0.02395833333333333
0 0.36435185185185187 0.7104166666666667 0.021296296296296296 0.014583333333333334
0 0.23611111111111113 0.3950520833333333 0.037037037037037035 0.01614583333333333
0 0.3101851851851852 0.5067708333333333 0.03518518518518519 0.01875
0 0.3550925925925926 0.56796875 0.028703703703703703 0.0171875
0 0.30462962962962964 0.3950520833333333 0.03518518518518519 0.019270833333333334
0 0.337037037037037 0.47031249999999997 0.02962962962962963 0.017708333333333333
0 0.512962962962963 0.7638020833333333 0.031481481481481485 0.019270833333333334
0 0.5689814814814815 0.784375 0.04166666666666667 0.022916666666666665
0 0.45740740740740743 0.5872395833333334 0.03518518518518519 0.0171875
0 0.41203703703703703 0.5390625 0.037037037037037035 0.020833333333333332
0 0.4740740740740741 0.22135416666666666 0.03333333333333333 0.021875
0 0.5532407407407408 0.10911458333333333 0.032407407407407406 0.018229166666666668
0 0.6703703703703704 0.16822916666666665 0.031481481481481485 0.020833333333333332
0 0.5564814814814815 0.21223958333333334 0.03333333333333333 0.015104166666666667
0 0.5958333333333333 0.259375 0.032407407407407406 0.017708333333333333
0 0.5578703703703703 0.3263020833333333 0.025 0.013020833333333334
0 0.5976851851851852 0.31979166666666664 0.028703703703703703 0.019791666666666666
0 0.6472222222222223 0.2921875 0.020370370370370372 0.0125
0 0.5643518518518519 0.29791666666666666 0.026851851851851852 0.015625
0 0.6185185185185186 0.3078125 0.022222222222222223 0.0125
0 0.3861111111111111 0.36432291666666666 0.02592592592592593 0.01614583333333333
0 0.3939814814814815 0.34010416666666665 0.026851851851851852 0.014583333333333334
0 0.4138888888888889 0.34713541666666664 0.03518518518518519 0.019270833333333334
0 0.44074074074074077 0.36822916666666666 0.02962962962962963 0.01875
0 0.4847222222222222 0.3885416666666667 0.028703703703703703 0.01875
0 0.5115740740740741 0.38958333333333334 0.03425925925925926 0.01875
0 0.6648148148148149 0.40234375 0.03518518518518519 0.022395833333333334
0 0.5601851851851852 0.4049479166666667 0.03518518518518519 0.0203125
0 0.5592592592592592 0.43697916666666664 0.02962962962962963 0.014583333333333334
0 0.5907407407407408 0.41692708333333334 0.022222222222222223 0.015104166666666667
0 0.5976851851851852 0.44869791666666664 0.032407407407407406 0.019270833333333334
0 0.44953703703703707 0.4848958333333333 0.03425925925925926 0.014583333333333334
0 0.48333333333333334 0.46979166666666666 0.03333333333333333 0.01875
0 0.5157407407407407 0.4705729166666667 0.02777777777777778 0.015104166666666667
0 0.4763888888888889 0.5143229166666666 0.03425925925925926 0.0203125
0 0.5222222222222223 0.56484375 0.031481481481481485 0.0171875
0 0.5125000000000001 0.5791666666666666 0.03425925925925926 0.01875
0 0.5324074074074074 0.59453125 0.03518518518518519 0.0140625
0 0.6032407407407407 0.51875 0.028703703703703703 0.01875
0 0.6430555555555556 0.47604166666666664 0.030555555555555558 0.016666666666666666
0 0.6819444444444445 0.5372395833333333 0.03981481481481482 0.0171875
0 0.6268518518518519 0.5958333333333333 0.03888888888888889 0.021875
0 0.6606481481481482 0.5973958333333333 0.032407407407407406 0.020833333333333332
0 0.7046296296296296 0.63671875 0.04259259259259259 0.024479166666666666
0 0.7236111111111111 0.5893229166666667 0.036111111111111115 0.015104166666666667
0 0.7495370370370371 0.5848958333333333 0.021296296296296296 0.016666666666666666
0 0.7601851851851852 0.6302083333333334 0.020370370370370372 0.013541666666666667
0 0.788888888888889 0.5973958333333333 0.02777777777777778 0.013541666666666667
0 0.8171296296296297 0.5963541666666666 0.028703703703703703 0.0125
0 0.8203703703703704 0.6265625 0.02962962962962963 0.015625
0 0.9078703703703704 0.6390625 0.036111111111111115 0.01875
0 0.9527777777777778 0.7700520833333333 0.02962962962962963 0.009895833333333333
0 0.9578703703703704 0.7598958333333333 0.036111111111111115 0.013541666666666667
0 0.9050925925925927 0.60859375 0.030555555555555558 0.01614583333333333
0 0.9097222222222222 0.50390625 0.030555555555555558 0.011979166666666666
0 0.9768518518518519 0.6690104166666666 0.024074074074074074 0.0234375
0 0.9555555555555556 0.51015625 0.03333333333333333 0.01614583333333333
0 0.987962962962963 0.4984375 0.024074074074074074 0.015625
0 0.9532407407407407 0.4739583333333333 0.025 0.014583333333333334
0 0.9865740740740742 0.4713541666666667 0.026851851851851852 0.015625
0 0.9152777777777779 0.33958333333333335 0.03981481481481482 0.022916666666666665
0 0.9560185185185186 0.5450520833333333 0.02314814814814815 0.015104166666666667
0 0.6175925925925926 0.3841145833333333 0.040740740740740744 0.0171875
