0 0.012037037037037037 0.66015625 0.022222222222222223 0.0171875
0 0.044444444444444446 0.65859375 0.02962962962962963 0.0171875
0 0.11296296296296297 0.8091145833333333 0.044444444444444446 0.027604166666666666
0 0.21342592592592594 0.56328125 0.030555555555555558 0.0171875
0 0.15694444444444444 0.5244791666666666 0.02314814814814815 0.015625
0 0.1962962962962963 0.45208333333333334 0.02962962962962963 0.016666666666666666
0 0.2152777777777778 0.43046875 0.03981481481481482 0.022395833333333334
0 0.09814814814814815 0.40182291666666664 0.03518518518518519 0.0171875
0 0.1125 0.38229166666666664 0.019444444444444445 0.0125
0 0.08842592592592594 0.3263020833333333 0.036111111111111115 0.0203125
0 0.21805555555555556 0.2755208333333333 0.028703703703703703 0.017708333333333333
0 0.12361111111111112 0.25677083333333334 0.028703703703703703 0.013541666666666667
0 0.11712962962962964 0.27369791666666665 0.028703703703703703 0.018229166666666668
0 0.17407407407407408 0.23359375 0.024074074074074074 0.015104166666666667
0 0.19814814814814816 0.22161458333333334 0.022222222222222223 0.011979166666666666
0 0.21481481481481482 0.16432291666666665 0.03333333333333333 0.021354166666666667
0 0.07916666666666666 0.7302083333333333 0.03796296296296296 0.026041666666666668
0 0.19444444444444445 0.8442708333333333 0.037037037037037035 0.025
0 0.23611111111111113 0.8976562499999999 0.031481481481481485 0.024479166666666666
0 0.25925925925925924 0.9166666666666666 0.024074074074074074 0.022916666666666665
0 0.21435185185185185 0.9169270833333333 0.03796296296296296 0.018229166666666668
0 0.25324074074074077 0.7591145833333334 0.030555555555555558 0.0203125
0 0.18425925925925926 0.6567708333333333 0.02962962962962963 0.021875
0 0.19351851851851853 0.6302083333333334 0.031481481481481485 0.019791666666666666
0 0.26666666666666666 0.71875 0.02777777777777778 0.020833333333333332
0 0.30972222222222223 0.7263020833333333 0.028703703703703703 0.015104166666666667
0 0.2601851851851852 0.6322916666666667 0.031481481481481485 0.017708333333333333
0 0.2652777777777778 0.6466145833333333 0.026851851851851852 0.011979166666666666
0 0.38657407407407407 0.7953125 0.028703703703703703 0.022916666666666665
0 0.4115740740740741 0.7375 0.03796296296296296 0.02395833333333333
0 0.3425925925925926 0.7109375 0.024074074074074074 0.013541666666666667
0 0.21342592592592594 0.3932291666666667 0.03796296296296296 0.015625
0 0.28935185185185186 0.5059895833333333 0.03796296296296296 0.018229166666666668
0 0.3337962962962963 0.5674479166666666 0.028703703703703703 0.0171875
0 0.28240740740740744 0.39427083333333335 0.03518518518518519 0.01875
0 0.31712962962962965 0.46979166666666666 0.028703703703703703 0.01875
0 0.4861111111111111 0.7638020833333333 0.031481481481481485 0.019270833333333334
0 0.5412037037037037 0.7846354166666667 0.04166666666666667 0.022395833333333334
0 0.4342592592592593 0.5869791666666666 0.03518518518518519 0.016666666666666666
0 0.3902777777777778 0.5385416666666667 0.036111111111111115 0.020833333333333332
0 0.4532407407407408 0.22005208333333334 0.03425925925925926 0.022395833333333334
0 0.5337962962962963 0.10833333333333334 0.03425925925925926 0.017708333333333333
0 0.650462962962963 0.16770833333333332 0.030555555555555558 0.020833333333333332
0 0.537962962962963 0.21145833333333333 0.031481481481481485 0.015625
0 0.575925925925926 0.25885416666666666 0.03333333333333333 0.017708333333333333
0 0.538425925925926 0.3260416666666667 0.026851851851851852 0.013541666666666667
0 0.5805555555555556 0.31953125 0.020370370370370372 0.0203125
0 0.6314814814814815 0.29192708333333334 0.020370370370370372 0.013020833333333334
0 0.5462962962962963 0.29635416666666664 0.02962962962962963 0.013541666666666667
0 0.6 0.30755208333333334 0.02592592592592593 0.011979166666666666
0 0.3666666666666667 0.3638020833333333 0.02592592592592593 0.01614583333333333
0 0.3731481481481482 0.33984375 0.02777777777777778 0.015104166666666667
0 0.3939814814814815 0.34609375 0.03425925925925926 0.019270833333333334
0 0.4199074074074074 0.36744791666666665 0.030555555555555558 0.019270833333333334
0 0.46296296296296297 0.38828125 0.02777777777777778 0.018229166666666668
0 0.4902777777777778 0.3893229166666667 0.03425925925925926 0.019270833333333334
0 0.6412037037037037 0.40182291666666664 0.03796296296296296 0.022395833333333334
0 0.5388888888888889 0.4044270833333333 0.03333333333333333 0.0203125
0 0.5388888888888889 0.4361979166666667 0.02962962962962963 0.015104166666666667
0 0.5694444444444444 0.41692708333333334 0.024074074074074074 0.015104166666666667
0 0.576388888888889 0.4484375 0.032407407407407406 0.019791666666666666
0 0.4300925925925926 0.48463541666666665 0.03425925925925926 0.0140625
0 0.4620370370370371 0.46875 0.03333333333333333 0.01875
0 0.4953703703703704 0.46979166666666666 0.02777777777777778 0.014583333333333334
0 0.45601851851851855 0.5140625 0.03425925925925926 0.019791666666666666
0 0.5 0.5643229166666667 0.031481481481481485 0.01614583333333333
0 0.4902777777777778 0.57890625 0.03425925925925926 0.018229166666666668
0 0.5097222222222222 0.59453125 0.036111111111111115 0.0140625
0 0.5824074074074075 0.51875 0.02777777777777778 0.01875
0 0.625 0.47578125 0.02962962962962963 0.0171875
0 0.6611111111111111 0.5375 0.03888888888888889 0.017708333333333333
0 0.6018518518518519 0.5958333333333333 0.03888888888888889 0.021875
0 0.6351851851851852 0.5973958333333333 0.031481481481481485 0.020833333333333332
0 0.6763888888888889 0.6372395833333333 0.04166666666666667 0.024479166666666666
0 0.701388888888889 0.5895833333333333 0.036111111111111115 0.015625
0 0.7291666666666667 0.5846354166666666 0.025 0.01614583333333333
0 0.7407407407407408 0.63046875 0.020370370370370372 0.0140625
0 0.7671296296296296 0.5971354166666667 0.026851851851851852 0.0140625
0 0.7972222222222223 0.59609375 0.031481481481481485 0.013020833333333334
0 0.8032407407407408 0.6265625 0.028703703703703703 0.015625
0 0.8861111111111112 0.63984375 0.037037037037037035 0.019270833333333334
0 0.9337962962962963 0.7700520833333333 0.028703703703703703 0.009895833333333333
0 0.9388888888888889 0.76015625 0.03518518518518519 0.0140625
0 0.8861111111111112 0.609375 0.02962962962962963 0.016666666666666666
0 0.8902777777777778 0.5041666666666667 0.030555555555555558 0.0125
0 0.9888888888888889 0.5682291666666667 0.022222222222222223 0.015625
0 0.938425925925926 0.5104166666666666 0.028703703703703703 0.015625
0 0.9726851851851852 0.4986979166666667 0.030555555555555558 0.01614583333333333
0 0.9328703703703705 0.4739583333333333 0.02314814814814815 0.014583333333333334
0 0.9685185185185186 0.47213541666666664 0.031481481481481485 0.015104166666666667
0 0.8953703703703704 0.33984375 0.040740740740740744 0.0234375
0 0.8953703703703704 0.33984375 0.040740740740740744 0.0234375
0 0.9532407407407407 0.6692708333333334 0.026851851851851852 0.022916666666666665
0 0.9810185185185185 0.36171875 0.032407407407407406 0.018229166666666668
0 0.9865740740740742 0.334375 0.026851851851851852 0.01875
0 0.9375 0.5455729166666666 0.021296296296296296 0.015104166666666667
0 0.5944444444444444 0.38359375 0.040740740740740744 0.01614583333333333
