0 0.4375 0.6364583333333333 0.09907407407407408 0.04583333333333333
0 0.2087962962962963 0.8114583333333333 0.11018518518518519 0.06041666666666667
0 0.6532407407407408 0.9528645833333333 0.075 0.06822916666666666
0 0.40601851851851856 0.5559895833333334 0.06759259259259259 0.03177083333333333
0 0.5125000000000001 0.6130208333333333 0.0712962962962963 0.05416666666666667
0 0.6625 0.7221354166666667 0.0638888888888889 0.03802083333333333
0 0.7851851851851852 0.8013020833333333 0.053703703703703705 0.0234375
0 0.7708333333333334 0.5697916666666667 0.05462962962962963 0.03333333333333333
0 0.7342592592592593 0.53828125 0.053703703703703705 0.030729166666666665
0 0.5773148148148148 0.365625 0.13611111111111113 0.06875
0 0.7351851851851852 0.3846354166666667 0.15925925925925927 0.09114583333333333
0 0.3648148148148148 0.17239583333333333 0.07407407407407407 0.053125
0 0.31203703703703706 0.12760416666666666 0.10370370370370371 0.06875
0 0.8699074074074075 0.4484375 0.17500000000000002 0.09479166666666666
0 0.5550925925925926 0.22786458333333334 0.0787037037037037 0.0390625
0 0.5115740740740741 0.028645833333333332 0.10277777777777779 0.05416666666666667
0 0.3 0.025520833333333333 0.06296296296296297 0.041666666666666664
0 0.8236111111111112 0.1203125 0.06759259259259259 0.06875
0 0.9032407407407408 0.11380208333333333 0.09722222222222222 0.07552083333333333
0 0.7875 0.026302083333333334 0.06574074074074074 0.0390625
0 0.9643518518518519 0.796875 0.04166666666666667 0.028125
0 0.19398148148148148 0.6302083333333334 0.07685185185185185 0.06145833333333333
0 0.7958333333333334 0.49244791666666665 0.062037037037037036 0.0328125
0 0.8351851851851853 0.2526041666666667 0.03333333333333333 0.027083333333333334
