0 0.17407407407407408 0.81484375 0.11296296296296297 0.057812499999999996
0 0.4101851851851852 0.6356770833333333 0.10370370370370371 0.04114583333333333
0 0.6236111111111111 0.9552083333333333 0.07685185185185185 0.06666666666666667
0 0.4902777777777778 0.6174479166666667 0.08425925925925926 0.050520833333333334
0 0.6462962962962964 0.7231770833333333 0.05740740740740741 0.03697916666666667
0 0.3856481481481482 0.5578125 0.06574074074074074 0.034375
0 0.5944444444444444 0.4752604166666667 0.05 0.04114583333333333
0 0.2902777777777778 0.13125 0.08425925925925926 0.06979166666666667
0 0.7643518518518518 0.8033854166666666 0.05462962962962963 0.0234375
0 0.750925925925926 0.5716145833333334 0.053703703703703705 0.033854166666666664
0 0.712962962962963 0.5408854166666667 0.05555555555555556 0.028645833333333332
0 0.5324074074074074 0.37421875 0.13148148148148148 0.06614583333333333
0 0.6768518518518519 0.3880208333333333 0.15185185185185185 0.090625
0 0.33194444444444443 0.175 0.07314814814814816 0.051041666666666666
0 0.8092592592592593 0.4557291666666667 0.16481481481481483 0.09479166666666666
0 0.5101851851851852 0.23203125 0.08333333333333334 0.04010416666666666
0 0.4740740740740741 0.030729166666666665 0.09814814814814815 0.058333333333333334
0 0.26481481481481484 0.03046875 0.061111111111111116 0.044270833333333336
0 0.787962962962963 0.12421875 0.06481481481481481 0.06822916666666666
0 0.8643518518518519 0.1171875 0.08981481481481482 0.07395833333333333
0 0.7490740740740741 0.029947916666666668 0.07222222222222223 0.0390625
0 0.9444444444444445 0.8005208333333333 0.053703703703703705 0.022916666666666665
0 0.15833333333333333 0.6307291666666667 0.07037037037037037 0.06875
0 0.7689814814814815 0.4940104166666667 0.06018518518518519 0.034895833333333334
0 0.5148148148148148 0.5236979166666667 0.0462962962962963 0.030729166666666665
0 0.7703703703703704 0.2518229166666667 0.031481481481481485 0.0203125
