0 0.9101851851851852 0.8192708333333333 0.11111111111111112 0.06666666666666667
0 0.4388888888888889 0.9565104166666667 0.06481481481481481 0.08072916666666667
0 0.6694444444444445 0.6380208333333334 0.10185185185185186 0.04479166666666667
0 0.6759259259259259 0.559375 0.06666666666666667 0.035416666666666666
0 0.9018518518518519 0.5580729166666667 0.0462962962962963 0.028645833333333332
0 0.5865740740740741 0.62109375 0.06574074074074074 0.05260416666666667
0 0.39861111111111114 0.7255208333333333 0.06018518518518519 0.03958333333333333
0 0.2837962962962963 0.80546875 0.05462962962962963 0.022395833333333334
0 0.2953703703703704 0.57265625 0.05185185185185186 0.033854166666666664
0 0.33333333333333337 0.5424479166666667 0.05925925925925926 0.0265625
0 0.15972222222222224 0.378125 0.06574074074074074 0.05416666666666667
0 0.47222222222222227 0.4731770833333333 0.06666666666666667 0.04739583333333333
0 0.5768518518518518 0.37213541666666666 0.11481481481481481 0.06614583333333333
0 0.4481481481481482 0.38984375 0.14074074074074075 0.09114583333333333
0 0.7425925925925926 0.17473958333333334 0.07407407407407407 0.049479166666666664
0 0.788425925925926 0.13177083333333334 0.09907407407407408 0.053125
0 0.31157407407407406 0.45703125 0.1638888888888889 0.09635416666666667
0 0.5888888888888889 0.23541666666666666 0.09074074074074075 0.042708333333333334
0 0.6050925925925926 0.03177083333333333 0.10833333333333334 0.06041666666666667
0 0.8138888888888889 0.03515625 0.05925925925925926 0.04739583333333333
0 0.2865740740740741 0.12473958333333333 0.06018518518518519 0.0671875
0 0.21805555555555556 0.11927083333333333 0.08055555555555556 0.07395833333333333
0 0.3287037037037037 0.030208333333333334 0.07777777777777778 0.03958333333333333
0 0.10046296296296296 0.7994791666666666 0.03796296296296296 0.026041666666666668
0 0.9 0.6348958333333333 0.09814814814814815 0.058333333333333334
0 0.5277777777777778 0.52265625 0.05185185185185186 0.034895833333333334
0 0.30694444444444446 0.2713541666666667 0.03425925925925926 0.017708333333333333
0 0.06157407407407408 0.39010416666666664 0.06759259259259259 0.036458333333333336
