0 0.04351851851851852 0.8213541666666666 0.08518518518518518 0.08125
0 0.5166666666666667 0.9611979166666667 0.06296296296296297 0.07552083333333333
0 0.37777777777777777 0.62109375 0.0925925925925926 0.0515625
0 0.2777777777777778 0.6380208333333334 0.09814814814814815 0.04375
0 0.2986111111111111 0.5583333333333333 0.06574074074074074 0.034375
0 0.04814814814814815 0.5596354166666666 0.03888888888888889 0.025520833333333333
0 0.5726851851851852 0.7260416666666667 0.058333333333333334 0.040625
0 0.6851851851851852 0.8065104166666667 0.05555555555555556 0.022395833333333334
0 0.674074074074074 0.5721354166666667 0.05185185185185186 0.033854166666666664
0 0.6875 0.496875 0.05462962962962963 0.030208333333333334
0 0.638425925925926 0.54140625 0.058333333333333334 0.027604166666666666
0 0.4847222222222222 0.47213541666666664 0.06944444444444445 0.049479166666666664
0 0.36388888888888893 0.3729166666666667 0.12037037037037038 0.06354166666666666
0 0.4712962962962963 0.38958333333333334 0.15 0.09479166666666666
0 0.2013888888888889 0.16848958333333333 0.06944444444444445 0.0453125
0 0.15833333333333333 0.12708333333333333 0.0962962962962963 0.058333333333333334
0 0.6263888888888889 0.4588541666666667 0.1953703703703704 0.096875
0 0.33287037037037037 0.23385416666666667 0.11388888888888889 0.04791666666666666
0 0.3351851851851852 0.029427083333333333 0.10370370370370371 0.0546875
0 0.13240740740740742 0.029947916666666668 0.05 0.044270833333333336
0 0.6662037037037037 0.12083333333333333 0.062037037037037036 0.06770833333333333
0 0.7194444444444444 0.12083333333333333 0.07037037037037037 0.06458333333333333
0 0.6194444444444445 0.02578125 0.08703703703703704 0.0390625
0 0.04259259259259259 0.6377604166666666 0.08148148148148149 0.05572916666666666
0 0.3509259259259259 0.9604166666666667 0.061111111111111116 0.03333333333333333
0 0.7856481481481482 0.37916666666666665 0.09722222222222222 0.05625
0 0.7856481481481482 0.37916666666666665 0.09722222222222222 0.05625
0 0.4449074074074074 0.525 0.05277777777777778 0.030208333333333334
0 0.6240740740740741 0.2859375 0.03888888888888889 0.02395833333333333
0 0.9421296296296297 0.7158854166666666 0.05648148148148149 0.030729166666666665
0 0.9009259259259259 0.39010416666666664 0.07037037037037037 0.035416666666666666
0 0.9726851851851852 0.2903645833333333 0.05462962962962963 0.03177083333333333
