0 0.7092592592592593 0.6205729166666667 0.09444444444444444 0.05364583333333333
0 0.5712962962962963 0.9700520833333334 0.06481481481481481 0.057812499999999996
0 0.8217592592592593 0.6388020833333333 0.10462962962962963 0.04635416666666667
0 0.763425925925926 0.55703125 0.04166666666666667 0.030729166666666665
0 0.48194444444444445 0.7263020833333333 0.0638888888888889 0.04114583333333333
0 0.3740740740740741 0.80703125 0.05740740740740741 0.024479166666666666
0 0.3685185185185185 0.5744791666666667 0.04814814814814815 0.03333333333333333
0 0.7814814814814816 0.37083333333333335 0.0925925925925926 0.06041666666666667
0 0.6935185185185185 0.38307291666666665 0.12592592592592594 0.09635416666666667
0 0.900462962962963 0.1515625 0.06759259259259259 0.029166666666666667
0 0.9416666666666667 0.11276041666666667 0.10370370370370371 0.05572916666666666
0 0.5458333333333334 0.45807291666666666 0.1953703703703704 0.09322916666666667
0 0.7972222222222223 0.22994791666666667 0.10740740740740741 0.049479166666666664
0 0.7717592592592593 0.0234375 0.10462962962962963 0.042708333333333334
0 0.7296296296296296 0.9606770833333333 0.06851851851851852 0.0296875
0 0.28750000000000003 0.37604166666666666 0.09537037037037037 0.058333333333333334
0 0.28750000000000003 0.37604166666666666 0.09537037037037037 0.058333333333333334
0 0.6097222222222223 0.52265625 0.049074074074074076 0.03177083333333333
0 0.26666666666666666 0.5625 0.04814814814814815 0.03958333333333333
0 0.1212962962962963 0.7166666666666667 0.06851851851851852 0.036458333333333336
0 0.04398148148148148 0.6541666666666667 0.075 0.03229166666666666
0 0.17175925925925928 0.38671875 0.06018518518518519 0.0390625
0 0.10138888888888889 0.3442708333333333 0.0712962962962963 0.05
0 0.08888888888888889 0.28489583333333335 0.08333333333333334 0.034375
