0 0.35833333333333334 0.9744791666666667 0.06296296296296297 0.052083333333333336
0 0.2212962962962963 0.6221354166666666 0.10185185185185186 0.05260416666666667
0 0.09490740740740741 0.6411458333333333 0.11388888888888889 0.04583333333333333
0 0.17916666666666667 0.5606770833333333 0.058333333333333334 0.03177083333333333
0 0.10185185185185186 0.3716145833333333 0.06851851851851852 0.057812499999999996
0 0.16481481481481483 0.38125 0.10370370370370371 0.08958333333333333
0 0.5625 0.11067708333333333 0.09722222222222222 0.0796875
0 0.45833333333333337 0.01875 0.07777777777777778 0.035416666666666666
0 0.47731481481481486 0.7278645833333334 0.062037037037037036 0.04114583333333333
0 0.5796296296296296 0.80859375 0.05925925925925926 0.0265625
0 0.34490740740740744 0.4484375 0.17314814814814816 0.10833333333333334
0 0.1462962962962963 0.02421875 0.10555555555555556 0.0453125
0 0.5833333333333334 0.49322916666666666 0.06851851851851852 0.035416666666666666
0 0.2125 0.9653645833333333 0.0638888888888889 0.0328125
0 0.650462962962963 0.3776041666666667 0.09166666666666667 0.05625
0 0.650462962962963 0.3776041666666667 0.09166666666666667 0.05625
0 0.3472222222222222 0.5231770833333333 0.044444444444444446 0.030729166666666665
0 0.5824074074074075 0.30182291666666666 0.053703703703703705 0.030729166666666665
0 0.6787037037037037 0.5638020833333334 0.05925925925925926 0.04010416666666666
0 0.7643518518518518 0.7408854166666666 0.0638888888888889 0.022395833333333334
0 0.8328703703703704 0.7184895833333333 0.06759259259259259 0.034895833333333334
0 0.9111111111111111 0.65546875 0.07407407407407407 0.03177083333333333
0 0.762962962962963 0.3885416666666667 0.04814814814814815 0.0375
0 0.8347222222222223 0.346875 0.08240740740740742 0.04895833333333333
0 0.8541666666666667 0.2921875 0.08240740740740742 0.04375
0 0.9731481481481482 0.2604166666666667 0.053703703703703705 0.051041666666666666
