0 0.7333333333333334 0.97734375 0.06666666666666667 0.0453125
0 0.9643518518518519 0.6455729166666666 0.0712962962962963 0.043229166666666666
0 0.8518518518518519 0.6263020833333334 0.07777777777777778 0.05364583333333333
0 0.7199074074074074 0.47369791666666666 0.05462962962962963 0.04114583333333333
0 0.5717592592592593 0.7307291666666667 0.06018518518518519 0.040625
0 0.48842592592592593 0.8122395833333333 0.04166666666666667 0.0265625
0 0.5175925925925926 0.54140625 0.0462962962962963 0.03177083333333333
0 0.8287037037037037 0.45234375 0.18888888888888888 0.10781249999999999
0 0.21944444444444444 0.2981770833333333 0.07407407407407407 0.050520833333333334
0 0.5449074074074074 0.11640625 0.09907407407407408 0.05677083333333333
0 0.4814814814814815 0.4947916666666667 0.06481481481481481 0.0375
0 0.8666666666666667 0.96953125 0.04814814814814815 0.030729166666666665
0 0.4310185185185185 0.37890625 0.09166666666666667 0.05677083333333333
0 0.4310185185185185 0.37890625 0.09166666666666667 0.05677083333333333
0 0.7180555555555556 0.6979166666666666 0.05277777777777778 0.03125
0 0.49768518518518523 0.303125 0.05462962962962963 0.030208333333333334
0 0.5597222222222222 0.30703125 0.04537037037037037 0.027604166666666666
0 0.38842592592592595 0.565625 0.0638888888888889 0.03958333333333333
0 0.2939814814814815 0.7463541666666667 0.0712962962962963 0.030208333333333334
0 0.22777777777777777 0.7205729166666667 0.06666666666666667 0.033854166666666664
0 0.15046296296296297 0.65703125 0.0712962962962963 0.0296875
0 0.040740740740740744 0.803125 0.06296296296296297 0.035416666666666666
0 0.08611111111111111 0.7484375 0.05740740740740741 0.03229166666666666
0 0.28935185185185186 0.39609375 0.0787037037037037 0.030729166666666665
0 0.23981481481481481 0.3484375 0.08518518518518518 0.04895833333333333
0 0.07453703703703704 0.2596354166666667 0.10648148148148148 0.05364583333333333
0 0.02592592592592593 0.26145833333333335 0.04814814814814815 0.046875
