0 0.8527777777777779 0.98515625 0.06666666666666667 0.028645833333333332
0 0.9712962962962963 0.63125 0.05555555555555556 0.057291666666666664
0 0.6523148148148148 0.73046875 0.062037037037037036 0.03697916666666667
0 0.6046296296296296 0.5434895833333333 0.02962962962962963 0.030729166666666665
0 0.837037037037037 0.4770833333333333 0.08888888888888889 0.04791666666666666
0 0.6847222222222222 0.1015625 0.09166666666666667 0.07916666666666666
0 0.7791666666666667 0.016927083333333332 0.08055555555555556 0.028645833333333332
0 0.5689814814814815 0.4953125 0.06759259259259259 0.034375
0 0.5425925925925926 0.3796875 0.09074074074074075 0.057291666666666664
0 0.7962962962962963 0.6984375 0.05555555555555556 0.035416666666666666
0 0.6111111111111112 0.3033854166666667 0.04814814814814815 0.025520833333333333
0 0.662962962962963 0.3052083333333333 0.031481481481481485 0.022916666666666665
0 0.8726851851851852 0.5143229166666666 0.04722222222222222 0.0296875
0 0.8046296296296297 0.3325520833333333 0.04814814814814815 0.03177083333333333
0 0.8013888888888889 0.29583333333333334 0.05092592592592593 0.030208333333333334
0 0.47731481481481486 0.5674479166666666 0.062037037037037036 0.0390625
0 0.3805555555555556 0.753125 0.06481481481481481 0.034375
0 0.30972222222222223 0.7231770833333333 0.06574074074074074 0.034895833333333334
0 0.2337962962962963 0.6588541666666666 0.06759259259259259 0.029166666666666667
0 0.15833333333333333 0.8760416666666666 0.05740740740740741 0.04375
0 0.11435185185185186 0.8067708333333333 0.05462962962962963 0.0375
0 0.1513888888888889 0.7505208333333333 0.058333333333333334 0.03229166666666666
0 0.3763888888888889 0.3919270833333333 0.06574074074074074 0.0265625
0 0.33981481481481485 0.3481770833333333 0.08333333333333334 0.049479166666666664
0 0.3175925925925926 0.29140625 0.07222222222222223 0.0421875
0 0.18287037037037038 0.2583333333333333 0.09722222222222222 0.05416666666666667
0 0.1277777777777778 0.2609375 0.061111111111111116 0.04583333333333333
0 0.05694444444444444 0.19609375 0.09351851851851853 0.06197916666666667
0 0.26342592592592595 0.81015625 0.04351851851851852 0.0390625
