0 0.8712962962962963 0.9854166666666666 0.06851851851851852 0.028125
0 0.663425925925926 0.7291666666666666 0.062037037037037036 0.03333333333333333
0 0.3175925925925926 0.8117187499999999 0.044444444444444446 0.03802083333333333
0 0.6166666666666667 0.5434895833333333 0.02592592592592593 0.0296875
0 0.8532407407407407 0.47578125 0.08796296296296297 0.050520833333333334
0 0.7143518518518519 0.10026041666666667 0.10648148148148148 0.0796875
0 0.8 0.015625 0.07777777777777778 0.027083333333333334
0 0.5819444444444445 0.4953125 0.06759259259259259 0.034375
0 0.5587962962962963 0.3796875 0.09166666666666667 0.058333333333333334
0 0.8064814814814815 0.69921875 0.05555555555555556 0.033854166666666664
0 0.6305555555555555 0.30390625 0.05185185185185186 0.025520833333333333
0 0.6787037037037037 0.3052083333333333 0.02777777777777778 0.022916666666666665
0 0.8875000000000001 0.5174479166666667 0.049074074074074076 0.033854166666666664
0 0.8157407407407408 0.33229166666666665 0.0462962962962963 0.03333333333333333
0 0.8157407407407408 0.29713541666666665 0.05555555555555556 0.033854166666666664
0 0.4912037037037037 0.5674479166666666 0.06018518518518519 0.0390625
0 0.39212962962962966 0.75390625 0.0638888888888889 0.03697916666666667
0 0.3212962962962963 0.7229166666666667 0.06481481481481481 0.035416666666666666
0 0.24629629629629632 0.6591145833333333 0.06851851851851852 0.028645833333333332
0 0.17037037037037037 0.8768229166666667 0.05740740740740741 0.0453125
0 0.12638888888888888 0.8067708333333333 0.05462962962962963 0.0375
0 0.15972222222222224 0.75078125 0.058333333333333334 0.0328125
0 0.3939814814814815 0.39166666666666666 0.06944444444444445 0.026041666666666668
0 0.35462962962962963 0.34791666666666665 0.08333333333333334 0.04895833333333333
0 0.3337962962962963 0.2916666666666667 0.0712962962962963 0.041666666666666664
0 0.19907407407407407 0.2578125 0.0962962962962963 0.05416666666666667
0 0.1439814814814815 0.2609375 0.06018518518518519 0.04583333333333333
0 0.07222222222222223 0.19557291666666665 0.09444444444444444 0.06197916666666667
0 0.27175925925925926 0.81015625 0.04166666666666667 0.0390625
