0 0.6296296296296297 0.57734375 0.044444444444444446 0.0328125
0 0.9449074074074074 0.47734375 0.09166666666666667 0.050520833333333334
0 0.8361111111111111 0.10104166666666667 0.11481481481481481 0.08333333333333333
0 0.9175925925925926 0.015625 0.05925925925925926 0.027083333333333334
0 0.37222222222222223 0.8138020833333334 0.044444444444444446 0.04010416666666666
0 0.6541666666666667 0.49609375 0.0712962962962963 0.033854166666666664
0 0.6518518518518519 0.37994791666666666 0.0925925925925926 0.05677083333333333
0 0.8486111111111111 0.5302083333333333 0.04166666666666667 0.03125
0 0.8763888888888889 0.6994791666666667 0.04537037037037037 0.034375
0 0.9666666666666667 0.51875 0.04814814814814815 0.03125
0 0.875 0.33151041666666664 0.053703703703703705 0.034895833333333334
0 0.8768518518518519 0.2973958333333333 0.05925925925925926 0.035416666666666666
0 0.5680555555555555 0.5682291666666667 0.05462962962962963 0.040625
0 0.45740740740740743 0.7578125 0.06481481481481481 0.04479166666666667
0 0.38981481481481484 0.7252604166666666 0.06296296296296297 0.034895833333333334
0 0.31666666666666665 0.6598958333333333 0.06296296296296297 0.029166666666666667
0 0.31666666666666665 0.6598958333333333 0.06296296296296297 0.029166666666666667
0 0.23564814814814816 0.87890625 0.05648148148148149 0.0453125
0 0.19305555555555556 0.8078124999999999 0.04537037037037037 0.0375
0 0.2152777777777778 0.75234375 0.05462962962962963 0.0328125
0 0.4777777777777778 0.39166666666666666 0.06481481481481481 0.030208333333333334
0 0.4356481481481482 0.3489583333333333 0.08240740740740742 0.04895833333333333
0 0.4185185185185185 0.2921875 0.06481481481481481 0.042708333333333334
0 0.29120370370370374 0.25859375 0.08981481481481482 0.0546875
0 0.23657407407407408 0.26197916666666665 0.05648148148148149 0.04583333333333333
0 0.1550925925925926 0.19635416666666666 0.09351851851851853 0.06041666666666667
0 0.1550925925925926 0.19635416666666666 0.09351851851851853 0.06041666666666667
0 0.1550925925925926 0.19635416666666666 0.09351851851851853 0.06041666666666667
0 0.03657407407407408 0.7997395833333333 0.06759259259259259 0.05572916666666666
0 0.06157407407407408 0.425 0.09166666666666667 0.04479166666666667
0 0.03796296296296296 0.33098958333333334 0.07222222222222223 0.04739583333333333
0 0.0625 0.15572916666666667 0.08425925925925926 0.052083333333333336
0 0.07453703703703704 0.1796875 0.0712962962962963 0.040625
0 0.06296296296296297 0.23984375 0.06296296296296297 0.04739583333333333
0 0.052314814814814814 0.03802083333333333 0.08055555555555556 0.05520833333333333
0 0.06851851851851852 0.6708333333333333 0.07777777777777778 0.058333333333333334
0 0.3282407407407408 0.8125 0.04351851851851852 0.03854166666666667
