0 0.35694444444444445 0.57734375 0.04537037037037037 0.033854166666666664
0 0.04490740740740741 0.47682291666666665 0.08796296296296297 0.049479166666666664
0 0.1476851851851852 0.10182291666666667 0.11203703703703705 0.08385416666666666
0 0.06759259259259259 0.0171875 0.05925925925925926 0.027083333333333334
0 0.6212962962962963 0.8140625 0.044444444444444446 0.03958333333333333
0 0.33425925925925926 0.49609375 0.06666666666666667 0.03177083333333333
0 0.33611111111111114 0.37994791666666666 0.0925925925925926 0.05677083333333333
0 0.13842592592592592 0.5302083333333333 0.04351851851851852 0.03125
0 0.02314814814814815 0.5184895833333333 0.044444444444444446 0.03177083333333333
0 0.11851851851851852 0.33203125 0.05555555555555556 0.034895833333333334
0 0.11712962962962964 0.29765625 0.06018518518518519 0.034895833333333334
0 0.4222222222222222 0.5682291666666667 0.05555555555555556 0.040625
0 0.5319444444444444 0.7580729166666667 0.06759259259259259 0.0453125
0 0.6 0.7255208333333333 0.06296296296296297 0.035416666666666666
0 0.6736111111111112 0.6598958333333333 0.0638888888888889 0.029166666666666667
0 0.6736111111111112 0.6598958333333333 0.0638888888888889 0.029166666666666667
0 0.7564814814814815 0.8783854166666667 0.05925925925925926 0.043229166666666666
0 0.7981481481481482 0.8083333333333333 0.044444444444444446 0.0375
0 0.7800925925925927 0.7526041666666666 0.05462962962962963 0.030208333333333334
0 0.5120370370370371 0.3927083333333333 0.06666666666666667 0.03125
0 0.5532407407407408 0.3489583333333333 0.08240740740740742 0.04895833333333333
0 0.5703703703703704 0.29244791666666664 0.06481481481481481 0.0421875
0 0.6958333333333334 0.25859375 0.08981481481481482 0.0546875
0 0.7495370370370371 0.2622395833333333 0.05648148148148149 0.0453125
0 0.8337962962962964 0.19661458333333334 0.09351851851851853 0.0609375
0 0.8337962962962964 0.19661458333333334 0.09351851851851853 0.0609375
0 0.8337962962962964 0.19661458333333334 0.09351851851851853 0.0609375
0 0.9601851851851853 0.7997395833333333 0.07962962962962963 0.0546875
0 0.9277777777777778 0.42552083333333335 0.08888888888888889 0.04375
0 0.9791666666666667 0.3880208333333333 0.04166666666666667 0.036458333333333336
0 0.9578703703703704 0.33125 0.08425925925925926 0.04791666666666666
0 0.9259259259259259 0.15625 0.08333333333333334 0.053125
0 0.9157407407407407 0.17916666666666667 0.07037037037037037 0.041666666666666664
0 0.9287037037037037 0.240625 0.06481481481481481 0.046875
0 0.9388888888888889 0.03828125 0.08148148148148149 0.0546875
0 0.9203703703703704 0.67109375 0.07407407407407407 0.057812499999999996
0 0.6652777777777779 0.8127604166666667 0.04351851851851852 0.03802083333333333
