0 0.3416666666666667 0.5776041666666667 0.04259259259259259 0.034375
0 0.2513888888888889 0.7364583333333333 0.04351851851851852 0.029166666666666667
0 0.030555555555555558 0.4778645833333333 0.05925925925925926 0.04739583333333333
0 0.11157407407407408 0.10208333333333333 0.10833333333333334 0.084375
0 0.032407407407407406 0.01875 0.05740740740740741 0.022916666666666665
0 0.6041666666666667 0.81484375 0.04166666666666667 0.04010416666666666
0 0.3125 0.4966145833333333 0.06759259259259259 0.0328125
0 0.30694444444444446 0.3809895833333333 0.09351851851851853 0.05677083333333333
0 0.10185185185185186 0.33177083333333335 0.05740740740740741 0.035416666666666666
0 0.09814814814814815 0.2981770833333333 0.05925925925925926 0.034895833333333334
0 0.39722222222222225 0.5700520833333333 0.053703703703703705 0.04010416666666666
0 0.5120370370370371 0.7588541666666666 0.06296296296296297 0.04583333333333333
0 0.5800925925925926 0.7263020833333333 0.062037037037037036 0.0359375
0 0.6518518518518519 0.6609375 0.06481481481481481 0.029166666666666667
0 0.6518518518518519 0.6609375 0.06481481481481481 0.029166666666666667
0 0.7342592592592593 0.8791666666666667 0.05555555555555556 0.042708333333333334
0 0.7782407407407408 0.8091145833333333 0.04351851851851852 0.03697916666666667
0 0.763888888888889 0.7541666666666667 0.05555555555555556 0.03229166666666666
0 0.48703703703703705 0.39348958333333334 0.06666666666666667 0.03177083333333333
0 0.5263888888888889 0.3494791666666667 0.08240740740740742 0.04895833333333333
0 0.5435185185185185 0.29296875 0.06296296296296297 0.0421875
0 0.6652777777777779 0.2596354166666667 0.08796296296296297 0.0546875
0 0.8060185185185186 0.19765625 0.09166666666666667 0.0609375
0 0.8060185185185186 0.19765625 0.09166666666666667 0.0609375
0 0.8060185185185186 0.19765625 0.09166666666666667 0.0609375
0 0.9722222222222222 0.8567708333333334 0.05555555555555556 0.058333333333333334
0 0.937962962962963 0.8002604166666667 0.08703703703703704 0.05260416666666667
0 0.9027777777777778 0.42682291666666666 0.08703703703703704 0.04114583333333333
0 0.9671296296296297 0.38229166666666664 0.06574074074074074 0.046875
0 0.9337962962962963 0.33151041666666664 0.08981481481481482 0.0484375
0 0.9 0.15625 0.08333333333333334 0.053125
0 0.8949074074074075 0.17916666666666667 0.0712962962962963 0.04479166666666667
0 0.9069444444444444 0.24140625 0.06759259259259259 0.0484375
0 0.9143518518518519 0.037760416666666664 0.08055555555555556 0.05572916666666666
0 0.8847222222222223 0.6763020833333333 0.08611111111111111 0.0609375
0 0.6490740740740741 0.81328125 0.04259259259259259 0.03802083333333333
