0 0.18194444444444446 0.7432291666666666 0.06574074074074074 0.034375
0 0.25787037037037036 0.55078125 0.036111111111111115 0.028645833333333332
0 0.2796296296296296 0.5809895833333333 0.03888888888888889 0.033854166666666664
0 0.03425925925925926 0.1140625 0.06666666666666667 0.07916666666666666
0 0.5504629629629629 0.8184895833333333 0.03981481481481482 0.0390625
0 0.24583333333333335 0.4984375 0.0638888888888889 0.028125
0 0.2152777777777778 0.3854166666666667 0.08611111111111111 0.05625
0 0.1574074074074074 0.30572916666666666 0.05 0.030208333333333334
0 0.04212962962962963 0.33515625 0.05462962962962963 0.0359375
0 0.046759259259259264 0.30416666666666664 0.0638888888888889 0.03229166666666666
0 0.33194444444444443 0.5731770833333333 0.06018518518518519 0.04114583333333333
0 0.4449074074074074 0.7622395833333333 0.05462962962962963 0.0484375
0 0.513425925925926 0.7296875 0.062037037037037036 0.036458333333333336
0 0.5888888888888889 0.6638020833333333 0.06666666666666667 0.030729166666666665
0 0.5888888888888889 0.6638020833333333 0.06666666666666667 0.030729166666666665
0 0.6703703703703704 0.88125 0.05185185185185186 0.03958333333333333
0 0.7148148148148148 0.8119791666666667 0.04259259259259259 0.036458333333333336
0 0.7069444444444445 0.7549479166666666 0.04166666666666667 0.027604166666666666
0 0.45 0.35494791666666664 0.08148148148148149 0.04739583333333333
0 0.46990740740740744 0.29973958333333334 0.0712962962962963 0.0421875
0 0.5768518518518518 0.26588541666666665 0.08333333333333334 0.0546875
0 0.6300925925925926 0.7010416666666667 0.03796296296296296 0.022916666666666665
0 0.7245370370370371 0.2046875 0.08796296296296297 0.06041666666666667
0 0.7245370370370371 0.2046875 0.08796296296296297 0.06041666666666667
0 0.7245370370370371 0.2046875 0.08796296296296297 0.06041666666666667
0 0.9111111111111111 0.8604166666666666 0.08703703703703704 0.057291666666666664
0 0.8611111111111112 0.8039062499999999 0.08333333333333334 0.0515625
0 0.9101851851851852 0.7083333333333334 0.07777777777777778 0.051041666666666666
0 0.9287037037037037 0.6515625 0.06296296296296297 0.034375
0 0.8240740740740741 0.42994791666666665 0.08148148148148149 0.043229166666666666
0 0.888888888888889 0.3875 0.08148148148148149 0.046875
0 0.8541666666666667 0.3372395833333333 0.08796296296296297 0.0484375
0 0.6800925925925926 0.25546875 0.06574074074074074 0.0453125
0 0.8199074074074074 0.16640625 0.0787037037037037 0.05572916666666666
0 0.8217592592592593 0.1859375 0.06574074074074074 0.04479166666666667
0 0.8402777777777778 0.24791666666666667 0.05277777777777778 0.042708333333333334
0 0.9717592592592593 0.290625 0.05648148148148149 0.036458333333333336
0 0.8393518518518519 0.046614583333333334 0.0787037037037037 0.057812499999999996
0 0.8023148148148148 0.6776041666666667 0.0638888888888889 0.053125
0 0.25092592592592594 0.7463541666666667 0.05185185185185186 0.027083333333333334
0 0.5949074074074074 0.8171875 0.05092592592592593 0.03854166666666667
0 0.3106481481481482 0.6901041666666666 0.04166666666666667 0.02395833333333333
