0 0.8398148148148148 0.7427083333333333 0.06851851851851852 0.03958333333333333
0 0.7462962962962963 0.58359375 0.03888888888888889 0.0359375
0 0.7703703703703704 0.5515625 0.040740740740740744 0.029166666666666667
0 0.4703703703703704 0.8195312499999999 0.037037037037037035 0.0390625
0 0.7791666666666667 0.4986979166666667 0.0638888888888889 0.0265625
0 0.8175925925925926 0.38671875 0.08148148148148149 0.0546875
0 0.8722222222222222 0.30807291666666664 0.05925925925925926 0.027604166666666666
0 0.9699074074074074 0.3072916666666667 0.058333333333333334 0.028125
0 0.6958333333333334 0.57421875 0.06018518518518519 0.04010416666666666
0 0.5805555555555556 0.7635416666666667 0.05185185185185186 0.04895833333333333
0 0.5115740740740741 0.7307291666666667 0.06018518518518519 0.036458333333333336
0 0.43703703703703706 0.66484375 0.06296296296296297 0.030729166666666665
0 0.43703703703703706 0.66484375 0.06296296296296297 0.030729166666666665
0 0.35555555555555557 0.8825520833333333 0.05 0.04010416666666666
0 0.30972222222222223 0.8125 0.04166666666666667 0.036458333333333336
0 0.31666666666666665 0.7536458333333333 0.044444444444444446 0.019791666666666666
0 0.5782407407407407 0.3567708333333333 0.08055555555555556 0.046875
0 0.5606481481481481 0.30104166666666665 0.0712962962962963 0.041666666666666664
0 0.4569444444444445 0.2669270833333333 0.0787037037037037 0.05364583333333333
0 0.30694444444444446 0.20651041666666667 0.08796296296296297 0.059895833333333336
0 0.30694444444444446 0.20651041666666667 0.08796296296296297 0.059895833333333336
0 0.30694444444444446 0.20651041666666667 0.08796296296296297 0.059895833333333336
0 0.11805555555555557 0.8609375 0.08611111111111111 0.058333333333333334
0 0.16805555555555557 0.8052083333333333 0.08425925925925926 0.051041666666666666
0 0.125 0.7096354166666666 0.08148148148148149 0.05364583333333333
0 0.10462962962962963 0.65078125 0.06666666666666667 0.0390625
0 0.20740740740740743 0.4317708333333333 0.08148148148148149 0.04479166666666667
0 0.14351851851851852 0.3888020833333333 0.08148148148148149 0.04739583333333333
0 0.17546296296296296 0.3390625 0.08611111111111111 0.046875
0 0.35000000000000003 0.25885416666666666 0.07962962962962963 0.04791666666666666
0 0.2101851851851852 0.16822916666666665 0.07962962962962963 0.053125
0 0.20555555555555557 0.18723958333333332 0.06296296296296297 0.044270833333333336
0 0.1875 0.24921875 0.058333333333333334 0.0421875
0 0.046759259259259264 0.2921875 0.06574074074074074 0.0375
0 0.1902777777777778 0.04869791666666667 0.0787037037037037 0.057812499999999996
0 0.22175925925925927 0.6770833333333334 0.08240740740740742 0.05416666666666667
0 0.7620370370370371 0.7463541666666667 0.03888888888888889 0.025
0 0.42638888888888893 0.8182291666666667 0.05092592592592593 0.03854166666666667
0 0.3875 0.7020833333333333 0.04166666666666667 0.021875
0 0.712037037037037 0.6908854166666667 0.037037037037037035 0.024479166666666666
