0 0.14953703703703705 0.74296875 0.06944444444444445 0.04010416666666666
0 0.24444444444444446 0.5846354166666666 0.037037037037037035 0.03697916666666667
0 0.2162037037037037 0.5515625 0.04351851851851852 0.030208333333333334
0 0.5222222222222223 0.82109375 0.03888888888888889 0.0390625
0 0.2087962962962963 0.49921875 0.062037037037037036 0.0265625
0 0.16527777777777777 0.3872395833333333 0.08055555555555556 0.05364583333333333
0 0.11805555555555557 0.30859375 0.05648148148148149 0.027604166666666666
0 0.02592592592592593 0.31223958333333335 0.0462962962962963 0.027604166666666666
0 0.2962962962962963 0.5755208333333334 0.06666666666666667 0.040625
0 0.4087962962962963 0.76484375 0.05092592592592593 0.049479166666666664
0 0.47731481481481486 0.7315104166666666 0.062037037037037036 0.03697916666666667
0 0.5509259259259259 0.66640625 0.061111111111111116 0.030729166666666665
0 0.5509259259259259 0.66640625 0.061111111111111116 0.030729166666666665
0 0.6333333333333333 0.8833333333333333 0.04814814814814815 0.03854166666666667
0 0.4064814814814815 0.3575520833333333 0.07962962962962963 0.04739583333333333
0 0.42453703703703705 0.30182291666666666 0.0712962962962963 0.0421875
0 0.5259259259259259 0.26796875 0.07777777777777778 0.05364583333333333
0 0.6782407407407408 0.20755208333333333 0.08981481481481482 0.059895833333333336
0 0.6782407407407408 0.20755208333333333 0.08981481481481482 0.059895833333333336
0 0.6782407407407408 0.20755208333333333 0.08981481481481482 0.059895833333333336
0 0.8694444444444445 0.8609375 0.08703703703703704 0.058333333333333334
0 0.8194444444444445 0.80625 0.08333333333333334 0.052083333333333336
0 0.8587962962962963 0.7106770833333333 0.08425925925925926 0.05364583333333333
0 0.8796296296296297 0.6510416666666666 0.06296296296296297 0.03854166666666667
0 0.7833333333333333 0.4296875 0.08518518518518518 0.04895833333333333
0 0.8416666666666667 0.38958333333333334 0.08148148148148149 0.04791666666666666
0 0.8106481481481482 0.33984375 0.08425925925925926 0.04635416666666667
0 0.6361111111111112 0.2598958333333333 0.08333333333333334 0.052083333333333336
0 0.775462962962963 0.16927083333333334 0.0787037037037037 0.053125
0 0.7810185185185186 0.18802083333333333 0.06018518518518519 0.04375
0 0.7972222222222223 0.25026041666666665 0.061111111111111116 0.0453125
0 0.9430555555555556 0.29270833333333335 0.06574074074074074 0.0375
0 0.7949074074074074 0.049479166666666664 0.0787037037037037 0.058333333333333334
0 0.762962962962963 0.678125 0.07962962962962963 0.053125
0 0.23148148148148148 0.7484375 0.03518518518518519 0.027083333333333334
0 0.5657407407407408 0.8197916666666667 0.04814814814814815 0.03854166666666667
0 0.6060185185185185 0.70234375 0.04166666666666667 0.022395833333333334
0 0.27824074074074073 0.6924479166666666 0.036111111111111115 0.025520833333333333
