0 0.09907407407407408 0.7440104166666667 0.07037037037037037 0.03802083333333333
0 0.19398148148148148 0.5861979166666667 0.04166666666666667 0.033854166666666664
0 0.16203703703703703 0.55234375 0.061111111111111116 0.03177083333333333
0 0.48564814814814816 0.8221354166666667 0.04166666666666667 0.0390625
0 0.1550925925925926 0.49973958333333335 0.0712962962962963 0.027604166666666666
0 0.09166666666666667 0.3848958333333333 0.07962962962962963 0.05520833333333333
0 0.04537037037037037 0.3026041666666667 0.05555555555555556 0.02395833333333333
0 0.23935185185185187 0.5763020833333333 0.06574074074074074 0.04114583333333333
0 0.35694444444444445 0.76640625 0.05092592592592593 0.0484375
0 0.4273148148148148 0.7330729166666666 0.062037037037037036 0.03697916666666667
0 0.5027777777777778 0.6666666666666666 0.05740740740740741 0.03125
0 0.5476851851851852 0.2661458333333333 0.058333333333333334 0.052083333333333336
0 0.5842592592592593 0.8854166666666666 0.044444444444444446 0.03958333333333333
0 0.34861111111111115 0.35625 0.08240740740740742 0.04895833333333333
0 0.3685185185185185 0.2981770833333333 0.07407407407407407 0.0421875
0 0.46111111111111114 0.26458333333333334 0.07037037037037037 0.05520833333333333
0 0.6217592592592592 0.20416666666666666 0.08796296296296297 0.06145833333333333
0 0.8171296296296297 0.8630208333333333 0.09166666666666667 0.058333333333333334
0 0.7671296296296296 0.8057291666666666 0.0787037037037037 0.051041666666666666
0 0.7944444444444445 0.7119791666666666 0.08888888888888889 0.052083333333333336
0 0.813425925925926 0.65234375 0.0712962962962963 0.04010416666666666
0 0.7287037037037037 0.4278645833333333 0.08703703703703704 0.050520833333333334
0 0.788888888888889 0.38776041666666666 0.08333333333333334 0.0484375
0 0.7587962962962963 0.3380208333333333 0.08425925925925926 0.046875
0 0.5828703703703704 0.25729166666666664 0.08611111111111111 0.05416666666666667
0 0.7212962962962963 0.16354166666666667 0.07592592592592592 0.053125
0 0.7356481481481482 0.18828125 0.062037037037037036 0.0390625
0 0.7569444444444444 0.24661458333333333 0.06574074074074074 0.04635416666666667
0 0.9087962962962963 0.2908854166666667 0.0638888888888889 0.03802083333333333
0 0.7481481481481482 0.04375 0.07592592592592592 0.06145833333333333
0 0.9375 0.6080729166666666 0.05462962962962963 0.03697916666666667
0 0.7050925925925926 0.6778645833333333 0.08425925925925926 0.050520833333333334
0 0.18564814814814815 0.75 0.04351851851851852 0.025
0 0.5324074074074074 0.8213541666666666 0.03518518518518519 0.042708333333333334
0 0.9717592592592593 0.6502604166666667 0.05648148148148149 0.043229166666666666
0 0.5736111111111112 0.7026041666666667 0.03981481481481482 0.022916666666666665
0 0.23148148148148148 0.6942708333333333 0.031481481481481485 0.025
