0 0.9666666666666667 0.83203125 0.05185185185185186 0.0328125
0 0.962037037037037 0.5520833333333334 0.0462962962962963 0.029166666666666667
0 0.6092592592592593 0.8234374999999999 0.05 0.03958333333333333
0 0.9708333333333333 0.49765624999999997 0.05648148148148149 0.030729166666666665
0 0.9013888888888889 0.5729166666666666 0.06759259259259259 0.04479166666666667
0 0.7703703703703704 0.7661458333333333 0.04814814814814815 0.04895833333333333
0 0.6962962962962963 0.7348958333333333 0.06296296296296297 0.0375
0 0.6208333333333333 0.6669270833333333 0.05648148148148149 0.03177083333333333
0 0.6990740740740741 0.25677083333333334 0.07222222222222223 0.057291666666666664
0 0.5388888888888889 0.8869791666666667 0.03333333333333333 0.0375
0 0.812962962962963 0.3927083333333333 0.07407407407407407 0.034375
0 0.8018518518518519 0.35078125 0.08518518518518518 0.050520833333333334
0 0.7824074074074074 0.29270833333333335 0.08333333333333334 0.04375
0 0.6199074074074075 0.2565104166666667 0.08425925925925926 0.057812499999999996
0 0.5236111111111111 0.19583333333333333 0.08981481481481482 0.06354166666666666
0 0.32222222222222224 0.865625 0.08703703703703704 0.05416666666666667
0 0.36712962962962964 0.8109375 0.08796296296296297 0.05520833333333333
0 0.37222222222222223 0.7106770833333333 0.08703703703703704 0.058854166666666666
0 0.34444444444444444 0.6502604166666667 0.06666666666666667 0.04739583333333333
0 0.40555555555555556 0.42526041666666664 0.08888888888888889 0.050520833333333334
0 0.038425925925925926 0.5846354166666666 0.062037037037037036 0.04114583333333333
0 0.35000000000000003 0.3848958333333333 0.07962962962962963 0.04791666666666666
0 0.3773148148148148 0.334375 0.08425925925925926 0.046875
0 0.5569444444444445 0.25 0.07685185185185185 0.053125
0 0.4203703703703704 0.15520833333333334 0.07037037037037037 0.05520833333333333
0 0.38287037037037036 0.17630208333333333 0.06574074074074074 0.0453125
0 0.3462962962962963 0.23854166666666665 0.06481481481481481 0.036458333333333336
0 0.18564814814814815 0.2875 0.0638888888888889 0.03958333333333333
0 0.3837962962962963 0.032552083333333336 0.0787037037037037 0.06197916666666667
0 0.15833333333333333 0.95703125 0.08703703703703704 0.0609375
0 0.5689814814814815 0.82109375 0.032407407407407406 0.044270833333333336
0 0.18564814814814815 0.6072916666666667 0.05092592592592593 0.03854166666666667
0 0.11435185185185186 0.6765625 0.05092592592592593 0.035416666666666666
0 0.13148148148148148 0.6497395833333334 0.07962962962962963 0.03802083333333333
0 0.45833333333333337 0.6776041666666667 0.06851851851851852 0.04791666666666666
0 0.9175925925925926 0.7494791666666667 0.037037037037037035 0.028125
0 0.11944444444444445 0.075 0.06851851851851852 0.04791666666666666
0 0.037037037037037035 0.1328125 0.07037037037037037 0.06666666666666667
