0 0.35694444444444445 0.8247395833333333 0.049074074074074076 0.04010416666666666
0 0.052314814814814814 0.5760416666666667 0.06944444444444445 0.04583333333333333
0 0.18564814814814815 0.7682291666666666 0.04537037037037037 0.04791666666666666
0 0.2601851851851852 0.7364583333333333 0.06296296296296297 0.0375
0 0.33796296296296297 0.6684895833333333 0.06481481481481481 0.030729166666666665
0 0.1439814814814815 0.39401041666666664 0.07685185185185185 0.0328125
0 0.14722222222222223 0.3536458333333333 0.08518518518518518 0.05
0 0.16666666666666669 0.296875 0.08518518518518518 0.04375
0 0.24166666666666667 0.26197916666666665 0.07222222222222223 0.05520833333333333
0 0.32916666666666666 0.2640625 0.08240740740740742 0.04895833333333333
0 0.42314814814814816 0.20286458333333332 0.08703703703703704 0.06302083333333333
0 0.6231481481481481 0.8666666666666667 0.08333333333333334 0.052083333333333336
0 0.587037037037037 0.8138020833333334 0.0962962962962963 0.059895833333333336
0 0.5606481481481481 0.7122395833333334 0.09722222222222222 0.0546875
0 0.5990740740740741 0.65078125 0.06666666666666667 0.050520833333333334
0 0.6013888888888889 0.6520833333333333 0.0712962962962963 0.05
0 0.5435185185185185 0.4302083333333333 0.08333333333333334 0.04479166666666667
0 0.5995370370370371 0.38697916666666665 0.075 0.046875
0 0.5726851851851852 0.3380208333333333 0.08055555555555556 0.04479166666666667
0 0.3925925925925926 0.2552083333333333 0.08518518518518518 0.053125
0 0.5273148148148148 0.16197916666666667 0.0712962962962963 0.053125
0 0.5722222222222223 0.18125 0.06481481481481481 0.04583333333333333
0 0.6087962962962963 0.24322916666666666 0.06574074074074074 0.035416666666666666
0 0.7759259259259259 0.2921875 0.06296296296296297 0.03958333333333333
0 0.5648148148148149 0.04114583333333333 0.07222222222222223 0.0625
0 0.9787037037037037 0.18255208333333334 0.04259259259259259 0.0703125
0 0.9078703703703704 0.9513020833333333 0.0712962962962963 0.0484375
0 0.7773148148148148 0.5 0.058333333333333334 0.027083333333333334
0 0.9069444444444444 0.5838541666666667 0.06574074074074074 0.04375
0 0.8245370370370371 0.6528645833333333 0.07685185185185185 0.04114583333333333
0 0.7657407407407407 0.959375 0.08888888888888889 0.058333333333333334
0 0.39583333333333337 0.821875 0.036111111111111115 0.041666666666666664
0 0.7666666666666667 0.6091145833333333 0.05555555555555556 0.03697916666666667
0 0.4791666666666667 0.6848958333333334 0.05462962962962963 0.036458333333333336
0 0.06018518518518519 0.7536458333333333 0.05555555555555556 0.026041666666666668
0 0.8342592592592593 0.08333333333333333 0.07037037037037037 0.046875
0 0.9175925925925926 0.14088541666666665 0.1 0.06302083333333333
0 0.11990740740740741 0.6947916666666667 0.028703703703703703 0.02395833333333333
