0 0.663425925925926 0.8247395833333333 0.049074074074074076 0.0390625
0 0.9703703703703704 0.5786458333333333 0.05925925925925926 0.04895833333333333
0 0.8402777777777778 0.7684895833333333 0.04351851851851852 0.0484375
0 0.7648148148148148 0.73671875 0.06296296296296297 0.03802083333333333
0 0.6898148148148149 0.6690104166666666 0.06481481481481481 0.0296875
0 0.8875000000000001 0.39479166666666665 0.08611111111111111 0.029166666666666667
0 0.8824074074074074 0.3546875 0.08518518518518518 0.04895833333333333
0 0.8615740740740742 0.2984375 0.08240740740740742 0.04375
0 0.7921296296296296 0.2635416666666667 0.0712962962962963 0.05416666666666667
0 0.7046296296296296 0.26588541666666665 0.08518518518518518 0.049479166666666664
0 0.6101851851851852 0.20494791666666667 0.08703703703703704 0.06302083333333333
0 0.4078703703703704 0.8658854166666666 0.08240740740740742 0.05364583333333333
0 0.45046296296296295 0.8130208333333333 0.075 0.05520833333333333
0 0.47453703703703703 0.7104166666666667 0.08611111111111111 0.057291666666666664
0 0.4356481481481482 0.65078125 0.06574074074074074 0.050520833333333334
0 0.437962962962963 0.6518229166666667 0.06666666666666667 0.04739583333333333
0 0.487962962962963 0.4317708333333333 0.08333333333333334 0.04375
0 0.43194444444444446 0.38671875 0.075 0.043229166666666666
0 0.45787037037037037 0.33984375 0.0787037037037037 0.044270833333333336
0 0.6370370370370371 0.25703125 0.08703703703703704 0.05260416666666667
0 0.5041666666666667 0.16458333333333333 0.06759259259259259 0.052083333333333336
0 0.45601851851851855 0.18359375 0.062037037037037036 0.04739583333333333
0 0.41620370370370374 0.2453125 0.0638888888888889 0.035416666666666666
0 0.2476851851851852 0.2942708333333333 0.062037037037037036 0.03958333333333333
0 0.46481481481481485 0.04453125 0.07037037037037037 0.06302083333333333
0 0.03657407407407408 0.10104166666666667 0.06944444444444445 0.084375
0 0.04166666666666667 0.17916666666666667 0.07962962962962963 0.07604166666666666
0 0.022685185185185187 0.28671875 0.04166666666666667 0.021354166666666667
0 0.024074074074074074 0.95703125 0.044444444444444446 0.049479166666666664
0 0.13101851851851853 0.9578125 0.0787037037037037 0.06041666666666667
0 0.23657407407407408 0.5002604166666667 0.04166666666666667 0.0234375
0 0.12175925925925926 0.5872395833333334 0.06944444444444445 0.03697916666666667
0 0.20231481481481484 0.65234375 0.07314814814814816 0.0390625
0 0.2763888888888889 0.9606770833333333 0.10092592592592593 0.06302083333333333
0 0.625925925925926 0.8236979166666667 0.03333333333333333 0.04114583333333333
0 0.2606481481481482 0.6098958333333333 0.06018518518518519 0.036458333333333336
0 0.5587962962962963 0.6828125 0.04351851851851852 0.030208333333333334
0 0.9578703703703704 0.7515625 0.05462962962962963 0.030208333333333334
0 0.19444444444444445 0.09010416666666667 0.07037037037037037 0.04791666666666666
0 0.11944444444444445 0.14427083333333332 0.09074074074074075 0.06354166666666666
0 0.9032407407407408 0.69765625 0.032407407407407406 0.0203125
