0 0.3277777777777778 0.82578125 0.04814814814814815 0.0390625
0 0.025 0.5794270833333334 0.04814814814814815 0.04739583333333333
0 0.14953703703703705 0.7692708333333333 0.04351851851851852 0.04791666666666666
0 0.225 0.7380208333333333 0.06296296296296297 0.0375
0 0.2986111111111111 0.6703125 0.06574074074074074 0.029166666666666667
0 0.1 0.3966145833333333 0.08518518518518518 0.030729166666666665
0 0.10416666666666667 0.3559895833333333 0.08611111111111111 0.0484375
0 0.12361111111111112 0.29973958333333334 0.08611111111111111 0.044270833333333336
0 0.19212962962962965 0.26484375 0.06944444444444445 0.05260416666666667
0 0.2800925925925926 0.26796875 0.08611111111111111 0.0484375
0 0.3736111111111111 0.20755208333333333 0.08611111111111111 0.06197916666666667
0 0.5796296296296296 0.8661458333333333 0.08518518518518518 0.05520833333333333
0 0.5300925925925926 0.8119791666666667 0.062037037037037036 0.04791666666666666
0 0.5078703703703704 0.7114583333333333 0.08796296296296297 0.05625
0 0.5486111111111112 0.6515625 0.06574074074074074 0.052083333333333336
0 0.5513888888888889 0.65703125 0.06759259259259259 0.0390625
0 0.4990740740740741 0.43333333333333335 0.08148148148148149 0.042708333333333334
0 0.5546296296296297 0.38776041666666666 0.07407407407407407 0.0421875
0 0.5287037037037037 0.3421875 0.07962962962962963 0.04375
0 0.34861111111111115 0.25885416666666666 0.08611111111111111 0.052083333333333336
0 0.48055555555555557 0.16640625 0.06481481481481481 0.050520833333333334
0 0.5300925925925926 0.18515625 0.06018518518518519 0.0484375
0 0.5722222222222223 0.2520833333333333 0.06481481481481481 0.041666666666666664
0 0.7412037037037037 0.29583333333333334 0.062037037037037036 0.03958333333333333
0 0.5217592592592593 0.04765625 0.075 0.059895833333333336
0 0.9537037037037037 0.10390624999999999 0.0925925925925926 0.08802083333333333
0 0.9486111111111112 0.18203125 0.10092592592592593 0.07447916666666667
0 0.9689814814814816 0.28828125 0.04351851851851852 0.0203125
0 0.9731481481481482 0.9575520833333333 0.053703703703703705 0.04635416666666667
0 0.85 0.96171875 0.08148148148148149 0.0640625
0 0.7532407407407408 0.5026041666666666 0.04166666666666667 0.020833333333333332
0 0.862962962962963 0.5890625 0.06851851851851852 0.035416666666666666
0 0.7842592592592593 0.6520833333333333 0.07222222222222223 0.035416666666666666
0 0.7092592592592593 0.96171875 0.09814814814814815 0.06510416666666667
0 0.36712962962962964 0.82421875 0.036111111111111115 0.043229166666666666
0 0.725925925925926 0.6106770833333334 0.061111111111111116 0.0359375
0 0.425462962962963 0.68671875 0.03981481481481482 0.027604166666666666
0 0.0375 0.7528645833333333 0.05648148148148149 0.03177083333333333
0 0.7921296296296296 0.0953125 0.06759259259259259 0.046875
0 0.8634259259259259 0.14609375 0.08796296296296297 0.0640625
0 0.09490740740740741 0.6927083333333334 0.03981481481481482 0.03125
