0 0.3175925925925926 0.8278645833333333 0.05 0.0390625
0 0.13472222222222222 0.7713541666666667 0.04351851851851852 0.04791666666666666
0 0.20972222222222223 0.73984375 0.062037037037037036 0.03697916666666667
0 0.1800925925925926 0.26927083333333335 0.0787037037037037 0.05416666666666667
0 0.2837962962962963 0.6747395833333333 0.06574074074074074 0.0328125
0 0.08148148148148149 0.39947916666666666 0.08888888888888889 0.029166666666666667
0 0.08842592592592594 0.35885416666666664 0.08611111111111111 0.04895833333333333
0 0.1087962962962963 0.3026041666666667 0.08425925925925926 0.04479166666666667
0 0.26157407407407407 0.27057291666666666 0.08425925925925926 0.0484375
0 0.3550925925925926 0.21015625 0.08611111111111111 0.0609375
0 0.513888888888889 0.18880208333333334 0.05740740740740741 0.050520833333333334
0 0.5638888888888889 0.8677083333333333 0.08703703703703704 0.05416666666666667
0 0.5277777777777778 0.81640625 0.07592592592592592 0.057812499999999996
0 0.4842592592592593 0.7138020833333333 0.08703703703703704 0.05572916666666666
0 0.5300925925925926 0.65234375 0.06574074074074074 0.05260416666666667
0 0.5347222222222222 0.6463541666666667 0.058333333333333334 0.0375
0 0.4810185185185185 0.4354166666666667 0.08240740740740742 0.042708333333333334
0 0.5356481481481482 0.38828125 0.07314814814814816 0.04010416666666666
0 0.5106481481481482 0.34453125 0.0787037037037037 0.044270833333333336
0 0.33101851851851855 0.2625 0.08611111111111111 0.052083333333333336
0 0.4620370370370371 0.17005208333333333 0.06481481481481481 0.050520833333333334
0 0.5560185185185186 0.25729166666666664 0.0638888888888889 0.04583333333333333
0 0.7273148148148149 0.2981770833333333 0.06018518518518519 0.0390625
0 0.4967592592592593 0.049479166666666664 0.09351851851851853 0.06354166666666666
0 0.938425925925926 0.10755208333333333 0.11018518518518519 0.08802083333333333
0 0.9268518518518519 0.18567708333333333 0.10740740740740741 0.0734375
0 0.9578703703703704 0.2895833333333333 0.03981481481481482 0.01875
0 0.9615740740740741 0.9591145833333333 0.06759259259259259 0.04739583333333333
0 0.8310185185185186 0.9630208333333333 0.08240740740740742 0.06458333333333333
0 0.7453703703703703 0.5046875 0.04259259259259259 0.02395833333333333
0 0.8453703703703704 0.5908854166666666 0.06851851851851852 0.034895833333333334
0 0.7662037037037037 0.6533854166666666 0.06759259259259259 0.033854166666666664
0 0.6875 0.9614583333333333 0.09722222222222222 0.06770833333333333
0 0.7092592592592593 0.6125 0.061111111111111116 0.036458333333333336
0 0.030092592592592594 0.75390625 0.049074074074074076 0.03177083333333333
0 0.7736111111111111 0.09739583333333333 0.062037037037037036 0.03958333333333333
0 0.8416666666666667 0.15052083333333333 0.08518518518518518 0.06354166666666666
0 0.08240740740740742 0.6932291666666667 0.04259259259259259 0.03333333333333333
