0 0.6842592592592592 0.8278645833333333 0.05 0.0390625
0 0.8671296296296297 0.7713541666666667 0.04351851851851852 0.04791666666666666
0 0.7921296296296296 0.73984375 0.062037037037037036 0.03697916666666667
0 0.8217592592592593 0.26927083333333335 0.0787037037037037 0.05416666666666667
0 0.7180555555555556 0.6747395833333333 0.06574074074074074 0.0328125
0 0.9203703703703704 0.39947916666666666 0.08888888888888889 0.029166666666666667
0 0.913425925925926 0.35885416666666664 0.08611111111111111 0.04895833333333333
0 0.8930555555555556 0.3026041666666667 0.08425925925925926 0.04479166666666667
0 0.7402777777777778 0.27057291666666666 0.08425925925925926 0.0484375
0 0.6467592592592593 0.21015625 0.08611111111111111 0.0609375
0 0.487962962962963 0.18880208333333334 0.05740740740740741 0.050520833333333334
0 0.437962962962963 0.8677083333333333 0.08703703703703704 0.05416666666666667
0 0.4740740740740741 0.81640625 0.07592592592592592 0.057812499999999996
0 0.5175925925925926 0.7138020833333333 0.08703703703703704 0.05572916666666666
0 0.47175925925925927 0.65234375 0.06574074074074074 0.05260416666666667
0 0.4671296296296297 0.6463541666666667 0.058333333333333334 0.0375
0 0.5208333333333334 0.4354166666666667 0.08240740740740742 0.042708333333333334
0 0.46620370370370373 0.38828125 0.07314814814814816 0.04010416666666666
0 0.4912037037037037 0.34453125 0.0787037037037037 0.044270833333333336
0 0.6708333333333334 0.2625 0.08611111111111111 0.052083333333333336
0 0.5398148148148149 0.17005208333333333 0.06481481481481481 0.050520833333333334
0 0.44583333333333336 0.25729166666666664 0.0638888888888889 0.04583333333333333
0 0.274537037037037 0.2981770833333333 0.06018518518518519 0.0390625
0 0.5050925925925926 0.049479166666666664 0.09351851851851853 0.06354166666666666
0 0.06342592592592593 0.10755208333333333 0.11018518518518519 0.08802083333333333
0 0.075 0.18567708333333333 0.10740740740740741 0.0734375
0 0.04398148148148148 0.2895833333333333 0.03981481481481482 0.01875
0 0.04027777777777778 0.9591145833333333 0.06759259259259259 0.04739583333333333
0 0.17083333333333334 0.9630208333333333 0.08240740740740742 0.06458333333333333
0 0.2564814814814815 0.5046875 0.04259259259259259 0.02395833333333333
0 0.1564814814814815 0.5908854166666666 0.06851851851851852 0.034895833333333334
0 0.23564814814814816 0.6533854166666666 0.06759259259259259 0.033854166666666664
0 0.3143518518518519 0.9614583333333333 0.09722222222222222 0.06770833333333333
0 0.2925925925925926 0.6125 0.061111111111111116 0.036458333333333336
0 0.9717592592592593 0.75390625 0.049074074074074076 0.03177083333333333
0 0.22824074074074074 0.09739583333333333 0.062037037037037036 0.03958333333333333
0 0.16018518518518518 0.15052083333333333 0.08518518518518518 0.06354166666666666
0 0.9194444444444445 0.6932291666666667 0.04259259259259259 0.03333333333333333
