0 0.6962962962962963 0.8302083333333333 0.05 0.03958333333333333
0 0.8833333333333334 0.77421875 0.0462962962962963 0.04635416666666667
0 0.8087962962962963 0.7432291666666666 0.062037037037037036 0.035416666666666666
0 0.7342592592592593 0.6768229166666666 0.06666666666666667 0.0296875
0 0.938425925925926 0.40182291666666664 0.08611111111111111 0.030729166666666665
0 0.9319444444444445 0.3619791666666667 0.08611111111111111 0.04791666666666666
0 0.9101851851851852 0.30494791666666665 0.08518518518518518 0.04635416666666667
0 0.8425925925925927 0.27265625 0.08703703703703704 0.049479166666666664
0 0.7597222222222223 0.2734375 0.08425925925925926 0.04791666666666666
0 0.6648148148148149 0.21354166666666666 0.08518518518518518 0.06041666666666667
0 0.45740740740740743 0.8716145833333333 0.08518518518518518 0.0515625
0 0.4898148148148148 0.82109375 0.07222222222222223 0.0546875
0 0.538425925925926 0.715625 0.09166666666666667 0.05625
0 0.4939814814814815 0.6536458333333334 0.06759259259259259 0.053125
0 0.48055555555555557 0.6447916666666667 0.05555555555555556 0.035416666666666666
0 0.5402777777777777 0.43776041666666665 0.08240740740740742 0.0421875
0 0.4861111111111111 0.3911458333333333 0.07222222222222223 0.03958333333333333
0 0.5111111111111112 0.34739583333333335 0.07777777777777778 0.04375
0 0.6893518518518519 0.265625 0.08611111111111111 0.05
0 0.5583333333333333 0.17369791666666667 0.06666666666666667 0.049479166666666664
0 0.5097222222222222 0.18828125 0.062037037037037036 0.049479166666666664
0 0.46111111111111114 0.25755208333333335 0.06481481481481481 0.04114583333333333
0 0.28935185185185186 0.30052083333333335 0.06018518518518519 0.03854166666666667
0 0.5231481481481481 0.053385416666666664 0.0925925925925926 0.06302083333333333
0 0.08750000000000001 0.11145833333333333 0.11203703703703705 0.0875
0 0.0976851851851852 0.18880208333333334 0.10462962962962963 0.0734375
0 0.05601851851851852 0.2911458333333333 0.03981481481481482 0.017708333333333333
0 0.05601851851851852 0.9578125 0.06759259259259259 0.041666666666666664
0 0.1800925925925926 0.9653645833333333 0.08981481481481482 0.06510416666666667
0 0.27083333333333337 0.5049479166666666 0.04537037037037037 0.0234375
0 0.17453703703703705 0.59140625 0.06759259259259259 0.03697916666666667
0 0.1513888888888889 0.6947916666666667 0.03981481481481482 0.020833333333333332
0 0.19768518518518519 0.69453125 0.07314814814814816 0.027604166666666666
0 0.2523148148148148 0.6536458333333334 0.062037037037037036 0.03333333333333333
0 0.3351851851851852 0.96328125 0.0962962962962963 0.06510416666666667
0 0.3092592592592593 0.6138020833333333 0.05740740740740741 0.0359375
0 0.9777777777777779 0.75390625 0.03518518518518519 0.027604166666666666
0 0.2490740740740741 0.1015625 0.05555555555555556 0.036458333333333336
0 0.18425925925925926 0.15572916666666667 0.08518518518518518 0.06354166666666666
0 0.9328703703703705 0.6963541666666666 0.04537037037037037 0.03333333333333333
