0 0.28101851851851856 0.834375 0.05092592592592593 0.03958333333333333
0 0.08981481481481482 0.7791666666666667 0.05 0.04479166666666667
0 0.16342592592592592 0.7450520833333333 0.062037037037037036 0.0390625
0 0.23935185185185187 0.6796875 0.06759259259259259 0.03125
0 0.03935185185185185 0.40598958333333335 0.07314814814814816 0.03177083333333333
0 0.03981481481481482 0.3638020833333333 0.07777777777777778 0.04739583333333333
0 0.05740740740740741 0.30833333333333335 0.08333333333333334 0.046875
0 0.11990740740740741 0.27578125 0.08796296296296297 0.050520833333333334
0 0.4203703703703704 0.4419270833333333 0.061111111111111116 0.04010416666666666
0 0.20462962962962963 0.2765625 0.08703703703703704 0.04895833333333333
0 0.3027777777777778 0.21614583333333334 0.08703703703703704 0.059375
0 0.513425925925926 0.8736979166666666 0.08796296296296297 0.05572916666666666
0 0.47685185185185186 0.8234374999999999 0.07962962962962963 0.053125
0 0.4273148148148148 0.7182291666666667 0.09351851851851853 0.052083333333333336
0 0.4740740740740741 0.6541666666666667 0.07222222222222223 0.057291666666666664
0 0.49259259259259264 0.6427083333333333 0.061111111111111116 0.036458333333333336
0 0.4828703703703704 0.3950520833333333 0.075 0.03802083333333333
0 0.45972222222222225 0.3455729166666667 0.08240740740740742 0.04114583333333333
0 0.2814814814814815 0.2682291666666667 0.08518518518518518 0.051041666666666666
0 0.41435185185185186 0.17604166666666665 0.0712962962962963 0.05
0 0.4671296296296297 0.19557291666666665 0.06018518518518519 0.049479166666666664
0 0.5120370370370371 0.2583333333333333 0.06296296296296297 0.03958333333333333
0 0.6902777777777778 0.30234375 0.06018518518518519 0.03802083333333333
0 0.7171296296296297 0.10677083333333333 0.04722222222222222 0.03333333333333333
0 0.45 0.05703125 0.09444444444444444 0.06302083333333333
0 0.8745370370370371 0.11328125 0.11203703703703705 0.08697916666666666
0 0.8666666666666667 0.19114583333333332 0.10370370370370371 0.075
0 0.9726851851851852 0.20494791666666667 0.05462962962962963 0.06614583333333333
0 0.9310185185185186 0.29192708333333334 0.03981481481481482 0.0171875
0 0.9888888888888889 0.32135416666666666 0.022222222222222223 0.02395833333333333
0 0.9064814814814816 0.95859375 0.08333333333333334 0.0390625
0 0.7898148148148149 0.9658854166666666 0.08703703703703704 0.0609375
0 0.7125 0.50625 0.04722222222222222 0.021875
0 0.800462962962963 0.58828125 0.06759259259259259 0.0453125
0 0.8245370370370371 0.69375 0.04166666666666667 0.02395833333333333
0 0.7851851851851852 0.7026041666666667 0.08333333333333334 0.022916666666666665
0 0.7472222222222222 0.6802083333333333 0.05 0.04375
0 0.7203703703703704 0.653125 0.05925925925925926 0.030208333333333334
0 0.6333333333333333 0.9651041666666667 0.08333333333333334 0.06770833333333333
0 0.6611111111111111 0.6171875 0.05925925925925926 0.034375
0 0.7856481481481482 0.1578125 0.08055555555555556 0.06354166666666666
0 0.044444444444444446 0.7005208333333334 0.05 0.03229166666666666
