0 0.03287037037037037 0.67578125 0.062037037037037036 0.027604166666666666
0 0.14212962962962963 0.9119791666666667 0.04537037037037037 0.034375
0 0.29212962962962963 0.8854166666666666 0.07685185185185185 0.053125
0 0.26666666666666666 0.8273437499999999 0.08148148148148149 0.058854166666666666
0 0.17314814814814816 0.7223958333333333 0.07777777777777778 0.058333333333333334
0 0.2240740740740741 0.6598958333333333 0.08518518518518518 0.052083333333333336
0 0.3087962962962963 0.6440104166666667 0.049074074074074076 0.033854166666666664
0 0.2162037037037037 0.43203125 0.0787037037037037 0.043229166666666666
0 0.26203703703703707 0.3872395833333333 0.08148148148148149 0.049479166666666664
0 0.2425925925925926 0.3372395833333333 0.08703703703703704 0.0515625
0 0.053703703703703705 0.25234375 0.08888888888888889 0.05364583333333333
0 0.18194444444444446 0.15572916666666667 0.0712962962962963 0.052083333333333336
0 0.26203703703703707 0.175 0.061111111111111116 0.05
0 0.34120370370370373 0.24322916666666666 0.049074074074074076 0.04479166666666667
0 0.5453703703703704 0.28854166666666664 0.05555555555555556 0.041666666666666664
0 0.24212962962962964 0.029947916666666668 0.08425925925925926 0.057812499999999996
0 0.6069444444444445 0.08255208333333333 0.10833333333333334 0.09635416666666667
0 0.6171296296296297 0.17213541666666665 0.09537037037037037 0.07135416666666666
0 0.7319444444444445 0.18098958333333334 0.10277777777777779 0.0734375
0 0.862037037037037 0.08411458333333333 0.0962962962962963 0.06927083333333334
0 0.9476851851851852 0.06536458333333334 0.10462962962962963 0.09010416666666667
0 0.9319444444444445 0.22708333333333333 0.032407407407407406 0.025
0 0.8625 0.24140625 0.04351851851851852 0.030729166666666665
0 0.8282407407407407 0.28229166666666666 0.03796296296296296 0.020833333333333332
0 0.8439814814814816 0.31015625 0.04166666666666667 0.028645833333333332
0 0.8930555555555556 0.5596354166666666 0.075 0.0421875
0 0.9606481481481481 0.6205729166666667 0.04537037037037037 0.025520833333333333
0 0.9412037037037038 0.8893229166666666 0.04166666666666667 0.03177083333333333
0 0.7981481481481482 0.8651041666666667 0.05555555555555556 0.04375
0 0.7222222222222222 0.9721354166666667 0.06851851851851852 0.05572916666666666
0 0.5842592592592593 0.9703125 0.07962962962962963 0.059375
0 0.5824074074074075 0.5010416666666666 0.0462962962962963 0.020833333333333332
0 0.6111111111111112 0.5848958333333333 0.07962962962962963 0.04583333333333333
0 0.6398148148148148 0.68984375 0.04259259259259259 0.0234375
0 0.5921296296296297 0.7033854166666667 0.07314814814814816 0.028645833333333332
0 0.5481481481481482 0.6833333333333333 0.05 0.035416666666666666
0 0.549537037037037 0.653125 0.06759259259259259 0.03333333333333333
0 0.5921296296296297 0.6328125 0.036111111111111115 0.029166666666666667
0 0.061111111111111116 0.19479166666666667 0.10185185185185186 0.06145833333333333
0 0.3680555555555556 0.9666666666666667 0.09166666666666667 0.06354166666666666
