0 0.9689814814814816 0.67578125 0.062037037037037036 0.027604166666666666
0 0.8597222222222223 0.9119791666666667 0.04537037037037037 0.034375
0 0.7097222222222223 0.8854166666666666 0.07685185185185185 0.053125
0 0.7351851851851852 0.8273437499999999 0.08148148148148149 0.058854166666666666
0 0.8287037037037037 0.7223958333333333 0.07777777777777778 0.058333333333333334
0 0.7777777777777778 0.6598958333333333 0.08518518518518518 0.052083333333333336
0 0.6930555555555555 0.6440104166666667 0.049074074074074076 0.033854166666666664
0 0.7856481481481482 0.43203125 0.0787037037037037 0.043229166666666666
0 0.7398148148148148 0.3872395833333333 0.08148148148148149 0.049479166666666664
0 0.7592592592592593 0.3372395833333333 0.08703703703703704 0.0515625
0 0.9481481481481482 0.25234375 0.08888888888888889 0.05364583333333333
0 0.8199074074074074 0.15572916666666667 0.0712962962962963 0.052083333333333336
0 0.7398148148148148 0.175 0.061111111111111116 0.05
0 0.6606481481481482 0.24322916666666666 0.049074074074074076 0.04479166666666667
0 0.4564814814814815 0.28854166666666664 0.05555555555555556 0.041666666666666664
0 0.7597222222222223 0.029947916666666668 0.08425925925925926 0.057812499999999996
0 0.39490740740740743 0.08255208333333333 0.10833333333333334 0.09635416666666667
0 0.38472222222222224 0.17213541666666665 0.09537037037037037 0.07135416666666666
0 0.26990740740740743 0.18098958333333334 0.10277777777777779 0.0734375
0 0.1398148148148148 0.08411458333333333 0.0962962962962963 0.06927083333333334
0 0.05416666666666667 0.06536458333333334 0.10462962962962963 0.09010416666666667
0 0.0699074074074074 0.22708333333333333 0.032407407407407406 0.025
0 0.13935185185185187 0.24140625 0.04351851851851852 0.030729166666666665
0 0.1736111111111111 0.28229166666666666 0.03796296296296296 0.020833333333333332
0 0.15787037037037038 0.31015625 0.04166666666666667 0.028645833333333332
0 0.1087962962962963 0.5596354166666666 0.075 0.0421875
0 0.04120370370370371 0.6205729166666667 0.04537037037037037 0.025520833333333333
0 0.06064814814814815 0.8893229166666666 0.04166666666666667 0.03177083333333333
0 0.20370370370370372 0.8651041666666667 0.05555555555555556 0.04375
0 0.28055555555555556 0.9721354166666667 0.06851851851851852 0.05572916666666666
0 0.4185185185185185 0.9703125 0.07962962962962963 0.059375
0 0.41944444444444445 0.5010416666666666 0.0462962962962963 0.020833333333333332
0 0.3907407407407408 0.5848958333333333 0.07962962962962963 0.04583333333333333
0 0.36203703703703705 0.68984375 0.04259259259259259 0.0234375
0 0.40972222222222227 0.7033854166666667 0.07314814814814816 0.028645833333333332
0 0.4537037037037037 0.6833333333333333 0.05 0.035416666666666666
0 0.45231481481481484 0.653125 0.06759259259259259 0.03333333333333333
0 0.40972222222222227 0.6328125 0.036111111111111115 0.029166666666666667
0 0.9407407407407408 0.19479166666666667 0.10185185185185186 0.06145833333333333
0 0.6337962962962963 0.9666666666666667 0.09166666666666667 0.06354166666666666
