0 0.061111111111111116 0.9127604166666666 0.044444444444444446 0.03697916666666667
0 0.18888888888888888 0.8921875 0.06851851851851852 0.051041666666666666
0 0.17500000000000002 0.8296875 0.08148148148148149 0.059375
0 0.04953703703703704 0.7268229166666667 0.08796296296296297 0.057812499999999996
0 0.11944444444444445 0.6609375 0.1 0.05625
0 0.2263888888888889 0.6427083333333333 0.05277777777777778 0.036458333333333336
0 0.1175925925925926 0.42682291666666666 0.10185185185185186 0.04739583333333333
0 0.16805555555555557 0.38177083333333334 0.08981481481481482 0.052083333333333336
0 0.15092592592592594 0.33046875 0.0925925925925926 0.049479166666666664
0 0.08842592592592594 0.14635416666666667 0.075 0.04895833333333333
0 0.17916666666666667 0.16666666666666666 0.06018518518518519 0.053125
0 0.26481481481481484 0.23854166666666665 0.05925925925925926 0.04583333333333333
0 0.4851851851851852 0.2859375 0.05740740740740741 0.03958333333333333
0 0.1564814814814815 0.028125 0.0925925925925926 0.05416666666666667
0 0.4953703703703704 0.0734375 0.10370370370370371 0.09375
0 0.5143518518518518 0.165625 0.10092592592592593 0.07291666666666667
0 0.6152777777777778 0.17552083333333332 0.09537037037037037 0.075
0 0.7486111111111111 0.07916666666666666 0.08981481481481482 0.07291666666666667
0 0.8449074074074074 0.05859375 0.1212962962962963 0.09635416666666667
0 0.8578703703703704 0.2265625 0.05462962962962963 0.025
0 0.8162037037037038 0.5591145833333333 0.075 0.04010416666666666
0 0.5125000000000001 0.7171875 0.075 0.052083333333333336
0 0.8856481481481482 0.8924479166666667 0.049074074074074076 0.033854166666666664
0 0.7356481481481482 0.8677083333333333 0.05648148148148149 0.04479166666666667
0 0.6402777777777778 0.9747395833333333 0.0712962962962963 0.050520833333333334
0 0.4962962962962963 0.9734375 0.07962962962962963 0.052083333333333336
0 0.5314814814814816 0.5036458333333333 0.04814814814814815 0.016666666666666666
0 0.5361111111111111 0.5846354166666666 0.07962962962962963 0.04635416666666667
0 0.4689814814814815 0.6841145833333333 0.049074074074074076 0.0359375
0 0.47222222222222227 0.6544270833333333 0.061111111111111116 0.03177083333333333
0 0.5203703703703704 0.6338541666666666 0.04259259259259259 0.029166666666666667
0 0.24953703703703706 0.9716145833333333 0.09537037037037037 0.05677083333333333
0 0.688425925925926 0.8424479166666666 0.04722222222222222 0.034895833333333334
