0 0.018518518518518517 0.9122395833333333 0.03518518518518519 0.04114583333333333
0 0.1300925925925926 0.8963541666666667 0.0638888888888889 0.04375
0 0.11435185185185186 0.8317708333333333 0.06944444444444445 0.057291666666666664
0 0.05555555555555556 0.6630208333333333 0.10740740740740741 0.06041666666666667
0 0.17731481481481481 0.6419270833333334 0.05092592592592593 0.034895833333333334
0 0.0638888888888889 0.425 0.09814814814814815 0.04791666666666666
0 0.1087962962962963 0.3794270833333333 0.09722222222222222 0.05260416666666667
0 0.09490740740740741 0.32734375 0.09537037037037037 0.050520833333333334
0 0.03425925925925926 0.14192708333333334 0.06481481481481481 0.050520833333333334
0 0.12685185185185185 0.16197916666666667 0.06296296296296297 0.05416666666666667
0 0.2189814814814815 0.23385416666666667 0.0638888888888889 0.04583333333333333
0 0.4486111111111111 0.2830729166666667 0.06018518518518519 0.04010416666666666
0 0.10277777777777779 0.027604166666666666 0.0925925925925926 0.053125
0 0.42453703703703705 0.065625 0.10092592592592593 0.09583333333333333
0 0.4513888888888889 0.15885416666666666 0.10277777777777779 0.07395833333333333
0 0.5467592592592593 0.16901041666666666 0.09537037037037037 0.0703125
0 0.6824074074074075 0.07291666666666667 0.08518518518518518 0.07604166666666666
0 0.7703703703703704 0.053906249999999996 0.12037037037037038 0.09947916666666666
0 0.8152777777777778 0.22708333333333333 0.049074074074074076 0.026041666666666668
0 0.7689814814814815 0.5578125 0.0712962962962963 0.03958333333333333
0 0.8527777777777779 0.8893229166666666 0.05555555555555556 0.0328125
0 0.700462962962963 0.8677083333333333 0.05648148148148149 0.04583333333333333
0 0.5898148148148148 0.975 0.07222222222222223 0.05
0 0.4444444444444445 0.97421875 0.08148148148148149 0.0515625
0 0.4986111111111111 0.5015625 0.04722222222222222 0.014583333333333334
0 0.4898148148148148 0.584375 0.08148148148148149 0.04583333333333333
0 0.46620370370370373 0.7166666666666667 0.06944444444444445 0.059375
0 0.42083333333333334 0.6828125 0.049074074074074076 0.03333333333333333
0 0.425 0.6536458333333334 0.05740740740740741 0.03229166666666666
0 0.47870370370370374 0.6328125 0.03888888888888889 0.028125
0 0.17407407407407408 0.9721354166666667 0.08148148148148149 0.05572916666666666
0 0.9648148148148149 0.47812499999999997 0.07037037037037037 0.034375
0 0.9712962962962963 0.9216145833333333 0.05740740740740741 0.06822916666666666
0 0.6532407407407408 0.8442708333333333 0.05092592592592593 0.030208333333333334
