0 0.11064814814814815 0.89609375 0.062037037037037036 0.0421875
0 0.09398148148148149 0.8322916666666667 0.06759259259259259 0.05520833333333333
0 0.04398148148148148 0.6614583333333334 0.08611111111111111 0.057291666666666664
0 0.16203703703703703 0.64140625 0.05 0.033854166666666664
0 0.04814814814814815 0.4244791666666667 0.0925925925925926 0.04895833333333333
0 0.08981481481481482 0.37838541666666664 0.0962962962962963 0.05260416666666667
0 0.075 0.3260416666666667 0.0962962962962963 0.051041666666666666
0 0.024537037037037038 0.14010416666666667 0.04722222222222222 0.052083333333333336
0 0.10925925925925926 0.159375 0.061111111111111116 0.05416666666666667
0 0.20231481481481484 0.23229166666666667 0.0638888888888889 0.04583333333333333
0 0.43472222222222223 0.28151041666666665 0.06018518518518519 0.04010416666666666
0 0.08287037037037037 0.024739583333333332 0.09537037037037037 0.04739583333333333
0 0.39861111111111114 0.06328125 0.09907407407407408 0.09635416666666667
0 0.42638888888888893 0.15651041666666665 0.10277777777777779 0.07447916666666667
0 0.5212962962962964 0.16692708333333334 0.0962962962962963 0.0703125
0 0.6587962962962963 0.0703125 0.08611111111111111 0.07604166666666666
0 0.7458333333333333 0.05078125 0.11944444444444445 0.0984375
0 0.7972222222222223 0.22578125 0.04259259259259259 0.027604166666666666
0 0.7523148148148149 0.5578125 0.0712962962962963 0.03958333333333333
0 0.8421296296296297 0.88671875 0.05648148148148149 0.0328125
0 0.6875 0.8669270833333333 0.05648148148148149 0.04635416666666667
0 0.576388888888889 0.97421875 0.06759259259259259 0.050520833333333334
0 0.4273148148148148 0.9734375 0.08240740740740742 0.052083333333333336
0 0.48888888888888893 0.4986979166666667 0.04814814814814815 0.019270833333333334
0 0.47453703703703703 0.5838541666666667 0.08240740740740742 0.04583333333333333
0 0.4486111111111111 0.71484375 0.06759259259259259 0.06302083333333333
0 0.4046296296296297 0.68359375 0.04814814814814815 0.034895833333333334
0 0.4083333333333333 0.653125 0.05555555555555556 0.03125
0 0.46481481481481485 0.6330729166666667 0.040740740740740744 0.0296875
0 0.15046296296296297 0.9718749999999999 0.08240740740740742 0.05625
0 0.9791666666666667 0.37265625 0.04166666666666667 0.0484375
0 0.951388888888889 0.47734375 0.075 0.034895833333333334
0 0.962962962962963 0.9221354166666667 0.07407407407407407 0.06614583333333333
0 0.6425925925925926 0.8434895833333333 0.04814814814814815 0.0296875
