0 0.5541666666666667 0.09609375 0.08055555555555556 0.07135416666666666
0 0.9782407407407407 0.6546875 0.04166666666666667 0.025
0 0.3236111111111111 0.24140625 0.03981481481481482 0.0359375
0 0.9287037037037037 0.24635416666666665 0.07037037037037037 0.04479166666666667
0 0.6810185185185186 0.29635416666666664 0.058333333333333334 0.03958333333333333
0 0.8023148148148148 0.08307291666666666 0.11018518518518519 0.08072916666666667
0 0.775 0.1796875 0.07962962962962963 0.06458333333333333
0 0.7069444444444445 0.18671875 0.08796296296296297 0.0546875
0 0.4953703703703704 0.07447916666666667 0.10740740740740741 0.090625
0 0.3805555555555556 0.31875 0.04259259259259259 0.027083333333333334
0 0.39722222222222225 0.56640625 0.06851851851851852 0.0390625
0 0.42638888888888893 0.8768229166666667 0.05462962962962963 0.04635416666666667
0 0.5814814814814815 0.9799479166666667 0.07592592592592592 0.0390625
0 0.7328703703703704 0.9778645833333334 0.08425925925925926 0.04114583333333333
0 0.6060185185185185 0.5059895833333333 0.04537037037037037 0.025520833333333333
0 0.6648148148148149 0.5908854166666666 0.08148148148148149 0.0484375
0 0.7050925925925926 0.72578125 0.08796296296296297 0.0515625
0 0.7435185185185186 0.6927083333333334 0.044444444444444446 0.03854166666666667
0 0.7305555555555556 0.6614583333333334 0.05185185185185186 0.03125
0 0.7828703703703704 0.6239583333333333 0.0638888888888889 0.03229166666666666
0 0.34953703703703703 0.28072916666666664 0.04166666666666667 0.021875
0 0.11481481481481481 0.19114583333333332 0.07407407407407407 0.05416666666666667
0 0.14120370370370372 0.11536458333333333 0.08240740740740742 0.0546875
0 0.16990740740740742 0.38619791666666664 0.08425925925925926 0.0484375
0 0.2162037037037037 0.4890625 0.06574074074074074 0.034375
0 0.14120370370370372 0.5385416666666667 0.06944444444444445 0.03229166666666666
0 0.07685185185185185 0.5307291666666667 0.09074074074074075 0.04375
0 0.0587962962962963 0.5684895833333333 0.04722222222222222 0.033854166666666664
0 0.011574074074074075 0.6190104166666667 0.019444444444444445 0.022395833333333334
0 0.19907407407407407 0.93203125 0.08148148148148149 0.0671875
