0 0.015740740740740743 0.65625 0.02777777777777778 0.030208333333333334
0 0.05925925925925926 0.24713541666666666 0.07037037037037037 0.044270833333333336
0 0.3106481481481482 0.29635416666666664 0.06018518518518519 0.03854166666666667
0 0.17592592592592593 0.08307291666666666 0.10740740740740741 0.07864583333333333
0 0.20555555555555557 0.18072916666666666 0.07777777777777778 0.06354166666666666
0 0.27037037037037037 0.18723958333333332 0.08703703703703704 0.05364583333333333
0 0.4240740740740741 0.096875 0.07962962962962963 0.07083333333333333
0 0.48055555555555557 0.07708333333333334 0.10740740740740741 0.09375
0 0.6625 0.24322916666666666 0.04166666666666667 0.035416666666666666
0 0.6083333333333334 0.3190104166666667 0.04259259259259259 0.027604166666666666
0 0.5875 0.5661458333333333 0.06759259259259259 0.03958333333333333
0 0.562962962962963 0.8776041666666666 0.053703703703703705 0.04583333333333333
0 0.40046296296296297 0.9802083333333333 0.075 0.03854166666666667
0 0.2513888888888889 0.9783854166666667 0.08611111111111111 0.04114583333333333
0 0.3824074074074074 0.5059895833333333 0.0462962962962963 0.025520833333333333
0 0.32083333333333336 0.59140625 0.08240740740740742 0.0484375
0 0.2791666666666667 0.72578125 0.08796296296296297 0.0484375
0 0.24166666666666667 0.69296875 0.0462962962962963 0.0390625
0 0.25462962962962965 0.6622395833333333 0.05185185185185186 0.03177083333333333
0 0.2013888888888889 0.6236979166666666 0.06944444444444445 0.033854166666666664
0 0.6370370370370371 0.28229166666666666 0.040740740740740744 0.026041666666666668
0 0.8680555555555556 0.19244791666666666 0.07685185185185185 0.05572916666666666
0 0.8407407407407408 0.11588541666666667 0.07962962962962963 0.05677083333333333
0 0.8143518518518519 0.38619791666666664 0.08425925925925926 0.049479166666666664
0 0.7694444444444445 0.48984374999999997 0.06481481481481481 0.034895833333333334
0 0.8407407407407408 0.5385416666666667 0.06851851851851852 0.03229166666666666
0 0.9083333333333333 0.53125 0.08703703703703704 0.04375
0 0.925 0.5692708333333333 0.0462962962962963 0.03229166666666666
0 0.9740740740740741 0.4700520833333333 0.03888888888888889 0.027604166666666666
0 0.9578703703703704 0.66328125 0.05648148148148149 0.03177083333333333
0 0.9828703703703704 0.6177083333333333 0.03425925925925926 0.022916666666666665
0 0.7847222222222222 0.9309895833333334 0.08055555555555556 0.06822916666666666
