0 0.7763888888888889 0.2890625 0.058333333333333334 0.03854166666666667
0 0.9564814814814815 0.16145833333333334 0.07592592592592592 0.05625
0 0.4689814814814815 0.24322916666666666 0.036111111111111115 0.026041666666666668
0 0.9203703703703704 0.1734375 0.11111111111111112 0.057291666666666664
0 0.4726851851851852 0.3138020833333333 0.04351851851851852 0.0265625
0 0.7375 0.08177083333333333 0.08981481481481482 0.07395833333333333
0 0.6953703703703704 0.059895833333333336 0.11296296296296297 0.09895833333333333
0 0.4375 0.23697916666666666 0.03425925925925926 0.029166666666666667
0 0.5185185185185185 0.5645833333333333 0.06851851851851852 0.03958333333333333
0 0.5194444444444445 0.8786458333333333 0.05 0.04583333333333333
0 0.712962962962963 0.9830729166666666 0.06666666666666667 0.033854166666666664
0 0.8680555555555556 0.9817708333333334 0.08425925925925926 0.036458333333333336
0 0.6898148148148149 0.5036458333333333 0.05925925925925926 0.027083333333333334
0 0.7865740740740741 0.5942708333333333 0.08611111111111111 0.04583333333333333
0 0.7666666666666667 0.6432291666666666 0.04814814814814815 0.03125
0 0.7486111111111111 0.69921875 0.05092592592592593 0.033854166666666664
0 0.8277777777777778 0.72421875 0.08148148148148149 0.0546875
0 0.875925925925926 0.6963541666666666 0.040740740740740744 0.041666666666666664
0 0.8587962962962963 0.6643229166666667 0.04351851851851852 0.0328125
0 0.9037037037037038 0.6236979166666666 0.05740740740740741 0.03697916666666667
0 0.6898148148148149 0.13697916666666665 0.07037037037037037 0.040625
0 0.45046296296296295 0.27760416666666665 0.04166666666666667 0.028125
0 0.24814814814814815 0.18072916666666666 0.07037037037037037 0.05625
0 0.1824074074074074 0.5674479166666666 0.02777777777777778 0.03177083333333333
0 0.28055555555555556 0.09973958333333333 0.07777777777777778 0.06197916666666667
0 0.040740740740740744 0.10416666666666667 0.07592592592592592 0.06458333333333333
0 0.3078703703703704 0.24739583333333334 0.028703703703703703 0.020833333333333332
0 0.08101851851851852 0.265625 0.0712962962962963 0.040625
0 0.031018518518518518 0.2817708333333333 0.05648148148148149 0.0375
0 0.2976851851851852 0.38046875 0.08240740740740742 0.0484375
0 0.4675925925925926 0.4203125 0.044444444444444446 0.02395833333333333
0 0.3375 0.48515625 0.06018518518518519 0.0328125
0 0.26342592592592595 0.5401041666666666 0.0787037037037037 0.03958333333333333
0 0.20231481481481484 0.528125 0.08611111111111111 0.04583333333333333
0 0.1287037037037037 0.4669270833333333 0.0462962962962963 0.030729166666666665
0 0.08564814814814815 0.56484375 0.075 0.04010416666666666
0 0.13935185185185187 0.6643229166666667 0.062037037037037036 0.027604166666666666
0 0.10231481481481482 0.61796875 0.04722222222222222 0.027604166666666666
0 0.32731481481481484 0.9354166666666667 0.09351851851851853 0.071875
0 0.5388888888888889 0.8518229166666667 0.031481481481481485 0.027604166666666666
