0 0.8435185185185186 0.2799479166666667 0.05925925925925926 0.04010416666666666
0 0.44537037037037036 0.28151041666666665 0.031481481481481485 0.024479166666666666
0 0.8833333333333334 0.06354166666666666 0.10370370370370371 0.07083333333333333
0 0.8439814814814816 0.0421875 0.1212962962962963 0.08229166666666667
0 0.5013888888888889 0.22421875 0.05462962962962963 0.0390625
0 0.6032407407407407 0.5625 0.06944444444444445 0.03958333333333333
0 0.5856481481481481 0.88046875 0.049074074074074076 0.043229166666666666
0 0.8027777777777778 0.9838541666666667 0.06666666666666667 0.03229166666666666
0 0.9597222222222223 0.9828125 0.08055555555555556 0.034375
0 0.7490740740740741 0.49921875 0.05740740740740741 0.024479166666666666
0 0.8763888888888889 0.5921875 0.09166666666666667 0.046875
0 0.8365740740740741 0.6989583333333333 0.05648148148148149 0.034375
0 0.9217592592592593 0.7247395833333333 0.09351851851851853 0.05677083333333333
0 0.962962962962963 0.6966145833333334 0.053703703703703705 0.03802083333333333
0 0.9407407407407408 0.6619791666666667 0.053703703703703705 0.03333333333333333
0 0.8495370370370371 0.6432291666666666 0.0638888888888889 0.028125
0 0.9833333333333334 0.62421875 0.03333333333333333 0.043229166666666666
0 0.8490740740740741 0.10364583333333333 0.037037037037037035 0.016666666666666666
0 0.8050925925925926 0.1109375 0.04722222222222222 0.042708333333333334
0 0.7648148148148148 0.13020833333333334 0.07037037037037037 0.05
0 0.5083333333333333 0.26484375 0.03888888888888889 0.0265625
0 0.3416666666666667 0.16796875 0.07222222222222223 0.057812499999999996
0 0.3768518518518519 0.08333333333333333 0.07407407407407407 0.06458333333333333
0 0.13842592592592592 0.08776041666666666 0.08240740740740742 0.06822916666666666
0 0.3560185185185185 0.23984375 0.032407407407407406 0.021354166666666667
0 0.1574074074074074 0.25703125 0.07037037037037037 0.0421875
0 0.10416666666666667 0.27291666666666664 0.062037037037037036 0.0375
0 0.0462962962962963 0.26666666666666666 0.044444444444444446 0.020833333333333332
0 0.028703703703703703 0.31588541666666664 0.040740740740740744 0.024479166666666666
0 0.013425925925925926 0.29765625 0.02314814814814815 0.0203125
0 0.3861111111111111 0.37447916666666664 0.08333333333333334 0.051041666666666666
0 0.5300925925925926 0.41510416666666666 0.04722222222222222 0.02395833333333333
0 0.4240740740740741 0.4822916666666667 0.061111111111111116 0.03229166666666666
0 0.3490740740740741 0.5372395833333333 0.06666666666666667 0.03697916666666667
0 0.2888888888888889 0.5263020833333333 0.08148148148148149 0.0453125
0 0.20787037037037037 0.46432291666666664 0.05092592592592593 0.034895833333333334
0 0.16712962962962963 0.5622395833333333 0.07314814814814816 0.04114583333333333
0 0.21574074074074076 0.6619791666666667 0.06666666666666667 0.03229166666666666
0 0.37777777777777777 0.6627604166666666 0.031481481481481485 0.03177083333333333
0 0.16944444444444445 0.6153645833333333 0.053703703703703705 0.027604166666666666
0 0.018518518518518517 0.68984375 0.03333333333333333 0.03802083333333333
0 0.03935185185185185 0.7236979166666666 0.03981481481481482 0.022395833333333334
0 0.026851851851851852 0.7643229166666666 0.05 0.04010416666666666
0 0.11018518518518519 0.8984375 0.0462962962962963 0.03125
0 0.4152777777777778 0.93984375 0.09722222222222222 0.07552083333333333
