0 0.8196004993757803 0.2221297836938436 0.31585518102372034 0.4176372712146423
0 0.5249687890137329 0.1930116472545757 0.17852684144818975 0.2296173044925125
0 0.43258426966292135 0.3951747088186356 0.2009987515605493 0.23793677204658903
0 0.6348314606741573 0.6605657237936772 0.18851435705368288 0.26622296173044924
0 0.4837702871410737 0.6364392678868552 0.08364544319600499 0.16472545757071547
0 0.3888888888888889 0.64891846921797 0.16104868913857678 0.2529118136439268
0 0.22596754057428214 0.6830282861896839 0.17228464419475656 0.2512479201331115
0 0.250936329588015 0.8277870216306157 0.17478152309612985 0.20465890183028287
0 0.019350811485642945 0.34276206322795344 0.03620474406991261 0.15640599001663893
0 0.6348314606741573 0.9034941763727121 0.07116104868913858 0.08985024958402663
0 0.5024968789013733 0.9883527454242929 0.031210986267166042 0.019966722129783693
0 0.5861423220973783 0.9342762063227954 0.026217228464419477 0.03826955074875208
0 0.5580524344569289 0.9301164725457571 0.0299625468164794 0.03993344425956739
