0 0.28771228771228774 0.29372496662216285 0.22377622377622378 0.2910547396528705
0 0.41858141858141856 0.3704939919893191 0.18981018981018982 0.29506008010680906
0 0.560939060939061 0.19759679572763683 0.2627372627372627 0.3658210947930574
0 0.17382617382617382 0.6869158878504673 0.18581418581418582 0.27903871829105475
0 0.2777222777222777 0.8591455273698264 0.2017982017982018 0.27903871829105475
0 0.3786213786213786 0.6435246995994659 0.17382617382617382 0.2750333778371161
0 0.37012987012987014 0.8444592790387183 0.1008991008991009 0.24165554072096126
0 0.504995004995005 0.6328437917222963 0.19080919080919082 0.2750333778371161
0 0.6893106893106893 0.7236315086782377 0.2097902097902098 0.30440587449933243
0 0.9630369630369631 0.5320427236315086 0.07192807192807193 0.35113484646194926
