0 0.6777609682299546 0.09909228441754916 0.2087745839636914 0.1951588502269289
0 0.7564296520423601 0.2526475037821483 0.19062027231467474 0.19364599092284418
0 0.5627836611195159 0.25642965204236007 0.21482602118003027 0.2102874432677761
0 0.7692889561270801 0.44251134644478063 0.18305597579425115 0.17095310136157338
0 0.6013615733736762 0.49848714069591527 0.19213313161875947 0.2102874432677761
0 0.3524962178517398 0.5030257186081695 0.22390317700453857 0.22844175491679275
0 0.21558245083207261 0.6127080181543116 0.1951588502269289 0.21180030257186083
0 0.4062027231467474 0.7102874432677762 0.2042360060514372 0.2102874432677761
0 0.35098335854765506 0.8948562783661119 0.21785173978819972 0.18910741301059003
0 0.13691376701966718 0.8245083207261725 0.2314674735249622 0.22390317700453857
0 0.08925869894099848 0.7420574886535553 0.1573373676248109 0.14674735249621784
