0 0.5016465422612514 0.13840399002493764 0.13611416026344678 0.2718204488778055
0 0.3787047200878156 0.17331670822942644 0.1141602634467618 0.25187032418952615
0 0.44127332601536773 0.4027431421446384 0.13391877058177826 0.36159600997506236
0 0.5740944017563118 0.39775561097256856 0.12294182217343579 0.30673316708229426
0 0.6860592755214051 0.46508728179551123 0.08122941822173436 0.16708229426433915
0 0.7656421514818881 0.3179551122194514 0.145993413830955 0.34663341645885287
0 0.8957189901207465 0.13092269326683292 0.15806805708013172 0.256857855361596
0 0.8490669593852909 0.6122194513715711 0.12843029637760703 0.29177057356608477
0 0.9560922063666301 0.5311720698254364 0.08562019758507135 0.2793017456359102
0 0.2486278814489572 0.33665835411471323 0.0933040614709111 0.22443890274314213
0 0.17947310647639958 0.30673316708229426 0.09110867178924259 0.20947630922693267
0 0.12458836443468717 0.24189526184538654 0.09110867178924259 0.20947630922693267
0 0.036772777167947315 0.4613466334164588 0.07135016465422613 0.2344139650872818
0 0.18770581778265644 0.8690773067331671 0.1251372118551043 0.256857855361596
0 0.3402854006586169 0.7107231920199502 0.1185510428100988 0.24438902743142144
0 0.34851811196487376 0.9413965087281795 0.1437980241492865 0.11221945137157106
0 0.4566410537870472 0.8653366583541147 0.15587266739846323 0.2643391521197007
0 0.6964873765093305 0.9463840399002493 0.09110867178924259 0.10224438902743142
0 0.602085620197585 0.7518703241895262 0.0845225027442371 0.1970074812967581
