0 0.47504990019960075 0.13031914893617022 0.17564870259481036 0.2074468085106383
0 0.6816367265469061 0.13430851063829788 0.16966067864271456 0.2154255319148936
0 0.7764471057884231 0.2180851063829787 0.17964071856287422 0.19680851063829788
0 0.5858283433133732 0.3045212765957447 0.1776447105788423 0.23670212765957446
0 0.37524950099800397 0.28856382978723405 0.1716566866267465 0.2101063829787234
0 0.2684630738522954 0.5638297872340425 0.19760479041916165 0.25
0 0.4411177644710578 0.6675531914893617 0.14770459081836326 0.18085106382978722
0 0.5658682634730539 0.5744680851063829 0.17365269461077842 0.2180851063829787
0 0.6966067864271457 0.5039893617021276 0.10379241516966067 0.14627659574468085
0 0.5159680638722555 0.8138297872340425 0.19760479041916165 0.23936170212765956
0 0.26447105788423153 0.9215425531914894 0.16167664670658682 0.15159574468085105
0 0.057884231536926144 0.6569148936170213 0.1117764471057884 0.20212765957446807
0 0.09880239520958083 0.7593085106382979 0.10978043912175647 0.15159574468085105
