0 0.3539325842696629 0.08739076154806492 0.0686641697877653 0.062421972534332085
0 0.3764044943820225 0.20474406991260924 0.0686641697877653 0.062421972534332085
0 0.5149812734082397 0.16604244694132334 0.0686641697877653 0.062421972534332085
0 0.41385767790262173 0.264669163545568 0.0686641697877653 0.062421972534332085
0 0.521223470661673 0.2459425717852684 0.0686641697877653 0.062421972534332085
0 0.5024968789013733 0.29712858926342073 0.0686641697877653 0.062421972534332085
0 0.6223470661672909 0.31335830212234705 0.0686641697877653 0.062421972534332085
0 0.26591760299625467 0.2915106117353308 0.06991260923845194 0.07116104868913858
0 0.3258426966292135 0.365792759051186 0.06491885143570537 0.07240948813982521
0 0.4107365792759051 0.3920099875156055 0.06491885143570537 0.06741573033707865
0 0.5012484394506866 0.3807740324594257 0.06367041198501873 0.06741573033707865
0 0.4637952559300874 0.4307116104868914 0.06367041198501873 0.06741573033707865
0 0.3077403245942572 0.519350811485643 0.07365792759051186 0.07990012484394507
0 0.40886392009987516 0.550561797752809 0.07365792759051186 0.07990012484394507
0 0.5593008739076155 0.4850187265917603 0.07240948813982521 0.066167290886392
0 0.6928838951310862 0.4712858926342072 0.07240948813982521 0.066167290886392
0 0.4307116104868914 0.4756554307116105 0.062421972534332085 0.05493133583021224
0 0.4712858926342072 0.5730337078651685 0.0686641697877653 0.062421972534332085
0 0.5493133583021224 0.5568039950062422 0.0749063670411985 0.062421972534332085
0 0.6154806491885144 0.5362047440699126 0.07240948813982521 0.0686641697877653
0 0.42946317103620474 0.6960049937578028 0.07240948813982521 0.0686641697877653
0 0.5455680399500624 0.6548064918851436 0.07240948813982521 0.0686641697877653
