0 0.09761549925484352 0.28768577494692144 0.19225037257824143 0.5711252653927813
0 0.06259314456035768 0.8715498938428875 0.12220566318926974 0.2526539278131635
0 0.15797317436661698 0.7590233545647558 0.19970193740685543 0.2823779193205945
0 0.2615499254843517 0.5976645435244161 0.3204172876304024 0.4437367303609342
0 0.37257824143070045 0.06157112526539278 0.17287630402384502 0.11889596602972399
0 0.4992548435171386 0.3227176220806794 0.17883755588673622 0.2760084925690021
0 0.5290611028315947 0.5095541401273885 0.31594634873323396 0.445859872611465
0 0.5089418777943369 0.7951167728237791 0.2786885245901639 0.3503184713375796
0 0.7853949329359166 0.19426751592356686 0.32190760059612517 0.38428874734607216
0 0.8405365126676602 0.18365180467091294 0.28614008941877794 0.3630573248407643
0 0.8673621460506706 0.5424628450106157 0.26229508196721313 0.37154989384288745
0 0.7496274217585693 0.7176220806794055 0.20864381520119224 0.32696390658174096
0 0.8017883755588674 0.9394904458598726 0.20566318926974664 0.11677282377919321
