0 0.8621981681931724 0.19782870928829915 0.08076602830974189 0.10856453558504221
0 0.5058284762697752 0.24607961399276235 0.10907577019150708 0.1447527141133896
0 0.5333055786844296 0.32569360675512665 0.0791007493755204 0.10373944511459589
0 0.5312239800166528 0.6387213510253317 0.05495420482930891 0.08564535585042218
0 0.5815986677768527 0.6544028950542822 0.0507910074937552 0.08082026537997587
0 0.2726894254787677 0.4294330518697225 0.09075770191507078 0.13510253317249699
0 0.3193172356369692 0.47044632086851623 0.09075770191507078 0.13510253317249699
0 0.2543713572023314 0.6145958986731 0.06577851790174855 0.10012062726176116
0 0.3009991673605329 0.680940892641737 0.05245628642797669 0.06634499396863691
0 0.3601165695253955 0.6857659831121833 0.05245628642797669 0.06634499396863691
0 0.37968359700249793 0.7696019300361882 0.04329725228975854 0.05790108564535584
0 0.32431307243963364 0.881785283474065 0.04579517069109076 0.06513872135102533
0 0.38259783513738554 0.9589867310012062 0.04579517069109076 0.06513872135102533
