0 0.24417098445595856 0.2349514563106796 0.1878238341968912 0.26796116504854367
0 0.45012953367875647 0.6553398058252426 0.20854922279792748 0.2854368932038835
0 0.6904145077720207 0.5475728155339805 0.14766839378238342 0.2174757281553398
0 0.7759067357512953 0.42718446601941745 0.1373056994818653 0.1941747572815534
0 0.7441709844559585 0.8058252427184466 0.14637305699481865 0.2058252427184466
0 0.13536269430051814 0.4436893203883495 0.07124352331606218 0.0912621359223301
0 0.28886010362694303 0.7223300970873786 0.06217616580310881 0.08932038834951456
0 0.266839378238342 0.8048543689320388 0.07512953367875648 0.10679611650485436
0 0.3018134715025907 0.6019417475728155 0.05699481865284974 0.07766990291262135
0 0.30958549222797926 0.3718446601941747 0.05699481865284974 0.07572815533980583
0 0.35492227979274615 0.43106796116504853 0.05699481865284974 0.07766990291262135
0 0.33484455958549225 0.9271844660194174 0.06347150259067358 0.09514563106796116
0 0.49093264248704666 0.9058252427184466 0.07772020725388601 0.10679611650485436
0 0.6049222797927462 0.8883495145631067 0.06994818652849741 0.09902912621359222
0 0.9682642487046632 0.05533980582524271 0.06088082901554404 0.10679611650485436
0 0.8581606217616581 0.47184466019417476 0.042746113989637305 0.058252427184466014
0 0.9041450777202072 0.39999999999999997 0.04145077720207254 0.06601941747572815
0 0.966321243523316 0.3524271844660194 0.05181347150259068 0.08349514563106795
0 0.5867875647668394 0.7368932038834951 0.046632124352331605 0.06019417475728155
0 0.805699481865285 0.08446601941747572 0.04145077720207254 0.06796116504854369
