0 0.5615640599001664 0.2895174708818636 0.24126455906821964 0.22296173044925124
0 0.435108153078203 0.5091514143094842 0.24126455906821964 0.2628951747088186
0 0.1589018302828619 0.2853577371048253 0.20465890183028287 0.20133111480865226
0 0.09151414309484193 0.3793677204658902 0.14309484193011648 0.15973377703826955
0 0.14559068219633944 0.48169717138103163 0.18136439267886856 0.22462562396006655
0 0.2911813643926789 0.4492512479201331 0.19966722129783696 0.20299500831946757
0 0.32529118136439267 0.5840266222961731 0.17470881863560733 0.2096505823627288
0 0.6663893510815307 0.49916805324459235 0.16472545757071547 0.14309484193011648
0 0.569883527454243 0.7753743760399334 0.21797004991680533 0.2129783693843594
0 0.47088186356073214 0.9068219633943427 0.18635607321131448 0.18302828618968386
0 0.675540765391015 0.9267886855241265 0.2329450915141431 0.13976705490848587
0 0.8194675540765392 0.5806988352745425 0.17470881863560733 0.18635607321131448
