0 0.773961661341853 0.14035087719298245 0.1485623003194888 0.18421052631578946
0 0.1253993610223642 0.4221491228070175 0.16134185303514376 0.1995614035087719
0 0.29313099041533547 0.43859649122807015 0.15175718849840256 0.21052631578947367
0 0.5 0.38925438596491224 0.16613418530351437 0.23026315789473684
0 0.5990415335463258 0.5778508771929824 0.1597444089456869 0.22149122807017543
0 0.603035143769968 0.3684210526315789 0.1645367412140575 0.22807017543859648
0 0.7507987220447284 0.5076754385964912 0.15654952076677314 0.23464912280701752
0 0.9201277955271565 0.5548245614035088 0.15654952076677314 0.2149122807017544
0 0.8833865814696485 0.7587719298245613 0.12460063897763578 0.16228070175438597
0 0.9608626198083067 0.8344298245614035 0.07507987220447285 0.1907894736842105
0 0.9608626198083067 0.9407894736842105 0.07507987220447285 0.11403508771929824
0 0.3953674121405751 0.7894736842105263 0.14217252396166133 0.19298245614035087
0 0.3761980830670926 0.9013157894736842 0.13578274760383385 0.17105263157894735
0 0.5063897763578274 0.781798245614035 0.12779552715654952 0.20394736842105263
0 0.5031948881789137 0.5537280701754386 0.11182108626198083 0.17763157894736842
0 0.6605431309904153 0.17434210526315788 0.10702875399361023 0.1557017543859649
