0 0.272222 0.402344 0.030556 0.0125
0 0.736806 0.508984 0.076389 0.047656
0 0.599306 0.509375 0.023611 0.010938
0 0.138194 0.635938 0.045833 0.020313
0 0.115972 0.696094 0.040278 0.021875
0 0.035417 0.684766 0.043056 0.021094
0 0.134028 0.783594 0.065278 0.0375
0 0.231944 0.748438 0.033333 0.020313
0 0.20625 0.755469 0.029167 0.017188
0 0.904167 0.666016 0.083333 0.041406
0 0.643056 0.792188 0.044444 0.025
0 0.638889 0.744922 0.036111 0.022656
0 0.609722 0.782422 0.027778 0.021094
0 0.952778 0.886719 0.058333 0.0375
0 0.311111 0.712109 0.041667 0.025781
0 0.511111 0.168359 0.044444 0.038281
0 0.379167 0.153906 0.066667 0.042188
0 0.302083 0.160938 0.034722 0.020313
0 0.734722 0.379688 0.063889 0.032813
0 0.561111 0.398828 0.061111 0.041406
0 0.724306 0.435156 0.076389 0.05
0 0.322917 0.398438 0.0375 0.014063
0 0.899306 0.414844 0.031944 0.0125
0 0.969444 0.476562 0.036111 0.023438
0 0.854167 0.452734 0.019444 0.010156
0 0.863889 0.458203 0.019444 0.007031
0 0.791667 0.501953 0.041667 0.027344
0 0.695139 0.490625 0.059722 0.040625
0 0.897917 0.482422 0.018056 0.011719
0 0.558333 0.470313 0.041667 0.026563
0 0.634028 0.499609 0.040278 0.016406
0 0.675 0.530078 0.030556 0.021094
0 0.665278 0.551172 0.05 0.024219
0 0.634028 0.515625 0.040278 0.017188
0 0.280556 0.517188 0.061111 0.035938
0 0.265278 0.494922 0.025 0.016406
0 0.165278 0.489063 0.061111 0.03125
0 0.204167 0.486328 0.055556 0.024219
0 0.176389 0.467578 0.044444 0.013281
0 0.118056 0.482031 0.044444 0.03125
0 0.227778 0.564844 0.047222 0.028125
0 0.116667 0.609766 0.047222 0.024219
0 0.052778 0.548438 0.036111 0.023438
0 0.954167 0.725781 0.036111 0.021875
0 0.875 0.7125 0.058333 0.039062
0 0.808333 0.721094 0.030556 0.035938
0 0.747222 0.75 0.033333 0.039062
0 0.839583 0.763281 0.045833 0.028125
0 0.795833 0.767188 0.061111 0.035938
0 0.5 0.502734 0.055556 0.022656
0 0.406944 0.50625 0.019444 0.010938
0 0.386806 0.486719 0.023611 0.015625
0 0.591667 0.595313 0.033333 0.026563
0 0.620139 0.591016 0.031944 0.024219
0 0.984028 0.63125 0.029167 0.017188
0 0.910417 0.78125 0.059722 0.020313
0 0.921528 0.898828 0.0375 0.021094
0 0.86875 0.898438 0.034722 0.020313
0 0.961111 0.910156 0.030556 0.01875
0 0.649306 0.766406 0.034722 0.025
0 0.122917 0.656641 0.034722 0.016406
