0 0.515972 0.121484 0.056944 0.025781
0 0.558333 0.103906 0.030556 0.015625
0 0.549306 0.119531 0.031944 0.021875
0 0.781944 0.104688 0.022222 0.017188
0 0.626389 0.178125 0.038889 0.020313
0 0.531944 0.239844 0.038889 0.034375
0 0.363889 0.198828 0.036111 0.021094
0 0.589583 0.292969 0.059722 0.021875
0 0.679167 0.307422 0.022222 0.024219
0 0.536111 0.339063 0.041667 0.026563
0 0.663194 0.35 0.029167 0.020313
0 0.247222 0.369141 0.080556 0.042969
0 0.470139 0.456641 0.026389 0.019531
0 0.393056 0.460938 0.033333 0.026563
0 0.320833 0.473828 0.038889 0.022656
0 0.286111 0.414453 0.052778 0.017969
0 0.215972 0.484375 0.023611 0.017188
0 0.134722 0.515625 0.061111 0.032813
0 0.8375 0.577344 0.063889 0.028125
0 0.665972 0.561719 0.029167 0.034375
0 0.019444 0.568359 0.033333 0.036719
0 0.079167 0.583984 0.027778 0.013281
0 0.880556 0.684375 0.041667 0.029688
0 0.190278 0.546094 0.033333 0.021875
0 0.393056 0.357422 0.016667 0.022656
0 0.378472 0.342188 0.026389 0.014063
0 0.714583 0.055078 0.065278 0.030469
0 0.751389 0.077344 0.033333 0.025
0 0.682639 0.223438 0.020833 0.020313
0 0.665278 0.234375 0.036111 0.009375
0 0.643056 0.246094 0.033333 0.0125
0 0.659028 0.264063 0.020833 0.014063
0 0.457639 0.431641 0.0375 0.019531
0 0.842361 0.544922 0.0375 0.022656
0 0.092361 0.742969 0.031944 0.020313
0 0.041667 0.751172 0.041667 0.027344
0 0.245139 0.694531 0.059722 0.021875
0 0.298611 0.634766 0.033333 0.016406
0 0.265972 0.640625 0.018056 0.020313
