0 0.138194 0.117578 0.081944 0.035156
0 0.073611 0.109375 0.036111 0.017188
0 0.034722 0.133984 0.061111 0.041406
0 0.173611 0.177344 0.075 0.040625
0 0.495139 0.173828 0.040278 0.019531
0 0.600694 0.160938 0.070833 0.0375
0 0.890278 0.194531 0.061111 0.034375
0 0.828472 0.190234 0.054167 0.030469
0 0.7875 0.183203 0.033333 0.019531
0 0.904861 0.229297 0.068056 0.035156
0 0.907639 0.258594 0.026389 0.01875
0 0.58125 0.219531 0.051389 0.03125
0 0.533333 0.210547 0.036111 0.028906
0 0.423611 0.244531 0.033333 0.021875
0 0.6875 0.366406 0.066667 0.040625
0 0.605556 0.376172 0.052778 0.028906
0 0.575 0.354297 0.047222 0.022656
0 0.577083 0.330078 0.051389 0.028906
0 0.263194 0.347266 0.043056 0.027344
0 0.23125 0.335156 0.048611 0.026563
0 0.272917 0.41875 0.056944 0.029688
0 0.081944 0.378125 0.047222 0.026563
0 0.131944 0.373438 0.066667 0.014063
0 0.874306 0.453125 0.059722 0.026563
0 0.941667 0.467969 0.047222 0.028125
0 0.911806 0.477344 0.051389 0.04375
0 0.8125 0.460547 0.061111 0.033594
0 0.738889 0.45 0.036111 0.007812
0 0.661806 0.439844 0.034722 0.01875
0 0.226389 0.446484 0.077778 0.041406
0 0.165278 0.442969 0.019444 0.017188
0 0.108333 0.5125 0.094444 0.039062
0 0.2625 0.516797 0.061111 0.038281
0 0.284722 0.473047 0.044444 0.017969
0 0.671528 0.471094 0.0625 0.034375
0 0.632639 0.476562 0.048611 0.03125
0 0.730556 0.468359 0.058333 0.028906
0 0.168056 0.579688 0.022222 0.014063
0 0.194444 0.607422 0.036111 0.030469
0 0.345139 0.632812 0.0625 0.039062
0 0.3 0.642969 0.05 0.0375
0 0.751389 0.543359 0.027778 0.008594
0 0.660417 0.611328 0.048611 0.011719
0 0.620833 0.707813 0.066667 0.023438
0 0.461111 0.662891 0.036111 0.024219
0 0.5375 0.630469 0.038889 0.01875
0 0.564583 0.689844 0.056944 0.028125
0 0.615278 0.682031 0.044444 0.017188
0 0.584028 0.748828 0.056944 0.033594
0 0.377778 0.785938 0.077778 0.051563
0 0.170139 0.721484 0.059722 0.038281
0 0.35 0.743359 0.030556 0.025781
0 0.048611 0.748828 0.063889 0.011719
0 0.504167 0.853906 0.038889 0.028125
