0 0.071528 0.178125 0.068056 0.035938
0 0.113889 0.180078 0.030556 0.027344
0 0.005556 0.28125 0.008333 0.020313
0 0.065972 0.330859 0.051389 0.025781
0 0.127083 0.344141 0.056944 0.030469
0 0.786111 0.193359 0.058333 0.041406
0 0.835417 0.348828 0.029167 0.014844
0 0.843056 0.369922 0.016667 0.007031
0 0.743056 0.451172 0.072222 0.035156
0 0.672222 0.503516 0.033333 0.019531
0 0.161111 0.457031 0.052778 0.025
0 0.172917 0.494922 0.026389 0.019531
0 0.100694 0.522266 0.045833 0.032031
0 0.058333 0.58125 0.063889 0.029688
0 0.488194 0.650391 0.059722 0.033594
0 0.700694 0.56875 0.043056 0.028125
0 0.745139 0.581641 0.026389 0.022656
0 0.717361 0.630469 0.048611 0.03125
0 0.818056 0.621875 0.033333 0.010938
0 0.602778 0.68125 0.033333 0.028125
0 0.740972 0.712109 0.051389 0.028906
0 0.972917 0.675 0.051389 0.034375
0 0.872917 0.7375 0.045833 0.020313
0 0.790278 0.651563 0.038889 0.014063
0 0.8625 0.692578 0.016667 0.013281
0 0.977778 0.776953 0.041667 0.032031
0 0.935417 0.757812 0.0375 0.023438
0 0.91875 0.847656 0.0375 0.01875
0 0.750694 0.26875 0.0375 0.026563
0 0.991667 0.392188 0.013889 0.017188
0 0.036111 0.50625 0.030556 0.014063
