0 0.536111 0.173047 0.058333 0.022656
0 0.404167 0.258984 0.019444 0.011719
0 0.340278 0.263281 0.055556 0.034375
0 0.492361 0.182813 0.029167 0.0125
0 0.665972 0.332813 0.070833 0.045313
0 0.722917 0.336328 0.051389 0.038281
0 0.717361 0.364844 0.054167 0.025
0 0.690972 0.393359 0.068056 0.039844
0 0.745833 0.384375 0.066667 0.040625
0 0.904167 0.4 0.061111 0.032813
0 0.954167 0.393359 0.063889 0.039844
0 0.934028 0.432813 0.0625 0.035938
0 0.885417 0.419922 0.045833 0.025781
0 0.764583 0.512109 0.0375 0.032031
0 0.581944 0.607422 0.041667 0.032031
0 0.716667 0.639844 0.063889 0.032813
0 0.286806 0.332813 0.043056 0.017188
0 0.409722 0.558594 0.038889 0.028125
0 0.219444 0.5625 0.025 0.026563
0 0.195833 0.614844 0.061111 0.039062
0 0.648611 0.607031 0.05 0.015625
0 0.602778 0.576172 0.013889 0.011719
0 0.579167 0.685938 0.055556 0.032813
0 0.606944 0.715234 0.083333 0.050781
0 0.554167 0.739844 0.072222 0.029688
0 0.403472 0.735547 0.034722 0.024219
0 0.110417 0.758594 0.023611 0.01875
0 0.408333 0.797656 0.069444 0.0375
0 0.351389 0.792578 0.077778 0.044531
0 0.244444 0.806641 0.080556 0.049219
0 0.8875 0.673828 0.041667 0.030469
0 0.938889 0.680078 0.069444 0.038281
0 0.96875 0.663672 0.059722 0.038281
0 0.353472 0.419922 0.040278 0.024219
