0 0.690972 0.082422 0.054167 0.036719
0 0.638889 0.079688 0.052778 0.029688
0 0.904167 0.054688 0.044444 0.029688
0 0.847222 0.145313 0.036111 0.0375
0 0.863889 0.155859 0.041667 0.030469
0 0.877083 0.129688 0.034722 0.040625
0 0.744444 0.128125 0.052778 0.029688
0 0.615972 0.148828 0.059722 0.032031
0 0.624306 0.109375 0.045833 0.020313
0 0.584722 0.132031 0.05 0.03125
0 0.747222 0.245703 0.075 0.038281
0 0.864583 0.186328 0.0625 0.032031
0 0.889583 0.173438 0.023611 0.007812
0 0.613194 0.2375 0.048611 0.023438
0 0.555556 0.241406 0.05 0.025
0 0.825 0.219531 0.036111 0.03125
0 0.810417 0.297656 0.045833 0.028125
0 0.886111 0.349219 0.075 0.042188
0 0.615972 0.312109 0.051389 0.032031
0 0.565278 0.31875 0.047222 0.029688
0 0.534722 0.35625 0.058333 0.029688
0 0.584028 0.291406 0.051389 0.021875
0 0.663194 0.310938 0.040278 0.023438
0 0.700694 0.315234 0.029167 0.022656
0 0.815278 0.378125 0.05 0.020313
0 0.685417 0.432031 0.056944 0.034375
0 0.504861 0.464063 0.045833 0.029688
0 0.575694 0.444141 0.029167 0.022656
0 0.550694 0.473438 0.026389 0.023438
0 0.750694 0.507031 0.056944 0.03125
0 0.661111 0.510156 0.052778 0.028125
0 0.581944 0.53125 0.038889 0.01875
0 0.516667 0.554688 0.047222 0.029688
0 0.720833 0.570703 0.044444 0.022656
0 0.565278 0.546094 0.027778 0.021875
0 0.141667 0.496875 0.041667 0.023438
0 0.058333 0.532813 0.041667 0.017188
0 0.068056 0.513281 0.027778 0.017188
0 0.121528 0.462109 0.029167 0.013281
0 0.109028 0.451172 0.020833 0.010156
0 0.720833 0.663281 0.052778 0.03125
0 0.954167 0.6625 0.038889 0.023438
0 0.8875 0.654688 0.038889 0.032813
0 0.923611 0.524219 0.044444 0.015625
0 0.988889 0.474609 0.019444 0.032031
0 0.982639 0.450781 0.031944 0.015625
0 0.956944 0.471484 0.038889 0.014844
0 0.602778 0.3625 0.052778 0.026563
0 0.595833 0.3375 0.038889 0.026563
0 0.960417 0.134375 0.020833 0.0125
0 0.601389 0.483594 0.061111 0.021875
