0 0.970833 0.217969 0.055556 0.045313
0 0.023611 0.1625 0.033333 0.01875
0 0.029861 0.186719 0.054167 0.035938
0 0.104861 0.285547 0.054167 0.028906
0 0.015278 0.385547 0.027778 0.013281
0 0.129167 0.392578 0.055556 0.030469
0 0.095139 0.403125 0.026389 0.007812
0 0.026389 0.584766 0.05 0.025781
0 0.071528 0.617969 0.048611 0.028125
0 0.119444 0.584766 0.033333 0.013281
0 0.079167 0.558594 0.022222 0.015625
0 0.109028 0.532422 0.031944 0.016406
0 0.172222 0.568359 0.063889 0.036719
0 0.330556 0.604688 0.025 0.014063
0 0.313194 0.589453 0.040278 0.027344
0 0.388194 0.710156 0.073611 0.034375
0 0.414583 0.691797 0.070833 0.039844
0 0.780556 0.720313 0.036111 0.020313
0 0.969444 0.758594 0.036111 0.025
0 0.928472 0.756641 0.048611 0.036719
0 0.897917 0.730859 0.043056 0.025781
0 0.73125 0.705859 0.051389 0.028906
0 0.966667 0.611328 0.036111 0.011719
0 0.765278 0.659375 0.066667 0.03125
0 0.85 0.567969 0.052778 0.0125
0 0.902083 0.577734 0.065278 0.032031
0 0.79375 0.579297 0.068056 0.036719
0 0.914583 0.438281 0.043056 0.028125
0 0.863889 0.445703 0.066667 0.038281
0 0.815278 0.434375 0.025 0.017188
0 0.936111 0.4 0.052778 0.035938
0 0.754167 0.257812 0.072222 0.042188
0 0.7 0.255469 0.044444 0.021875
0 0.632639 0.268359 0.068056 0.035156
0 0.6125 0.311328 0.069444 0.042969
0 0.686111 0.511328 0.041667 0.028906
0 0.635417 0.503906 0.040278 0.017188
0 0.668056 0.486719 0.047222 0.021875
0 0.316667 0.364453 0.066667 0.033594
0 0.316667 0.449219 0.066667 0.032813
0 0.351389 0.485938 0.088889 0.045313
0 0.402083 0.462891 0.056944 0.042969
0 0.459028 0.554297 0.056944 0.030469
0 0.311806 0.551172 0.045833 0.016406
0 0.172917 0.190234 0.0125 0.010156
0 0.236806 0.172266 0.018056 0.019531
0 0.972222 0.682031 0.052778 0.040625
0 0.863889 0.7 0.036111 0.032813
0 0.943056 0.705859 0.030556 0.021094
0 0.991667 0.755469 0.013889 0.03125
0 0.965972 0.736328 0.048611 0.021094
0 0.901389 0.798828 0.033333 0.025781
0 0.883333 0.832031 0.05 0.035938
0 0.941667 0.847266 0.052778 0.036719
0 0.547917 0.610156 0.068056 0.0375
0 0.721528 0.557813 0.026389 0.007812
0 0.660417 0.561719 0.0375 0.025
0 0.690278 0.633984 0.066667 0.022656
