0 0.572222 0.229297 0.047222 0.028906
0 0.357639 0.232813 0.048611 0.032813
0 0.416667 0.271875 0.052778 0.026563
0 0.578472 0.268359 0.018056 0.021094
0 0.572222 0.303906 0.058333 0.0375
0 0.5125 0.351562 0.061111 0.039062
0 0.386111 0.371094 0.052778 0.032813
0 0.342361 0.360938 0.040278 0.029688
0 0.316667 0.332813 0.033333 0.017188
0 0.276389 0.351562 0.022222 0.023438
0 0.459722 0.389453 0.061111 0.033594
0 0.464583 0.407422 0.065278 0.024219
0 0.325694 0.378516 0.018056 0.010156
0 0.319444 0.403516 0.025 0.014844
0 0.501389 0.441797 0.066667 0.038281
0 0.554167 0.425391 0.013889 0.008594
0 0.61875 0.429688 0.051389 0.026563
0 0.663194 0.4625 0.045833 0.026563
0 0.639583 0.498047 0.040278 0.022656
0 0.402083 0.453125 0.034722 0.023438
0 0.367361 0.433984 0.034722 0.028906
0 0.503472 0.506641 0.026389 0.017969
0 0.346528 0.499609 0.045833 0.021094
0 0.634722 0.573047 0.011111 0.007031
0 0.3125 0.579297 0.061111 0.027344
0 0.280556 0.602344 0.055556 0.023438
0 0.299306 0.633594 0.045833 0.028125
0 0.338194 0.685938 0.034722 0.028125
0 0.4375 0.677734 0.061111 0.032031
0 0.507639 0.657813 0.0125 0.017188
0 0.425 0.602734 0.025 0.024219
0 0.436806 0.580859 0.006944 0.003906
0 0.528472 0.619141 0.034722 0.014844
0 0.552778 0.611328 0.05 0.022656
0 0.566667 0.645313 0.036111 0.032813
0 0.672222 0.651953 0.019444 0.017969
0 0.586806 0.691797 0.056944 0.035156
0 0.689583 0.709766 0.048611 0.021094
0 0.7125 0.715625 0.033333 0.020313
0 0.751389 0.717188 0.052778 0.032813
0 0.689583 0.738281 0.029167 0.015625
0 0.586806 0.739063 0.056944 0.023438
0 0.830556 0.592187 0.008333 0.00625
0 0.565278 0.374219 0.022222 0.01875
