0 0.215278 0.062891 0.047222 0.028906
0 0.174306 0.068359 0.034722 0.025781
0 0.110417 0.091406 0.0625 0.0375
0 0.135417 0.109375 0.043056 0.029688
0 0.178472 0.110156 0.043056 0.01875
0 0.161806 0.183203 0.051389 0.028906
0 0.163889 0.248047 0.036111 0.025781
0 0.164583 0.293359 0.068056 0.035156
0 0.257639 0.283984 0.054167 0.021094
0 0.309722 0.287891 0.055556 0.030469
0 0.390972 0.353125 0.048611 0.026563
0 0.284028 0.411328 0.051389 0.028906
0 0.134028 0.376172 0.040278 0.019531
0 0.421528 0.451172 0.034722 0.024219
0 0.149306 0.385547 0.0375 0.025781
0 0.188889 0.405859 0.030556 0.017969
0 0.263889 0.489453 0.052778 0.028906
0 0.290972 0.510156 0.045833 0.028125
0 0.321528 0.576562 0.054167 0.023438
0 0.383333 0.516406 0.019444 0.009375
0 0.185417 0.625 0.029167 0.020313
0 0.016667 0.515625 0.030556 0.039062
0 0.056944 0.777734 0.044444 0.021094
0 0.108333 0.325 0.052778 0.020313
0 0.892361 0.098047 0.045833 0.030469
0 0.929167 0.120313 0.027778 0.023438
0 0.938889 0.203906 0.047222 0.01875
0 0.793056 0.16875 0.044444 0.026563
0 0.729861 0.174219 0.031944 0.015625
0 0.727083 0.217969 0.054167 0.029688
0 0.759028 0.241797 0.015278 0.013281
0 0.663889 0.221875 0.052778 0.039062
0 0.990972 0.278125 0.015278 0.029688
0 0.856944 0.260547 0.036111 0.014844
0 0.811111 0.264844 0.013889 0.0125
0 0.777778 0.28125 0.019444 0.017188
0 0.81875 0.291406 0.018056 0.021875
0 0.6625 0.369141 0.055556 0.030469
0 0.673611 0.424219 0.033333 0.028125
0 0.656944 0.3375 0.016667 0.007812
0 0.93125 0.284375 0.009722 0.010938
0 0.908333 0.292578 0.052778 0.024219
0 0.73125 0.461719 0.0125 0.009375
0 0.956944 0.485547 0.011111 0.010156
0 0.990972 0.521094 0.015278 0.0125
0 0.852083 0.553125 0.026389 0.014063
0 0.810417 0.519531 0.043056 0.01875
0 0.822222 0.623828 0.016667 0.019531
0 0.705556 0.495313 0.019444 0.014063
0 0.708333 0.539844 0.036111 0.025
0 0.742361 0.544922 0.045833 0.024219
0 0.661111 0.264844 0.019444 0.015625
0 0.923611 0.792188 0.044444 0.032813
0 0.828472 0.734766 0.029167 0.019531
0 0.758333 0.7375 0.019444 0.020313
0 0.630556 0.655469 0.025 0.021875
0 0.59375 0.657031 0.043056 0.023438
