0 0.033333 0.349219 0.055556 0.025
0 0.068056 0.474609 0.055556 0.032031
0 0.059722 0.432422 0.022222 0.022656
0 0.063889 0.292969 0.052778 0.021875
0 0.033333 0.550781 0.047222 0.01875
0 0.0625 0.575391 0.055556 0.027344
0 0.138194 0.571875 0.023611 0.010938
0 0.128472 0.586328 0.015278 0.007031
0 0.201389 0.607813 0.05 0.028125
0 0.059028 0.649219 0.026389 0.020313
0 0.113889 0.653906 0.036111 0.01875
0 0.467361 0.957813 0.054167 0.029688
0 0.427778 0.906641 0.030556 0.017969
0 0.477778 0.894922 0.061111 0.028906
0 0.501389 0.878125 0.063889 0.035938
0 0.689583 0.933984 0.043056 0.030469
0 0.721528 0.927344 0.045833 0.029688
0 0.697917 0.897266 0.020833 0.007031
0 0.465278 0.766797 0.058333 0.025781
0 0.566667 0.771875 0.025 0.020313
0 0.613194 0.651953 0.059722 0.033594
0 0.579861 0.676953 0.059722 0.021094
0 0.663889 0.670703 0.041667 0.024219
0 0.706944 0.670313 0.044444 0.021875
0 0.700694 0.657813 0.034722 0.010938
0 0.425694 0.669922 0.029167 0.010156
0 0.701389 0.508594 0.05 0.025
0 0.660417 0.516016 0.045833 0.025781
0 0.695833 0.525781 0.044444 0.015625
0 0.883333 0.497656 0.05 0.01875
0 0.250694 0.700781 0.020833 0.007812
0 0.956944 0.153906 0.058333 0.034375
0 0.684722 0.259375 0.030556 0.021875
0 0.964583 0.303906 0.054167 0.025
0 0.740972 0.351562 0.048611 0.029688
