0 0.245833 0.709375 0.016667 0.010938
0 0.499306 0.615234 0.029167 0.030469
0 0.422222 0.623047 0.041667 0.022656
0 0.680556 0.555859 0.058333 0.022656
0 0.700694 0.576953 0.051389 0.021094
0 0.034028 0.592969 0.043056 0.01875
0 0.027778 0.574219 0.033333 0.009375
0 0.985417 0.610156 0.023611 0.025
0 0.985417 0.564063 0.023611 0.026563
0 0.032639 0.501953 0.056944 0.041406
0 0.286111 0.514453 0.058333 0.024219
0 0.665278 0.457031 0.083333 0.0375
0 0.486111 0.489453 0.044444 0.011719
0 0.506944 0.458594 0.030556 0.01875
0 0.301389 0.444922 0.033333 0.021094
0 0.333333 0.451953 0.041667 0.024219
0 0.174306 0.416406 0.034722 0.020313
0 0.370833 0.395703 0.077778 0.044531
0 0.059028 0.354688 0.093056 0.045313
0 0.71875 0.390625 0.059722 0.026563
0 0.029861 0.277734 0.059722 0.032031
0 0.401389 0.166016 0.061111 0.032031
0 0.036806 0.159375 0.070833 0.05
0 0.029167 0.209375 0.058333 0.045313
