0 0.279861 0.6875 0.084722 0.042188
0 0.552778 0.075 0.044444 0.020313
0 0.190972 0.226953 0.0375 0.022656
0 0.34375 0.287109 0.026389 0.013281
0 0.314583 0.594141 0.0625 0.024219
0 0.525 0.622656 0.041667 0.03125
0 0.086806 0.512109 0.043056 0.025781
0 0.072222 0.490625 0.044444 0.020313
0 0.147222 0.234766 0.047222 0.024219
0 0.015278 0.284766 0.027778 0.024219
0 0.016667 0.338281 0.030556 0.025
0 0.658333 0.577344 0.025 0.01875
0 0.174306 0.576172 0.048611 0.028906
0 0.297917 0.607422 0.018056 0.016406
0 0.163889 0.545703 0.061111 0.032031
0 0.079861 0.566797 0.068056 0.021094
0 0.115278 0.759375 0.080556 0.032813
