0 0.58125 0.135938 0.031944 0.028125
0 0.531944 0.178906 0.033333 0.028125
0 0.36875 0.14375 0.051389 0.039062
0 0.428472 0.196484 0.026389 0.022656
0 0.38125 0.214453 0.023611 0.016406
0 0.652778 0.2625 0.058333 0.026563
0 0.814583 0.408203 0.0625 0.042969
0 0.607639 0.332422 0.056944 0.019531
0 0.557639 0.264453 0.034722 0.019531
0 0.338889 0.388281 0.069444 0.03125
0 0.646528 0.410547 0.056944 0.028906
0 0.556944 0.353906 0.027778 0.015625
0 0.392361 0.49375 0.026389 0.017188
0 0.559028 0.490234 0.026389 0.022656
0 0.715278 0.563281 0.077778 0.046875
0 0.710417 0.482813 0.018056 0.010938
0 0.483333 0.5875 0.075 0.035938
0 0.147222 0.571094 0.047222 0.028125
0 0.279861 0.624219 0.054167 0.034375
0 0.613194 0.6375 0.048611 0.035938
0 0.570833 0.657031 0.038889 0.034375
0 0.429167 0.669141 0.038889 0.025781
0 0.491667 0.726953 0.030556 0.016406
0 0.747222 0.541016 0.075 0.021094
0 0.347222 0.607031 0.025 0.01875
0 0.980556 0.321875 0.036111 0.014063
0 0.261806 0.429688 0.020833 0.007812
0 0.465278 0.548438 0.027778 0.015625
