0 0.270833 0.772656 0.105556 0.064063
0 0.381944 0.822266 0.086111 0.041406
0 0.497917 0.723828 0.029167 0.019531
0 0.702083 0.642188 0.040278 0.029688
0 0.634722 0.640234 0.033333 0.022656
0 0.146528 0.703906 0.081944 0.03125
0 0.290972 0.602734 0.018056 0.025781
0 0.145833 0.640234 0.016667 0.011719
0 0.129861 0.538281 0.131944 0.078125
0 0.040278 0.530469 0.077778 0.065625
0 0.526389 0.535156 0.063889 0.034375
0 0.347917 0.525 0.070833 0.042188
0 0.3 0.547656 0.055556 0.01875
0 0.500694 0.482031 0.0625 0.028125
0 0.418056 0.385547 0.088889 0.044531
0 0.355556 0.348438 0.097222 0.053125
0 0.290972 0.417969 0.0375 0.015625
0 0.516667 0.341406 0.025 0.0125
0 0.38125 0.202734 0.068056 0.046094
0 0.227778 0.179297 0.075 0.049219
0 0.656944 0.216797 0.055556 0.030469
0 0.352083 0.246094 0.056944 0.046875
0 0.283333 0.242188 0.047222 0.045313
0 0.255556 0.310938 0.091667 0.042188
0 0.334028 0.308984 0.048611 0.025781
0 0.69375 0.43125 0.073611 0.039062
0 0.979861 0.430469 0.0375 0.0375
0 0.964583 0.496484 0.068056 0.036719
0 0.301389 0.984375 0.083333 0.029688
0 0.190278 0.986719 0.094444 0.025
