0 0.522222 0.8625 0.019444 0.029688
0 0.590972 0.862109 0.054167 0.036719
0 0.572222 0.833594 0.069444 0.029688
0 0.563889 0.748047 0.072222 0.036719
0 0.5375 0.755859 0.05 0.036719
0 0.643056 0.714063 0.038889 0.032813
0 0.61875 0.702344 0.020833 0.015625
0 0.572917 0.692188 0.026389 0.0125
0 0.813194 0.694531 0.048611 0.025
0 0.790972 0.680469 0.0125 0.0125
0 0.832639 0.64375 0.023611 0.017188
0 0.800694 0.612891 0.0125 0.010156
0 0.872222 0.616406 0.072222 0.039062
0 0.681944 0.580078 0.066667 0.030469
0 0.6 0.557031 0.025 0.021875
0 0.558333 0.577734 0.052778 0.024219
0 0.597222 0.5 0.022222 0.017188
0 0.671528 0.501563 0.015278 0.020313
0 0.7 0.492188 0.038889 0.028125
0 0.66875 0.453516 0.056944 0.035156
0 0.565972 0.454688 0.045833 0.029688
0 0.538194 0.505469 0.051389 0.0125
0 0.488889 0.485156 0.066667 0.034375
0 0.554167 0.423438 0.011111 0.004688
0 0.407639 0.410938 0.059722 0.032813
0 0.361806 0.403516 0.043056 0.032031
0 0.45625 0.357813 0.029167 0.028125
0 0.409722 0.357813 0.066667 0.040625
0 0.394444 0.296875 0.063889 0.035938
0 0.493056 0.228516 0.033333 0.011719
0 0.494444 0.248438 0.041667 0.039062
0 0.195139 0.205469 0.051389 0.045313
0 0.163194 0.208203 0.081944 0.046094
0 0.228472 0.391406 0.068056 0.028125
0 0.134722 0.391016 0.05 0.028906
0 0.263889 0.423438 0.019444 0.010938
0 0.338889 0.565625 0.027778 0.017188
0 0.205556 0.552734 0.027778 0.014844
0 0.251389 0.583594 0.047222 0.028125
0 0.190278 0.582813 0.027778 0.029688
0 0.15625 0.586328 0.031944 0.033594
0 0.142361 0.658203 0.045833 0.035156
0 0.211806 0.664453 0.065278 0.041406
0 0.25 0.636328 0.058333 0.035156
0 0.288194 0.499609 0.0125 0.007031
0 0.352778 0.35625 0.013889 0.007812
0 0.618056 0.766016 0.016667 0.014844
0 0.450694 0.496875 0.0125 0.014063
