0 0.710417 0.207422 0.031944 0.016406
0 0.695833 0.224609 0.038889 0.021094
0 0.738889 0.248438 0.030556 0.020313
0 0.592361 0.264453 0.026389 0.014844
0 0.595139 0.294141 0.040278 0.025781
0 0.5875 0.310938 0.038889 0.021875
0 0.802083 0.330469 0.045833 0.025
0 0.797222 0.355859 0.041667 0.022656
0 0.897917 0.381641 0.043056 0.024219
0 0.730556 0.368359 0.036111 0.022656
0 0.838889 0.416797 0.044444 0.027344
0 0.793056 0.404297 0.027778 0.014844
0 0.777778 0.389844 0.016667 0.010938
0 0.828472 0.374219 0.020833 0.0125
0 0.780556 0.373047 0.022222 0.014844
0 0.700694 0.364063 0.029167 0.017188
0 0.690278 0.382422 0.022222 0.011719
0 0.665972 0.315234 0.026389 0.013281
0 0.580556 0.33125 0.036111 0.01875
0 0.532639 0.328125 0.029167 0.020313
0 0.502778 0.346484 0.041667 0.025781
0 0.588194 0.372656 0.034722 0.01875
0 0.468056 0.416797 0.038889 0.021094
0 0.399306 0.402734 0.031944 0.021094
0 0.436806 0.3625 0.034722 0.023438
0 0.7375 0.448438 0.041667 0.023438
0 0.820139 0.457422 0.0375 0.019531
0 0.864583 0.475391 0.023611 0.013281
0 0.529861 0.437109 0.0375 0.024219
0 0.632639 0.435547 0.029167 0.010156
0 0.609722 0.455469 0.030556 0.017188
0 0.709028 0.499219 0.020833 0.021875
0 0.44375 0.471875 0.043056 0.023438
0 0.628472 0.476953 0.031944 0.013281
0 0.704861 0.528906 0.040278 0.01875
0 0.759028 0.544922 0.0375 0.021094
0 0.813889 0.601562 0.036111 0.023438
0 0.858333 0.611328 0.033333 0.017969
0 0.335417 0.417188 0.020833 0.020313
0 0.785417 0.600781 0.026389 0.01875
0 0.757639 0.600781 0.029167 0.015625
0 0.784028 0.585547 0.031944 0.013281
0 0.984028 0.567969 0.029167 0.01875
0 0.985417 0.595703 0.023611 0.013281
0 0.990278 0.582813 0.016667 0.017188
0 0.958333 0.749219 0.041667 0.023438
0 0.959722 0.730469 0.044444 0.01875
0 0.581944 0.652344 0.030556 0.021875
0 0.604167 0.657031 0.027778 0.017188
0 0.511806 0.628906 0.034722 0.01875
0 0.503472 0.607031 0.026389 0.015625
0 0.573611 0.594531 0.038889 0.017188
0 0.709722 0.575781 0.033333 0.015625
0 0.830556 0.666016 0.033333 0.014844
0 0.581944 0.548438 0.033333 0.017188
0 0.047222 0.694531 0.036111 0.021875
0 0.109722 0.663281 0.027778 0.015625
0 0.084722 0.683984 0.022222 0.013281
0 0.054167 0.642188 0.038889 0.020313
0 0.032639 0.625391 0.023611 0.016406
0 0.013194 0.483984 0.026389 0.019531
0 0.011111 0.419922 0.019444 0.017969
0 0.850694 0.563281 0.031944 0.017188
0 0.534722 0.4625 0.022222 0.015625
0 0.680556 0.398047 0.030556 0.013281
0 0.660417 0.332031 0.026389 0.0125
0 0.708333 0.675 0.036111 0.017188
0 0.557639 0.577344 0.031944 0.017188
0 0.648611 0.486719 0.022222 0.00625
0 0.525694 0.571094 0.031944 0.017188
0 0.746528 0.501953 0.023611 0.013281
0 0.988194 0.715234 0.018056 0.010156
0 0.565278 0.298047 0.019444 0.021094
0 0.815278 0.423438 0.027778 0.020313
0 0.439583 0.417969 0.020833 0.015625
0 0.565972 0.650391 0.023611 0.022656
0 0.484722 0.358594 0.025 0.015625
