0 0.109028 0.773438 0.040278 0.035938
0 0.122917 0.741797 0.0375 0.016406
0 0.068056 0.776563 0.055556 0.026563
0 0.011806 0.712891 0.023611 0.019531
0 0.0125 0.535156 0.022222 0.025
0 0.022917 0.496875 0.045833 0.029688
0 0.736111 0.196094 0.072222 0.046875
0 0.696528 0.192188 0.043056 0.042188
0 0.825694 0.199219 0.059722 0.035938
0 0.969444 0.279297 0.058333 0.036719
0 0.988889 0.342188 0.019444 0.032813
0 0.809028 0.334375 0.026389 0.017188
0 0.775 0.331641 0.030556 0.027344
0 0.681944 0.339063 0.016667 0.004688
0 0.694444 0.379297 0.055556 0.030469
0 0.584722 0.390625 0.063889 0.026563
0 0.615278 0.394531 0.022222 0.0125
0 0.850694 0.394141 0.0625 0.030469
0 0.99375 0.427734 0.009722 0.005469
0 0.981944 0.465625 0.033333 0.020313
0 0.950694 0.467188 0.045833 0.029688
0 0.804167 0.465234 0.022222 0.016406
0 0.703472 0.578516 0.076389 0.036719
0 0.611806 0.567969 0.020833 0.015625
0 0.58125 0.543359 0.026389 0.013281
0 0.715972 0.545312 0.015278 0.015625
0 0.658333 0.518359 0.013889 0.013281
0 0.641667 0.5 0.019444 0.007812
0 0.809028 0.404688 0.031944 0.025
0 0.8 0.385938 0.055556 0.026563
0 0.770833 0.489844 0.022222 0.007812
0 0.710417 0.652734 0.056944 0.036719
0 0.785417 0.655859 0.051389 0.038281
0 0.8 0.631641 0.027778 0.016406
0 0.931944 0.687891 0.030556 0.021094
