0 0.794444 0.900781 0.077778 0.053125
0 0.973611 0.887891 0.038889 0.025781
0 0.076389 0.849609 0.069444 0.039844
0 0.154861 0.733203 0.051389 0.024219
0 0.944444 0.792188 0.038889 0.007812
0 0.720833 0.712891 0.027778 0.013281
0 0.734028 0.723828 0.015278 0.005469
0 0.711806 0.739063 0.009722 0.0125
0 0.842361 0.751172 0.026389 0.019531
0 0.906944 0.726172 0.033333 0.008594
0 0.736806 0.757031 0.031944 0.009375
0 0.277778 0.616016 0.052778 0.025781
0 0.248611 0.600391 0.033333 0.022656
0 0.025 0.546875 0.047222 0.039062
0 0.054167 0.55625 0.055556 0.032813
0 0.181944 0.532031 0.077778 0.0375
0 0.130556 0.540234 0.052778 0.028906
0 0.186806 0.571484 0.056944 0.035156
0 0.246528 0.56875 0.059722 0.039062
0 0.347222 0.550391 0.063889 0.035156
0 0.697917 0.462891 0.120833 0.058594
0 0.661806 0.50625 0.023611 0.010938
0 0.418056 0.460547 0.066667 0.039844
0 0.132639 0.458203 0.065278 0.027344
0 0.268056 0.390625 0.047222 0.026563
0 0.134028 0.378125 0.054167 0.026563
0 0.423611 0.235938 0.041667 0.029688
0 0.630556 0.100391 0.066667 0.039844
0 0.338194 0.034375 0.051389 0.029688
0 0.409028 0.197656 0.048611 0.03125
0 0.301389 0.369531 0.038889 0.0125
0 0.215278 0.741797 0.061111 0.044531
