0 0.975694 0.198438 0.045833 0.03125
0 0.50625 0.244531 0.048611 0.025
0 0.626389 0.654297 0.047222 0.028906
0 0.634722 0.677734 0.05 0.022656
0 0.684722 0.675 0.027778 0.014063
0 0.666667 0.694922 0.047222 0.024219
0 0.172917 0.563281 0.076389 0.04375
0 0.125694 0.666797 0.065278 0.036719
0 0.127083 0.462109 0.045833 0.022656
0 0.134722 0.439063 0.038889 0.020313
0 0.0625 0.396484 0.05 0.036719
0 0.020139 0.40625 0.0375 0.045313
0 0.050694 0.2625 0.054167 0.029688
0 0.317361 0.357813 0.026389 0.014063
0 0.949306 0.385547 0.018056 0.011719
0 0.572917 0.153906 0.048611 0.028125
0 0.538889 0.148828 0.041667 0.019531
0 0.86875 0.234375 0.040278 0.017188
0 0.840972 0.269922 0.034722 0.022656
0 0.865278 0.300781 0.055556 0.025
0 0.861806 0.329688 0.054167 0.032813
0 0.754861 0.346484 0.040278 0.021094
0 0.63125 0.259375 0.045833 0.023438
0 0.03125 0.343359 0.059722 0.025781
0 0.490972 0.4375 0.059722 0.023438
0 0.698611 0.419141 0.038889 0.027344
0 0.873611 0.4 0.047222 0.035938
0 0.849306 0.539844 0.056944 0.029688
0 0.928472 0.499219 0.034722 0.025
0 0.183333 0.667188 0.033333 0.026563
0 0.516667 0.731641 0.036111 0.025781
0 0.547222 0.742188 0.033333 0.015625
0 0.874306 0.782422 0.034722 0.024219
0 0.974306 0.669531 0.045833 0.025
0 0.95 0.692578 0.052778 0.025781
0 0.908333 0.777734 0.033333 0.017969
0 0.434028 0.377734 0.051389 0.032031
0 0.652778 0.798047 0.058333 0.039844
0 0.750694 0.407031 0.031944 0.01875
0 0.888194 0.288281 0.020833 0.017188
0 0.821528 0.333594 0.031944 0.040625
0 0.525 0.210938 0.019444 0.017188
0 0.045139 0.498828 0.068056 0.021094
0 0.513194 0.517969 0.023611 0.015625
0 0.64375 0.524609 0.031944 0.021094
0 0.934028 0.783594 0.040278 0.025
0 0.894444 0.896875 0.047222 0.025
0 0.741667 0.822656 0.047222 0.021875
0 0.58125 0.697656 0.043056 0.0125
0 0.096528 0.644922 0.0375 0.036719
0 0.197917 0.604688 0.065278 0.026563
0 0.327778 0.783203 0.047222 0.017969
0 0.395139 0.800391 0.034722 0.021094
