0 0.166667 0.564844 0.052778 0.03125
0 0.129861 0.745703 0.040278 0.035156
0 0.763889 0.693359 0.075 0.046094
0 0.095833 0.381641 0.063889 0.033594
0 0.345139 0.319922 0.054167 0.030469
0 0.415278 0.508203 0.05 0.027344
0 0.919444 0.545703 0.055556 0.028906
0 0.58125 0.211719 0.040278 0.025
0 0.540278 0.220313 0.038889 0.026563
0 0.148611 0.388281 0.052778 0.03125
0 0.542361 0.575781 0.054167 0.028125
0 0.705556 0.568359 0.052778 0.017969
0 0.495833 0.217188 0.022222 0.0125
0 0.404167 0.485547 0.041667 0.024219
0 0.3625 0.151953 0.044444 0.030469
0 0.314583 0.150781 0.0375 0.015625
0 0.285417 0.553125 0.031944 0.021875
0 0.45625 0.551563 0.073611 0.051563
0 0.504167 0.555469 0.030556 0.025
0 0.353472 0.28125 0.076389 0.032813
0 0.318056 0.275781 0.022222 0.015625
0 0.326389 0.305469 0.033333 0.034375
0 0.182639 0.31875 0.043056 0.020313
0 0.188194 0.335938 0.048611 0.014063
0 0.172222 0.341406 0.033333 0.0125
0 0.160417 0.369531 0.043056 0.014063
0 0.9625 0.641016 0.05 0.024219
0 0.984028 0.621875 0.029167 0.021875
0 0.939583 0.571484 0.056944 0.014844
0 0.575694 0.769531 0.070833 0.040625
0 0.129167 0.551563 0.033333 0.014063
0 0.2 0.484766 0.069444 0.041406
0 0.152778 0.498828 0.041667 0.013281
0 0.596528 0.592969 0.0375 0.01875
0 0.675 0.591016 0.036111 0.019531
