0 0.484722 0.032813 0.061111 0.039062
0 0.255556 0.020703 0.033333 0.024219
0 0.283333 0.074219 0.041667 0.03125
0 0.323611 0.083984 0.041667 0.027344
0 0.259722 0.078516 0.022222 0.030469
0 0.535417 0.099609 0.051389 0.019531
0 0.600694 0.141406 0.056944 0.0375
0 0.553472 0.157813 0.0375 0.029688
0 0.284722 0.159375 0.027778 0.020313
0 0.6125 0.204297 0.058333 0.032031
0 0.559722 0.214063 0.044444 0.020313
0 0.353472 0.249609 0.045833 0.025781
0 0.339583 0.212109 0.026389 0.019531
0 0.295833 0.200781 0.033333 0.014063
0 0.261111 0.249609 0.047222 0.016406
0 0.20625 0.255469 0.048611 0.026563
0 0.127778 0.320703 0.047222 0.025781
0 0.392361 0.351172 0.051389 0.032031
0 0.407639 0.329688 0.040278 0.026563
0 0.404167 0.28125 0.036111 0.032813
0 0.495139 0.253125 0.0375 0.023438
0 0.624306 0.330859 0.054167 0.024219
0 0.359722 0.375781 0.055556 0.015625
0 0.338889 0.356641 0.030556 0.011719
0 0.511111 0.364063 0.052778 0.032813
0 0.584028 0.375781 0.051389 0.028125
0 0.570833 0.414453 0.055556 0.030469
0 0.455556 0.412109 0.047222 0.027344
0 0.204167 0.374219 0.038889 0.01875
0 0.257639 0.394141 0.040278 0.021094
0 0.15625 0.428906 0.031944 0.021875
0 0.279861 0.449219 0.043056 0.028125
0 0.163889 0.492188 0.047222 0.028125
0 0.614583 0.444141 0.034722 0.028906
0 0.755556 0.506641 0.041667 0.025781
0 0.766667 0.530859 0.041667 0.022656
0 0.931944 0.609375 0.033333 0.017188
0 0.835417 0.621094 0.0375 0.028125
0 0.540972 0.559766 0.048611 0.025781
0 0.303472 0.572656 0.043056 0.028125
0 0.225 0.559375 0.036111 0.009375
0 0.698611 0.648047 0.044444 0.013281
0 0.272222 0.648828 0.058333 0.032031
0 0.2125 0.665234 0.058333 0.030469
0 0.315278 0.691797 0.047222 0.027344
0 0.336111 0.702344 0.047222 0.025
0 0.252083 0.761719 0.048611 0.025
0 0.070833 0.765234 0.038889 0.022656
0 0.01875 0.728516 0.034722 0.027344
0 0.233333 0.331641 0.041667 0.024219
0 0.316667 0.065625 0.036111 0.014063
0 0.323611 0.054297 0.033333 0.011719
0 0.738194 0.389453 0.040278 0.021094
0 0.131944 0.369531 0.044444 0.03125
0 0.281944 0.670703 0.061111 0.022656
0 0.021528 0.585938 0.034722 0.017188
