0 0.6625 0.471875 0.05 0.03125
0 0.588889 0.467188 0.055556 0.020313
0 0.646528 0.45 0.084722 0.026563
0 0.703472 0.465234 0.073611 0.041406
0 0.580556 0.437891 0.086111 0.044531
0 0.347222 0.253906 0.058333 0.0375
0 0.089583 0.335938 0.051389 0.039062
0 0.146528 0.341797 0.079167 0.046094
0 0.468056 0.405859 0.061111 0.041406
0 0.401389 0.400391 0.077778 0.044531
0 0.434722 0.4625 0.061111 0.039062
0 0.477083 0.453125 0.0625 0.042188
0 0.472917 0.499219 0.0625 0.029688
0 0.385417 0.683203 0.048611 0.017969
0 0.3 0.621094 0.058333 0.040625
0 0.0625 0.666016 0.036111 0.024219
0 0.245139 0.655859 0.020833 0.019531
0 0.340278 0.757422 0.072222 0.035156
0 0.347222 0.789844 0.086111 0.053125
0 0.302083 0.813281 0.056944 0.034375
0 0.177778 0.807813 0.075 0.0375
0 0.03125 0.852344 0.059722 0.046875
0 0.100694 0.849609 0.070833 0.041406
0 0.160417 0.853906 0.070833 0.04375
0 0.815278 0.751172 0.061111 0.035156
0 0.774306 0.771875 0.070833 0.032813
0 0.547917 0.714844 0.059722 0.021875
0 0.561111 0.31875 0.019444 0.023438
0 0.886111 0.492188 0.044444 0.035938
0 0.826389 0.496484 0.077778 0.036719
0 0.71875 0.505469 0.079167 0.046875
