0 0.040278 0.407813 0.05 0.029688
0 0.084722 0.469531 0.019444 0.01875
0 0.069444 0.435938 0.013889 0.010938
0 0.226389 0.396484 0.075 0.039844
0 0.275694 0.455469 0.076389 0.0375
0 0.920139 0.408984 0.065278 0.038281
0 0.934722 0.495313 0.072222 0.040625
0 0.971528 0.509375 0.054167 0.035938
0 0.890278 0.469141 0.038889 0.039844
0 0.919444 0.552734 0.052778 0.019531
0 0.963194 0.742969 0.031944 0.023438
0 0.861111 0.563672 0.047222 0.041406
0 0.086111 0.672656 0.019444 0.015625
0 0.384028 0.725391 0.031944 0.022656
0 0.979861 0.645703 0.023611 0.014844
0 0.984722 0.617969 0.027778 0.017188
0 0.427778 0.412891 0.052778 0.035156
0 0.527778 0.864453 0.055556 0.025781
0 0.648611 0.932031 0.055556 0.032813
