0 0.448611 0.701172 0.044444 0.024219
0 0.565972 0.708203 0.051389 0.030469
0 0.445833 0.627344 0.044444 0.021875
0 0.261111 0.594922 0.047222 0.027344
0 0.674306 0.567969 0.031944 0.01875
0 0.852083 0.596094 0.040278 0.025
0 0.775 0.540625 0.052778 0.026563
0 0.805556 0.524609 0.041667 0.021094
0 0.640972 0.511328 0.054167 0.032031
0 0.581944 0.421484 0.027778 0.010156
0 0.49375 0.440234 0.034722 0.024219
0 0.520139 0.457031 0.043056 0.023438
0 0.040972 0.719141 0.045833 0.032031
0 0.056944 0.703516 0.038889 0.025781
0 0.140278 0.537109 0.041667 0.017969
0 0.413194 0.397656 0.051389 0.026563
0 0.438889 0.38125 0.036111 0.021875
0 0.673611 0.526172 0.022222 0.013281
0 0.534028 0.440625 0.034722 0.020313
0 0.929167 0.358594 0.05 0.021875
0 0.925 0.324219 0.044444 0.015625
0 0.570833 0.262109 0.038889 0.010156
0 0.565972 0.231641 0.0375 0.021094
0 0.630556 0.440234 0.013889 0.008594
0 0.595833 0.450781 0.016667 0.009375
0 0.130556 0.500781 0.033333 0.007812
0 0.175694 0.515234 0.018056 0.011719
0 0.157639 0.501953 0.0125 0.008594
0 0.458333 0.683594 0.025 0.0125
