0 0.195833 0.164844 0.061111 0.03125
0 0.032639 0.16875 0.056944 0.032813
0 0.047222 0.067969 0.052778 0.029688
0 0.123611 0.145703 0.036111 0.025781
0 0.227083 0.186328 0.048611 0.024219
0 0.011806 0.210938 0.020833 0.029688
0 0.240278 0.247266 0.05 0.025781
0 0.275 0.2625 0.038889 0.026563
0 0.358333 0.341016 0.036111 0.021094
0 0.238194 0.353125 0.048611 0.023438
0 0.258333 0.453125 0.030556 0.021875
0 0.100694 0.471094 0.051389 0.029688
0 0.234722 0.625 0.055556 0.035938
0 0.105556 0.576562 0.047222 0.023438
0 0.772222 0.740625 0.061111 0.032813
0 0.502778 0.670313 0.041667 0.025
0 0.445139 0.673438 0.045833 0.021875
0 0.820833 0.621484 0.033333 0.014844
0 0.807639 0.527344 0.051389 0.028125
0 0.225 0.267188 0.033333 0.020313
0 0.206944 0.358594 0.013889 0.01875
0 0.267361 0.408594 0.031944 0.021875
0 0.233333 0.413672 0.05 0.032031
0 0.85625 0.353125 0.026389 0.010938
0 0.870139 0.371094 0.023611 0.010938
0 0.971528 0.420703 0.026389 0.011719
0 0.951389 0.440234 0.019444 0.010156
0 0.924306 0.483203 0.065278 0.036719
0 0.890972 0.469531 0.043056 0.034375
0 0.836111 0.453125 0.027778 0.025
0 0.797222 0.437891 0.047222 0.021094
0 0.797222 0.456641 0.063889 0.028906
0 0.688194 0.567969 0.023611 0.015625
0 0.676389 0.533984 0.022222 0.008594
0 0.274306 0.514844 0.029167 0.009375
0 0.314583 0.528125 0.034722 0.017188
0 0.719444 0.688672 0.041667 0.017969
0 0.656944 0.735156 0.05 0.025
0 0.494444 0.791016 0.047222 0.022656
0 0.582639 0.615625 0.0375 0.017188
0 0.700694 0.617578 0.0375 0.017969
0 0.6375 0.637109 0.030556 0.014844
0 0.008333 0.251953 0.013889 0.016406
0 0.030556 0.315625 0.025 0.020313
0 0.744444 0.446094 0.030556 0.028125
0 0.679861 0.439063 0.031944 0.0125
0 0.613194 0.484375 0.023611 0.007812
0 0.509722 0.692969 0.033333 0.01875
0 0.486806 0.736719 0.031944 0.015625
0 0.427778 0.692578 0.030556 0.013281
0 0.319444 0.644922 0.036111 0.024219
0 0.370833 0.675781 0.027778 0.015625
0 0.008333 0.611719 0.013889 0.01875
0 0.186806 0.612891 0.031944 0.019531
0 0.565278 0.629297 0.022222 0.019531
0 0.465278 0.641797 0.016667 0.010156
0 0.709028 0.714063 0.034722 0.017188
