0 0.645833 0.183984 0.063889 0.036719
0 0.488194 0.191797 0.031944 0.033594
0 0.391667 0.207031 0.047222 0.03125
0 0.454167 0.252344 0.055556 0.032813
0 0.393056 0.229297 0.022222 0.017969
0 0.517361 0.291016 0.056944 0.032031
0 0.366667 0.342578 0.069444 0.028906
0 0.426389 0.369922 0.066667 0.035156
0 0.638889 0.338281 0.038889 0.029688
0 0.701389 0.351953 0.061111 0.032031
0 0.395139 0.38125 0.0375 0.025
0 0.439583 0.392969 0.051389 0.01875
0 0.522917 0.3875 0.034722 0.025
0 0.523611 0.409766 0.027778 0.019531
0 0.689583 0.459766 0.043056 0.014844
0 0.55625 0.464844 0.0625 0.034375
0 0.46875 0.458594 0.070833 0.040625
0 0.119444 0.475391 0.061111 0.033594
0 0.308333 0.416406 0.063889 0.03125
0 0.290972 0.39375 0.031944 0.023438
0 0.263889 0.50625 0.052778 0.026563
0 0.0375 0.541406 0.069444 0.03125
0 0.638194 0.589063 0.0625 0.032813
0 0.472222 0.642578 0.030556 0.022656
0 0.183333 0.653906 0.072222 0.0375
0 0.253472 0.701563 0.051389 0.042188
0 0.050694 0.714844 0.076389 0.032813
0 0.683333 0.540234 0.025 0.011719
0 0.529861 0.560547 0.029167 0.025781
0 0.459028 0.579297 0.023611 0.021094
0 0.457639 0.549219 0.020833 0.010938
0 0.340972 0.399609 0.040278 0.016406
0 0.059028 0.637891 0.043056 0.030469
0 0.006944 0.708594 0.011111 0.0125
