0 0.467361 0.130078 0.026389 0.017969
0 0.345139 0.201953 0.023611 0.013281
0 0.4375 0.228906 0.05 0.025
0 0.776389 0.281641 0.061111 0.028906
0 0.869444 0.371094 0.027778 0.015625
0 0.063889 0.430078 0.036111 0.016406
0 0.039583 0.551172 0.076389 0.039844
0 0.557639 0.647656 0.048611 0.026563
0 0.570833 0.667969 0.05 0.021875
0 0.599306 0.682031 0.048611 0.026563
0 0.977778 0.726562 0.041667 0.032813
0 0.927778 0.757812 0.061111 0.039062
0 0.7875 0.771094 0.05 0.029688
0 0.830556 0.766406 0.041667 0.025
0 0.0125 0.655469 0.022222 0.028125
0 0.895833 0.173438 0.055556 0.032813
0 0.500694 0.132031 0.040278 0.021875
0 0.763194 0.253125 0.068056 0.029688
0 0.552778 0.240234 0.041667 0.024219
0 0.772917 0.312891 0.054167 0.033594
0 0.653472 0.330469 0.056944 0.025
0 0.80625 0.377734 0.026389 0.019531
0 0.772917 0.393359 0.026389 0.024219
0 0.751389 0.370313 0.022222 0.020313
0 0.836806 0.377344 0.0375 0.020313
0 0.604861 0.400781 0.056944 0.032813
0 0.342361 0.35625 0.031944 0.021875
0 0.400694 0.425391 0.065278 0.025781
0 0.063194 0.448438 0.051389 0.020313
0 0.851389 0.483984 0.038889 0.025781
0 0.759028 0.525 0.070833 0.029688
0 0.083333 0.591016 0.047222 0.017969
0 0.056944 0.658984 0.061111 0.028906
0 0.892361 0.660938 0.054167 0.026563
0 0.913889 0.587891 0.063889 0.024219
0 0.863889 0.685547 0.061111 0.027344
0 0.770833 0.746875 0.05 0.020313
0 0.552778 0.789453 0.058333 0.044531
0 0.479861 0.195703 0.029167 0.013281
0 0.874306 0.326172 0.056944 0.032031
0 0.880556 0.286328 0.025 0.024219
0 0.736806 0.303906 0.029167 0.01875
0 0.729167 0.325781 0.05 0.034375
0 0.270833 0.520703 0.033333 0.016406
0 0.329167 0.620703 0.033333 0.016406
0 0.61875 0.664062 0.0375 0.017188
0 0.315972 0.794141 0.0375 0.019531
0 0.220833 0.775781 0.036111 0.015625
0 0.466667 0.735547 0.030556 0.011719
0 0.439583 0.722266 0.043056 0.028906
0 0.761111 0.838672 0.036111 0.021094
0 0.823611 0.892188 0.05 0.025
0 0.532639 0.689453 0.043056 0.021094
