0 0.880556 0.124219 0.086111 0.05
0 0.856944 0.398438 0.066667 0.035938
0 0.457639 0.814453 0.095833 0.057031
0 0.054167 0.684375 0.077778 0.042188
0 0.709722 0.401563 0.044444 0.026563
0 0.977778 0.448047 0.041667 0.036719
0 0.822222 0.363281 0.030556 0.015625
0 0.931944 0.532422 0.069444 0.030469
0 0.791667 0.373828 0.047222 0.027344
0 0.809028 0.480078 0.0625 0.025781
0 0.927778 0.828516 0.069444 0.022656
0 0.35625 0.342188 0.043056 0.021875
0 0.976389 0.514062 0.038889 0.023438
0 0.927778 0.632812 0.041667 0.023438
0 0.881944 0.611719 0.033333 0.01875
0 0.897222 0.85625 0.019444 0.021875
0 0.701389 0.903516 0.041667 0.017969
0 0.863889 0.991406 0.025 0.015625
0 0.089583 0.755469 0.043056 0.015625
0 0.015278 0.689453 0.027778 0.024219
0 0.809722 0.099609 0.038889 0.017969
