0 0.65625 0.124609 0.056944 0.036719
0 0.615278 0.246875 0.061111 0.025
0 0.6 0.280078 0.063889 0.033594
0 0.45625 0.237891 0.0375 0.022656
0 0.881944 0.352344 0.05 0.025
0 0.971528 0.418359 0.054167 0.014844
0 0.748611 0.410156 0.038889 0.029688
0 0.788889 0.428906 0.069444 0.0375
0 0.823611 0.514062 0.044444 0.020313
0 0.86875 0.521875 0.031944 0.023438
0 0.894444 0.471484 0.030556 0.019531
0 0.970833 0.66875 0.055556 0.026563
0 0.9125 0.692578 0.036111 0.022656
0 0.915972 0.729297 0.048611 0.038281
0 0.858333 0.730859 0.052778 0.035156
0 0.833333 0.66875 0.072222 0.034375
0 0.834722 0.553906 0.044444 0.021875
0 0.368056 0.336719 0.044444 0.029688
0 0.459028 0.489844 0.040278 0.023438
0 0.422222 0.498438 0.041667 0.026563
0 0.470833 0.805469 0.044444 0.025
0 0.429167 0.744141 0.044444 0.027344
0 0.454167 0.682422 0.027778 0.017969
0 0.3875 0.651953 0.044444 0.024219
0 0.395139 0.638672 0.031944 0.008594
0 0.353472 0.644141 0.026389 0.005469
0 0.251389 0.636328 0.061111 0.032031
0 0.2375 0.659375 0.047222 0.026563
0 0.3 0.907031 0.069444 0.035938
0 0.020139 0.964063 0.023611 0.020313
0 0.025694 0.927344 0.051389 0.028125
0 0.065278 0.852344 0.066667 0.034375
0 0.06875 0.870703 0.043056 0.017969
0 0.141667 0.885156 0.047222 0.01875
0 0.070833 0.747266 0.058333 0.027344
0 0.045139 0.587891 0.051389 0.027344
0 0.074306 0.570703 0.051389 0.024219
0 0.033333 0.55 0.019444 0.007812
0 0.059028 0.60625 0.026389 0.007812
