0 0.275 0.760938 0.041667 0.023438
0 0.099306 0.703125 0.034722 0.03125
0 0.15 0.715234 0.063889 0.039844
0 0.311806 0.752344 0.045833 0.025
0 0.411111 0.722656 0.05 0.028125
0 0.450694 0.747266 0.065278 0.038281
0 0.383333 0.697266 0.047222 0.024219
0 0.438889 0.695312 0.041667 0.023438
0 0.471528 0.677344 0.043056 0.023438
0 0.458333 0.659766 0.041667 0.021094
0 0.754167 0.700781 0.033333 0.015625
0 0.734028 0.6875 0.034722 0.020313
0 0.709722 0.785156 0.058333 0.035938
0 0.961111 0.875 0.075 0.039062
0 0.981944 0.568359 0.033333 0.038281
0 0.980556 0.504297 0.019444 0.022656
0 0.946528 0.534766 0.068056 0.041406
0 0.869444 0.457422 0.063889 0.038281
0 0.732639 0.498047 0.065278 0.032031
0 0.698611 0.474609 0.055556 0.028906
0 0.632639 0.441016 0.054167 0.042969
0 0.533333 0.321484 0.066667 0.039844
0 0.400694 0.222656 0.084722 0.05
0 0.335417 0.276953 0.095833 0.055469
0 0.279861 0.224609 0.084722 0.041406
0 0.040972 0.26875 0.034722 0.020313
0 0.083333 0.270313 0.072222 0.039062
0 0.266667 0.3 0.091667 0.039062
0 0.343056 0.403516 0.061111 0.027344
0 0.118056 0.508984 0.027778 0.016406
0 0.149306 0.492188 0.048611 0.020313
0 0.96875 0.127344 0.059722 0.05
0 0.872917 0.170703 0.051389 0.036719
0 0.863194 0.196484 0.029167 0.016406
0 0.888889 0.611328 0.025 0.039844
0 0.775694 0.624219 0.073611 0.03125
0 0.542361 0.546875 0.029167 0.014063
0 0.540278 0.607422 0.027778 0.008594
0 0.116667 0.664844 0.036111 0.015625
0 0.297222 0.500781 0.036111 0.015625
0 0.266667 0.451172 0.069444 0.033594
0 0.671528 0.194922 0.048611 0.019531
0 0.579861 0.007422 0.0625 0.014844
0 0.343056 0.825 0.033333 0.03125
0 0.4 0.829297 0.041667 0.027344
0 0.650694 0.530469 0.051389 0.028125
