0 0.963889 0.093359 0.069444 0.052344
0 0.809028 0.373047 0.048611 0.028906
0 0.945833 0.371484 0.066667 0.033594
0 0.442361 0.305859 0.048611 0.038281
0 0.4625 0.756641 0.094444 0.046094
0 0.122917 0.627344 0.081944 0.035938
0 0.922917 0.343359 0.079167 0.032031
0 0.9625 0.792578 0.066667 0.033594
0 0.907639 0.064453 0.040278 0.014844
0 0.617361 0.448438 0.018056 0.007812
0 0.911806 0.961719 0.029167 0.034375
0 0.815278 0.967188 0.055556 0.05
0 0.892361 0.319141 0.034722 0.017969
0 0.816667 0.402734 0.025 0.005469
0 0.855556 0.409375 0.025 0.009375
0 0.893056 0.444141 0.033333 0.008594
0 0.990972 0.505078 0.015278 0.021094
0 0.617361 0.425391 0.056944 0.019531
0 0.156944 0.698828 0.044444 0.017969
