0 0.177778 0.889453 0.075 0.044531
0 0.131944 0.860547 0.075 0.039844
0 0.100694 0.780469 0.079167 0.048438
0 0.165278 0.791016 0.016667 0.013281
0 0.193056 0.730859 0.038889 0.035156
0 0.427083 0.69375 0.045833 0.021875
0 0.475 0.644531 0.025 0.021875
0 0.398611 0.617969 0.080556 0.042188
0 0.245833 0.586328 0.066667 0.027344
0 0.405556 0.568359 0.036111 0.019531
0 0.427778 0.542969 0.019444 0.0125
0 0.251389 0.695312 0.008333 0.009375
0 0.179861 0.650781 0.056944 0.0125
0 0.129167 0.589063 0.061111 0.023438
0 0.134028 0.559766 0.018056 0.011719
0 0.167361 0.564063 0.051389 0.020313
0 0.060417 0.513281 0.026389 0.015625
0 0.01875 0.496875 0.0375 0.028125
0 0.122917 0.501953 0.048611 0.022656
0 0.10625 0.454688 0.065278 0.032813
0 0.215972 0.501563 0.026389 0.026563
0 0.252083 0.489844 0.054167 0.032813
0 0.20625 0.449609 0.068056 0.036719
0 0.386111 0.481641 0.055556 0.021094
0 0.341667 0.488281 0.013889 0.0125
0 0.161111 0.422656 0.036111 0.009375
0 0.88125 0.752734 0.0625 0.032031
0 0.870833 0.674219 0.022222 0.0125
0 0.956944 0.675391 0.033333 0.019531
0 0.984722 0.639063 0.027778 0.020313
0 0.815972 0.616406 0.026389 0.023438
0 0.730556 0.557422 0.013889 0.008594
0 0.715278 0.533984 0.027778 0.017969
0 0.86875 0.540234 0.048611 0.024219
0 0.822917 0.511328 0.065278 0.032031
0 0.851389 0.483203 0.061111 0.035156
0 0.897222 0.510547 0.063889 0.027344
0 0.924306 0.474609 0.023611 0.008594
0 0.983333 0.444922 0.030556 0.028906
0 0.98125 0.958984 0.034722 0.022656
