0 0.220139 0.928906 0.068056 0.026563
0 0.325694 0.896094 0.043056 0.039062
0 0.302083 0.923828 0.023611 0.007031
0 0.094444 0.940625 0.036111 0.010938
0 0.977083 0.778516 0.043056 0.010156
0 0.517361 0.755859 0.0625 0.032031
0 0.516667 0.781641 0.016667 0.022656
0 0.474306 0.766797 0.034722 0.019531
0 0.210417 0.765625 0.045833 0.032813
0 0.097917 0.744141 0.0375 0.007031
0 0.032639 0.668359 0.0625 0.042969
0 0.235417 0.678516 0.034722 0.016406
0 0.199306 0.628125 0.059722 0.032813
0 0.159722 0.629688 0.016667 0.017188
0 0.177778 0.609375 0.033333 0.014063
0 0.031944 0.587891 0.022222 0.008594
0 0.198611 0.575781 0.036111 0.023438
0 0.242361 0.573828 0.045833 0.024219
0 0.265972 0.567188 0.023611 0.017188
0 0.202083 0.559375 0.043056 0.007812
0 0.113889 0.533594 0.047222 0.017188
0 0.00625 0.496875 0.0125 0.014063
0 0.65 0.542969 0.063889 0.034375
0 0.600694 0.534766 0.045833 0.032031
0 0.557639 0.519531 0.020833 0.00625
0 0.86875 0.486719 0.073611 0.040625
0 0.088889 0.521484 0.030556 0.014844
0 0.086806 0.437891 0.031944 0.014844
0 0.638889 0.4375 0.052778 0.039062
0 0.699306 0.448047 0.054167 0.036719
0 0.811111 0.432031 0.052778 0.03125
0 0.781944 0.421875 0.027778 0.015625
0 0.766667 0.436328 0.022222 0.008594
0 0.8625 0.408203 0.044444 0.028906
0 0.858333 0.428125 0.036111 0.014063
0 0.866667 0.357031 0.080556 0.045313
0 0.744444 0.366406 0.019444 0.009375
0 0.79375 0.384375 0.043056 0.01875
0 0.574306 0.410547 0.018056 0.013281
0 0.716667 0.298828 0.075 0.049219
