0 0.178472 0.055469 0.065278 0.03125
0 0.245833 0.167969 0.038889 0.01875
0 0.167361 0.165234 0.056944 0.035156
0 0.142361 0.185938 0.056944 0.029688
0 0.4625 0.080859 0.044444 0.028906
0 0.422222 0.085156 0.036111 0.025
0 0.430556 0.128516 0.041667 0.021094
0 0.388889 0.127344 0.038889 0.025
0 0.365278 0.109375 0.061111 0.035938
0 0.404167 0.199609 0.044444 0.030469
0 0.40625 0.263672 0.040278 0.027344
0 0.492361 0.298438 0.051389 0.020313
0 0.539583 0.301953 0.056944 0.030469
0 0.61875 0.366406 0.045833 0.025
0 0.513889 0.423828 0.041667 0.027344
0 0.643056 0.462891 0.033333 0.022656
0 0.518056 0.521484 0.044444 0.027344
0 0.488889 0.500781 0.047222 0.028125
0 0.411111 0.417578 0.030556 0.019531
0 0.372917 0.398438 0.0375 0.026563
0 0.361111 0.390625 0.047222 0.017188
0 0.408333 0.307813 0.063889 0.032813
0 0.341667 0.338281 0.038889 0.01875
0 0.197222 0.242969 0.052778 0.028125
0 0.215278 0.279297 0.019444 0.010156
0 0.221528 0.319141 0.040278 0.025781
0 0.13125 0.389063 0.065278 0.035938
0 0.234722 0.521875 0.066667 0.0375
0 0.143056 0.535938 0.011111 0.014063
0 0.04375 0.546484 0.015278 0.013281
0 0.077083 0.601953 0.029167 0.039844
0 0.138889 0.591016 0.013889 0.005469
0 0.106944 0.609375 0.027778 0.023438
0 0.144444 0.630859 0.019444 0.010156
0 0.234722 0.619922 0.027778 0.010156
0 0.606944 0.530469 0.022222 0.0125
0 0.543056 0.587891 0.055556 0.025781
0 0.409722 0.632812 0.033333 0.020313
0 0.119444 0.760938 0.038889 0.021875
0 0.157639 0.794141 0.068056 0.046094
0 0.272917 0.779688 0.048611 0.026563
0 0.904861 0.324219 0.0375 0.01875
0 0.858333 0.354297 0.027778 0.016406
0 0.908333 0.385547 0.058333 0.030469
0 0.910417 0.441406 0.040278 0.028125
0 0.920833 0.511719 0.022222 0.0125
0 0.928472 0.560156 0.043056 0.026563
0 0.968056 0.566016 0.052778 0.030469
0 0.841667 0.675 0.025 0.023438
0 0.804167 0.676953 0.044444 0.022656
0 0.988889 0.764453 0.019444 0.021094
0 0.895833 0.496484 0.022222 0.016406
0 0.908333 0.280078 0.027778 0.016406
0 0.970139 0.232422 0.034722 0.028906
0 0.913194 0.238281 0.054167 0.035938
0 0.981944 0.189844 0.033333 0.020313
