0 0.634722 0.055078 0.055556 0.024219
0 0.671528 0.085156 0.023611 0.0125
0 0.7125 0.105078 0.027778 0.021094
0 0.479167 0.107422 0.033333 0.016406
0 0.452083 0.123438 0.056944 0.026563
0 0.486806 0.124219 0.018056 0.017188
0 0.541667 0.183203 0.052778 0.027344
0 0.3 0.203125 0.036111 0.017188
0 0.366667 0.177344 0.013889 0.009375
0 0.577083 0.257031 0.020833 0.0125
0 0.624306 0.307031 0.045833 0.015625
0 0.530556 0.295313 0.055556 0.021875
0 0.482639 0.337109 0.043056 0.028906
0 0.626389 0.346875 0.044444 0.029688
0 0.210417 0.371875 0.081944 0.035938
0 0.215278 0.35625 0.061111 0.017188
0 0.268056 0.347656 0.022222 0.015625
0 0.333333 0.460547 0.030556 0.022656
0 0.255556 0.472656 0.041667 0.021875
0 0.509722 0.476172 0.019444 0.017969
0 0.159028 0.485938 0.029167 0.020313
0 0.279167 0.434766 0.016667 0.010156
0 0.411806 0.459375 0.015278 0.009375
0 0.075694 0.517578 0.056944 0.033594
0 0.134028 0.544531 0.040278 0.025
0 0.627083 0.553125 0.0375 0.029688
0 0.027778 0.585938 0.036111 0.017188
0 0.793056 0.564063 0.05 0.029688
0 0.797917 0.532031 0.034722 0.015625
0 0.85625 0.663672 0.031944 0.024219
0 0.434722 0.158203 0.033333 0.019531
0 0.479167 0.242188 0.044444 0.035938
0 0.603472 0.234766 0.026389 0.022656
0 0.572917 0.246094 0.034722 0.010938
0 0.409028 0.429297 0.051389 0.021094
0 0.425 0.449219 0.038889 0.021875
0 0.211806 0.416406 0.034722 0.021875
0 0.203472 0.446484 0.029167 0.016406
0 0.210417 0.478516 0.023611 0.016406
0 0.665278 0.619531 0.027778 0.01875
0 0.724306 0.629688 0.020833 0.010938
0 0.3375 0.669141 0.038889 0.017969
0 0.209722 0.692578 0.041667 0.030469
0 0.165278 0.859375 0.044444 0.023438
