0 0.984722 0.224609 0.025 0.039844
0 0.790278 0.389844 0.061111 0.035938
0 0.932639 0.541797 0.076389 0.041406
0 0.725 0.6625 0.063889 0.034375
0 0.840278 0.782422 0.077778 0.052344
0 0.980556 0.755078 0.036111 0.030469
0 0.485417 0.671875 0.043056 0.03125
0 0.432639 0.639844 0.0375 0.028125
0 0.711111 0.357422 0.022222 0.017969
0 0.772222 0.354688 0.013889 0.007812
0 0.852778 0.483594 0.019444 0.007812
0 0.754167 0.491797 0.011111 0.005469
0 0.891667 0.447656 0.066667 0.034375
0 0.622222 0.467969 0.05 0.025
0 0.575 0.461719 0.038889 0.021875
0 0.767361 0.667188 0.040278 0.026563
