0 0.752778 0.028516 0.058333 0.025781
0 0.789583 0.054297 0.026389 0.021094
0 0.821528 0.076953 0.026389 0.021094
0 0.616667 0.085547 0.036111 0.022656
0 0.554167 0.103906 0.061111 0.028125
0 0.590972 0.100391 0.029167 0.021094
0 0.677083 0.161719 0.056944 0.029688
0 0.385417 0.183203 0.043056 0.021094
0 0.558333 0.219531 0.019444 0.025
0 0.713889 0.226562 0.066667 0.0375
0 0.634722 0.275781 0.033333 0.028125
0 0.704861 0.290625 0.023611 0.017188
0 0.765972 0.290625 0.048611 0.029688
0 0.572917 0.318359 0.026389 0.024219
0 0.703472 0.324609 0.059722 0.028906
0 0.276389 0.353906 0.075 0.04375
0 0.516667 0.346094 0.025 0.01875
0 0.380556 0.454297 0.047222 0.022656
0 0.331944 0.426172 0.036111 0.013281
0 0.338889 0.398047 0.025 0.016406
0 0.195833 0.497266 0.055556 0.027344
0 0.465278 0.442188 0.038889 0.021875
0 0.538194 0.435156 0.029167 0.010938
0 0.325694 0.464844 0.031944 0.026563
0 0.698611 0.542578 0.027778 0.032031
0 0.872917 0.558984 0.068056 0.035156
0 0.809722 0.383203 0.022222 0.013281
0 0.759722 0.441016 0.027778 0.028906
0 0.894444 0.6625 0.041667 0.023438
0 0.269444 0.826172 0.058333 0.024219
0 0.513194 0.310547 0.0375 0.032031
0 0.743056 0.494531 0.030556 0.010938
0 0.501389 0.417188 0.038889 0.023438
0 0.279861 0.464844 0.023611 0.014063
0 0.142361 0.5625 0.026389 0.020313
0 0.084722 0.549219 0.05 0.034375
0 0.15 0.54375 0.036111 0.014063
0 0.244444 0.525391 0.027778 0.021094
0 0.125 0.721875 0.044444 0.026563
0 0.311806 0.669141 0.026389 0.017969
0 0.845833 0.621875 0.027778 0.0125
0 0.929167 0.63125 0.033333 0.009375
0 0.372917 0.613672 0.031944 0.013281
0 0.333333 0.616016 0.022222 0.008594
