0 0.715278 0.252344 0.055556 0.028125
0 0.705556 0.275391 0.05 0.028906
0 0.295833 0.25 0.022222 0.014063
0 0.641667 0.275 0.047222 0.032813
0 0.576389 0.294922 0.058333 0.032031
0 0.450694 0.272266 0.040278 0.022656
0 0.5625 0.263281 0.022222 0.009375
0 0.816667 0.383203 0.044444 0.025781
0 0.771528 0.299219 0.034722 0.017188
0 0.490972 0.155469 0.034722 0.014063
0 0.384722 0.203516 0.022222 0.011719
0 0.096528 0.303906 0.034722 0.020313
0 0.05625 0.314453 0.029167 0.019531
0 0.272917 0.318359 0.051389 0.030469
0 0.281944 0.348828 0.038889 0.024219
0 0.319444 0.374219 0.047222 0.025
0 0.047917 0.362109 0.018056 0.013281
0 0.029861 0.375781 0.0125 0.015625
0 0.549306 0.403125 0.043056 0.029688
0 0.679861 0.369922 0.026389 0.014844
0 0.807639 0.369922 0.045833 0.017969
0 0.579167 0.322656 0.027778 0.021875
0 0.504167 0.335938 0.066667 0.03125
0 0.447222 0.308984 0.044444 0.022656
0 0.635417 0.296875 0.018056 0.010938
0 0.358333 0.300781 0.019444 0.009375
0 0.011806 0.339063 0.023611 0.023438
0 0.113889 0.496094 0.047222 0.026563
0 0.223611 0.561328 0.061111 0.030469
0 0.270139 0.562109 0.031944 0.022656
0 0.286111 0.582031 0.041667 0.01875
0 0.393056 0.577734 0.05 0.019531
0 0.451389 0.589844 0.027778 0.015625
0 0.494444 0.635547 0.041667 0.024219
0 0.25625 0.690625 0.043056 0.026563
0 0.21875 0.683594 0.040278 0.025
0 0.158333 0.662891 0.030556 0.019531
0 0.127778 0.662891 0.025 0.014844
0 0.5125 0.664453 0.05 0.028906
0 0.565972 0.707813 0.0375 0.028125
0 0.515278 0.698438 0.019444 0.023438
0 0.561111 0.736328 0.05 0.028906
0 0.534722 0.720313 0.044444 0.026563
0 0.169444 0.705469 0.052778 0.026563
0 0.386806 0.437891 0.034722 0.021094
0 0.843056 0.802734 0.033333 0.013281
0 0.908333 0.826172 0.047222 0.033594
