0 0.720833 0.044922 0.05 0.025781
0 0.765278 0.066797 0.044444 0.021094
0 0.798611 0.089453 0.027778 0.014844
0 0.546528 0.116406 0.056944 0.023438
0 0.634722 0.177344 0.05 0.01875
0 0.405556 0.203906 0.036111 0.015625
0 0.36875 0.188281 0.034722 0.020313
0 0.735417 0.289844 0.051389 0.021875
0 0.641667 0.279297 0.052778 0.021094
0 0.745833 0.326172 0.05 0.028906
0 0.595833 0.323828 0.05 0.030469
0 0.336111 0.362109 0.080556 0.039844
0 0.448611 0.449609 0.033333 0.017969
0 0.379167 0.464453 0.033333 0.021094
0 0.342361 0.4125 0.048611 0.020313
0 0.311806 0.484375 0.026389 0.020313
0 0.220833 0.509375 0.058333 0.023438
0 0.363889 0.433984 0.013889 0.008594
0 0.532639 0.417578 0.043056 0.022656
0 0.468056 0.43125 0.038889 0.020313
0 0.288889 0.480469 0.013889 0.0125
0 0.634722 0.463281 0.027778 0.01875
0 0.931944 0.510938 0.033333 0.026563
0 0.922222 0.539062 0.066667 0.029688
0 0.759028 0.527344 0.026389 0.021875
0 0.274306 0.5375 0.031944 0.023438
0 0.8375 0.619141 0.044444 0.032031
0 0.1875 0.580469 0.027778 0.009375
0 0.122917 0.560937 0.026389 0.014063
0 0.791667 0.6 0.036111 0.015625
0 0.348611 0.68125 0.047222 0.017188
0 0.676389 0.248828 0.025 0.011719
0 0.558333 0.096094 0.036111 0.01875
0 0.571528 0.114844 0.0375 0.01875
0 0.590278 0.230078 0.044444 0.033594
0 0.288194 0.722656 0.043056 0.023438
0 0.140278 0.751563 0.05 0.023438
0 0.1875 0.739844 0.044444 0.025
0 0.020833 0.763281 0.038889 0.028125
