0 0.141667 0.744922 0.075 0.033594
0 0.548611 0.674609 0.055556 0.025781
0 0.536806 0.657031 0.084722 0.04375
0 0.632639 0.607422 0.031944 0.021094
0 0.724306 0.542969 0.118056 0.073438
0 0.845833 0.547656 0.138889 0.082813
0 0.657639 0.530469 0.034722 0.020313
0 0.554167 0.38125 0.038889 0.029688
0 0.825694 0.385547 0.054167 0.014844
0 0.825 0.332031 0.097222 0.034375
0 0.691667 0.298047 0.086111 0.047656
0 0.631944 0.30625 0.061111 0.045313
0 0.55625 0.160938 0.079167 0.054688
0 0.731944 0.182422 0.072222 0.042969
0 0.899306 0.2 0.0625 0.026563
0 0.656944 0.223047 0.058333 0.044531
0 0.619444 0.232813 0.030556 0.023438
0 0.666667 0.244531 0.066667 0.021875
0 0.675694 0.357813 0.054167 0.029688
0 0.169444 0.725391 0.030556 0.017969
0 0.915972 0.794141 0.118056 0.069531
