0 0.815278 0.207422 0.061111 0.035156
0 0.75625 0.297656 0.070833 0.042188
0 0.913889 0.348047 0.058333 0.036719
0 0.896528 0.323438 0.040278 0.017188
0 0.744444 0.354688 0.052778 0.039062
0 0.68125 0.35 0.070833 0.039062
0 0.929167 0.429688 0.044444 0.034375
0 0.552778 0.546484 0.058333 0.036719
0 0.744444 0.630469 0.052778 0.034375
0 0.80625 0.626563 0.020833 0.010938
0 0.68125 0.433594 0.051389 0.032813
0 0.401389 0.538281 0.033333 0.01875
0 0.98125 0.633984 0.034722 0.032031
0 0.984722 0.599219 0.027778 0.028125
0 0.609722 0.7375 0.05 0.032813
0 0.391667 0.7 0.058333 0.029688
0 0.235417 0.657422 0.043056 0.024219
0 0.297917 0.641016 0.051389 0.030469
0 0.430556 0.516797 0.036111 0.025781
0 0.715972 0.252344 0.031944 0.014063
0 0.327778 0.26875 0.058333 0.032813
0 0.329167 0.432031 0.030556 0.014063
0 0.008333 0.301172 0.013889 0.011719
0 0.172222 0.617188 0.036111 0.023438
0 0.027778 0.307031 0.041667 0.01875
0 0.836111 0.589063 0.030556 0.020313
0 0.525694 0.225 0.048611 0.029688
0 0.004167 0.261719 0.008333 0.0125
0 0.941667 0.567578 0.041667 0.010156
0 0.988889 0.663672 0.019444 0.017969
