0 0.152778 0.417969 0.063889 0.034375
0 0.815278 0.382031 0.052778 0.034375
0 0.626389 0.423438 0.066667 0.039062
0 0.622222 0.506641 0.075 0.036719
0 0.597222 0.478906 0.041667 0.040625
0 0.672222 0.519531 0.063889 0.034375
0 0.680556 0.452344 0.025 0.015625
0 0.615972 0.566016 0.0875 0.027344
0 0.836111 0.604688 0.052778 0.025
0 0.784722 0.610547 0.033333 0.022656
0 0.689583 0.480859 0.018056 0.010156
0 0.902778 0.516797 0.030556 0.013281
0 0.679861 0.748438 0.020833 0.023438
0 0.7375 0.541406 0.044444 0.015625
0 0.743056 0.561719 0.033333 0.025
0 0.115278 0.734375 0.038889 0.023438
0 0.229167 0.869922 0.052778 0.032031
0 0.341667 0.940625 0.061111 0.035938
0 0.704167 0.617969 0.072222 0.034375
0 0.810417 0.558203 0.056944 0.027344
0 0.851389 0.407422 0.027778 0.010156
0 0.1375 0.509375 0.041667 0.020313
0 0.005556 0.460156 0.008333 0.03125
