0 0.354861 0.748438 0.043056 0.029688
0 0.401389 0.751172 0.052778 0.032031
0 0.435417 0.71875 0.048611 0.020313
0 0.438194 0.686328 0.020833 0.021094
0 0.405556 0.65625 0.052778 0.028125
0 0.607639 0.5375 0.018056 0.010938
0 0.566667 0.596875 0.025 0.0125
0 0.480556 0.594531 0.038889 0.020313
0 0.447917 0.587891 0.0375 0.021094
0 0.397222 0.566016 0.027778 0.011719
0 0.319444 0.452734 0.047222 0.014844
0 0.286111 0.421094 0.019444 0.009375
0 0.372222 0.444922 0.025 0.011719
0 0.261111 0.350781 0.030556 0.01875
0 0.398611 0.378516 0.05 0.027344
0 0.393056 0.392969 0.038889 0.015625
0 0.492361 0.419141 0.043056 0.021094
0 0.449306 0.423438 0.045833 0.023438
0 0.3125 0.339844 0.055556 0.028125
0 0.292361 0.297656 0.040278 0.034375
0 0.268056 0.306641 0.055556 0.036719
0 0.4 0.280469 0.011111 0.015625
0 0.288889 0.249219 0.047222 0.028125
0 0.333333 0.179688 0.05 0.029688
0 0.288194 0.184766 0.059722 0.036719
0 0.223611 0.167578 0.036111 0.024219
0 0.191667 0.157813 0.058333 0.035938
0 0.158333 0.148828 0.041667 0.035156
0 0.136111 0.137891 0.044444 0.025781
0 0.123611 0.117578 0.019444 0.008594
0 0.091667 0.133984 0.058333 0.036719
0 0.124306 0.171484 0.009722 0.011719
0 0.080556 0.169141 0.036111 0.024219
0 0.016667 0.215625 0.033333 0.039062
0 0.115972 0.237891 0.0125 0.008594
0 0.122222 0.250781 0.027778 0.021875
0 0.075 0.287109 0.013889 0.008594
0 0.01875 0.30625 0.029167 0.029688
0 0.028472 0.353516 0.020833 0.010156
0 0.043056 0.391016 0.019444 0.011719
0 0.020833 0.401172 0.041667 0.030469
0 0.229861 0.454297 0.015278 0.005469
0 0.042361 0.414844 0.015278 0.007812
0 0.063194 0.423047 0.029167 0.013281
0 0.100694 0.425781 0.020833 0.009375
0 0.109722 0.442578 0.027778 0.010156
0 0.070139 0.437109 0.029167 0.014844
0 0.075694 0.457031 0.015278 0.0125
0 0.042361 0.468359 0.023611 0.011719
0 0.021528 0.589453 0.043056 0.027344
0 0.211111 0.628516 0.036111 0.022656
0 0.167361 0.661328 0.0375 0.024219
0 0.207639 0.661719 0.048611 0.025
0 0.088889 0.051953 0.058333 0.038281
0 0.961806 0.228516 0.043056 0.027344
0 0.954167 0.268359 0.044444 0.025781
0 0.952778 0.370703 0.052778 0.027344
0 0.945139 0.513281 0.059722 0.03125
0 0.966667 0.524219 0.041667 0.015625
0 0.870139 0.529687 0.0375 0.026563
0 0.799306 0.553125 0.031944 0.010938
0 0.909722 0.565625 0.027778 0.017188
0 0.821528 0.619531 0.048611 0.028125
0 0.938194 0.595313 0.045833 0.023438
0 0.099306 0.529687 0.015278 0.004688
0 0.069444 0.641406 0.025 0.017188
0 0.529167 0.442969 0.033333 0.020313
0 0.510417 0.451563 0.023611 0.017188
0 0.472917 0.539453 0.020833 0.011719
