0 0.780556 0.876563 0.069444 0.035938
0 0.688889 0.750781 0.063889 0.04375
0 0.723611 0.762109 0.05 0.027344
0 0.631944 0.771875 0.022222 0.020313
0 0.493056 0.761719 0.033333 0.028125
0 0.543056 0.758984 0.033333 0.022656
0 0.963194 0.748438 0.040278 0.01875
0 0.472222 0.71875 0.041667 0.026563
0 0.283333 0.659766 0.058333 0.027344
0 0.279167 0.678516 0.019444 0.008594
0 0.233333 0.648438 0.047222 0.021875
0 0.327778 0.638281 0.041667 0.015625
0 0.334028 0.520703 0.040278 0.021094
0 0.4 0.514844 0.030556 0.034375
0 0.446528 0.482031 0.051389 0.021875
0 0.489583 0.514844 0.023611 0.0125
0 0.430556 0.513281 0.025 0.0125
0 0.263889 0.394531 0.058333 0.028125
0 0.191667 0.366406 0.036111 0.028125
0 0.311111 0.308594 0.030556 0.0125
0 0.384722 0.242578 0.022222 0.011719
0 0.168056 0.418359 0.027778 0.011719
0 0.873611 0.904688 0.091667 0.064063
