0 0.565972 0.765234 0.115278 0.071094
0 0.647222 0.804297 0.091667 0.055469
0 0.594444 0.686719 0.069444 0.040625
0 0.652083 0.610938 0.051389 0.025
0 0.694444 0.601562 0.05 0.023438
0 0.801389 0.564453 0.044444 0.019531
0 0.809028 0.54375 0.043056 0.021875
0 0.767361 0.54375 0.026389 0.023438
0 0.358333 0.516797 0.119444 0.074219
0 0.476389 0.521094 0.138889 0.079688
0 0.278472 0.346875 0.0375 0.035938
0 0.815278 0.391016 0.044444 0.036719
0 0.54375 0.352344 0.079167 0.01875
0 0.597222 0.35 0.019444 0.009375
0 0.511111 0.303516 0.102778 0.041406
0 0.327083 0.271875 0.059722 0.045313
0 0.3875 0.253516 0.083333 0.030469
0 0.265278 0.119141 0.083333 0.055469
0 0.447917 0.146094 0.076389 0.046875
0 0.355556 0.185938 0.063889 0.046875
0 0.384722 0.208984 0.061111 0.022656
0 0.6375 0.170313 0.061111 0.023438
0 0.304167 0.299219 0.033333 0.015625
0 0.382639 0.327734 0.065278 0.022656
0 0.409028 0.405859 0.043056 0.011719
0 0.557639 0.494531 0.040278 0.025
0 0.665278 0.478125 0.033333 0.021875
0 0.663194 0.983594 0.098611 0.03125
0 0.513194 0.989844 0.090278 0.01875
0 0.227083 0.646484 0.043056 0.013281
0 0.222222 0.630469 0.066667 0.039062
