0 0.109722 0.025781 0.072222 0.04375
0 0.252083 0.146484 0.0625 0.038281
0 0.205556 0.157422 0.036111 0.030469
0 0.259028 0.210156 0.0625 0.034375
0 0.044444 0.241406 0.036111 0.032813
0 0.071528 0.278906 0.0375 0.034375
0 0.080556 0.329688 0.033333 0.023438
0 0.058333 0.351172 0.058333 0.032031
0 0.308333 0.337891 0.05 0.027344
0 0.220139 0.388672 0.054167 0.030469
0 0.151389 0.373047 0.058333 0.032031
0 0.104167 0.419531 0.058333 0.029688
0 0.410417 0.408984 0.045833 0.028906
0 0.209028 0.217188 0.031944 0.020313
0 0.206944 0.429297 0.058333 0.030469
0 0.376389 0.533594 0.038889 0.025
0 0.225694 0.463281 0.034722 0.029688
0 0.391667 0.555859 0.030556 0.019531
0 0.161111 0.576172 0.044444 0.024219
0 0.452083 0.651172 0.0375 0.028906
0 0.931944 0.447656 0.061111 0.01875
0 0.986111 0.480469 0.025 0.021875
0 0.848611 0.505078 0.077778 0.039844
0 0.896528 0.524219 0.043056 0.0125
0 0.838194 0.388281 0.0375 0.015625
0 0.750694 0.535547 0.040278 0.022656
0 0.69375 0.529687 0.031944 0.017188
0 0.960417 0.623438 0.056944 0.03125
0 0.84375 0.626953 0.043056 0.027344
0 0.840972 0.685156 0.051389 0.026563
0 0.677083 0.734375 0.059722 0.025
0 0.842361 0.728125 0.048611 0.020313
0 0.720139 0.713672 0.031944 0.027344
0 0.21875 0.094141 0.040278 0.025781
0 0.075 0.042578 0.052778 0.016406
0 0.951389 0.329688 0.027778 0.023438
0 0.927778 0.666797 0.041667 0.017969
0 0.870833 0.648047 0.055556 0.027344
0 0.025 0.366797 0.047222 0.038281
