0 0.063194 0.705469 0.068056 0.039062
0 0.015278 0.745313 0.027778 0.023438
0 0.343056 0.639844 0.047222 0.034375
0 0.396528 0.641797 0.054167 0.032031
0 0.025 0.677344 0.047222 0.04375
0 0.497222 0.625391 0.086111 0.050781
0 0.273611 0.548828 0.066667 0.036719
0 0.293056 0.569531 0.072222 0.034375
0 0.672222 0.548828 0.063889 0.028906
0 0.701389 0.467578 0.052778 0.030469
0 0.727778 0.545312 0.05 0.026563
0 0.76875 0.548047 0.031944 0.017969
0 0.813194 0.567578 0.0375 0.021094
0 0.243056 0.416797 0.052778 0.025781
0 0.180556 0.382812 0.047222 0.025
0 0.635417 0.446484 0.068056 0.033594
0 0.679167 0.444141 0.05 0.024219
0 0.781944 0.362109 0.055556 0.033594
0 0.817361 0.45 0.015278 0.010938
0 0.706944 0.223047 0.069444 0.036719
0 0.69375 0.245703 0.048611 0.014844
0 0.721528 0.24375 0.029167 0.017188
0 0.331944 0.175781 0.077778 0.040625
0 0.625 0.338281 0.008333 0.017188
0 0.597917 0.344922 0.0125 0.008594
0 0.741667 0.372266 0.030556 0.011719
0 0.686111 0.367188 0.019444 0.014063
0 0.555556 0.584766 0.052778 0.028906
