0 0.606944 0.076172 0.061111 0.038281
0 0.570833 0.096875 0.055556 0.035938
0 0.470139 0.079688 0.045833 0.029688
0 0.4125 0.090234 0.05 0.032031
0 0.427778 0.065625 0.030556 0.01875
0 0.419444 0.114063 0.047222 0.020313
0 0.490972 0.1 0.0375 0.028125
0 0.758333 0.128125 0.058333 0.035938
0 0.711806 0.132812 0.029167 0.017188
0 0.585417 0.175781 0.048611 0.028125
0 0.392361 0.196875 0.048611 0.029688
0 0.357639 0.192578 0.0375 0.019531
0 0.311111 0.228125 0.036111 0.010938
0 0.333333 0.25625 0.052778 0.020313
0 0.582639 0.235547 0.040278 0.024219
0 0.665972 0.205078 0.020833 0.017969
0 0.732639 0.197656 0.031944 0.03125
0 0.834028 0.223828 0.048611 0.028906
0 0.752083 0.245703 0.045833 0.025781
0 0.702083 0.235547 0.045833 0.019531
0 0.686111 0.25625 0.022222 0.014063
0 0.642361 0.268359 0.056944 0.033594
0 0.601389 0.264453 0.030556 0.032031
0 0.809028 0.280469 0.054167 0.03125
0 0.743056 0.287891 0.044444 0.035156
0 0.434028 0.341406 0.056944 0.034375
0 0.283333 0.329688 0.041667 0.020313
0 0.332639 0.331641 0.031944 0.013281
0 0.844444 0.334375 0.075 0.039062
0 0.828472 0.366406 0.048611 0.021875
0 0.53125 0.432813 0.056944 0.032813
0 0.321528 0.396094 0.051389 0.028125
0 0.288194 0.377734 0.051389 0.021094
0 0.275694 0.403125 0.045833 0.029688
0 0.253472 0.432813 0.056944 0.026563
0 0.325 0.439063 0.041667 0.020313
0 0.411111 0.399219 0.036111 0.021875
0 0.370833 0.39375 0.044444 0.021875
0 0.450694 0.191797 0.0375 0.019531
0 0.377778 0.501953 0.047222 0.025781
0 0.221528 0.530469 0.043056 0.025
0 0.263194 0.541797 0.023611 0.019531
0 0.424306 0.573438 0.054167 0.03125
0 0.352083 0.577734 0.045833 0.027344
0 0.221528 0.617188 0.034722 0.01875
0 0.656944 0.511719 0.047222 0.023438
0 0.705556 0.507812 0.061111 0.035938
0 0.719444 0.485156 0.033333 0.009375
0 0.661111 0.528516 0.030556 0.010156
0 0.652083 0.544922 0.031944 0.025781
0 0.611806 0.542578 0.048611 0.025781
0 0.769444 0.579297 0.052778 0.027344
0 0.688889 0.585938 0.036111 0.025
0 0.744444 0.594531 0.041667 0.021875
0 0.443056 0.632422 0.052778 0.021094
0 0.55 0.589844 0.025 0.0125
0 0.602778 0.715234 0.036111 0.021094
0 0.869444 0.755078 0.052778 0.025781
0 0.922917 0.744531 0.043056 0.028125
0 0.380556 0.717969 0.052778 0.026563
0 0.272222 0.310547 0.030556 0.010156
0 0.401389 0.651172 0.038889 0.024219
0 0.752778 0.8 0.027778 0.020313
0 0.640972 0.744531 0.043056 0.01875
0 0.104861 0.774219 0.023611 0.0125
0 0.334028 0.547266 0.034722 0.019531
