0 0.911806 0.880469 0.045833 0.03125
0 0.415278 0.489453 0.077778 0.039844
0 0.621528 0.367188 0.065278 0.0375
0 0.973611 0.349609 0.05 0.032031
0 0.992361 0.365625 0.0125 0.017188
0 0.432639 0.40625 0.065278 0.035938
0 0.401389 0.460547 0.05 0.039844
0 0.492361 0.465625 0.026389 0.017188
0 0.470833 0.504688 0.061111 0.032813
0 0.465972 0.554297 0.051389 0.033594
0 0.426389 0.54375 0.027778 0.010938
0 0.965278 0.869141 0.061111 0.038281
0 0.527778 0.605078 0.038889 0.027344
0 0.727083 0.537891 0.043056 0.017969
0 0.684722 0.590625 0.044444 0.01875
0 0.882639 0.6625 0.020833 0.017188
0 0.911111 0.678125 0.030556 0.026563
0 0.973611 0.817578 0.05 0.028906
0 0.566667 0.594141 0.030556 0.021094
0 0.985417 0.387891 0.026389 0.014844
0 0.618056 0.546484 0.025 0.022656
0 0.874306 0.728125 0.040278 0.023438
0 0.627778 0.589453 0.041667 0.025781
0 0.170833 0.927734 0.061111 0.036719
0 0.0625 0.991406 0.038889 0.015625
0 0.090278 0.991797 0.05 0.013281
0 0.054861 0.959766 0.048611 0.021094
