0 0.523611 0.270703 0.038889 0.017969
0 0.60625 0.321875 0.034722 0.020313
0 0.458333 0.406641 0.047222 0.027344
0 0.526389 0.388672 0.041667 0.024219
0 0.5125 0.356641 0.033333 0.019531
0 0.621528 0.370313 0.031944 0.017188
0 0.977778 0.369531 0.033333 0.021875
0 0.619444 0.441406 0.038889 0.021875
0 0.529167 0.428125 0.038889 0.020313
0 0.461806 0.304297 0.045833 0.025781
0 0.375694 0.318359 0.026389 0.016406
0 0.236111 0.3625 0.036111 0.017188
0 0.044444 0.369141 0.030556 0.017969
0 0.028472 0.381641 0.034722 0.021094
0 0.413194 0.513281 0.0375 0.023438
0 0.508333 0.545703 0.044444 0.021094
0 0.598611 0.565234 0.033333 0.017969
0 0.710417 0.586719 0.0375 0.01875
0 0.719444 0.604688 0.041667 0.020313
0 0.64375 0.566016 0.031944 0.014844
0 0.379861 0.388281 0.034722 0.01875
0 0.330556 0.417969 0.036111 0.01875
0 0.279167 0.562109 0.038889 0.022656
0 0.35 0.55 0.036111 0.017188
0 0.450694 0.569922 0.034722 0.017969
0 0.438889 0.539453 0.036111 0.021094
0 0.135417 0.626563 0.043056 0.026563
0 0.723611 0.657422 0.05 0.024219
0 0.482639 0.713281 0.0375 0.021875
0 0.45625 0.721094 0.031944 0.021875
0 0.664583 0.683984 0.040278 0.019531
0 0.461111 0.642188 0.030556 0.017188
0 0.230556 0.669141 0.036111 0.022656
0 0.277778 0.623047 0.036111 0.022656
0 0.046528 0.616406 0.0375 0.020313
0 0.070139 0.525781 0.045833 0.0125
0 0.03125 0.511719 0.034722 0.020313
0 0.028472 0.492969 0.034722 0.015625
0 0.346528 0.527344 0.029167 0.017188
0 0.711806 0.628125 0.031944 0.014063
0 0.527778 0.483594 0.036111 0.01875
0 0.454167 0.523438 0.016667 0.014063
0 0.2875 0.475 0.038889 0.020313
0 0.426389 0.641406 0.027778 0.0125
0 0.6 0.605859 0.025 0.011719
0 0.077083 0.5125 0.054167 0.020313
0 0.020139 0.351953 0.029167 0.013281
0 0.376389 0.5625 0.022222 0.017188
0 0.190278 0.614453 0.033333 0.016406
0 0.543056 0.295703 0.016667 0.011719
0 0.603472 0.300391 0.026389 0.010156
0 0.651389 0.580469 0.027778 0.007812
0 0.631944 0.764453 0.030556 0.021094
0 0.652778 0.704297 0.030556 0.014844
