0 0.984028 0.826953 0.029167 0.014844
0 0.8625 0.767969 0.055556 0.045313
0 0.959028 0.731641 0.023611 0.011719
0 0.029167 0.819531 0.052778 0.023438
0 0.011806 0.794141 0.023611 0.017969
0 0.442361 0.741016 0.065278 0.039844
0 0.013889 0.705078 0.019444 0.025781
0 0.323611 0.688672 0.036111 0.013281
0 0.595833 0.713281 0.058333 0.025
0 0.630556 0.669141 0.025 0.019531
0 0.681944 0.663672 0.022222 0.024219
0 0.577083 0.666797 0.048611 0.028906
0 0.527778 0.679297 0.027778 0.010156
0 0.54375 0.655078 0.0375 0.011719
0 0.764583 0.635156 0.073611 0.04375
0 0.711111 0.635547 0.041667 0.021094
0 0.820139 0.662891 0.015278 0.014844
0 0.930556 0.640625 0.030556 0.004688
0 0.554167 0.583984 0.072222 0.041406
0 0.511806 0.597656 0.054167 0.039062
0 0.733333 0.573828 0.047222 0.027344
0 0.799306 0.590625 0.031944 0.014063
0 0.85 0.594531 0.069444 0.035938
0 0.504861 0.546875 0.031944 0.039062
0 0.864583 0.541406 0.068056 0.0375
0 0.801389 0.532031 0.061111 0.034375
0 0.940278 0.535156 0.013889 0.0125
0 0.619444 0.457422 0.030556 0.010156
0 0.970833 0.547266 0.022222 0.007031
0 0.613889 0.429688 0.044444 0.042188
0 0.75 0.428906 0.030556 0.00625
0 0.740278 0.363281 0.036111 0.028125
0 0.753472 0.387109 0.056944 0.021094
0 0.609722 0.359766 0.072222 0.035156
0 0.589583 0.341797 0.040278 0.021094
0 0.672917 0.143359 0.079167 0.049219
