0 0.990278 0.707031 0.016667 0.020313
0 0.966667 0.711328 0.041667 0.027344
0 0.928472 0.658594 0.051389 0.028125
0 0.859722 0.660547 0.063889 0.035156
0 0.819444 0.66875 0.072222 0.042188
0 0.770833 0.608594 0.016667 0.01875
0 0.751389 0.5625 0.055556 0.032813
0 0.723611 0.547266 0.055556 0.033594
0 0.631944 0.522656 0.05 0.03125
0 0.670139 0.519922 0.048611 0.024219
0 0.955556 0.440234 0.044444 0.022656
0 0.872917 0.444922 0.084722 0.044531
0 0.85625 0.397656 0.068056 0.028125
0 0.772222 0.323828 0.05 0.035156
0 0.808333 0.316406 0.058333 0.04375
0 0.9 0.35625 0.041667 0.026563
0 0.488194 0.127734 0.040278 0.021094
0 0.397222 0.121875 0.069444 0.039062
0 0.115278 0.023438 0.080556 0.046875
0 0.095139 0.046484 0.031944 0.014844
0 0.345139 0.252344 0.045833 0.01875
0 0.396528 0.284766 0.0375 0.038281
0 0.422917 0.260547 0.059722 0.041406
0 0.463194 0.224219 0.0625 0.046875
0 0.443056 0.345703 0.047222 0.022656
0 0.321528 0.326953 0.065278 0.014844
0 0.397222 0.337109 0.013889 0.011719
0 0.393056 0.41875 0.038889 0.035938
0 0.527778 0.504688 0.036111 0.026563
0 0.5 0.521094 0.063889 0.026563
0 0.448611 0.579297 0.052778 0.030469
0 0.427083 0.548047 0.020833 0.007031
0 0.410417 0.529687 0.0375 0.029688
0 0.379861 0.508203 0.043056 0.028906
0 0.383333 0.554297 0.066667 0.025781
0 0.355556 0.528906 0.063889 0.026563
0 0.379861 0.655469 0.070833 0.0375
0 0.109722 0.519141 0.05 0.038281
