0 0.802083 0.183984 0.056944 0.032031
0 0.380556 0.244922 0.052778 0.022656
0 0.686111 0.288672 0.052778 0.025781
0 0.778472 0.384766 0.0375 0.022656
0 0.704167 0.388281 0.066667 0.034375
0 0.840278 0.409375 0.027778 0.020313
0 0.784722 0.489453 0.044444 0.028906
0 0.022917 0.466016 0.043056 0.024219
0 0.678472 0.534375 0.065278 0.032813
0 0.926389 0.733594 0.055556 0.03125
0 0.866667 0.764063 0.058333 0.034375
0 0.727083 0.78125 0.054167 0.029688
0 0.524306 0.676563 0.051389 0.026563
0 0.504167 0.657031 0.044444 0.025
0 0.386111 0.733984 0.044444 0.025781
0 0.505556 0.699219 0.033333 0.021875
0 0.702778 0.219141 0.025 0.016406
0 0.434722 0.146484 0.033333 0.024219
0 0.40625 0.145313 0.031944 0.01875
0 0.436111 0.209766 0.030556 0.013281
0 0.347917 0.218359 0.015278 0.010156
0 0.480556 0.253906 0.038889 0.023438
0 0.739583 0.265625 0.020833 0.014063
0 0.660417 0.261719 0.043056 0.0125
0 0.818056 0.334766 0.041667 0.032031
0 0.685417 0.321484 0.045833 0.036719
0 0.646528 0.315625 0.0375 0.023438
0 0.566667 0.340625 0.058333 0.026563
0 0.169444 0.534766 0.019444 0.016406
0 0.327778 0.436719 0.066667 0.034375
0 0.517361 0.4125 0.056944 0.028125
0 0.558333 0.403906 0.030556 0.0125
0 0.703472 0.363281 0.018056 0.0125
0 0.809722 0.378125 0.033333 0.021875
0 0.838194 0.597266 0.059722 0.021094
0 0.901389 0.587891 0.027778 0.011719
0 0.800694 0.693359 0.059722 0.033594
0 0.716667 0.758594 0.047222 0.028125
0 0.573611 0.674609 0.033333 0.014844
0 0.552083 0.695703 0.045833 0.025781
0 0.477778 0.798438 0.058333 0.042188
0 0.265278 0.629688 0.027778 0.017188
0 0.270139 0.367188 0.023611 0.015625
0 0.016667 0.446094 0.027778 0.015625
0 0.854167 0.522266 0.022222 0.013281
0 0.825694 0.667578 0.051389 0.027344
0 0.773611 0.902734 0.05 0.021094
0 0.271528 0.802734 0.0375 0.021094
