0 0.7796296296296297 0.07994791666666666 0.02592592592592593 0.021354166666666667
0 0.7555555555555555 0.09036458333333333 0.024074074074074074 0.0234375
0 0.7731481481481481 0.10104166666666667 0.020370370370370372 0.013541666666666667
0 0.7569444444444444 0.1109375 0.019444444444444445 0.013541666666666667
0 0.7439814814814815 0.16536458333333334 0.026851851851851852 0.011979166666666666
0 0.7712962962962964 0.16927083333333334 0.020370370370370372 0.014583333333333334
0 0.9152777777777779 0.23958333333333334 0.026851851851851852 0.014583333333333334
0 0.8236111111111112 0.24479166666666666 0.015740740740740743 0.0125
0 0.7675925925925926 0.22760416666666666 0.022222222222222223 0.016666666666666666
0 0.9092592592592593 0.29375 0.020370370370370372 0.015625
0 0.9032407407407408 0.3578125 0.026851851851851852 0.014583333333333334
0 0.8962962962962964 0.38515625 0.02592592592592593 0.013020833333333334
0 0.7837962962962963 0.29010416666666666 0.026851851851851852 0.015625
0 0.712037037037037 0.26484375 0.02592592592592593 0.0171875
0 0.7194444444444444 0.22473958333333333 0.014814814814814815 0.013020833333333334
0 0.7333333333333334 0.22135416666666666 0.016666666666666666 0.009375
0 0.9578703703703704 0.41953124999999997 0.028703703703703703 0.013020833333333334
0 0.9726851851851852 0.46119791666666665 0.030555555555555558 0.0140625
0 0.8958333333333334 0.6588541666666666 0.017592592592592594 0.0125
0 0.800462962962963 0.625 0.025 0.015625
0 0.7953703703703704 0.5065104166666666 0.022222222222222223 0.013020833333333334
0 0.8231481481481482 0.40572916666666664 0.024074074074074074 0.013541666666666667
0 0.7958333333333334 0.36302083333333335 0.02314814814814815 0.0125
0 0.7861111111111111 0.33984375 0.022222222222222223 0.01614583333333333
0 0.7689814814814815 0.35572916666666665 0.017592592592592594 0.011458333333333333
0 0.6157407407407408 0.26953125 0.016666666666666666 0.0140625
0 0.5925925925925926 0.2752604166666667 0.022222222222222223 0.0171875
0 0.6342592592592593 0.3020833333333333 0.022222222222222223 0.016666666666666666
0 0.663425925925926 0.3458333333333333 0.025 0.015625
0 0.6064814814814815 0.39296875 0.02592592592592593 0.015104166666666667
0 0.750925925925926 0.5940104166666667 0.024074074074074074 0.015104166666666667
0 0.6074074074074074 0.5809895833333333 0.024074074074074074 0.0140625
0 0.4962962962962963 0.6328125 0.020370370370370372 0.014583333333333334
0 0.4388888888888889 0.5841145833333333 0.02592592592592593 0.015104166666666667
0 0.3416666666666667 0.6286458333333333 0.022222222222222223 0.013541666666666667
0 0.40740740740740744 0.53046875 0.016666666666666666 0.0109375
0 0.4342592592592593 0.49453125 0.024074074074074074 0.011979166666666666
0 0.425 0.43984375 0.02592592592592593 0.011979166666666666
0 0.40324074074074073 0.4809895833333333 0.02314814814814815 0.009895833333333333
0 0.3648148148148148 0.51328125 0.02592592592592593 0.015104166666666667
0 0.3824074074074074 0.46796875 0.022222222222222223 0.0140625
0 0.4050925925925926 0.36328125 0.026851851851851852 0.0140625
0 0.4305555555555556 0.39427083333333335 0.018518518518518517 0.015625
0 0.4430555555555556 0.3299479166666667 0.02314814814814815 0.0140625
0 0.5212962962962964 0.35 0.02592592592592593 0.016666666666666666
0 0.4814814814814815 0.3442708333333333 0.022222222222222223 0.0125
0 0.3962962962962963 0.26119791666666664 0.024074074074074074 0.0171875
0 0.3851851851851852 0.22526041666666666 0.022222222222222223 0.018229166666666668
0 0.42129629629629634 0.17526041666666667 0.024074074074074074 0.01614583333333333
0 0.3773148148148148 0.12213541666666666 0.021296296296296296 0.0171875
0 0.3337962962962963 0.3911458333333333 0.02314814814814815 0.015625
0 0.35879629629629634 0.3966145833333333 0.02314814814814815 0.011979166666666666
0 0.34351851851851856 0.40546875 0.024074074074074074 0.0140625
0 0.3231481481481482 0.40572916666666664 0.022222222222222223 0.014583333333333334
0 0.29212962962962963 0.5088541666666666 0.025 0.015625
0 0.2851851851851852 0.5395833333333333 0.016666666666666666 0.016666666666666666
0 0.4564814814814815 0.68203125 0.018518518518518517 0.01614583333333333
0 0.1824074074074074 0.7760416666666666 0.018518518518518517 0.01875
0 0.05694444444444444 0.8419270833333333 0.019444444444444445 0.01614583333333333
0 0.08611111111111111 0.728125 0.02962962962962963 0.015625
0 0.18101851851851852 0.6401041666666667 0.025 0.013541666666666667
0 0.02638888888888889 0.6291666666666667 0.017592592592592594 0.014583333333333334
0 0.06944444444444445 0.584375 0.03888888888888889 0.01875
0 0.13148148148148148 0.55546875 0.02777777777777778 0.013020833333333334
0 0.18564814814814815 0.58671875 0.025 0.013020833333333334
0 0.022222222222222223 0.57265625 0.02962962962962963 0.0171875
0 0.13935185185185187 0.5 0.028703703703703703 0.017708333333333333
0 0.11851851851851852 0.47239583333333335 0.031481481481481485 0.017708333333333333
0 0.015277777777777779 0.4671875 0.028703703703703703 0.015625
0 0.09212962962962963 0.42604166666666665 0.03981481481481482 0.019791666666666666
0 0.1574074074074074 0.41484375 0.02592592592592593 0.013020833333333334
0 0.13657407407407407 0.36015625 0.032407407407407406 0.01614583333333333
0 0.09166666666666667 0.3528645833333333 0.03518518518518519 0.019270833333333334
0 0.20046296296296298 0.32109375 0.02314814814814815 0.011979166666666666
0 0.06296296296296297 0.29192708333333334 0.018518518518518517 0.013020833333333334
0 0.017592592592592594 0.24973958333333332 0.03333333333333333 0.019270833333333334
0 0.04583333333333334 0.1984375 0.026851851851851852 0.017708333333333333
0 0.6398148148148148 0.4278645833333333 0.018518518518518517 0.013020833333333334
0 0.5393518518518519 0.56875 0.017592592592592594 0.0125
0 0.5532407407407408 0.5361979166666666 0.025 0.011979166666666666
0 0.027314814814814816 0.19479166666666667 0.02314814814814815 0.01875
0 0.0587962962962963 0.3333333333333333 0.021296296296296296 0.008333333333333333
0 0.11157407407407408 0.6671875 0.03425925925925926 0.013541666666666667
0 0.4851851851851852 0.3059895833333333 0.016666666666666666 0.0067708333333333336
0 0.5027777777777778 0.37890625 0.012962962962962964 0.0078125
0 0.7351851851851852 0.46119791666666665 0.022222222222222223 0.009895833333333333
0 0.7722222222222223 0.3346354166666667 0.016666666666666666 0.005729166666666666
0 0.7268518518518519 0.14010416666666667 0.020370370370370372 0.011458333333333333
