0 0.800462962962963 0.08203125 0.026851851851851852 0.021354166666666667
0 0.775462962962963 0.09270833333333334 0.025 0.022916666666666665
0 0.7930555555555556 0.10338541666666666 0.021296296296296296 0.013020833333333334
0 0.7768518518518519 0.11302083333333333 0.020370370370370372 0.0125
0 0.7615740740740741 0.16744791666666667 0.028703703703703703 0.0109375
0 0.7902777777777779 0.17083333333333334 0.021296296296296296 0.014583333333333334
0 0.9333333333333333 0.240625 0.02592592592592593 0.015625
0 0.8416666666666667 0.24661458333333333 0.016666666666666666 0.013020833333333334
0 0.7870370370370371 0.22890625 0.024074074074074074 0.0171875
0 0.9277777777777778 0.29453125 0.022222222222222223 0.015104166666666667
0 0.9208333333333334 0.35859375 0.026851851851851852 0.015104166666666667
0 0.912962962962963 0.38645833333333335 0.02592592592592593 0.013541666666666667
0 0.8027777777777778 0.2911458333333333 0.02777777777777778 0.015625
0 0.7310185185185185 0.26640625 0.025 0.0171875
0 0.737037037037037 0.2265625 0.016666666666666666 0.0125
0 0.7513888888888889 0.22291666666666665 0.017592592592592594 0.009375
0 0.9791666666666667 0.4205729166666667 0.028703703703703703 0.0140625
0 0.9893518518518519 0.4622395833333333 0.021296296296296296 0.015104166666666667
0 0.9092592592592593 0.6598958333333333 0.022222222222222223 0.0125
0 0.8194444444444445 0.625 0.022222222222222223 0.016666666666666666
0 0.8125 0.50703125 0.02314814814814815 0.013020833333333334
0 0.8416666666666667 0.4067708333333333 0.02592592592592593 0.013541666666666667
0 0.8138888888888889 0.3638020833333333 0.022222222222222223 0.011979166666666666
0 0.8046296296296297 0.34140625 0.024074074074074074 0.015104166666666667
0 0.7870370370370371 0.35625 0.018518518518518517 0.010416666666666666
0 0.6361111111111112 0.27109375 0.014814814814814815 0.013020833333333334
0 0.6125 0.27682291666666664 0.02314814814814815 0.018229166666666668
0 0.6527777777777778 0.303125 0.020370370370370372 0.017708333333333333
0 0.6800925925925926 0.3463541666666667 0.021296296296296296 0.017708333333333333
0 0.6245370370370371 0.39375 0.025 0.015625
0 0.7708333333333334 0.59453125 0.02314814814814815 0.015104166666666667
0 0.6273148148148149 0.5809895833333333 0.025 0.013020833333333334
0 0.5157407407407407 0.6325520833333333 0.020370370370370372 0.0140625
0 0.45740740740740743 0.584375 0.024074074074074074 0.015625
0 0.3615740740740741 0.62890625 0.025 0.013020833333333334
0 0.425 0.5307291666666667 0.016666666666666666 0.011458333333333333
0 0.4527777777777778 0.49505208333333334 0.024074074074074074 0.011979166666666666
0 0.4430555555555556 0.44088541666666664 0.025 0.013020833333333334
0 0.4222222222222222 0.48072916666666665 0.024074074074074074 0.009375
0 0.38472222222222224 0.5138020833333333 0.025 0.01614583333333333
0 0.4013888888888889 0.46901041666666665 0.025 0.013020833333333334
0 0.42824074074074076 0.3645833333333333 0.026851851851851852 0.014583333333333334
0 0.45 0.3953125 0.020370370370370372 0.015625
0 0.46435185185185185 0.33046875 0.025 0.013020833333333334
0 0.5402777777777777 0.35078125 0.026851851851851852 0.01614583333333333
0 0.5013888888888889 0.3453125 0.02314814814814815 0.014583333333333334
0 0.4152777777777778 0.26276041666666666 0.025 0.0171875
0 0.4041666666666667 0.22630208333333332 0.021296296296296296 0.018229166666666668
0 0.44074074074074077 0.17630208333333333 0.024074074074074074 0.01614583333333333
0 0.39675925925925926 0.12317708333333333 0.025 0.015104166666666667
0 0.3513888888888889 0.3911458333333333 0.026851851851851852 0.016666666666666666
0 0.3768518518518519 0.39791666666666664 0.024074074074074074 0.0125
0 0.3615740740740741 0.40598958333333335 0.025 0.013020833333333334
0 0.3416666666666667 0.4067708333333333 0.024074074074074074 0.014583333333333334
0 0.3125 0.5091145833333334 0.025 0.019270833333333334
0 0.3078703703703704 0.5393229166666667 0.017592592592592594 0.015104166666666667
0 0.4759259259259259 0.6822916666666666 0.018518518518518517 0.014583333333333334
0 0.20555555555555557 0.7755208333333333 0.022222222222222223 0.017708333333333333
0 0.07916666666666666 0.840625 0.017592592592592594 0.016666666666666666
0 0.10833333333333334 0.7278645833333334 0.02777777777777778 0.01614583333333333
0 0.20324074074074075 0.63984375 0.025 0.013020833333333334
0 0.049074074074074076 0.6294270833333333 0.014814814814814815 0.01614583333333333
0 0.0962962962962963 0.5838541666666667 0.03888888888888889 0.01875
0 0.15601851851851853 0.5557291666666666 0.028703703703703703 0.013541666666666667
0 0.20370370370370372 0.58671875 0.02777777777777778 0.011979166666666666
0 0.046759259259259264 0.5723958333333333 0.032407407407407406 0.017708333333333333
0 0.16481481481481483 0.49973958333333335 0.02962962962962963 0.01614583333333333
0 0.1425925925925926 0.4731770833333333 0.037037037037037035 0.015104166666666667
0 0.034722222222222224 0.46822916666666664 0.032407407407407406 0.016666666666666666
0 0.1175925925925926 0.42604166666666665 0.040740740740740744 0.01875
0 0.17685185185185187 0.41562499999999997 0.024074074074074074 0.013541666666666667
0 0.16064814814814815 0.36041666666666666 0.036111111111111115 0.015625
0 0.11574074074074074 0.3533854166666667 0.03518518518518519 0.018229166666666668
0 0.2199074074074074 0.3216145833333333 0.025 0.009895833333333333
0 0.0837962962962963 0.29270833333333335 0.019444444444444445 0.0125
0 0.037037037037037035 0.24973958333333332 0.03518518518518519 0.018229166666666668
0 0.06805555555555556 0.19947916666666665 0.030555555555555558 0.016666666666666666
0 0.6569444444444444 0.42942708333333335 0.015740740740740743 0.013020833333333334
0 0.5736111111111112 0.5372395833333333 0.026851851851851852 0.011979166666666666
0 0.5569444444444445 0.5692708333333333 0.021296296296296296 0.014583333333333334
0 0.04861111111111111 0.19635416666666666 0.02314814814814815 0.017708333333333333
0 0.09027777777777778 0.34765625 0.026851851851851852 0.015104166666666667
0 0.011574074074074075 0.4979166666666667 0.021296296296296296 0.015625
0 0.009259259259259259 0.5127604166666666 0.016666666666666666 0.0140625
0 0.010648148148148148 0.6869791666666667 0.019444444444444445 0.014583333333333334
0 0.016203703703703703 0.7489583333333333 0.028703703703703703 0.014583333333333334
0 0.13333333333333333 0.6669270833333333 0.03333333333333333 0.011979166666666666
0 0.5032407407407408 0.30755208333333334 0.017592592592592594 0.0078125
0 0.5217592592592593 0.3802083333333333 0.012037037037037037 0.007291666666666667
0 0.75 0.46197916666666666 0.022222222222222223 0.009375
0 0.7898148148148149 0.33515625 0.018518518518518517 0.005729166666666666
0 0.7416666666666667 0.14270833333333333 0.020370370370370372 0.010416666666666666
