0 0.8083333333333333 0.08333333333333333 0.02777777777777778 0.020833333333333332
0 0.7837962962962963 0.09348958333333333 0.025 0.0234375
0 0.8013888888888889 0.10416666666666667 0.021296296296296296 0.0125
0 0.7847222222222222 0.11432291666666666 0.019444444444444445 0.013020833333333334
0 0.7685185185185186 0.16796875 0.02962962962962963 0.0109375
0 0.7976851851851852 0.171875 0.021296296296296296 0.014583333333333334
0 0.9398148148148149 0.24114583333333334 0.02592592592592593 0.014583333333333334
0 0.8476851851851852 0.24713541666666666 0.015740740740740743 0.013020833333333334
0 0.7949074074074074 0.22942708333333334 0.02314814814814815 0.0171875
0 0.9337962962962963 0.2950520833333333 0.021296296296296296 0.015104166666666667
0 0.9282407407407408 0.35885416666666664 0.026851851851851852 0.015625
0 0.9208333333333334 0.38645833333333335 0.025 0.013541666666666667
0 0.8101851851851852 0.29140625 0.02777777777777778 0.01614583333333333
0 0.7384259259259259 0.2669270833333333 0.025 0.0171875
0 0.7425925925925926 0.22734374999999998 0.016666666666666666 0.013020833333333334
0 0.7583333333333334 0.22369791666666666 0.016666666666666666 0.009895833333333333
0 0.9865740740740742 0.4203125 0.026851851851851852 0.014583333333333334
0 0.9925925925925926 0.46197916666666666 0.014814814814814815 0.015625
0 0.9162037037037037 0.6591145833333333 0.02314814814814815 0.013020833333333334
0 0.8277777777777778 0.625 0.022222222222222223 0.016666666666666666
0 0.8199074074074074 0.5072916666666667 0.02314814814814815 0.013541666666666667
0 0.8490740740740741 0.40703125 0.02592592592592593 0.013020833333333334
0 0.8222222222222223 0.3638020833333333 0.022222222222222223 0.011979166666666666
0 0.8111111111111111 0.3419270833333333 0.024074074074074074 0.015104166666666667
0 0.7949074074074074 0.3567708333333333 0.017592592592592594 0.010416666666666666
0 0.6435185185185185 0.2713541666666667 0.014814814814814815 0.0125
0 0.6222222222222222 0.27734375 0.022222222222222223 0.018229166666666668
0 0.6606481481481482 0.30390625 0.019444444444444445 0.0171875
0 0.6870370370370371 0.34713541666666664 0.022222222222222223 0.0171875
0 0.6324074074074074 0.39427083333333335 0.02592592592592593 0.015625
0 0.7805555555555556 0.59453125 0.022222222222222223 0.015104166666666667
0 0.6365740740740741 0.5815104166666667 0.025 0.013020833333333334
0 0.5236111111111111 0.6325520833333333 0.019444444444444445 0.0140625
0 0.4666666666666667 0.5848958333333333 0.024074074074074074 0.015625
0 0.3703703703703704 0.6286458333333333 0.024074074074074074 0.013541666666666667
0 0.4324074074074074 0.53125 0.016666666666666666 0.011458333333333333
0 0.46111111111111114 0.49557291666666664 0.024074074074074074 0.011979166666666666
0 0.4513888888888889 0.44114583333333335 0.026851851851851852 0.013541666666666667
0 0.42962962962962964 0.4817708333333333 0.024074074074074074 0.009375
0 0.39351851851851855 0.5140625 0.02592592592592593 0.015625
0 0.40972222222222227 0.4692708333333333 0.02314814814814815 0.013541666666666667
0 0.4365740740740741 0.3651041666666667 0.026851851851851852 0.014583333333333334
0 0.45833333333333337 0.3953125 0.018518518518518517 0.015625
0 0.47361111111111115 0.3307291666666667 0.025 0.0125
0 0.5486111111111112 0.35130208333333335 0.026851851851851852 0.01614583333333333
0 0.5087962962962963 0.3455729166666667 0.02314814814814815 0.0140625
0 0.42314814814814816 0.26328125 0.024074074074074074 0.0171875
0 0.4115740740740741 0.22734374999999998 0.021296296296296296 0.018229166666666668
0 0.4481481481481482 0.17734375 0.024074074074074074 0.01614583333333333
0 0.4050925925925926 0.12447916666666667 0.025 0.014583333333333334
0 0.3601851851851852 0.39166666666666666 0.02592592592592593 0.016666666666666666
0 0.3851851851851852 0.39817708333333335 0.024074074074074074 0.013020833333333334
0 0.3685185185185185 0.40651041666666665 0.024074074074074074 0.013020833333333334
0 0.34953703703703703 0.40703125 0.02314814814814815 0.0140625
0 0.3199074074074074 0.509375 0.02314814814814815 0.019791666666666666
0 0.31712962962962965 0.53984375 0.017592592592592594 0.015104166666666667
0 0.4842592592592593 0.6825520833333333 0.018518518518518517 0.015104166666666667
0 0.2162037037037037 0.7755208333333333 0.021296296296296296 0.017708333333333333
0 0.09166666666666667 0.8408854166666666 0.018518518518518517 0.0171875
0 0.1175925925925926 0.7278645833333334 0.02777777777777778 0.01614583333333333
0 0.2138888888888889 0.63984375 0.02777777777777778 0.0140625
0 0.06018518518518519 0.6294270833333333 0.014814814814814815 0.01614583333333333
0 0.1087962962962963 0.5841145833333333 0.03796296296296296 0.019270833333333334
0 0.16805555555555557 0.5557291666666666 0.028703703703703703 0.013541666666666667
0 0.21203703703703705 0.5864583333333333 0.02592592592592593 0.011458333333333333
0 0.05787037037037037 0.5729166666666666 0.032407407407407406 0.017708333333333333
0 0.17592592592592593 0.5002604166666667 0.02962962962962963 0.01614583333333333
0 0.1537037037037037 0.4739583333333333 0.037037037037037035 0.014583333333333334
0 0.04537037037037037 0.46848958333333335 0.031481481481481485 0.01614583333333333
0 0.12962962962962962 0.4265625 0.040740740740740744 0.01875
0 0.1851851851851852 0.4158854166666667 0.022222222222222223 0.013020833333333334
0 0.1712962962962963 0.3606770833333333 0.03518518518518519 0.015104166666666667
0 0.1277777777777778 0.3546875 0.03518518518518519 0.01875
0 0.22777777777777777 0.3221354166666667 0.024074074074074074 0.009895833333333333
0 0.09398148148148149 0.29401041666666666 0.019444444444444445 0.011979166666666666
0 0.046759259259259264 0.25078125 0.03425925925925926 0.018229166666666668
0 0.07731481481481482 0.20052083333333334 0.030555555555555558 0.016666666666666666
0 0.6643518518518519 0.42864583333333334 0.017592592592592594 0.011458333333333333
0 0.5824074074074075 0.5372395833333333 0.02592592592592593 0.011979166666666666
0 0.5643518518518519 0.56953125 0.02314814814814815 0.0140625
0 0.007407407407407408 0.23880208333333333 0.012962962962962964 0.018229166666666668
0 0.05694444444444444 0.19739583333333333 0.02314814814814815 0.017708333333333333
0 0.09953703703703703 0.3578125 0.028703703703703703 0.011458333333333333
0 0.020370370370370372 0.4979166666666667 0.02777777777777778 0.015625
0 0.014814814814814815 0.5138020833333333 0.02592592592592593 0.015104166666666667
0 0.006944444444444445 0.53125 0.010185185185185186 0.016666666666666666
0 0.009722222222222222 0.5885416666666666 0.017592592592592594 0.0125
0 0.015277777777777779 0.6864583333333333 0.026851851851851852 0.014583333333333334
0 0.025 0.74921875 0.03333333333333333 0.0140625
0 0.1425925925925926 0.6666666666666666 0.031481481481481485 0.011458333333333333
0 0.08842592592592594 0.59140625 0.025 0.0109375
0 0.5106481481481482 0.30833333333333335 0.017592592592592594 0.008333333333333333
0 0.5300925925925926 0.3802083333333333 0.012037037037037037 0.008333333333333333
0 0.7569444444444444 0.4622395833333333 0.021296296296296296 0.009895833333333333
0 0.7967592592592593 0.33567708333333335 0.015740740740740743 0.005729166666666666
0 0.7476851851851852 0.14296875 0.019444444444444445 0.009895833333333333
0 0.3652777777777778 0.35911458333333335 0.01388888888888889 0.013020833333333334
