0 0.8166666666666667 0.08463541666666667 0.02777777777777778 0.021354166666666667
0 0.7916666666666667 0.09505208333333333 0.02592592592592593 0.0234375
0 0.8087962962962963 0.10572916666666667 0.021296296296296296 0.0125
0 0.7916666666666667 0.11536458333333333 0.020370370370370372 0.013020833333333334
0 0.775 0.16953125 0.02962962962962963 0.0109375
0 0.8050925925925926 0.17265625 0.021296296296296296 0.0140625
0 0.9472222222222223 0.24244791666666665 0.02592592592592593 0.015104166666666667
0 0.8555555555555556 0.24791666666666667 0.014814814814814815 0.0125
0 0.8023148148148148 0.23098958333333333 0.02314814814814815 0.0171875
0 0.9412037037037038 0.29609375 0.021296296296296296 0.015104166666666667
0 0.9351851851851852 0.359375 0.02777777777777778 0.015625
0 0.9282407407407408 0.38697916666666665 0.025 0.013541666666666667
0 0.8175925925925926 0.29244791666666664 0.02777777777777778 0.01614583333333333
0 0.7458333333333333 0.2674479166666667 0.025 0.0171875
0 0.750462962962963 0.228125 0.015740740740740743 0.0125
0 0.7652777777777778 0.22447916666666667 0.017592592592592594 0.010416666666666666
0 0.9907407407407408 0.42083333333333334 0.018518518518518517 0.014583333333333334
0 0.9217592592592593 0.66015625 0.025 0.013020833333333334
0 0.8356481481481481 0.6255208333333333 0.02314814814814815 0.016666666666666666
0 0.8282407407407407 0.5075520833333333 0.02314814814814815 0.013020833333333334
0 0.8560185185185185 0.40729166666666666 0.026851851851851852 0.013541666666666667
0 0.8291666666666667 0.36432291666666666 0.021296296296296296 0.011979166666666666
0 0.8199074074074074 0.3424479166666667 0.025 0.015104166666666667
0 0.8027777777777778 0.3572916666666667 0.018518518518518517 0.010416666666666666
0 0.6513888888888889 0.27239583333333334 0.01388888888888889 0.0125
0 0.6305555555555555 0.278125 0.024074074074074074 0.017708333333333333
0 0.6680555555555556 0.3046875 0.017592592592592594 0.017708333333333333
0 0.6953703703703704 0.34739583333333335 0.022222222222222223 0.017708333333333333
0 0.6402777777777778 0.3950520833333333 0.025 0.015104166666666667
0 0.788888888888889 0.5947916666666666 0.022222222222222223 0.014583333333333334
0 0.6458333333333334 0.58203125 0.025 0.013020833333333334
0 0.5319444444444444 0.63359375 0.019444444444444445 0.0140625
0 0.47500000000000003 0.5846354166666666 0.024074074074074074 0.015104166666666667
0 0.3791666666666667 0.6291666666666667 0.025 0.013541666666666667
0 0.44074074074074077 0.5317708333333333 0.016666666666666666 0.011458333333333333
0 0.4689814814814815 0.49557291666666664 0.02314814814814815 0.011979166666666666
0 0.4587962962962963 0.44036458333333334 0.025 0.015104166666666667
0 0.43703703703703706 0.48203124999999997 0.024074074074074074 0.009895833333333333
0 0.4013888888888889 0.5145833333333333 0.025 0.015625
0 0.4175925925925926 0.46979166666666666 0.024074074074074074 0.013541666666666667
0 0.44583333333333336 0.365625 0.026851851851851852 0.014583333333333334
0 0.46620370370370373 0.39609375 0.021296296296296296 0.015104166666666667
0 0.48240740740740745 0.33177083333333335 0.024074074074074074 0.0125
0 0.5564814814814815 0.35182291666666665 0.02592592592592593 0.01614583333333333
0 0.5171296296296296 0.3463541666666667 0.02314814814814815 0.014583333333333334
0 0.4300925925925926 0.2635416666666667 0.025 0.016666666666666666
0 0.41944444444444445 0.22838541666666667 0.020370370370370372 0.018229166666666668
0 0.45555555555555555 0.17864583333333334 0.024074074074074074 0.016666666666666666
0 0.41250000000000003 0.12552083333333333 0.025 0.014583333333333334
0 0.36712962962962964 0.39296875 0.025 0.01614583333333333
0 0.39212962962962966 0.39869791666666665 0.02314814814814815 0.013020833333333334
0 0.3763888888888889 0.40703125 0.025 0.013020833333333334
0 0.3564814814814815 0.4075520833333333 0.024074074074074074 0.0140625
0 0.3287037037037037 0.5096354166666667 0.024074074074074074 0.0203125
0 0.32592592592592595 0.5401041666666666 0.016666666666666666 0.014583333333333334
0 0.49212962962962964 0.6825520833333333 0.017592592592592594 0.015104166666666667
0 0.22777777777777777 0.77578125 0.022222222222222223 0.018229166666666668
0 0.10231481481481482 0.840625 0.019444444444444445 0.017708333333333333
0 0.1277777777777778 0.728125 0.02777777777777778 0.015625
0 0.22361111111111112 0.6401041666666667 0.028703703703703703 0.013541666666666667
0 0.07083333333333333 0.6294270833333333 0.015740740740740743 0.01614583333333333
0 0.11944444444444445 0.584375 0.037037037037037035 0.01875
0 0.1787037037037037 0.55625 0.02777777777777778 0.013541666666666667
0 0.21944444444444444 0.5872395833333334 0.02592592592592593 0.011979166666666666
0 0.06759259259259259 0.5734375 0.03333333333333333 0.016666666666666666
0 0.1865740740740741 0.5010416666666666 0.028703703703703703 0.016666666666666666
0 0.16435185185185186 0.4744791666666667 0.036111111111111115 0.014583333333333334
0 0.05462962962962963 0.46901041666666665 0.031481481481481485 0.01614583333333333
0 0.14027777777777778 0.4270833333333333 0.03981481481481482 0.01875
0 0.19444444444444445 0.4161458333333333 0.020370370370370372 0.0125
0 0.18055555555555555 0.3614583333333333 0.03518518518518519 0.014583333333333334
0 0.13842592592592592 0.35494791666666664 0.03425925925925926 0.018229166666666668
0 0.23564814814814816 0.3229166666666667 0.02314814814814815 0.010416666666666666
0 0.10231481481481482 0.2947916666666667 0.019444444444444445 0.0125
0 0.05555555555555556 0.2513020833333333 0.03333333333333333 0.0171875
0 0.08564814814814815 0.2015625 0.030555555555555558 0.016666666666666666
0 0.6722222222222223 0.4296875 0.018518518518518517 0.011458333333333333
0 0.5912037037037037 0.5380208333333333 0.026851851851851852 0.0125
0 0.5699074074074074 0.5700520833333333 0.02314814814814815 0.0140625
0 0.011574074074074075 0.23932291666666666 0.021296296296296296 0.0171875
0 0.06620370370370371 0.1984375 0.02314814814814815 0.017708333333333333
0 0.08333333333333334 0.3619791666666667 0.024074074074074074 0.013541666666666667
0 0.030092592592592594 0.4984375 0.028703703703703703 0.015625
0 0.008333333333333333 0.4953125 0.014814814814814815 0.011458333333333333
0 0.022685185185185187 0.5145833333333333 0.030555555555555558 0.014583333333333334
0 0.011111111111111112 0.53203125 0.020370370370370372 0.0171875
0 0.01712962962962963 0.5895833333333333 0.02314814814814815 0.013541666666666667
0 0.02361111111111111 0.6854166666666667 0.030555555555555558 0.013541666666666667
0 0.03518518518518519 0.7497395833333333 0.031481481481481485 0.015104166666666667
0 0.15324074074074073 0.6666666666666666 0.030555555555555558 0.011458333333333333
0 0.09861111111111112 0.5908854166666666 0.025 0.0109375
0 0.5194444444444445 0.3098958333333333 0.018518518518518517 0.009375
0 0.5370370370370371 0.3809895833333333 0.012962962962962964 0.008854166666666666
0 0.763425925925926 0.4622395833333333 0.021296296296296296 0.009895833333333333
0 0.8037037037037037 0.3364583333333333 0.016666666666666666 0.00625
0 0.7527777777777778 0.14453125 0.020370370370370372 0.0109375
0 0.3731481481481482 0.3606770833333333 0.012962962962962964 0.013020833333333334
