0 0.1638888888888889 0.0875 0.02777777777777778 0.020833333333333332
0 0.18935185185185185 0.09791666666666667 0.026851851851851852 0.02395833333333333
0 0.1736111111111111 0.10859375 0.021296296296296296 0.011979166666666666
0 0.1962962962962963 0.11562499999999999 0.02962962962962963 0.019791666666666666
0 0.2101851851851852 0.171875 0.02962962962962963 0.011458333333333333
0 0.17824074074074076 0.17473958333333334 0.021296296296296296 0.0140625
0 0.03657407407407408 0.24427083333333333 0.025 0.014583333333333334
0 0.12962962962962962 0.25078125 0.014814814814814815 0.009895833333333333
0 0.17962962962962964 0.23255208333333333 0.024074074074074074 0.0171875
0 0.043055555555555555 0.29765625 0.021296296296296296 0.015104166666666667
0 0.049074074074074076 0.3614583333333333 0.02777777777777778 0.015625
0 0.05601851851851852 0.3885416666666667 0.025 0.013541666666666667
0 0.16666666666666669 0.29401041666666666 0.02777777777777778 0.01614583333333333
0 0.23796296296296296 0.26979166666666665 0.02592592592592593 0.017708333333333333
0 0.23472222222222222 0.23098958333333333 0.017592592592592594 0.0140625
0 0.2189814814814815 0.2265625 0.019444444444444445 0.010416666666666666
0 0.06944444444444445 0.6611979166666666 0.022222222222222223 0.013020833333333334
0 0.1486111111111111 0.6265625 0.02314814814814815 0.016666666666666666
0 0.1564814814814815 0.5091145833333334 0.024074074074074074 0.013020833333333334
0 0.12638888888888888 0.409375 0.026851851851851852 0.013541666666666667
0 0.1550925925925926 0.3653645833333333 0.021296296296296296 0.011979166666666666
0 0.16574074074074074 0.34401041666666665 0.024074074074074074 0.015104166666666667
0 0.1837962962962963 0.3598958333333333 0.02314814814814815 0.0125
0 0.32916666666666666 0.2739583333333333 0.012037037037037037 0.0125
0 0.35185185185185186 0.28072916666666664 0.024074074074074074 0.019791666666666666
0 0.3148148148148148 0.3065104166666667 0.018518518518518517 0.0171875
0 0.2898148148148148 0.35 0.022222222222222223 0.017708333333333333
0 0.3439814814814815 0.3963541666666667 0.02314814814814815 0.015625
0 0.19305555555555556 0.59609375 0.021296296296296296 0.015104166666666667
0 0.33796296296296297 0.5833333333333334 0.02592592592592593 0.013541666666666667
0 0.4513888888888889 0.6338541666666666 0.019444444444444445 0.014583333333333334
0 0.5083333333333333 0.5856770833333333 0.024074074074074074 0.015104166666666667
0 0.6046296296296296 0.6302083333333334 0.024074074074074074 0.013541666666666667
0 0.5444444444444445 0.5322916666666666 0.016666666666666666 0.011458333333333333
0 0.5162037037037037 0.496875 0.02314814814814815 0.0125
0 0.5263888888888889 0.4421875 0.02314814814814815 0.015625
0 0.5476851851851852 0.4830729166666667 0.02314814814814815 0.009895833333333333
0 0.5810185185185185 0.515625 0.025 0.015625
0 0.5657407407407408 0.4713541666666667 0.024074074074074074 0.013541666666666667
0 0.5347222222222222 0.36744791666666665 0.026851851851851852 0.0140625
0 0.5180555555555556 0.3971354166666667 0.021296296296296296 0.01614583333333333
0 0.49953703703703706 0.33307291666666666 0.025 0.011979166666666666
0 0.4273148148148148 0.3536458333333333 0.026851851851851852 0.016666666666666666
0 0.46620370370370373 0.34765625 0.02314814814814815 0.015104166666666667
0 0.5532407407407408 0.2661458333333333 0.025 0.016666666666666666
0 0.5638888888888889 0.23072916666666665 0.020370370370370372 0.017708333333333333
0 0.5268518518518519 0.18072916666666666 0.024074074074074074 0.016666666666666666
0 0.5708333333333333 0.128125 0.025 0.014583333333333334
0 0.6162037037037037 0.39348958333333334 0.026851851851851852 0.0171875
0 0.5930555555555556 0.4002604166666667 0.02314814814814815 0.011979166666666666
0 0.6087962962962963 0.40859375 0.025 0.013020833333333334
0 0.6296296296296297 0.40911458333333334 0.024074074074074074 0.0140625
0 0.6541666666666667 0.5098958333333333 0.02314814814814815 0.019791666666666666
0 0.6550925925925927 0.54140625 0.015740740740740743 0.0140625
0 0.4912037037037037 0.6838541666666667 0.017592592592592594 0.014583333333333334
0 0.7527777777777778 0.7768229166666667 0.022222222222222223 0.018229166666666668
0 0.8777777777777778 0.84140625 0.018518518518518517 0.0171875
0 0.8541666666666667 0.7294270833333333 0.028703703703703703 0.01614583333333333
0 0.7597222222222223 0.6411458333333333 0.026851851851851852 0.014583333333333334
0 0.9097222222222222 0.6309895833333333 0.015740740740740743 0.01614583333333333
0 0.8583333333333334 0.5854166666666667 0.037037037037037035 0.01875
0 0.799537037037037 0.5567708333333333 0.028703703703703703 0.013541666666666667
0 0.7652777777777778 0.58828125 0.025 0.011979166666666666
0 0.9125000000000001 0.5752604166666666 0.032407407407407406 0.01614583333333333
0 0.7925925925925926 0.5018229166666667 0.02777777777777778 0.01614583333333333
0 0.8152777777777778 0.47604166666666664 0.036111111111111115 0.015625
0 0.9273148148148148 0.4705729166666667 0.030555555555555558 0.01614583333333333
0 0.837962962962963 0.42916666666666664 0.03888888888888889 0.01875
0 0.787962962962963 0.41901041666666666 0.016666666666666666 0.011979166666666666
0 0.799537037037037 0.36432291666666666 0.032407407407407406 0.013020833333333334
0 0.8407407407407408 0.3567708333333333 0.03333333333333333 0.017708333333333333
0 0.7481481481481482 0.32421875 0.024074074074074074 0.009895833333333333
0 0.8791666666666667 0.296875 0.019444444444444445 0.0125
0 0.9273148148148148 0.25364583333333335 0.032407407407407406 0.017708333333333333
0 0.8953703703703704 0.20416666666666666 0.02962962962962963 0.016666666666666666
0 0.31157407407407406 0.43124999999999997 0.019444444444444445 0.014583333333333334
0 0.39166666666666666 0.5393229166666667 0.02777777777777778 0.011979166666666666
0 0.4152777777777778 0.5705729166666667 0.019444444444444445 0.0140625
0 0.9736111111111111 0.24166666666666667 0.028703703703703703 0.016666666666666666
0 0.9162037037037037 0.20052083333333334 0.02314814814814815 0.017708333333333333
0 0.8819444444444445 0.3768229166666667 0.025 0.01614583333333333
0 0.951388888888889 0.49973958333333335 0.028703703703703703 0.015104166666666667
0 0.9717592592592593 0.496875 0.019444444444444445 0.010416666666666666
0 0.9587962962962964 0.515625 0.030555555555555558 0.014583333333333334
0 0.9944444444444445 0.5153645833333333 0.012962962962962964 0.0140625
0 0.976388888888889 0.5330729166666667 0.03425925925925926 0.0171875
0 0.9638888888888889 0.5903645833333333 0.024074074074074074 0.0140625
0 0.9597222222222223 0.6880208333333333 0.026851851851851852 0.014583333333333334
0 0.9462962962962963 0.7505208333333333 0.031481481481481485 0.014583333333333334
0 0.8282407407407407 0.6677083333333333 0.028703703703703703 0.011458333333333333
0 0.8847222222222223 0.5916666666666667 0.02314814814814815 0.010416666666666666
0 0.46481481481481485 0.31171875 0.018518518518518517 0.0109375
0 0.44583333333333336 0.3828125 0.01388888888888889 0.009375
0 0.22314814814814815 0.46380208333333334 0.020370370370370372 0.009895833333333333
0 0.1824074074074074 0.33828125 0.014814814814814815 0.0067708333333333336
0 0.23287037037037037 0.146875 0.021296296296296296 0.011458333333333333
0 0.6092592592592593 0.36223958333333334 0.014814814814814815 0.013020833333333334
