0 0.8587962962962963 0.0875 0.026851851851851852 0.020833333333333332
0 0.8328703703703704 0.09713541666666667 0.025 0.0234375
0 0.8481481481481482 0.10807291666666667 0.022222222222222223 0.011979166666666666
0 0.825925925925926 0.11640625 0.024074074074074074 0.019270833333333334
0 0.8097222222222222 0.17135416666666667 0.028703703703703703 0.011458333333333333
0 0.8421296296296297 0.17447916666666666 0.021296296296296296 0.013541666666666667
0 0.9828703703703704 0.24375 0.026851851851851852 0.014583333333333334
0 0.888888888888889 0.25026041666666665 0.014814814814814815 0.008854166666666666
0 0.8402777777777778 0.23229166666666667 0.025 0.016666666666666666
0 0.976388888888889 0.296875 0.021296296296296296 0.014583333333333334
0 0.9699074074074074 0.3606770833333333 0.028703703703703703 0.01614583333333333
0 0.9634259259259259 0.3885416666666667 0.025 0.013541666666666667
0 0.8532407407407407 0.29375 0.028703703703703703 0.015625
0 0.7819444444444444 0.26901041666666664 0.026851851851851852 0.0171875
0 0.7810185185185186 0.23020833333333332 0.019444444444444445 0.014583333333333334
0 0.800462962962963 0.22630208333333332 0.019444444444444445 0.011979166666666666
0 0.9449074074074074 0.6604166666666667 0.021296296296296296 0.013541666666666667
0 0.8712962962962963 0.6263020833333334 0.022222222222222223 0.0171875
0 0.862037037037037 0.5083333333333333 0.024074074074074074 0.013541666666666667
0 0.8925925925925926 0.40859375 0.02592592592592593 0.0140625
0 0.8643518518518519 0.3653645833333333 0.021296296296296296 0.011979166666666666
0 0.8541666666666667 0.34322916666666664 0.025 0.015625
0 0.8361111111111111 0.3598958333333333 0.022222222222222223 0.0125
0 0.6916666666666667 0.2734375 0.012962962962962964 0.011458333333333333
0 0.6699074074074074 0.2794270833333333 0.025 0.019270833333333334
0 0.7041666666666667 0.3059895833333333 0.019444444444444445 0.0171875
0 0.7287037037037037 0.3497395833333333 0.022222222222222223 0.018229166666666668
0 0.6759259259259259 0.3963541666666667 0.024074074074074074 0.015625
0 0.8282407407407407 0.5958333333333333 0.019444444444444445 0.014583333333333334
0 0.6833333333333333 0.5828125 0.02592592592592593 0.013541666666666667
0 0.5680555555555555 0.63359375 0.019444444444444445 0.0140625
0 0.5111111111111112 0.5859375 0.024074074074074074 0.015625
0 0.41435185185185186 0.6299479166666666 0.02314814814814815 0.013020833333333334
0 0.47361111111111115 0.5322916666666666 0.017592592592592594 0.011458333333333333
0 0.5032407407407408 0.49635416666666665 0.02314814814814815 0.0125
0 0.49212962962962964 0.44114583333333335 0.021296296296296296 0.015625
0 0.4712962962962963 0.4830729166666667 0.024074074074074074 0.009895833333333333
0 0.43842592592592594 0.515625 0.025 0.015625
0 0.4537037037037037 0.4708333333333333 0.024074074074074074 0.013541666666666667
0 0.48750000000000004 0.3671875 0.026851851851851852 0.014583333333333334
0 0.5037037037037038 0.396875 0.020370370370370372 0.016666666666666666
0 0.5226851851851853 0.3328125 0.02314814814814815 0.0125
0 0.5925925925925926 0.3533854166666667 0.02592592592592593 0.01614583333333333
0 0.5541666666666667 0.34765625 0.021296296296296296 0.015104166666666667
0 0.46620370370370373 0.26588541666666665 0.025 0.01614583333333333
0 0.45555555555555555 0.23072916666666665 0.020370370370370372 0.017708333333333333
0 0.49212962962962964 0.18020833333333333 0.025 0.016666666666666666
0 0.4486111111111111 0.12734375 0.025 0.0140625
0 0.40370370370370373 0.39453125 0.024074074074074074 0.015104166666666667
0 0.42592592592592593 0.39947916666666666 0.022222222222222223 0.0125
0 0.4101851851851852 0.4080729166666667 0.024074074074074074 0.013020833333333334
0 0.38842592592592595 0.4088541666666667 0.02314814814814815 0.013541666666666667
0 0.36712962962962964 0.5078125 0.02314814814814815 0.017708333333333333
0 0.3648148148148148 0.5416666666666666 0.016666666666666666 0.013541666666666667
0 0.5277777777777778 0.6833333333333333 0.016666666666666666 0.014583333333333334
0 0.26990740740740743 0.7755208333333333 0.02314814814814815 0.017708333333333333
0 0.1449074074074074 0.8403645833333333 0.019444444444444445 0.0171875
0 0.16805555555555557 0.7286458333333333 0.028703703703703703 0.016666666666666666
0 0.26203703703703707 0.640625 0.02962962962962963 0.014583333333333334
0 0.1125 0.6302083333333334 0.015740740740740743 0.016666666666666666
0 0.16712962962962963 0.5846354166666666 0.036111111111111115 0.019270833333333334
0 0.22546296296296298 0.5567708333333333 0.028703703703703703 0.013541666666666667
0 0.25092592592592594 0.5875 0.02592592592592593 0.011458333333333333
0 0.10694444444444445 0.5739583333333333 0.036111111111111115 0.015625
0 0.23148148148148148 0.5015625 0.02777777777777778 0.015625
0 0.20925925925925926 0.47578125 0.03518518518518519 0.015104166666666667
0 0.09444444444444444 0.4700520833333333 0.031481481481481485 0.01614583333333333
0 0.18703703703703706 0.42890625 0.03888888888888889 0.019270833333333334
0 0.225 0.3640625 0.03333333333333333 0.0125
0 0.1837962962962963 0.35625 0.032407407407407406 0.017708333333333333
0 0.27083333333333337 0.32421875 0.02314814814814815 0.009895833333333333
0 0.14166666666666666 0.29635416666666664 0.020370370370370372 0.013541666666666667
0 0.09351851851851853 0.253125 0.031481481481481485 0.017708333333333333
0 0.12592592592592594 0.20364583333333333 0.02962962962962963 0.016666666666666666
0 0.7074074074074075 0.43072916666666666 0.022222222222222223 0.013541666666666667
0 0.6296296296296297 0.5390625 0.02592592592592593 0.0125
0 0.6023148148148149 0.5703125 0.015740740740740743 0.013541666666666667
0 0.049074074074074076 0.24192708333333332 0.02962962962962963 0.0171875
0 0.10416666666666667 0.20078125 0.021296296296296296 0.0171875
0 0.011111111111111112 0.3372395833333333 0.020370370370370372 0.01614583333333333
0 0.13703703703703704 0.38125 0.024074074074074074 0.0125
0 0.07175925925925926 0.49895833333333334 0.028703703703703703 0.015625
0 0.04537037037037037 0.49713541666666666 0.022222222222222223 0.0109375
0 0.06481481481481481 0.51484375 0.02962962962962963 0.015104166666666667
0 0.019444444444444445 0.515625 0.022222222222222223 0.0125
0 0.0462962962962963 0.5330729166666667 0.03333333333333333 0.0171875
0 0.06018518518518519 0.58984375 0.024074074074074074 0.0140625
0 0.06157407407407408 0.6875 0.026851851851851852 0.014583333333333334
0 0.07592592592592592 0.7497395833333333 0.031481481481481485 0.015104166666666667
0 0.19351851851851853 0.66640625 0.024074074074074074 0.013020833333333334
0 0.13611111111111113 0.590625 0.02777777777777778 0.013541666666666667
0 0.5564814814814815 0.31171875 0.018518518518518517 0.0109375
0 0.5736111111111112 0.38203125 0.01388888888888889 0.008854166666666666
0 0.7935185185185185 0.46328125 0.020370370370370372 0.009895833333333333
0 0.8351851851851853 0.3385416666666667 0.016666666666666666 0.00625
0 0.8425925925925927 0.32916666666666666 0.014814814814814815 0.009375
0 0.7777777777777778 0.12447916666666667 0.020370370370370372 0.0125
0 0.7837962962962963 0.14661458333333333 0.021296296296296296 0.0109375
0 0.41064814814814815 0.3625 0.01388888888888889 0.014583333333333334
