0 0.8689814814814815 0.08645833333333333 0.028703703703703703 0.020833333333333332
0 0.8430555555555556 0.09661458333333334 0.026851851851851852 0.0234375
0 0.8578703703703704 0.10729166666666666 0.021296296296296296 0.0125
0 0.8361111111111111 0.11562499999999999 0.024074074074074074 0.01875
0 0.8189814814814815 0.17083333333333334 0.028703703703703703 0.011458333333333333
0 0.8518518518518519 0.17317708333333334 0.020370370370370372 0.013020833333333334
0 0.9898148148148148 0.24270833333333333 0.020370370370370372 0.014583333333333334
0 0.8976851851851853 0.24973958333333332 0.01388888888888889 0.0078125
0 0.850462962962963 0.23151041666666666 0.025 0.0171875
0 0.9856481481481482 0.2955729166666667 0.021296296296296296 0.0140625
0 0.9796296296296296 0.36015625 0.02962962962962963 0.01614583333333333
0 0.9736111111111111 0.3875 0.025 0.013541666666666667
0 0.8625 0.29322916666666665 0.028703703703703703 0.015625
0 0.7912037037037037 0.26848958333333334 0.026851851851851852 0.0171875
0 0.788888888888889 0.23020833333333332 0.018518518518518517 0.013541666666666667
0 0.8092592592592593 0.22604166666666667 0.020370370370370372 0.0125
0 0.9527777777777778 0.66015625 0.020370370370370372 0.013020833333333334
0 0.8810185185185185 0.62578125 0.021296296296296296 0.0171875
0 0.8703703703703703 0.5078125 0.024074074074074074 0.013541666666666667
0 0.9027777777777778 0.4083333333333333 0.02592592592592593 0.014583333333333334
0 0.8736111111111111 0.36484375 0.021296296296296296 0.011979166666666666
0 0.8638888888888889 0.34270833333333334 0.024074074074074074 0.015625
0 0.8453703703703704 0.359375 0.022222222222222223 0.0125
0 0.701388888888889 0.27239583333333334 0.012037037037037037 0.011458333333333333
0 0.6810185185185186 0.28072916666666664 0.025 0.021875
0 0.7143518518518519 0.30572916666666666 0.019444444444444445 0.017708333333333333
0 0.7375 0.34921875 0.02314814814814815 0.018229166666666668
0 0.6856481481481482 0.39557291666666666 0.02314814814814815 0.015104166666666667
0 0.8393518518518519 0.5950520833333334 0.019444444444444445 0.015104166666666667
0 0.6935185185185185 0.5822916666666667 0.02592592592592593 0.013541666666666667
0 0.5773148148148148 0.6330729166666667 0.019444444444444445 0.0140625
0 0.5203703703703704 0.5854166666666667 0.024074074074074074 0.015625
0 0.4236111111111111 0.6294270833333333 0.02314814814814815 0.013020833333333334
0 0.48240740740740745 0.5317708333333333 0.018518518518518517 0.011458333333333333
0 0.5120370370370371 0.49609375 0.024074074074074074 0.013020833333333334
0 0.5018518518518519 0.44166666666666665 0.024074074074074074 0.015625
0 0.47962962962962963 0.4828125 0.024074074074074074 0.010416666666666666
0 0.4481481481481482 0.5153645833333333 0.02592592592592593 0.01614583333333333
0 0.46296296296296297 0.4700520833333333 0.024074074074074074 0.013020833333333334
0 0.4986111111111111 0.3671875 0.026851851851851852 0.014583333333333334
0 0.512962962962963 0.396875 0.020370370370370372 0.016666666666666666
0 0.5324074074074074 0.33229166666666665 0.024074074074074074 0.011458333333333333
0 0.6013888888888889 0.3528645833333333 0.026851851851851852 0.01614583333333333
0 0.5638888888888889 0.34739583333333335 0.022222222222222223 0.014583333333333334
0 0.47500000000000003 0.265625 0.024074074074074074 0.016666666666666666
0 0.4638888888888889 0.2296875 0.020370370370370372 0.017708333333333333
0 0.500462962962963 0.18020833333333333 0.025 0.016666666666666666
0 0.45740740740740743 0.12708333333333333 0.024074074074074074 0.014583333333333334
0 0.41111111111111115 0.39427083333333335 0.02592592592592593 0.015625
0 0.4342592592592593 0.3989583333333333 0.022222222222222223 0.0125
0 0.4189814814814815 0.4080729166666667 0.02314814814814815 0.013020833333333334
0 0.39722222222222225 0.4083333333333333 0.022222222222222223 0.013541666666666667
0 0.37777777777777777 0.5111979166666667 0.02592592592592593 0.01614583333333333
0 0.375 0.5411458333333333 0.014814814814814815 0.0125
0 0.5365740740740741 0.6825520833333333 0.015740740740740743 0.0140625
0 0.28101851851851856 0.775 0.02314814814814815 0.01875
0 0.15555555555555556 0.8395833333333333 0.018518518518518517 0.017708333333333333
0 0.1787037037037037 0.7278645833333334 0.02962962962962963 0.01614583333333333
0 0.2712962962962963 0.6403645833333333 0.02777777777777778 0.0140625
0 0.12361111111111112 0.6296875 0.015740740740740743 0.016666666666666666
0 0.17962962962962964 0.584375 0.037037037037037035 0.01875
0 0.23703703703703705 0.55625 0.02777777777777778 0.013541666666666667
0 0.2611111111111111 0.5877604166666667 0.022222222222222223 0.011979166666666666
0 0.11712962962962964 0.5739583333333333 0.036111111111111115 0.015625
0 0.24305555555555555 0.5010416666666666 0.026851851851851852 0.015625
0 0.22037037037037038 0.47578125 0.03518518518518519 0.015104166666666667
0 0.1050925925925926 0.46953125 0.030555555555555558 0.01614583333333333
0 0.19907407407407407 0.4283854166666667 0.03888888888888889 0.019270833333333334
0 0.2351851851851852 0.36354166666666665 0.03333333333333333 0.0125
0 0.19490740740740742 0.35625 0.032407407407407406 0.017708333333333333
0 0.2800925925925926 0.32369791666666664 0.02314814814814815 0.009895833333333333
0 0.1513888888888889 0.29635416666666664 0.019444444444444445 0.013541666666666667
0 0.10462962962962963 0.2526041666666667 0.031481481481481485 0.01875
0 0.13472222222222222 0.203125 0.030555555555555558 0.016666666666666666
0 0.7162037037037037 0.4296875 0.02314814814814815 0.0125
0 0.638888888888889 0.5388020833333333 0.02592592592592593 0.011979166666666666
0 0.612037037037037 0.5705729166666667 0.014814814814814815 0.013020833333333334
0 0.0587962962962963 0.24114583333333334 0.028703703703703703 0.016666666666666666
0 0.11342592592592593 0.19973958333333333 0.021296296296296296 0.018229166666666668
0 0.016203703703703703 0.3372395833333333 0.028703703703703703 0.01614583333333333
0 0.1476851851851852 0.37994791666666666 0.019444444444444445 0.011979166666666666
0 0.08194444444444444 0.49895833333333334 0.028703703703703703 0.015625
0 0.05555555555555556 0.4966145833333333 0.022222222222222223 0.0109375
0 0.075 0.5143229166666666 0.02962962962962963 0.015104166666666667
0 0.030092592592592594 0.51484375 0.02314814814814815 0.013020833333333334
0 0.05648148148148149 0.5322916666666666 0.03333333333333333 0.016666666666666666
0 0.07037037037037037 0.5893229166666667 0.024074074074074074 0.0140625
0 0.07083333333333333 0.6861979166666666 0.026851851851851852 0.0140625
0 0.08657407407407408 0.7484375 0.032407407407407406 0.014583333333333334
0 0.20694444444444446 0.665625 0.02314814814814815 0.014583333333333334
0 0.1449074074074074 0.5901041666666667 0.026851851851851852 0.0125
0 0.5648148148148149 0.3111979166666667 0.016666666666666666 0.011979166666666666
0 0.5833333333333334 0.38177083333333334 0.014814814814814815 0.009375
0 0.8013888888888889 0.4627604166666667 0.019444444444444445 0.009895833333333333
0 0.8435185185185186 0.33671875 0.016666666666666666 0.0078125
0 0.851388888888889 0.3286458333333333 0.01388888888888889 0.009375
0 0.7851851851851852 0.12265625 0.022222222222222223 0.013020833333333334
0 0.7925925925925926 0.14557291666666666 0.020370370370370372 0.0109375
0 0.4199074074074074 0.3619791666666667 0.01388888888888889 0.014583333333333334
