0 0.8958333333333334 0.08411458333333333 0.028703703703703703 0.0203125
0 0.8675925925925926 0.09401041666666667 0.02777777777777778 0.0234375
0 0.8847222222222223 0.10442708333333334 0.021296296296296296 0.011979166666666666
0 0.8601851851851852 0.11328125 0.02592592592592593 0.019270833333333334
0 0.8416666666666667 0.16901041666666666 0.02962962962962963 0.0109375
0 0.8740740740740741 0.17135416666666667 0.022222222222222223 0.013541666666666667
0 0.9203703703703704 0.24791666666666667 0.012962962962962964 0.008333333333333333
0 0.8745370370370371 0.22942708333333334 0.026851851851851852 0.0171875
0 0.9939814814814815 0.35963541666666665 0.012037037037037037 0.015104166666666667
0 0.9916666666666667 0.38671875 0.016666666666666666 0.013020833333333334
0 0.8861111111111112 0.29140625 0.02962962962962963 0.01614583333333333
0 0.8143518518518519 0.2669270833333333 0.026851851851851852 0.0171875
0 0.8125 0.22916666666666666 0.02314814814814815 0.014583333333333334
0 0.8291666666666667 0.22447916666666667 0.021296296296296296 0.0125
0 0.9712962962962963 0.659375 0.020370370370370372 0.013541666666666667
0 0.9041666666666667 0.6255208333333333 0.02314814814814815 0.016666666666666666
0 0.8944444444444445 0.5072916666666667 0.024074074074074074 0.013541666666666667
0 0.9268518518518519 0.40729166666666666 0.02592592592592593 0.014583333333333334
0 0.8976851851851853 0.36328125 0.021296296296296296 0.011979166666666666
0 0.8865740740740741 0.3416666666666667 0.025 0.015625
0 0.8694444444444445 0.3580729166666667 0.020370370370370372 0.013020833333333334
0 0.7041666666666667 0.2791666666666667 0.025 0.021875
0 0.7351851851851852 0.30442708333333335 0.018518518518518517 0.0171875
0 0.7592592592592593 0.3484375 0.024074074074074074 0.01875
0 0.7064814814814815 0.39427083333333335 0.024074074074074074 0.015625
0 0.8638888888888889 0.5947916666666666 0.018518518518518517 0.014583333333333334
0 0.7166666666666667 0.5817708333333333 0.02592592592592593 0.013541666666666667
0 0.5986111111111111 0.6325520833333333 0.019444444444444445 0.0140625
0 0.5421296296296296 0.5846354166666666 0.025 0.01614583333333333
0 0.44537037037037036 0.6283854166666667 0.024074074074074074 0.013020833333333334
0 0.5018518518518519 0.5309895833333333 0.016666666666666666 0.0109375
0 0.5333333333333333 0.49583333333333335 0.024074074074074074 0.0125
0 0.5226851851851853 0.440625 0.02314814814814815 0.015625
0 0.49953703703703706 0.48203124999999997 0.02314814814814815 0.0109375
0 0.46990740740740744 0.5143229166666666 0.025 0.01614583333333333
0 0.4828703703703704 0.4700520833333333 0.025 0.013020833333333334
0 0.5217592592592593 0.36614583333333334 0.026851851851851852 0.014583333333333334
0 0.5328703703703704 0.3963541666666667 0.019444444444444445 0.016666666666666666
0 0.5550925925925926 0.33125 0.02314814814814815 0.011458333333333333
0 0.6236111111111111 0.3515625 0.026851851851851852 0.016666666666666666
0 0.5856481481481481 0.34609375 0.02314814814814815 0.015104166666666667
0 0.49444444444444446 0.26458333333333334 0.024074074074074074 0.016666666666666666
0 0.4842592592592593 0.22916666666666666 0.020370370370370372 0.017708333333333333
0 0.5208333333333334 0.17864583333333334 0.025 0.016666666666666666
0 0.47731481481481486 0.12630208333333334 0.025 0.0140625
0 0.4310185185185185 0.39348958333333334 0.026851851851851852 0.01614583333333333
0 0.45416666666666666 0.3984375 0.02314814814814815 0.0125
0 0.437962962962963 0.40729166666666666 0.024074074074074074 0.0125
0 0.41574074074074074 0.4080729166666667 0.022222222222222223 0.0140625
0 0.39861111111111114 0.51015625 0.02314814814814815 0.019270833333333334
0 0.3976851851851852 0.5408854166666667 0.01388888888888889 0.011979166666666666
0 0.5587962962962963 0.6817708333333333 0.015740740740740743 0.014583333333333334
0 0.30648148148148147 0.7744791666666666 0.024074074074074074 0.01875
0 0.1814814814814815 0.8380208333333333 0.020370370370370372 0.016666666666666666
0 0.2013888888888889 0.7265625 0.030555555555555558 0.016666666666666666
0 0.2935185185185185 0.6395833333333333 0.02777777777777778 0.014583333333333334
0 0.14814814814814814 0.6291666666666667 0.016666666666666666 0.016666666666666666
0 0.20601851851851852 0.58359375 0.036111111111111115 0.019270833333333334
0 0.26203703703703707 0.5552083333333333 0.02777777777777778 0.013541666666666667
0 0.2800925925925926 0.5869791666666666 0.021296296296296296 0.011458333333333333
0 0.14166666666666666 0.57265625 0.03518518518518519 0.01614583333333333
0 0.26712962962962966 0.5002604166666667 0.025 0.01614583333333333
0 0.24351851851851852 0.4752604166666667 0.03333333333333333 0.01614583333333333
0 0.12731481481481483 0.46953125 0.032407407407407406 0.01614583333333333
0 0.225 0.4283854166666667 0.03888888888888889 0.019270833333333334
0 0.2587962962962963 0.36276041666666664 0.03425925925925926 0.011979166666666666
0 0.2189814814814815 0.35572916666666665 0.032407407407407406 0.017708333333333333
0 0.29953703703703705 0.3229166666666667 0.02314814814814815 0.010416666666666666
0 0.1726851851851852 0.29635416666666664 0.019444444444444445 0.013541666666666667
0 0.12546296296296297 0.2526041666666667 0.032407407407407406 0.019791666666666666
0 0.15555555555555556 0.20286458333333332 0.02962962962962963 0.01614583333333333
0 0.7384259259259259 0.42890625 0.02314814814814815 0.013020833333333334
0 0.6625 0.53828125 0.025 0.011979166666666666
0 0.012037037037037037 0.2526041666666667 0.022222222222222223 0.019791666666666666
0 0.08101851851851852 0.24114583333333334 0.028703703703703703 0.016666666666666666
0 0.13472222222222222 0.2 0.021296296296296296 0.017708333333333333
0 0.03657407407407408 0.33671875 0.030555555555555558 0.01614583333333333
0 0.1300925925925926 0.38307291666666665 0.01388888888888889 0.008854166666666666
0 0.10555555555555556 0.4984375 0.02777777777777778 0.015625
0 0.07546296296296297 0.49557291666666664 0.025 0.0109375
0 0.09814814814814815 0.5140625 0.02962962962962963 0.014583333333333334
0 0.05416666666666667 0.5140625 0.02314814814814815 0.013541666666666667
0 0.08101851851851852 0.5315104166666667 0.032407407407407406 0.0171875
0 0.09537037037037037 0.5888020833333333 0.024074074074074074 0.0140625
0 0.09305555555555556 0.6854166666666667 0.026851851851851852 0.014583333333333334
0 0.11157407407407408 0.7479166666666667 0.030555555555555558 0.014583333333333334
0 0.22916666666666669 0.6645833333333333 0.026851851851851852 0.015625
0 0.16666666666666669 0.5888020833333333 0.02592592592592593 0.013020833333333334
0 0.587037037037037 0.30833333333333335 0.012962962962962964 0.009375
0 0.6046296296296296 0.3809895833333333 0.014814814814814815 0.008854166666666666
0 0.8222222222222223 0.6877604166666667 0.018518518518518517 0.011979166666666666
0 0.8217592592592593 0.46171875 0.019444444444444445 0.009895833333333333
0 0.8648148148148148 0.33697916666666666 0.014814814814814815 0.007291666666666667
0 0.8722222222222222 0.32708333333333334 0.014814814814814815 0.009375
0 0.8055555555555556 0.121875 0.022222222222222223 0.0125
0 0.8125 0.14401041666666667 0.021296296296296296 0.0109375
0 0.44212962962962965 0.36171875 0.01388888888888889 0.0140625
