0 0.9518518518518518 0.07838541666666667 0.02962962962962963 0.021354166666666667
0 0.9240740740740742 0.08854166666666667 0.02962962962962963 0.02395833333333333
0 0.937962962962963 0.09921875 0.022222222222222223 0.011979166666666666
0 0.9148148148148149 0.10703125 0.024074074074074074 0.019270833333333334
0 0.8893518518518518 0.1640625 0.030555555555555558 0.011458333333333333
0 0.924537037037037 0.165625 0.021296296296296296 0.0125
0 0.925462962962963 0.22526041666666666 0.028703703703703703 0.0171875
0 0.9351851851851852 0.28802083333333334 0.02962962962962963 0.016666666666666666
0 0.862962962962963 0.26276041666666666 0.02777777777777778 0.0171875
0 0.8569444444444445 0.22473958333333333 0.019444444444444445 0.015104166666666667
0 0.8740740740740741 0.2203125 0.020370370370370372 0.011458333333333333
0 0.9518518518518518 0.6247395833333333 0.022222222222222223 0.01614583333333333
0 0.9388888888888889 0.50546875 0.02592592592592593 0.013020833333333334
0 0.9736111111111111 0.40520833333333334 0.025 0.014583333333333334
0 0.9449074074074074 0.36041666666666666 0.021296296296296296 0.011458333333333333
0 0.9347222222222222 0.33828125 0.025 0.01614583333333333
0 0.9185185185185185 0.35494791666666664 0.022222222222222223 0.013020833333333334
0 0.7555555555555555 0.2747395833333333 0.02592592592592593 0.0203125
0 0.7833333333333333 0.30052083333333335 0.016666666666666666 0.017708333333333333
0 0.8046296296296297 0.3455729166666667 0.024074074074074074 0.0203125
0 0.7513888888888889 0.3919270833333333 0.02314814814814815 0.01614583333333333
0 0.913425925925926 0.5934895833333333 0.015740740740740743 0.0140625
0 0.7643518518518518 0.5802083333333333 0.026851851851851852 0.013541666666666667
0 0.6430555555555556 0.6307291666666667 0.017592592592592594 0.013541666666666667
0 0.5856481481481481 0.5817708333333333 0.021296296296296296 0.015625
0 0.48888888888888893 0.62578125 0.022222222222222223 0.013020833333333334
0 0.5444444444444445 0.5286458333333334 0.014814814814814815 0.011458333333333333
0 0.5750000000000001 0.49322916666666666 0.024074074074074074 0.0125
0 0.5675925925925926 0.4380208333333333 0.02592592592592593 0.016666666666666666
0 0.5425925925925926 0.4796875 0.024074074074074074 0.010416666666666666
0 0.5143518518518518 0.5119791666666667 0.026851851851851852 0.015625
0 0.5268518518518519 0.4669270833333333 0.024074074074074074 0.013020833333333334
0 0.5722222222222223 0.36328125 0.02962962962962963 0.015104166666666667
0 0.5796296296296296 0.39401041666666664 0.022222222222222223 0.01614583333333333
0 0.6046296296296296 0.32734375 0.022222222222222223 0.0109375
0 0.6694444444444445 0.34869791666666666 0.02777777777777778 0.0171875
0 0.6319444444444444 0.34348958333333335 0.025 0.015104166666666667
0 0.5388888888888889 0.2604166666666667 0.022222222222222223 0.016666666666666666
0 0.5291666666666667 0.225 0.02314814814814815 0.017708333333333333
0 0.5671296296296297 0.17421875 0.025 0.0171875
0 0.5240740740740741 0.12109375 0.024074074074074074 0.0140625
0 0.4726851851851852 0.390625 0.028703703703703703 0.016666666666666666
0 0.4967592592592593 0.39609375 0.02314814814814815 0.011979166666666666
0 0.4791666666666667 0.40390624999999997 0.025 0.013020833333333334
0 0.4564814814814815 0.40520833333333334 0.022222222222222223 0.013541666666666667
0 0.4439814814814815 0.5067708333333333 0.025 0.020833333333333332
0 0.6018518518518519 0.6799479166666667 0.014814814814814815 0.0140625
0 0.3574074074074074 0.76953125 0.022222222222222223 0.0171875
0 0.23101851851851854 0.8338541666666667 0.019444444444444445 0.016666666666666666
0 0.24814814814814815 0.7231770833333333 0.02962962962962963 0.01614583333333333
0 0.33981481481481485 0.6364583333333333 0.02777777777777778 0.014583333333333334
0 0.19814814814814816 0.625 0.016666666666666666 0.016666666666666666
0 0.2606481481481482 0.5802083333333333 0.03425925925925926 0.01875
0 0.3162037037037037 0.5526041666666667 0.026851851851851852 0.013541666666666667
0 0.31851851851851853 0.5822916666666667 0.022222222222222223 0.010416666666666666
0 0.18981481481481483 0.5690104166666666 0.03518518518518519 0.0171875
0 0.32037037037037036 0.4973958333333333 0.024074074074074074 0.015625
0 0.2939814814814815 0.47109375 0.030555555555555558 0.0203125
0 0.17222222222222222 0.4671875 0.02592592592592593 0.014583333333333334
0 0.2796296296296296 0.425 0.037037037037037035 0.01875
0 0.30833333333333335 0.359375 0.031481481481481485 0.011458333333333333
0 0.27175925925925926 0.3520833333333333 0.032407407407407406 0.017708333333333333
0 0.3421296296296296 0.31979166666666664 0.021296296296296296 0.009375
0 0.2189814814814815 0.29244791666666664 0.021296296296296296 0.015104166666666667
0 0.16805555555555557 0.24947916666666667 0.026851851851851852 0.01875
0 0.20185185185185187 0.19921875 0.02962962962962963 0.0171875
0 0.7847222222222222 0.4263020833333333 0.021296296296296296 0.0140625
0 0.7097222222222223 0.5372395833333333 0.025 0.011979166666666666
0 0.05648148148148149 0.24921875 0.02592592592592593 0.018229166666666668
0 0.12962962962962962 0.23776041666666667 0.02777777777777778 0.0171875
0 0.17962962962962964 0.19609375 0.022222222222222223 0.018229166666666668
0 0.08333333333333334 0.3338541666666667 0.02962962962962963 0.015625
0 0.20046296296296298 0.3692708333333333 0.019444444444444445 0.0125
0 0.17500000000000002 0.38359375 0.014814814814814815 0.009895833333333333
0 0.17500000000000002 0.38359375 0.014814814814814815 0.009895833333333333
0 0.15555555555555556 0.4947916666666667 0.02777777777777778 0.015625
0 0.12685185185185185 0.49296875 0.022222222222222223 0.0109375
0 0.1476851851851852 0.5109375 0.028703703703703703 0.014583333333333334
0 0.1050925925925926 0.5111979166666667 0.02314814814814815 0.013020833333333334
0 0.13148148148148148 0.5283854166666666 0.02962962962962963 0.0171875
0 0.14537037037037037 0.58515625 0.024074074074074074 0.0140625
0 0.1398148148148148 0.6807291666666666 0.02777777777777778 0.014583333333333334
0 0.16064814814814815 0.7432291666666666 0.030555555555555558 0.014583333333333334
0 0.10370370370370371 0.7755208333333333 0.018518518518518517 0.01875
0 0.03194444444444445 0.82421875 0.036111111111111115 0.022395833333333334
0 0.27685185185185185 0.6619791666666667 0.02592592592592593 0.014583333333333334
0 0.20972222222222223 0.5859375 0.02314814814814815 0.013541666666666667
0 0.6208333333333333 0.30833333333333335 0.010185185185185186 0.007291666666666667
0 0.649537037037037 0.378125 0.015740740740740743 0.009375
0 0.8615740740740742 0.6854166666666667 0.015740740740740743 0.0125
0 0.8625 0.45859374999999997 0.019444444444444445 0.0109375
0 0.9083333333333333 0.3338541666666667 0.016666666666666666 0.007291666666666667
0 0.9157407407407407 0.32369791666666664 0.014814814814814815 0.008854166666666666
0 0.8481481481481482 0.11692708333333333 0.022222222222222223 0.013020833333333334
0 0.8555555555555556 0.13932291666666666 0.024074074074074074 0.013020833333333334
0 0.4865740740740741 0.35833333333333334 0.01388888888888889 0.013541666666666667
