0 0.9638888888888889 0.0765625 0.02962962962962963 0.020833333333333332
0 0.9361111111111111 0.08671875 0.02962962962962963 0.0234375
0 0.950462962962963 0.09739583333333333 0.021296296296296296 0.011458333333333333
0 0.9268518518518519 0.10520833333333333 0.024074074074074074 0.019791666666666666
0 0.900462962962963 0.16223958333333333 0.030555555555555558 0.011979166666666666
0 0.9365740740740741 0.16432291666666665 0.021296296296296296 0.013020833333333334
0 0.9370370370370371 0.22369791666666666 0.02777777777777778 0.018229166666666668
0 0.9462962962962963 0.2864583333333333 0.02962962962962963 0.016666666666666666
0 0.8726851851851852 0.26145833333333335 0.028703703703703703 0.017708333333333333
0 0.8680555555555556 0.22343749999999998 0.017592592592592594 0.014583333333333334
0 0.8833333333333334 0.21822916666666667 0.020370370370370372 0.0125
0 0.9625 0.62421875 0.02314814814814815 0.01614583333333333
0 0.9495370370370371 0.5046875 0.026851851851851852 0.013541666666666667
0 0.9847222222222223 0.4041666666666667 0.026851851851851852 0.014583333333333334
0 0.9560185185185186 0.359375 0.021296296296296296 0.011458333333333333
0 0.9453703703703704 0.33671875 0.02592592592592593 0.015104166666666667
0 0.9273148148148148 0.35390625 0.017592592592592594 0.0140625
0 0.7675925925925926 0.27317708333333335 0.02592592592592593 0.0203125
0 0.7958333333333334 0.2994791666666667 0.017592592592592594 0.016666666666666666
0 0.8152777777777778 0.34401041666666665 0.025 0.019270833333333334
0 0.7615740740740741 0.39036458333333335 0.02314814814814815 0.01614583333333333
0 0.775462962962963 0.5791666666666666 0.026851851851851852 0.013541666666666667
0 0.6541666666666667 0.6296875 0.017592592592592594 0.013541666666666667
0 0.5962962962962963 0.58125 0.018518518518518517 0.01875
0 0.4990740740740741 0.625 0.022222222222222223 0.013541666666666667
0 0.5541666666666667 0.528125 0.01388888888888889 0.010416666666666666
0 0.5861111111111111 0.4927083333333333 0.024074074074074074 0.0125
0 0.5773148148148148 0.4361979166666667 0.025 0.0171875
0 0.5527777777777778 0.4786458333333333 0.022222222222222223 0.010416666666666666
0 0.525 0.5114583333333333 0.02592592592592593 0.015625
0 0.5365740740740741 0.46640624999999997 0.025 0.013020833333333334
0 0.5837962962962964 0.3619791666666667 0.028703703703703703 0.014583333333333334
0 0.5912037037037037 0.39140625 0.019444444444444445 0.015104166666666667
0 0.6157407407407408 0.3260416666666667 0.022222222222222223 0.010416666666666666
0 0.6805555555555556 0.34791666666666665 0.02777777777777778 0.016666666666666666
0 0.6430555555555556 0.3421875 0.025 0.014583333333333334
0 0.55 0.259375 0.022222222222222223 0.016666666666666666
0 0.5393518518518519 0.22369791666666666 0.02314814814814815 0.0171875
0 0.5773148148148148 0.17239583333333333 0.025 0.016666666666666666
0 0.5342592592592593 0.1203125 0.022222222222222223 0.013541666666666667
0 0.48333333333333334 0.38958333333333334 0.02777777777777778 0.016666666666666666
0 0.5060185185185185 0.3950520833333333 0.02314814814814815 0.013020833333333334
0 0.48888888888888893 0.40338541666666666 0.024074074074074074 0.013020833333333334
0 0.4671296296296297 0.4041666666666667 0.02314814814814815 0.014583333333333334
0 0.6620370370370371 0.5661458333333333 0.014814814814814815 0.0125
0 0.45462962962962966 0.50546875 0.024074074074074074 0.0203125
0 0.6125 0.6791666666666667 0.01388888888888889 0.014583333333333334
0 0.3601851851851852 0.76953125 0.031481481481481485 0.0171875
0 0.24305555555555555 0.8322916666666667 0.021296296296296296 0.016666666666666666
0 0.25972222222222224 0.7216145833333333 0.030555555555555558 0.01614583333333333
0 0.3509259259259259 0.6356770833333333 0.02962962962962963 0.015104166666666667
0 0.20972222222222223 0.6231770833333333 0.017592592592592594 0.018229166666666668
0 0.27314814814814814 0.5791666666666666 0.03518518518518519 0.01875
0 0.3277777777777778 0.5518229166666666 0.02777777777777778 0.0140625
0 0.32546296296296295 0.5815104166666667 0.02314814814814815 0.0109375
0 0.19907407407407407 0.5684895833333333 0.02962962962962963 0.0171875
0 0.32685185185185184 0.49635416666666665 0.03518518518518519 0.015625
0 0.30648148148148147 0.4700520833333333 0.02962962962962963 0.021354166666666667
0 0.1824074074074074 0.4666666666666667 0.024074074074074074 0.013541666666666667
0 0.2916666666666667 0.4236979166666667 0.037037037037037035 0.019270833333333334
0 0.3189814814814815 0.3580729166666667 0.032407407407407406 0.0109375
0 0.2833333333333333 0.35078125 0.02777777777777778 0.0171875
0 0.3523148148148148 0.31927083333333334 0.021296296296296296 0.010416666666666666
0 0.22962962962962963 0.29192708333333334 0.022222222222222223 0.01614583333333333
0 0.1800925925925926 0.24765625 0.026851851851851852 0.018229166666666668
0 0.21203703703703705 0.1984375 0.02962962962962963 0.017708333333333333
0 0.7958333333333334 0.425 0.02314814814814815 0.014583333333333334
0 0.7208333333333333 0.53671875 0.026851851851851852 0.011979166666666666
0 0.06759259259259259 0.24791666666666667 0.02592592592592593 0.01875
0 0.14074074074074075 0.23671875 0.02777777777777778 0.01614583333333333
0 0.1902777777777778 0.1953125 0.021296296296296296 0.017708333333333333
0 0.09398148148148149 0.3325520833333333 0.028703703703703703 0.01614583333333333
0 0.2125 0.3690104166666667 0.019444444444444445 0.011979166666666666
0 0.1865740740740741 0.38203125 0.015740740740740743 0.011979166666666666
0 0.1865740740740741 0.38203125 0.015740740740740743 0.011979166666666666
0 0.1675925925925926 0.4942708333333333 0.02777777777777778 0.015625
0 0.13842592592592592 0.49192708333333335 0.02314814814814815 0.0109375
0 0.15972222222222224 0.5098958333333333 0.028703703703703703 0.014583333333333334
0 0.11712962962962964 0.5104166666666666 0.02314814814814815 0.0125
0 0.14351851851851852 0.5276041666666667 0.02962962962962963 0.016666666666666666
0 0.15787037037037038 0.5848958333333333 0.02314814814814815 0.014583333333333334
0 0.15046296296296297 0.6794270833333333 0.026851851851851852 0.015104166666666667
0 0.1726851851851852 0.7424479166666667 0.030555555555555558 0.0140625
0 0.11574074074074074 0.7739583333333333 0.018518518518518517 0.01875
0 0.04537037037037037 0.82265625 0.03518518518518519 0.022395833333333334
0 0.2884259259259259 0.6609375 0.026851851851851852 0.013541666666666667
0 0.22083333333333335 0.58515625 0.02314814814814815 0.0140625
0 0.6319444444444444 0.30703125 0.012037037037037037 0.0078125
0 0.6592592592592593 0.3765625 0.016666666666666666 0.009375
0 0.8712962962962963 0.6848958333333334 0.014814814814814815 0.013541666666666667
0 0.8717592592592593 0.4578125 0.019444444444444445 0.011458333333333333
0 0.9180555555555556 0.3325520833333333 0.017592592592592594 0.0078125
0 0.925462962962963 0.3221354166666667 0.015740740740740743 0.008854166666666666
0 0.8569444444444445 0.11510416666666666 0.02314814814814815 0.013541666666666667
0 0.8643518518518519 0.1375 0.02314814814814815 0.0125
0 0.49768518518518523 0.35703125 0.01388888888888889 0.013020833333333334
