0 0.29953703703703705 0.013541666666666667 0.032407407407407406 0.026041666666666668
0 0.3231481481481482 0.02786458333333333 0.02962962962962963 0.028645833333333332
0 0.29953703703703705 0.038802083333333334 0.025 0.018229166666666668
0 0.3148148148148148 0.053906249999999996 0.024074074074074074 0.018229166666666668
0 0.2972222222222222 0.1875 0.02592592592592593 0.020833333333333332
0 0.21851851851851853 0.21119791666666665 0.022222222222222223 0.0140625
0 0.12083333333333333 0.2 0.028703703703703703 0.016666666666666666
0 0.12453703703703704 0.26197916666666665 0.025 0.015625
0 0.15462962962962964 0.2421875 0.020370370370370372 0.014583333333333334
0 0.1300925925925926 0.3377604166666667 0.030555555555555558 0.018229166666666668
0 0.1439814814814815 0.3684895833333333 0.028703703703703703 0.01614583333333333
0 0.08425925925925926 0.40703125 0.03333333333333333 0.0171875
0 0.06851851851851852 0.45468749999999997 0.03333333333333333 0.016666666666666666
0 0.22870370370370371 0.3932291666666667 0.02777777777777778 0.016666666666666666
0 0.2587962962962963 0.3463541666666667 0.026851851851851852 0.015625
0 0.27037037037037037 0.31796875 0.02592592592592593 0.01614583333333333
0 0.27685185185185185 0.2598958333333333 0.02592592592592593 0.015625
0 0.1564814814814815 0.5333333333333333 0.020370370370370372 0.011458333333333333
0 0.25787037037037036 0.5083333333333333 0.019444444444444445 0.011458333333333333
0 0.3074074074074074 0.7369791666666666 0.024074074074074074 0.015625
0 0.325 0.6083333333333333 0.02962962962962963 0.017708333333333333
0 0.36435185185185187 0.5869791666666666 0.026851851851851852 0.014583333333333334
0 0.2555555555555556 0.6450520833333333 0.031481481481481485 0.0140625
0 0.4898148148148148 0.5932291666666667 0.02592592592592593 0.015625
0 0.549074074074074 0.5440104166666666 0.02777777777777778 0.0171875
0 0.6064814814814815 0.6497395833333334 0.024074074074074074 0.01614583333333333
0 0.5203703703703704 0.5791666666666666 0.018518518518518517 0.008333333333333333
0 0.5638888888888889 0.4666666666666667 0.016666666666666666 0.015625
0 0.4388888888888889 0.4197916666666667 0.016666666666666666 0.015625
0 0.2523148148148148 0.4278645833333333 0.017592592592592594 0.015104166666666667
0 0.47314814814814815 0.38177083333333334 0.02777777777777778 0.015625
0 0.4041666666666667 0.328125 0.028703703703703703 0.013541666666666667
0 0.35879629629629634 0.23307291666666666 0.028703703703703703 0.019270833333333334
0 0.39537037037037037 0.275 0.020370370370370372 0.016666666666666666
0 0.4462962962962963 0.278125 0.024074074074074074 0.019791666666666666
0 0.42314814814814816 0.2838541666666667 0.022222222222222223 0.013541666666666667
0 0.4703703703703704 0.24140625 0.024074074074074074 0.015104166666666667
0 0.4777777777777778 0.25364583333333335 0.022222222222222223 0.014583333333333334
0 0.5060185185185185 0.24453125 0.032407407407407406 0.0171875
0 0.25787037037037036 0.30364583333333334 0.012037037037037037 0.008333333333333333
0 0.6023148148148149 0.2872395833333333 0.028703703703703703 0.0109375
0 0.5782407407407407 0.3328125 0.028703703703703703 0.017708333333333333
0 0.5990740740740741 0.32447916666666665 0.018518518518518517 0.013541666666666667
0 0.6203703703703703 0.32526041666666666 0.022222222222222223 0.015104166666666667
0 0.638425925925926 0.3216145833333333 0.017592592592592594 0.0109375
0 0.7287037037037037 0.0828125 0.02592592592592593 0.016666666666666666
0 0.6810185185185186 0.13958333333333334 0.028703703703703703 0.017708333333333333
0 0.7189814814814816 0.19765625 0.025 0.019270833333333334
0 0.7032407407407407 0.2375 0.026851851851851852 0.017708333333333333
0 0.6782407407407408 0.3067708333333333 0.032407407407407406 0.015625
0 0.7296296296296296 0.34661458333333334 0.03333333333333333 0.01614583333333333
0 0.6726851851851852 0.38229166666666664 0.026851851851851852 0.01875
0 0.7712962962962964 0.38203125 0.022222222222222223 0.013020833333333334
0 0.7458333333333333 0.38776041666666666 0.021296296296296296 0.011979166666666666
0 0.7578703703703704 0.3966145833333333 0.025 0.015104166666666667
0 0.7796296296296297 0.39739583333333334 0.022222222222222223 0.015625
0 0.6759259259259259 0.4341145833333333 0.02592592592592593 0.01614583333333333
0 0.725 0.46588541666666666 0.02777777777777778 0.0140625
0 0.6967592592592593 0.48046875 0.025 0.011979166666666666
0 0.6680555555555556 0.4947916666666667 0.025 0.013541666666666667
0 0.775462962962963 0.48359375 0.019444444444444445 0.009895833333333333
0 0.8421296296296297 0.51015625 0.021296296296296296 0.0171875
0 0.7523148148148149 0.5169270833333334 0.032407407407407406 0.01614583333333333
0 0.6907407407407408 0.5330729166666667 0.020370370370370372 0.015104166666666667
0 0.6652777777777779 0.5953125 0.021296296296296296 0.016666666666666666
0 0.774537037037037 0.64375 0.028703703703703703 0.015625
0 0.8453703703703704 0.5442708333333334 0.020370370370370372 0.015625
0 0.9185185185185185 0.5932291666666667 0.02592592592592593 0.014583333333333334
0 0.9444444444444445 0.5986979166666666 0.02592592592592593 0.015104166666666667
0 0.6458333333333334 0.703125 0.02314814814814815 0.01875
0 0.9472222222222223 0.40911458333333334 0.02592592592592593 0.015104166666666667
0 0.8592592592592593 0.340625 0.016666666666666666 0.013541666666666667
0 0.8717592592592593 0.3489583333333333 0.015740740740740743 0.015625
0 0.5814814814814815 0.49140625 0.020370370370370372 0.013020833333333334
0 0.36574074074074076 0.28984375 0.024074074074074074 0.01614583333333333
0 0.31574074074074077 0.075 0.020370370370370372 0.015625
0 0.913425925925926 0.3065104166666667 0.025 0.013020833333333334
0 0.31666666666666665 0.45651041666666664 0.022222222222222223 0.011979166666666666
