0 0.24305555555555555 0.018229166666666668 0.03796296296296296 0.028125
0 0.26851851851851855 0.03411458333333333 0.031481481481481485 0.027604166666666666
0 0.24629629629629632 0.0453125 0.02592592592592593 0.017708333333333333
0 0.26296296296296295 0.059895833333333336 0.02592592592592593 0.017708333333333333
0 0.24675925925925926 0.19088541666666667 0.026851851851851852 0.021354166666666667
0 0.1736111111111111 0.21458333333333332 0.021296296296296296 0.013541666666666667
0 0.07268518518518519 0.20364583333333333 0.028703703703703703 0.017708333333333333
0 0.07546296296296297 0.26640625 0.026851851851851852 0.018229166666666668
0 0.10416666666666667 0.2453125 0.019444444444444445 0.013541666666666667
0 0.08194444444444444 0.33932291666666664 0.032407407407407406 0.018229166666666668
0 0.09444444444444444 0.3697916666666667 0.031481481481481485 0.016666666666666666
0 0.02592592592592593 0.40859375 0.03518518518518519 0.018229166666666668
0 0.013425925925925926 0.45625 0.02314814814814815 0.016666666666666666
0 0.17962962962962964 0.39557291666666666 0.031481481481481485 0.0171875
0 0.20925925925925926 0.34739583333333335 0.02777777777777778 0.014583333333333334
0 0.22222222222222224 0.32057291666666665 0.02777777777777778 0.0171875
0 0.22685185185185186 0.2638020833333333 0.02777777777777778 0.0171875
0 0.11157407407407408 0.534375 0.021296296296296296 0.0125
0 0.2087962962962963 0.5091145833333334 0.02314814814814815 0.0140625
0 0.2564814814814815 0.7372395833333333 0.037037037037037035 0.0140625
0 0.26944444444444443 0.6091145833333333 0.031481481481481485 0.018229166666666668
0 0.3092592592592593 0.5872395833333334 0.02777777777777778 0.015104166666666667
0 0.20370370370370372 0.6453125 0.031481481481481485 0.014583333333333334
0 0.43472222222222223 0.5932291666666667 0.028703703703703703 0.015625
0 0.4939814814814815 0.5434895833333333 0.025 0.0171875
0 0.5550925925925926 0.64921875 0.02314814814814815 0.01614583333333333
0 0.5101851851851852 0.4674479166666667 0.018518518518518517 0.015104166666666667
0 0.38981481481481484 0.42109375 0.016666666666666666 0.015104166666666667
0 0.20925925925925926 0.42994791666666665 0.020370370370370372 0.015104166666666667
0 0.425 0.38307291666666665 0.02777777777777778 0.0171875
0 0.35833333333333334 0.3302083333333333 0.02592592592592593 0.015625
0 0.3092592592592593 0.2359375 0.02777777777777778 0.019791666666666666
0 0.3462962962962963 0.278125 0.022222222222222223 0.015625
0 0.39722222222222225 0.28072916666666664 0.024074074074074074 0.019791666666666666
0 0.3768518518518519 0.2875 0.02592592592592593 0.010416666666666666
0 0.4199074074074074 0.24375 0.02314814814814815 0.013541666666666667
0 0.42685185185185187 0.25677083333333334 0.024074074074074074 0.011458333333333333
0 0.4518518518518519 0.24739583333333334 0.031481481481481485 0.017708333333333333
0 0.2138888888888889 0.30572916666666666 0.011111111111111112 0.008333333333333333
0 0.5523148148148148 0.28932291666666665 0.021296296296296296 0.0067708333333333336
0 0.5277777777777778 0.3346354166666667 0.02962962962962963 0.0171875
0 0.5476851851851852 0.3255208333333333 0.017592592592592594 0.011458333333333333
0 0.5699074074074074 0.32786458333333335 0.021296296296296296 0.015104166666666667
0 0.5884259259259259 0.32369791666666664 0.025 0.011979166666666666
0 0.6800925925925926 0.08723958333333333 0.026851851851851852 0.015104166666666667
0 0.6328703703703704 0.14348958333333334 0.028703703703703703 0.019270833333333334
0 0.6712962962962963 0.20078125 0.02777777777777778 0.019270833333333334
0 0.6555555555555556 0.24010416666666667 0.02777777777777778 0.019791666666666666
0 0.6226851851851852 0.30885416666666665 0.032407407407407406 0.014583333333333334
0 0.6694444444444445 0.3489583333333333 0.03333333333333333 0.016666666666666666
0 0.6212962962962963 0.3841145833333333 0.02777777777777778 0.018229166666666668
0 0.7222222222222222 0.3848958333333333 0.02777777777777778 0.0125
0 0.6967592592592593 0.3893229166666667 0.02314814814814815 0.011979166666666666
0 0.7115740740740741 0.39817708333333335 0.026851851851851852 0.0140625
0 0.7333333333333334 0.39869791666666665 0.024074074074074074 0.015104166666666667
0 0.625 0.4354166666666667 0.022222222222222223 0.015625
0 0.675462962962963 0.4671875 0.028703703703703703 0.014583333333333334
0 0.65 0.48046875 0.02592592592592593 0.0109375
0 0.6194444444444445 0.49557291666666664 0.02592592592592593 0.0140625
0 0.7268518518518519 0.484375 0.018518518518518517 0.010416666666666666
0 0.7875 0.51015625 0.028703703703703703 0.018229166666666668
0 0.6995370370370371 0.5171875 0.032407407407407406 0.015625
0 0.6444444444444445 0.5338541666666666 0.020370370370370372 0.015625
0 0.6129629629629629 0.5953125 0.022222222222222223 0.015625
0 0.7231481481481482 0.6427083333333333 0.02962962962962963 0.015625
0 0.7898148148148149 0.5447916666666667 0.020370370370370372 0.015625
0 0.8740740740740741 0.59296875 0.02592592592592593 0.015104166666666667
0 0.8981481481481481 0.5986979166666666 0.024074074074074074 0.0140625
0 0.5953703703703704 0.703125 0.02592592592592593 0.017708333333333333
0 0.9037037037037038 0.41041666666666665 0.02592592592592593 0.014583333333333334
0 0.8138888888888889 0.34140625 0.018518518518518517 0.013020833333333334
0 0.8245370370370371 0.3502604166666667 0.017592592592592594 0.013020833333333334
0 0.5351851851851852 0.49453125 0.020370370370370372 0.009895833333333333
0 0.8643518518518519 0.30833333333333335 0.028703703703703703 0.0125
0 0.9847222222222223 0.47031249999999997 0.030555555555555558 0.020833333333333332
0 0.9773148148148149 0.5005208333333333 0.04351851851851852 0.017708333333333333
0 0.9851851851851853 0.5630208333333333 0.02962962962962963 0.016666666666666666
0 0.9041666666666667 0.6510416666666666 0.025 0.008333333333333333
0 0.5462962962962963 0.3671875 0.011111111111111112 0.009375
0 0.27222222222222225 0.4575520833333333 0.024074074074074074 0.009895833333333333
0 0.3199074074074074 0.29244791666666664 0.026851851851851852 0.013020833333333334
