0 0.7967592592592593 0.023697916666666666 0.03425925925925926 0.025520833333333333
0 0.7717592592592593 0.03854166666666667 0.032407407407407406 0.027083333333333334
0 0.7930555555555556 0.048177083333333336 0.025 0.0171875
0 0.775 0.06380208333333333 0.02592592592592593 0.018229166666666668
0 0.7912037037037037 0.19375 0.028703703703703703 0.020833333333333332
0 0.8592592592592593 0.21666666666666667 0.020370370370370372 0.013541666666666667
0 0.9643518518518519 0.20520833333333333 0.030555555555555558 0.017708333333333333
0 0.9597222222222223 0.2677083333333333 0.025 0.01875
0 0.9324074074074075 0.24765625 0.020370370370370372 0.013020833333333334
0 0.9541666666666667 0.34088541666666666 0.032407407407407406 0.018229166666666668
0 0.9435185185185185 0.37057291666666664 0.02962962962962963 0.01614583333333333
0 0.8578703703703704 0.396875 0.030555555555555558 0.016666666666666666
0 0.8268518518518518 0.3489583333333333 0.02592592592592593 0.013541666666666667
0 0.8152777777777778 0.3221354166666667 0.028703703703703703 0.0171875
0 0.8083333333333333 0.26536458333333335 0.02962962962962963 0.0171875
0 0.9226851851851853 0.5354166666666667 0.02314814814814815 0.0125
0 0.8277777777777778 0.5104166666666666 0.02592592592592593 0.014583333333333334
0 0.7814814814814816 0.7364583333333333 0.03518518518518519 0.017708333333333333
0 0.7726851851851853 0.6098958333333333 0.028703703703703703 0.01875
0 0.7310185185185185 0.58828125 0.028703703703703703 0.01614583333333333
0 0.8361111111111111 0.646875 0.03333333333333333 0.014583333333333334
0 0.6069444444444445 0.5942708333333333 0.028703703703703703 0.015625
0 0.5472222222222223 0.5450520833333333 0.024074074074074074 0.01614583333333333
0 0.4842592592592593 0.6502604166666667 0.024074074074074074 0.01614583333333333
0 0.5291666666666667 0.46953125 0.017592592592592594 0.01614583333333333
0 0.6458333333333334 0.4231770833333333 0.017592592592592594 0.015104166666666667
0 0.8250000000000001 0.43203125 0.020370370370370372 0.013020833333333334
0 0.611574074074074 0.3848958333333333 0.028703703703703703 0.016666666666666666
0 0.6768518518518519 0.3333333333333333 0.02777777777777778 0.017708333333333333
0 0.7268518518518519 0.23880208333333333 0.02777777777777778 0.0203125
0 0.6893518518518519 0.28020833333333334 0.02314814814814815 0.015625
0 0.6398148148148148 0.2833333333333333 0.022222222222222223 0.019791666666666666
0 0.6574074074074074 0.2872395833333333 0.024074074074074074 0.013020833333333334
0 0.6171296296296297 0.24661458333333333 0.025 0.013020833333333334
0 0.6083333333333334 0.25885416666666666 0.022222222222222223 0.011458333333333333
0 0.5875 0.25026041666666665 0.030555555555555558 0.018229166666666668
0 0.4847222222222222 0.29192708333333334 0.021296296296296296 0.0078125
0 0.5106481481481482 0.33697916666666666 0.030555555555555558 0.016666666666666666
0 0.4916666666666667 0.328125 0.018518518518518517 0.010416666666666666
0 0.46851851851851856 0.3307291666666667 0.022222222222222223 0.014583333333333334
0 0.3574074074074074 0.09192708333333333 0.02592592592592593 0.015104166666666667
0 0.4041666666666667 0.14817708333333332 0.028703703703703703 0.019270833333333334
0 0.3662037037037037 0.20494791666666667 0.026851851851851852 0.019270833333333334
0 0.3805555555555556 0.24348958333333334 0.02777777777777778 0.019270833333333334
0 0.4189814814814815 0.31197916666666664 0.032407407407407406 0.013541666666666667
0 0.3736111111111111 0.35182291666666665 0.03425925925925926 0.01614583333333333
0 0.4175925925925926 0.38671875 0.02777777777777778 0.018229166666666668
0 0.3143518518518519 0.3880208333333333 0.028703703703703703 0.0125
0 0.33935185185185185 0.39140625 0.025 0.013020833333333334
0 0.32407407407407407 0.40078125 0.02592592592592593 0.0140625
0 0.30324074074074076 0.4015625 0.02314814814814815 0.015625
0 0.40925925925925927 0.4375 0.02962962962962963 0.015625
0 0.362962962962963 0.4692708333333333 0.02777777777777778 0.014583333333333334
0 0.3875 0.4825520833333333 0.025 0.0109375
0 0.4189814814814815 0.49713541666666666 0.026851851851851852 0.0140625
0 0.31157407407407406 0.48593749999999997 0.019444444444444445 0.009375
0 0.2550925925925926 0.51328125 0.028703703703703703 0.019270833333333334
0 0.3402777777777778 0.51875 0.032407407407407406 0.016666666666666666
0 0.39166666666666666 0.5359375 0.020370370370370372 0.014583333333333334
0 0.42685185185185187 0.5966145833333333 0.022222222222222223 0.015104166666666667
0 0.31712962962962965 0.64453125 0.028703703703703703 0.015104166666666667
0 0.2513888888888889 0.5463541666666667 0.019444444444444445 0.015625
0 0.16203703703703703 0.5947916666666666 0.02592592592592593 0.014583333333333334
0 0.1398148148148148 0.6 0.022222222222222223 0.013541666666666667
0 0.44351851851851853 0.70390625 0.024074074074074074 0.018229166666666668
0 0.13194444444444445 0.4127604166666667 0.025 0.0140625
0 0.22361111111111112 0.34375 0.021296296296296296 0.013541666666666667
0 0.21435185185185185 0.3541666666666667 0.015740740740740743 0.011458333333333333
0 0.7967592592592593 0.13020833333333334 0.025 0.017708333333333333
0 0.4990740740740741 0.49635416666666665 0.02592592592592593 0.009375
0 0.012962962962962964 0.18177083333333333 0.024074074074074074 0.01875
0 0.012962962962962964 0.28203125 0.018518518518518517 0.015104166666666667
0 0.02638888888888889 0.34322916666666664 0.04166666666666667 0.019791666666666666
0 0.17407407407407408 0.3111979166666667 0.02777777777777778 0.011979166666666666
0 0.022222222222222223 0.42291666666666666 0.040740740740740744 0.021875
0 0.05416666666666667 0.4734375 0.04722222222222222 0.020833333333333332
0 0.07268518518518519 0.5026041666666666 0.04166666666666667 0.017708333333333333
0 0.06296296296296297 0.56484375 0.03518518518518519 0.0171875
0 0.008796296296296297 0.5950520833333334 0.015740740740740743 0.0203125
0 0.14027777777777778 0.6528645833333333 0.025 0.009895833333333333
0 0.036111111111111115 0.75078125 0.031481481481481485 0.0171875
0 0.49212962962962964 0.3697916666666667 0.012037037037037037 0.009375
0 0.7560185185185185 0.19244791666666666 0.019444444444444445 0.015104166666666667
0 0.7087962962962964 0.2955729166666667 0.017592592592592594 0.011979166666666666
0 0.7643518518518518 0.13463541666666667 0.026851851851851852 0.015104166666666667
0 0.7393518518518519 0.12473958333333333 0.021296296296296296 0.011979166666666666
