0 0.16574074074074074 0.02395833333333333 0.03518518518518519 0.025
0 0.1925925925925926 0.03802083333333333 0.031481481481481485 0.027083333333333334
0 0.16990740740740742 0.0484375 0.02314814814814815 0.01875
0 0.18935185185185185 0.06328125 0.025 0.0171875
0 0.17407407407407408 0.19244791666666666 0.02962962962962963 0.021354166666666667
0 0.11064814814814815 0.21536458333333333 0.019444444444444445 0.013020833333333334
0 0.009722222222222222 0.2046875 0.015740740740740743 0.019791666666666666
0 0.011111111111111112 0.26666666666666666 0.018518518518518517 0.01875
0 0.03518518518518519 0.24635416666666665 0.020370370370370372 0.013541666666666667
0 0.016666666666666666 0.33958333333333335 0.02962962962962963 0.017708333333333333
0 0.024537037037037038 0.3703125 0.030555555555555558 0.016666666666666666
0 0.10972222222222222 0.3953125 0.030555555555555558 0.016666666666666666
0 0.14212962962962963 0.34765625 0.026851851851851852 0.013020833333333334
0 0.15416666666666667 0.32135416666666666 0.030555555555555558 0.017708333333333333
0 0.15787037037037038 0.2643229166666667 0.030555555555555558 0.0171875
0 0.049074074074074076 0.5338541666666666 0.020370370370370372 0.013541666666666667
0 0.14166666666666666 0.50859375 0.02777777777777778 0.015104166666666667
0 0.18472222222222223 0.7341145833333333 0.032407407407407406 0.01614583333333333
0 0.1912037037037037 0.6080729166666666 0.028703703703703703 0.018229166666666668
0 0.23472222222222222 0.58671875 0.028703703703703703 0.01614583333333333
0 0.13240740740740742 0.6453125 0.03333333333333333 0.014583333333333334
0 0.3578703703703704 0.59296875 0.028703703703703703 0.015104166666666667
0 0.4185185185185185 0.5442708333333334 0.02592592592592593 0.015625
0 0.48240740740740745 0.6494791666666666 0.024074074074074074 0.015625
0 0.4356481481481482 0.46770833333333334 0.017592592592592594 0.014583333333333334
0 0.3231481481481482 0.42265625 0.018518518518518517 0.015104166666666667
0 0.14907407407407408 0.4317708333333333 0.024074074074074074 0.0125
0 0.3574074074074074 0.38385416666666666 0.02777777777777778 0.016666666666666666
0 0.2935185185185185 0.33229166666666665 0.02777777777777778 0.01875
0 0.24074074074074076 0.23776041666666667 0.02777777777777778 0.019270833333333334
0 0.2800925925925926 0.2796875 0.021296296296296296 0.015625
0 0.32916666666666666 0.2828125 0.02314814814814815 0.019791666666666666
0 0.31203703703703706 0.2869791666666667 0.024074074074074074 0.013541666666666667
0 0.3509259259259259 0.24687499999999998 0.024074074074074074 0.015625
0 0.3768518518518519 0.24921875 0.031481481481481485 0.018229166666666668
0 0.4569444444444445 0.33671875 0.030555555555555558 0.0171875
0 0.4990740740740741 0.3307291666666667 0.022222222222222223 0.015625
0 0.611574074074074 0.09192708333333333 0.025 0.015104166666666667
0 0.5648148148148149 0.1484375 0.02777777777777778 0.019791666666666666
0 0.6032407407407407 0.20520833333333333 0.026851851851851852 0.019791666666666666
0 0.5893518518518519 0.24348958333333334 0.026851851851851852 0.018229166666666668
0 0.5458333333333334 0.31171875 0.032407407407407406 0.013020833333333334
0 0.5884259259259259 0.3515625 0.032407407407407406 0.016666666666666666
0 0.5509259259259259 0.38567708333333334 0.02962962962962963 0.018229166666666668
0 0.6555555555555556 0.3854166666666667 0.02777777777777778 0.015625
0 0.6300925925925926 0.39088541666666665 0.025 0.0140625
0 0.6462962962962964 0.4005208333333333 0.02592592592592593 0.013541666666666667
0 0.6671296296296296 0.40130208333333334 0.025 0.015104166666666667
0 0.5606481481481481 0.43697916666666664 0.028703703703703703 0.015625
0 0.6060185185185185 0.46901041666666665 0.026851851851851852 0.0140625
0 0.5819444444444445 0.48151041666666666 0.025 0.0109375
0 0.5509259259259259 0.4966145833333333 0.02592592592592593 0.0140625
0 0.6587962962962963 0.48541666666666666 0.021296296296296296 0.008333333333333333
0 0.7111111111111111 0.5104166666666666 0.02962962962962963 0.016666666666666666
0 0.6263888888888889 0.51796875 0.032407407407407406 0.0171875
0 0.5782407407407407 0.5356770833333333 0.019444444444444445 0.0140625
0 0.5407407407407407 0.5955729166666667 0.020370370370370372 0.015104166666666667
0 0.650462962962963 0.6432291666666666 0.028703703703703703 0.015625
0 0.7125 0.54609375 0.019444444444444445 0.01614583333333333
0 0.8097222222222222 0.5947916666666666 0.025 0.014583333333333334
0 0.8296296296296297 0.59921875 0.018518518518518517 0.013020833333333334
0 0.5240740740740741 0.703125 0.022222222222222223 0.01875
0 0.8398148148148148 0.41380208333333335 0.02592592592592593 0.0140625
0 0.7476851851851852 0.34401041666666665 0.019444444444444445 0.0140625
0 0.9601851851851853 0.18385416666666665 0.03518518518518519 0.01875
0 0.9805555555555556 0.18046875 0.024074074074074074 0.021354166666666667
0 0.9888888888888889 0.23828125 0.024074074074074074 0.021354166666666667
0 0.951388888888889 0.2838541666666667 0.015740740740740743 0.013541666666666667
0 0.9314814814814815 0.3442708333333333 0.03888888888888889 0.019791666666666666
0 0.7958333333333334 0.31197916666666664 0.026851851851851852 0.011458333333333333
0 0.9370370370370371 0.4231770833333333 0.044444444444444446 0.021354166666666667
0 0.9032407407407408 0.47369791666666666 0.04537037037037037 0.0203125
0 0.8851851851851852 0.5028645833333333 0.03888888888888889 0.0171875
0 0.8935185185185186 0.5640625 0.03518518518518519 0.016666666666666666
0 0.9615740740740741 0.5958333333333333 0.04351851851851852 0.020833333333333332
0 0.9939814814814815 0.6421875 0.012037037037037037 0.013541666666666667
0 0.8250000000000001 0.6536458333333334 0.02592592592592593 0.010416666666666666
0 0.9263888888888889 0.7497395833333333 0.032407407407407406 0.018229166666666668
0 0.4759259259259259 0.3690104166666667 0.014814814814814815 0.009895833333333333
0 0.2152777777777778 0.19270833333333334 0.017592592592592594 0.015625
0 0.22916666666666669 0.19765625 0.026851851851851852 0.01614583333333333
0 0.2606481481481482 0.29375 0.015740740740740743 0.0125
0 0.16990740740740742 0.12942708333333333 0.025 0.019270833333333334
0 0.20555555555555557 0.134375 0.02777777777777778 0.015625
0 0.23425925925925928 0.12291666666666666 0.022222222222222223 0.010416666666666666
