0 0.10555555555555556 0.024479166666666666 0.03518518518518519 0.022916666666666665
0 0.13333333333333333 0.0390625 0.03333333333333333 0.026041666666666668
0 0.1125 0.049479166666666664 0.025 0.017708333333333333
0 0.1337962962962963 0.0640625 0.025 0.016666666666666666
0 0.12083333333333333 0.19244791666666666 0.028703703703703703 0.021354166666666667
0 0.06296296296296297 0.21536458333333333 0.018518518518518517 0.013020833333333334
0 0.05787037037037037 0.39453125 0.030555555555555558 0.01614583333333333
0 0.09074074074074075 0.34661458333333334 0.02592592592592593 0.013020833333333334
0 0.10416666666666667 0.32057291666666665 0.030555555555555558 0.018229166666666668
0 0.10555555555555556 0.2640625 0.031481481481481485 0.017708333333333333
0 0.008333333333333333 0.5333333333333333 0.012962962962962964 0.014583333333333334
0 0.0912037037037037 0.5072916666666667 0.028703703703703703 0.015625
0 0.13148148148148148 0.7328125 0.02777777777777778 0.021875
0 0.1337962962962963 0.60703125 0.028703703703703703 0.0203125
0 0.1800925925925926 0.5833333333333334 0.030555555555555558 0.0125
0 0.08101851851851852 0.6440104166666667 0.03425925925925926 0.0140625
0 0.30324074074074076 0.59140625 0.028703703703703703 0.015104166666666667
0 0.3648148148148148 0.5427083333333333 0.02777777777777778 0.015625
0 0.4314814814814815 0.6466145833333333 0.022222222222222223 0.01614583333333333
0 0.38796296296296295 0.5752604166666666 0.022222222222222223 0.01614583333333333
0 0.3837962962962963 0.4653645833333333 0.015740740740740743 0.013020833333333334
0 0.27314814814814814 0.42109375 0.020370370370370372 0.01614583333333333
0 0.3078703703703704 0.38307291666666665 0.026851851851851852 0.0171875
0 0.24629629629629632 0.33151041666666664 0.02592592592592593 0.021354166666666667
0 0.18842592592592594 0.23671875 0.028703703703703703 0.019270833333333334
0 0.22824074074074074 0.2786458333333333 0.02314814814814815 0.017708333333333333
0 0.27685185185185185 0.2817708333333333 0.022222222222222223 0.019791666666666666
0 0.26481481481481484 0.28489583333333335 0.02592592592592593 0.016666666666666666
0 0.29583333333333334 0.24583333333333332 0.019444444444444445 0.016666666666666666
0 0.3199074074074074 0.25026041666666665 0.032407407407407406 0.019270833333333334
0 0.4064814814814815 0.3359375 0.02962962962962963 0.01875
0 0.44722222222222224 0.32916666666666666 0.024074074074074074 0.014583333333333334
0 0.5620370370370371 0.09088541666666666 0.02592592592592593 0.015104166666666667
0 0.5152777777777778 0.14765625 0.028703703703703703 0.0203125
0 0.5546296296296297 0.20572916666666666 0.024074074074074074 0.016666666666666666
0 0.5407407407407407 0.24270833333333333 0.02777777777777778 0.01875
0 0.48888888888888893 0.3106770833333333 0.03333333333333333 0.013020833333333334
0 0.5291666666666667 0.3502604166666667 0.03425925925925926 0.0171875
0 0.500462962962963 0.3848958333333333 0.028703703703703703 0.017708333333333333
0 0.6074074074074074 0.38359375 0.02962962962962963 0.018229166666666668
0 0.5833333333333334 0.38958333333333334 0.024074074074074074 0.013541666666666667
0 0.600925925925926 0.39921875 0.02777777777777778 0.0140625
0 0.6217592592592592 0.3997395833333333 0.025 0.01614583333333333
0 0.5115740740740741 0.43515624999999997 0.028703703703703703 0.015104166666666667
0 0.5564814814814815 0.4669270833333333 0.02777777777777778 0.015104166666666667
0 0.5351851851851852 0.48046875 0.02592592592592593 0.0109375
0 0.5013888888888889 0.4947916666666667 0.025 0.013541666666666667
0 0.6106481481481482 0.4848958333333333 0.021296296296296296 0.008333333333333333
0 0.6555555555555556 0.5111979166666667 0.02962962962962963 0.018229166666666668
0 0.5745370370370371 0.51640625 0.032407407407407406 0.0171875
0 0.5314814814814816 0.5330729166666667 0.020370370370370372 0.015104166666666667
0 0.48842592592592593 0.5932291666666667 0.019444444444444445 0.014583333333333334
0 0.5990740740740741 0.6408854166666667 0.02777777777777778 0.015104166666666667
0 0.6587962962962963 0.5434895833333333 0.017592592592592594 0.015104166666666667
0 0.763888888888889 0.5927083333333333 0.02592592592592593 0.014583333333333334
0 0.47361111111111115 0.70078125 0.021296296296296296 0.01614583333333333
0 0.7958333333333334 0.4109375 0.026851851851851852 0.013541666666666667
0 0.6990740740740741 0.34270833333333334 0.016666666666666666 0.011458333333333333
0 0.9083333333333333 0.18229166666666666 0.03518518518518519 0.01875
0 0.9296296296296297 0.17942708333333332 0.024074074074074074 0.0203125
0 0.9912037037037037 0.22239583333333332 0.017592592592592594 0.01875
0 0.9444444444444445 0.23671875 0.03333333333333333 0.021354166666666667
0 0.8967592592592593 0.28203125 0.01388888888888889 0.013020833333333334
0 0.8699074074074075 0.3424479166666667 0.03796296296296296 0.0203125
0 0.7472222222222222 0.3106770833333333 0.022222222222222223 0.013020833333333334
0 0.8703703703703703 0.42083333333333334 0.04259259259259259 0.020833333333333332
0 0.8407407407407408 0.4713541666666667 0.04259259259259259 0.019791666666666666
0 0.950462962962963 0.4666666666666667 0.032407407407407406 0.016666666666666666
0 0.975925925925926 0.5 0.02777777777777778 0.014583333333333334
0 0.9837962962962963 0.5161458333333333 0.032407407407407406 0.016666666666666666
0 0.9935185185185186 0.53515625 0.012962962962962964 0.018229166666666668
0 0.8217592592592593 0.50078125 0.03981481481481482 0.0171875
0 0.8273148148148148 0.5611979166666666 0.03425925925925926 0.01614583333333333
0 0.8930555555555556 0.59296875 0.04351851851851852 0.021354166666666667
0 0.9393518518518519 0.5809895833333333 0.03425925925925926 0.0171875
0 0.9851851851851853 0.5953125 0.02962962962962963 0.013541666666666667
0 0.9370370370370371 0.63984375 0.012962962962962964 0.015104166666666667
0 0.7689814814814815 0.6515625 0.028703703703703703 0.013541666666666667
0 0.9717592592592593 0.7692708333333333 0.03425925925925926 0.016666666666666666
0 0.8699074074074075 0.7453125 0.032407407407407406 0.017708333333333333
0 0.9699074074074074 0.6973958333333333 0.025 0.0125
0 0.6037037037037037 0.35104166666666664 0.020370370370370372 0.016666666666666666
0 0.425 0.36822916666666666 0.014814814814814815 0.009375
0 0.16990740740740742 0.45677083333333335 0.02314814814814815 0.0125
0 0.16574074074074074 0.19140625 0.018518518518518517 0.015104166666666667
0 0.18425925925925926 0.19765625 0.02592592592592593 0.01614583333333333
0 0.2087962962962963 0.29270833333333335 0.02314814814814815 0.013541666666666667
0 0.11851851851851852 0.12890625 0.02592592592592593 0.018229166666666668
0 0.1814814814814815 0.08098958333333334 0.022222222222222223 0.013020833333333334
0 0.1564814814814815 0.13359375 0.02962962962962963 0.01614583333333333
