0 0.9171296296296296 0.02786458333333333 0.036111111111111115 0.0234375
0 0.888888888888889 0.041666666666666664 0.03333333333333333 0.026041666666666668
0 0.9087962962962963 0.05182291666666666 0.025 0.0171875
0 0.8865740740740741 0.0671875 0.025 0.016666666666666666
0 0.899537037037037 0.19453125 0.028703703703703703 0.021354166666666667
0 0.9560185185185186 0.21692708333333333 0.017592592592592594 0.013020833333333334
0 0.9611111111111111 0.3958333333333333 0.03333333333333333 0.016666666666666666
0 0.9277777777777778 0.34765625 0.02592592592592593 0.011979166666666666
0 0.9162037037037037 0.3223958333333333 0.030555555555555558 0.017708333333333333
0 0.913888888888889 0.26510416666666664 0.031481481481481485 0.017708333333333333
0 0.9273148148148148 0.5075520833333333 0.028703703703703703 0.01614583333333333
0 0.888425925925926 0.7330729166666666 0.025 0.0203125
0 0.8870370370370371 0.6080729166666666 0.02777777777777778 0.0203125
0 0.8402777777777778 0.584375 0.030555555555555558 0.011458333333333333
0 0.9388888888888889 0.6447916666666667 0.03333333333333333 0.014583333333333334
0 0.7171296296296297 0.5919270833333333 0.028703703703703703 0.015104166666666667
0 0.6560185185185186 0.5434895833333333 0.026851851851851852 0.01614583333333333
0 0.5888888888888889 0.646875 0.022222222222222223 0.015625
0 0.6300925925925926 0.5760416666666667 0.02314814814814815 0.015625
0 0.6375000000000001 0.46588541666666666 0.017592592592592594 0.011979166666666666
0 0.7472222222222222 0.42291666666666666 0.018518518518518517 0.017708333333333333
0 0.7087962962962964 0.38385416666666666 0.030555555555555558 0.016666666666666666
0 0.7731481481481481 0.3328125 0.02777777777777778 0.021875
0 0.8310185185185186 0.23984375 0.028703703703703703 0.021354166666666667
0 0.7907407407407407 0.28046875 0.024074074074074074 0.018229166666666668
0 0.7416666666666667 0.2828125 0.022222222222222223 0.019791666666666666
0 0.7597222222222223 0.28463541666666664 0.021296296296296296 0.019270833333333334
0 0.7245370370370371 0.24687499999999998 0.017592592592592594 0.014583333333333334
0 0.700925925925926 0.2513020833333333 0.031481481481481485 0.019270833333333334
0 0.6138888888888889 0.33697916666666666 0.031481481481481485 0.017708333333333333
0 0.5717592592592593 0.3302083333333333 0.025 0.015625
0 0.45833333333333337 0.09270833333333334 0.02592592592592593 0.015625
0 0.5861111111111111 0.4927083333333333 0.018518518518518517 0.0125
0 0.5055555555555555 0.14895833333333333 0.02962962962962963 0.020833333333333332
0 0.4638888888888889 0.20677083333333332 0.024074074074074074 0.016666666666666666
0 0.47870370370370374 0.24348958333333334 0.02592592592592593 0.018229166666666668
0 0.5324074074074074 0.31197916666666664 0.031481481481481485 0.0125
0 0.4949074074074074 0.35104166666666664 0.03425925925925926 0.016666666666666666
0 0.5203703703703704 0.3859375 0.02962962962962963 0.017708333333333333
0 0.40925925925925927 0.3833333333333333 0.02777777777777778 0.016666666666666666
0 0.43472222222222223 0.39036458333333335 0.025 0.0140625
0 0.41805555555555557 0.39947916666666666 0.026851851851851852 0.014583333333333334
0 0.3962962962962963 0.4002604166666667 0.02592592592592593 0.015104166666666667
0 0.5069444444444444 0.4359375 0.028703703703703703 0.015625
0 0.4625 0.4674479166666667 0.026851851851851852 0.015104166666666667
0 0.48379629629629634 0.48020833333333335 0.025 0.010416666666666666
0 0.5166666666666667 0.4953125 0.02592592592592593 0.013541666666666667
0 0.3652777777777778 0.5111979166666667 0.030555555555555558 0.019270833333333334
0 0.44583333333333336 0.5166666666666666 0.032407407407407406 0.016666666666666666
0 0.4865740740740741 0.5338541666666666 0.019444444444444445 0.014583333333333334
0 0.5314814814814816 0.59375 0.018518518518518517 0.014583333333333334
0 0.4203703703703704 0.6408854166666667 0.02777777777777778 0.015104166666666667
0 0.3615740740740741 0.5440104166666666 0.017592592592592594 0.015104166666666667
0 0.2523148148148148 0.5924479166666666 0.026851851851851852 0.0140625
0 0.5462962962962963 0.7013020833333333 0.020370370370370372 0.01614583333333333
0 0.2212962962962963 0.4119791666666667 0.02777777777777778 0.014583333333333334
0 0.11157407407407408 0.18333333333333332 0.036111111111111115 0.01875
0 0.08935185185185185 0.18020833333333333 0.02314814814814815 0.020833333333333332
0 0.024537037037037038 0.22291666666666665 0.030555555555555558 0.017708333333333333
0 0.07592592592592592 0.2375 0.031481481481481485 0.021875
0 0.12361111111111112 0.2825520833333333 0.015740740740740743 0.013020833333333334
0 0.1550925925925926 0.34270833333333334 0.03796296296296296 0.019791666666666666
0 0.27222222222222225 0.31171875 0.022222222222222223 0.013020833333333334
0 0.15462962962962964 0.42135416666666664 0.04259259259259259 0.020833333333333332
0 0.1837962962962963 0.471875 0.04166666666666667 0.019791666666666666
0 0.07083333333333333 0.46640624999999997 0.032407407407407406 0.0171875
0 0.04583333333333334 0.49973958333333335 0.028703703703703703 0.0140625
0 0.037037037037037035 0.515625 0.03518518518518519 0.015625
0 0.018518518518518517 0.5341145833333333 0.03333333333333333 0.0171875
0 0.20231481481481484 0.5005208333333333 0.03796296296296296 0.017708333333333333
0 0.19675925925925927 0.5611979166666666 0.03425925925925926 0.01614583333333333
0 0.13194444444444445 0.5924479166666666 0.04166666666666667 0.021354166666666667
0 0.08240740740740742 0.5802083333333333 0.03333333333333333 0.017708333333333333
0 0.03518518518518519 0.5953125 0.03333333333333333 0.013541666666666667
0 0.08518518518518518 0.6393229166666666 0.012962962962962964 0.015104166666666667
0 0.25092592592592594 0.6520833333333333 0.02962962962962963 0.014583333333333334
0 0.04953703703703704 0.7684895833333333 0.03425925925925926 0.01614583333333333
0 0.15092592592592594 0.7453125 0.031481481481481485 0.017708333333333333
0 0.05 0.6971354166666667 0.02777777777777778 0.013020833333333334
0 0.4166666666666667 0.35104166666666664 0.020370370370370372 0.015625
0 0.5939814814814816 0.3690104166666667 0.015740740740740743 0.009895833333333333
0 0.8472222222222222 0.4575520833333333 0.024074074074074074 0.013020833333333334
0 0.850462962962963 0.19375 0.021296296296296296 0.015625
0 0.8342592592592593 0.19869791666666667 0.024074074074074074 0.0171875
0 0.8060185185185186 0.29635416666666664 0.01388888888888889 0.009375
0 0.9018518518518519 0.13098958333333333 0.02592592592592593 0.018229166666666668
0 0.8347222222222223 0.08307291666666666 0.02314814814814815 0.0109375
0 0.8615740740740742 0.13515625 0.030555555555555558 0.01614583333333333
