0 0.06620370370370371 0.031510416666666666 0.03425925925925926 0.0234375
0 0.09490740740740741 0.04479166666666667 0.032407407407407406 0.026041666666666668
0 0.07453703703703704 0.05520833333333333 0.02314814814814815 0.017708333333333333
0 0.0962962962962963 0.06979166666666667 0.024074074074074074 0.016666666666666666
0 0.08472222222222223 0.19661458333333334 0.028703703703703703 0.021354166666666667
0 0.032407407407407406 0.21848958333333332 0.018518518518518517 0.013020833333333334
0 0.02314814814814815 0.3971354166666667 0.031481481481481485 0.0171875
0 0.05694444444444444 0.34869791666666666 0.025 0.011979166666666666
0 0.06898148148148149 0.32421875 0.030555555555555558 0.018229166666666668
0 0.0712962962962963 0.2669270833333333 0.031481481481481485 0.018229166666666668
0 0.05787037037037037 0.5091145833333334 0.028703703703703703 0.015104166666666667
0 0.09583333333333334 0.7346354166666667 0.025 0.018229166666666668
0 0.0962962962962963 0.6088541666666667 0.02777777777777778 0.019791666666666666
0 0.14305555555555557 0.5848958333333333 0.030555555555555558 0.011458333333333333
0 0.04490740740740741 0.6455729166666666 0.03425925925925926 0.015104166666666667
0 0.0837962962962963 0.30859375 0.012037037037037037 0.0078125
0 0.2657407407407408 0.59296875 0.02962962962962963 0.015104166666666667
0 0.4134259259259259 0.2921875 0.019444444444444445 0.009375
0 0.3282407407407408 0.54453125 0.028703703703703703 0.01614583333333333
0 0.3962962962962963 0.646875 0.020370370370370372 0.014583333333333334
0 0.3564814814814815 0.5768229166666666 0.020370370370370372 0.01614583333333333
0 0.23842592592592593 0.42265625 0.019444444444444445 0.0171875
0 0.27592592592592596 0.3846354166666667 0.02962962962962963 0.0171875
0 0.2138888888888889 0.334375 0.02777777777777778 0.020833333333333332
0 0.15324074074074073 0.24114583333333334 0.028703703703703703 0.01875
0 0.2425925925925926 0.28463541666666664 0.024074074074074074 0.0203125
0 0.22546296296296298 0.2877604166666667 0.028703703703703703 0.0171875
0 0.25833333333333336 0.24869791666666666 0.014814814814814815 0.0140625
0 0.28055555555555556 0.2526041666666667 0.031481481481481485 0.01875
0 0.3703703703703704 0.3380208333333333 0.031481481481481485 0.01875
0 0.41203703703703703 0.33151041666666664 0.02592592592592593 0.015104166666666667
0 0.3990740740740741 0.49322916666666666 0.020370370370370372 0.0125
0 0.5263888888888889 0.0953125 0.025 0.014583333333333334
0 0.4791666666666667 0.15130208333333334 0.028703703703703703 0.0203125
0 0.5208333333333334 0.20859375 0.02314814814814815 0.01614583333333333
0 0.5064814814814815 0.24557291666666667 0.02592592592592593 0.018229166666666668
0 0.45 0.31354166666666666 0.031481481481481485 0.0125
0 0.48703703703703705 0.35260416666666666 0.03333333333333333 0.016666666666666666
0 0.46435185185185185 0.38671875 0.030555555555555558 0.018229166666666668
0 0.5750000000000001 0.38515625 0.031481481481481485 0.018229166666666668
0 0.5509259259259259 0.39140625 0.024074074074074074 0.0140625
0 0.5694444444444444 0.4 0.02592592592592593 0.014583333333333334
0 0.5893518518518519 0.4015625 0.025 0.015625
0 0.4791666666666667 0.43671875 0.026851851851851852 0.01614583333333333
0 0.5222222222222223 0.46796875 0.02777777777777778 0.015104166666666667
0 0.5023148148148149 0.48151041666666666 0.025 0.0109375
0 0.46851851851851856 0.49635416666666665 0.024074074074074074 0.013541666666666667
0 0.6180555555555556 0.5122395833333333 0.026851851851851852 0.018229166666666668
0 0.538425925925926 0.5171875 0.032407407407407406 0.017708333333333333
0 0.4990740740740741 0.5346354166666667 0.020370370370370372 0.0140625
0 0.4532407407407408 0.5942708333333333 0.017592592592592594 0.014583333333333334
0 0.5643518518518519 0.6408854166666667 0.026851851851851852 0.015104166666666667
0 0.6212962962962963 0.5447916666666667 0.016666666666666666 0.014583333333333334
0 0.7333333333333334 0.5927083333333333 0.02592592592592593 0.014583333333333334
0 0.4388888888888889 0.7013020833333333 0.020370370370370372 0.01614583333333333
0 0.763425925925926 0.4125 0.02314814814814815 0.013541666666666667
0 0.8712962962962963 0.18489583333333334 0.03518518518518519 0.01875
0 0.8925925925925926 0.18151041666666667 0.024074074074074074 0.0203125
0 0.9555555555555556 0.22421875 0.031481481481481485 0.018229166666666668
0 0.9060185185185186 0.23906249999999998 0.032407407407407406 0.021875
0 0.9898148148148148 0.3294270833333333 0.022222222222222223 0.01614583333333333
0 0.8592592592592593 0.28359375 0.014814814814814815 0.013020833333333334
0 0.8236111111111112 0.3442708333333333 0.03796296296296296 0.019791666666666666
0 0.7152777777777778 0.31145833333333334 0.026851851851851852 0.009375
0 0.8236111111111112 0.42265625 0.04166666666666667 0.021354166666666667
0 0.7958333333333334 0.47265625 0.04166666666666667 0.019270833333333334
0 0.9101851851851852 0.4671875 0.03333333333333333 0.016666666666666666
0 0.9347222222222222 0.5 0.028703703703703703 0.014583333333333334
0 0.9444444444444445 0.51640625 0.03518518518518519 0.01614583333333333
0 0.962962962962963 0.53515625 0.03518518518518519 0.0171875
0 0.9856481481481482 0.5171875 0.028703703703703703 0.015625
0 0.7768518518518519 0.5010416666666666 0.037037037037037035 0.016666666666666666
0 0.7814814814814816 0.5614583333333333 0.03333333333333333 0.016666666666666666
0 0.8458333333333333 0.5924479166666666 0.04166666666666667 0.0203125
0 0.8962962962962964 0.5802083333333333 0.03518518518518519 0.016666666666666666
0 0.9458333333333334 0.5950520833333334 0.03425925925925926 0.0140625
0 0.8949074074074075 0.6393229166666666 0.015740740740740743 0.01614583333333333
0 0.7324074074074074 0.65234375 0.02962962962962963 0.015104166666666667
0 0.9314814814814815 0.7684895833333333 0.03518518518518519 0.01614583333333333
0 0.8310185185185186 0.7453125 0.030555555555555558 0.017708333333333333
0 0.9347222222222222 0.6971354166666667 0.030555555555555558 0.011979166666666666
0 0.5657407407407408 0.3520833333333333 0.020370370370370372 0.014583333333333334
0 0.3907407407407408 0.37083333333333335 0.016666666666666666 0.010416666666666666
0 0.1398148148148148 0.4588541666666667 0.022222222222222223 0.0125
0 0.13472222222222222 0.19505208333333332 0.017592592592592594 0.013020833333333334
0 0.15416666666666667 0.20026041666666666 0.028703703703703703 0.0171875
0 0.17962962962962964 0.2973958333333333 0.014814814814814815 0.009375
0 0.0837962962962963 0.13333333333333333 0.026851851851851852 0.017708333333333333
0 0.15416666666666667 0.0859375 0.025 0.010416666666666666
0 0.12453703703703704 0.13802083333333334 0.028703703703703703 0.015625
