0 0.950462962962963 0.0359375 0.03425925925925926 0.022916666666666665
0 0.9222222222222223 0.04869791666666667 0.03333333333333333 0.025520833333333333
0 0.9425925925925926 0.058854166666666666 0.022222222222222223 0.016666666666666666
0 0.9194444444444445 0.07447916666666667 0.02592592592592593 0.017708333333333333
0 0.9319444444444445 0.19921875 0.030555555555555558 0.021354166666666667
0 0.9824074074074074 0.22083333333333333 0.018518518518518517 0.0125
0 0.9893518518518519 0.3989583333333333 0.021296296296296296 0.016666666666666666
0 0.9601851851851853 0.35052083333333334 0.024074074074074074 0.0125
0 0.9472222222222223 0.3260416666666667 0.02962962962962963 0.017708333333333333
0 0.9453703703703704 0.26901041666666664 0.031481481481481485 0.018229166666666668
0 0.9583333333333334 0.5096354166666667 0.02777777777777778 0.01614583333333333
0 0.9240740740740742 0.7364583333333333 0.024074074074074074 0.017708333333333333
0 0.9212962962962963 0.6096354166666667 0.02962962962962963 0.021354166666666667
0 0.875925925925926 0.5856770833333333 0.031481481481481485 0.011979166666666666
0 0.9726851851851852 0.6466145833333333 0.032407407407407406 0.015104166666666667
0 0.7532407407407408 0.5940104166666667 0.030555555555555558 0.015104166666666667
0 0.6921296296296297 0.5455729166666666 0.028703703703703703 0.015104166666666667
0 0.6222222222222222 0.6479166666666667 0.020370370370370372 0.014583333333333334
0 0.6597222222222222 0.5783854166666667 0.017592592592592594 0.015104166666666667
0 0.7777777777777778 0.4236979166666667 0.020370370370370372 0.0171875
0 0.7416666666666667 0.38645833333333335 0.02962962962962963 0.017708333333333333
0 0.8027777777777778 0.33671875 0.02777777777777778 0.021354166666666667
0 0.8625 0.24348958333333334 0.028703703703703703 0.019270833333333334
0 0.775 0.2864583333333333 0.022222222222222223 0.020833333333333332
0 0.7875 0.28984375 0.021296296296296296 0.0171875
0 0.7384259259259259 0.2565104166666667 0.03425925925925926 0.021354166666666667
0 0.9305555555555556 0.3104166666666667 0.012962962962962964 0.007291666666666667
0 0.6166666666666667 0.49505208333333334 0.022222222222222223 0.013020833333333334
0 0.6050925925925926 0.2947916666666667 0.019444444444444445 0.010416666666666666
0 0.6476851851851853 0.34010416666666665 0.030555555555555558 0.01875
0 0.6064814814814815 0.3338541666666667 0.02592592592592593 0.014583333333333334
0 0.4902777777777778 0.09869791666666666 0.026851851851851852 0.015104166666666667
0 0.5375 0.15390625 0.028703703703703703 0.0203125
0 0.4962962962962963 0.21145833333333333 0.022222222222222223 0.015625
0 0.5111111111111112 0.24739583333333334 0.02592592592592593 0.01875
0 0.5699074074074074 0.31588541666666664 0.02314814814814815 0.013020833333333334
0 0.5324074074074074 0.35520833333333335 0.03333333333333333 0.016666666666666666
0 0.5504629629629629 0.3885416666666667 0.025 0.01875
0 0.4416666666666667 0.3875 0.02962962962962963 0.016666666666666666
0 0.4666666666666667 0.3927083333333333 0.024074074074074074 0.013541666666666667
0 0.44722222222222224 0.4015625 0.02777777777777778 0.013541666666666667
0 0.42685185185185187 0.403125 0.02592592592592593 0.015625
0 0.5375 0.43723958333333335 0.025 0.0171875
0 0.4967592592592593 0.46979166666666666 0.028703703703703703 0.015625
0 0.5152777777777778 0.4825520833333333 0.025 0.0109375
0 0.549537037037037 0.4979166666666667 0.025 0.013541666666666667
0 0.40046296296296297 0.5119791666666667 0.026851851851851852 0.017708333333333333
0 0.48055555555555557 0.5182291666666666 0.031481481481481485 0.016666666666666666
0 0.5166666666666667 0.5364583333333334 0.022222222222222223 0.013541666666666667
0 0.5657407407407408 0.5953125 0.016666666666666666 0.014583333333333334
0 0.4550925925925926 0.6421875 0.026851851851851852 0.014583333333333334
0 0.3995370370370371 0.5463541666666667 0.015740740740740743 0.013541666666666667
0 0.28240740740740744 0.59375 0.02962962962962963 0.013541666666666667
0 0.5800925925925926 0.703125 0.019444444444444445 0.015625
0 0.14907407407407408 0.1875 0.03518518518518519 0.01875
0 0.12638888888888888 0.18463541666666666 0.02314814814814815 0.0203125
0 0.06620370370370371 0.22682291666666665 0.030555555555555558 0.0171875
0 0.11435185185185186 0.24114583333333334 0.030555555555555558 0.021875
0 0.010648148148148148 0.24036458333333333 0.019444444444444445 0.018229166666666668
0 0.02314814814814815 0.33046875 0.02962962962962963 0.01614583333333333
0 0.16203703703703703 0.2859375 0.014814814814814815 0.0125
0 0.19907407407407407 0.3463541666666667 0.037037037037037035 0.019791666666666666
0 0.3023148148148148 0.31354166666666666 0.025 0.009375
0 0.20046296296296298 0.4244791666666667 0.04166666666666667 0.020833333333333332
0 0.2263888888888889 0.4739583333333333 0.03981481481481482 0.019791666666666666
0 0.10972222222222222 0.46901041666666665 0.030555555555555558 0.0171875
0 0.08796296296296297 0.5013020833333334 0.02777777777777778 0.0140625
0 0.07824074074074075 0.5174479166666667 0.03425925925925926 0.01614583333333333
0 0.059722222222222225 0.5359375 0.03425925925925926 0.016666666666666666
0 0.03425925925925926 0.5182291666666666 0.031481481481481485 0.014583333333333334
0 0.24629629629629632 0.50234375 0.03518518518518519 0.0171875
0 0.2425925925925926 0.5627604166666667 0.03333333333333333 0.01614583333333333
0 0.1787037037037037 0.5934895833333333 0.040740740740740744 0.021354166666666667
0 0.12731481481481483 0.58125 0.03796296296296296 0.016666666666666666
0 0.0763888888888889 0.59609375 0.03425925925925926 0.0140625
0 0.1277777777777778 0.63984375 0.014814814814814815 0.01614583333333333
0 0.28935185185185186 0.6533854166666666 0.032407407407407406 0.015104166666666667
0 0.09074074074074075 0.76875 0.03333333333333333 0.016666666666666666
0 0.18888888888888888 0.74609375 0.02962962962962963 0.0171875
0 0.08425925925925926 0.6979166666666666 0.031481481481481485 0.0125
0 0.45092592592592595 0.35442708333333334 0.022222222222222223 0.0171875
0 0.6282407407407408 0.37265625 0.015740740740740743 0.009895833333333333
0 0.8745370370370371 0.45989583333333334 0.02314814814814815 0.0125
0 0.8800925925925926 0.19765625 0.017592592592592594 0.0140625
0 0.8597222222222223 0.20364583333333333 0.028703703703703703 0.016666666666666666
0 0.8361111111111111 0.2994791666666667 0.014814814814814815 0.009375
0 0.9324074074074075 0.13567708333333334 0.02592592592592593 0.0171875
0 0.8587962962962963 0.08828125 0.02314814814814815 0.011979166666666666
0 0.8912037037037037 0.140625 0.026851851851851852 0.015625
