0 0.017592592592592594 0.041666666666666664 0.031481481481481485 0.022916666666666665
0 0.04722222222222222 0.054947916666666666 0.031481481481481485 0.025520833333333333
0 0.028240740740740743 0.06432291666666666 0.025 0.015104166666666667
0 0.051388888888888894 0.07916666666666666 0.02314814814814815 0.016666666666666666
0 0.03796296296296296 0.20338541666666665 0.02962962962962963 0.022395833333333334
0 0.0125 0.3528645833333333 0.021296296296296296 0.011979166666666666
0 0.02592592592592593 0.3286458333333333 0.02962962962962963 0.017708333333333333
0 0.025462962962962965 0.271875 0.032407407407407406 0.017708333333333333
0 0.01388888888888889 0.5122395833333333 0.024074074074074074 0.0140625
0 0.04351851851851852 0.73828125 0.020370370370370372 0.01614583333333333
0 0.09027777777777778 0.5859375 0.03425925925925926 0.0125
0 0.21296296296296297 0.5950520833333334 0.02777777777777778 0.015104166666666667
0 0.274537037037037 0.54765625 0.026851851851851852 0.015104166666666667
0 0.3462962962962963 0.6486979166666667 0.020370370370370372 0.0140625
0 0.1912037037037037 0.42578125 0.019444444444444445 0.0171875
0 0.2300925925925926 0.3888020833333333 0.028703703703703703 0.0171875
0 0.1675925925925926 0.3403645833333333 0.031481481481481485 0.0234375
0 0.10833333333333334 0.24713541666666666 0.02962962962962963 0.019270833333333334
0 0.1962962962962963 0.28854166666666664 0.022222222222222223 0.021875
0 0.3578703703703704 0.4966145833333333 0.019444444444444445 0.0109375
0 0.18425925925925926 0.29270833333333335 0.024074074074074074 0.014583333333333334
0 0.22777777777777777 0.2596354166666667 0.03518518518518519 0.022395833333333334
0 0.0462962962962963 0.31328125 0.016666666666666666 0.008854166666666666
0 0.36574074074074076 0.2986979166666667 0.016666666666666666 0.0109375
0 0.3212962962962963 0.34296875 0.02962962962962963 0.018229166666666668
0 0.36342592592592593 0.33671875 0.030555555555555558 0.0140625
0 0.48055555555555557 0.10416666666666667 0.02592592592592593 0.014583333333333334
0 0.43333333333333335 0.15885416666666666 0.02777777777777778 0.019791666666666666
0 0.47500000000000003 0.21432291666666667 0.022222222222222223 0.018229166666666668
0 0.46111111111111114 0.2518229166666667 0.02592592592592593 0.018229166666666668
0 0.39722222222222225 0.31927083333333334 0.024074074074074074 0.011458333333333333
0 0.4328703703703704 0.35833333333333334 0.030555555555555558 0.014583333333333334
0 0.4199074074074074 0.39166666666666666 0.025 0.01875
0 0.5296296296296297 0.39010416666666664 0.02962962962962963 0.017708333333333333
0 0.5055555555555555 0.3958333333333333 0.024074074074074074 0.013541666666666667
0 0.525 0.4041666666666667 0.02777777777777778 0.013541666666666667
0 0.5453703703703704 0.40572916666666664 0.024074074074074074 0.015625
0 0.4310185185185185 0.44088541666666664 0.025 0.01614583333333333
0 0.47500000000000003 0.471875 0.02777777777777778 0.015625
0 0.45601851851851855 0.4848958333333333 0.02314814814814815 0.011458333333333333
0 0.42083333333333334 0.49973958333333335 0.025 0.0140625
0 0.5666666666666667 0.51484375 0.02592592592592593 0.019270833333333334
0 0.487962962962963 0.5205729166666666 0.031481481481481485 0.0171875
0 0.45601851851851855 0.5375 0.021296296296296296 0.013541666666666667
0 0.4046296296296297 0.596875 0.020370370370370372 0.014583333333333334
0 0.513425925925926 0.6434895833333333 0.026851851851851852 0.015104166666666667
0 0.5675925925925926 0.5494791666666666 0.014814814814814815 0.011458333333333333
0 0.6907407407407408 0.59609375 0.02777777777777778 0.013020833333333334
0 0.38796296296296295 0.7041666666666666 0.018518518518518517 0.015625
0 0.8180555555555555 0.19296875 0.03425925925925926 0.018229166666666668
0 0.8416666666666667 0.19036458333333334 0.022222222222222223 0.019270833333333334
0 0.899537037037037 0.23255208333333333 0.030555555555555558 0.018229166666666668
0 0.8550925925925926 0.24661458333333333 0.028703703703703703 0.0203125
0 0.9685185185185186 0.24687499999999998 0.024074074074074074 0.017708333333333333
0 0.9439814814814815 0.33515625 0.028703703703703703 0.01614583333333333
0 0.8055555555555556 0.2903645833333333 0.016666666666666666 0.013020833333333334
0 0.7615740740740741 0.35052083333333334 0.036111111111111115 0.019791666666666666
0 0.6675925925925926 0.3171875 0.022222222222222223 0.009375
0 0.7583333333333334 0.42734374999999997 0.03888888888888889 0.0203125
0 0.7351851851851852 0.4770833333333333 0.037037037037037035 0.017708333333333333
0 0.8555555555555556 0.47161458333333334 0.02962962962962963 0.01614583333333333
0 0.875462962962963 0.5041666666666667 0.026851851851851852 0.014583333333333334
0 0.8847222222222223 0.5203125 0.03425925925925926 0.015625
0 0.9032407407407408 0.53828125 0.032407407407407406 0.0171875
0 0.9277777777777778 0.5205729166666666 0.02777777777777778 0.0140625
0 0.7143518518518519 0.5049479166666666 0.03425925925925926 0.0171875
0 0.7166666666666667 0.56484375 0.03333333333333333 0.01614583333333333
0 0.7791666666666667 0.5953125 0.03981481481481482 0.020833333333333332
0 0.8402777777777778 0.58359375 0.03796296296296296 0.015104166666666667
0 0.8106481481481482 0.5994791666666667 0.026851851851851852 0.0125
0 0.8856481481481482 0.5986979166666666 0.03425925925925926 0.0140625
0 0.8347222222222223 0.6416666666666666 0.015740740740740743 0.017708333333333333
0 0.6782407407407408 0.6544270833333333 0.030555555555555558 0.015104166666666667
0 0.8722222222222222 0.7700520833333333 0.03333333333333333 0.015104166666666667
0 0.7763888888888889 0.746875 0.030555555555555558 0.016666666666666666
0 0.8842592592592593 0.6997395833333333 0.02962962962962963 0.011979166666666666
0 0.5171296296296296 0.3580729166666667 0.021296296296296296 0.01614583333333333
0 0.34305555555555556 0.3755208333333333 0.017592592592592594 0.010416666666666666
0 0.10092592592592593 0.4609375 0.022222222222222223 0.013541666666666667
0 0.09398148148148149 0.20182291666666666 0.017592592592592594 0.0140625
0 0.11388888888888889 0.20651041666666667 0.02592592592592593 0.015104166666666667
0 0.1375 0.30182291666666666 0.015740740740740743 0.009895833333333333
0 0.03935185185185185 0.13984375 0.026851851851851852 0.0171875
0 0.1212962962962963 0.09375 0.022222222222222223 0.011458333333333333
0 0.07777777777777778 0.14479166666666665 0.02777777777777778 0.015625
