0 0.013425925925925926 0.058854166666666666 0.02314814814814815 0.025
0 0.009722222222222222 0.20494791666666667 0.015740740740740743 0.022395833333333334
0 0.29953703703703705 0.5796875 0.015740740740740743 0.014583333333333334
0 0.008333333333333333 0.7385416666666667 0.012962962962962964 0.016666666666666666
0 0.05185185185185186 0.58671875 0.03333333333333333 0.009895833333333333
0 0.17407407407407408 0.5958333333333333 0.02962962962962963 0.014583333333333334
0 0.23564814814814816 0.5486979166666667 0.025 0.0140625
0 0.3092592592592593 0.6497395833333334 0.018518518518518517 0.013020833333333334
0 0.15694444444444444 0.4265625 0.019444444444444445 0.016666666666666666
0 0.19398148148148148 0.39036458333333335 0.026851851851851852 0.0171875
0 0.1337962962962963 0.3403645833333333 0.032407407407407406 0.021354166666666667
0 0.07407407407407407 0.24817708333333333 0.031481481481481485 0.019270833333333334
0 0.3236111111111111 0.4979166666666667 0.019444444444444445 0.0125
0 0.7824074074074074 0.196875 0.03333333333333333 0.01875
0 0.15833333333333333 0.2908854166666667 0.022222222222222223 0.021354166666666667
0 0.8064814814814815 0.19427083333333334 0.020370370370370372 0.019791666666666666
0 0.8597222222222223 0.23671875 0.030555555555555558 0.018229166666666668
0 0.8189814814814815 0.24973958333333332 0.030555555555555558 0.018229166666666668
0 0.9300925925925926 0.25078125 0.026851851851851852 0.0171875
0 0.9064814814814816 0.3377604166666667 0.02777777777777778 0.015104166666666667
0 0.1486111111111111 0.2942708333333333 0.026851851851851852 0.014583333333333334
0 0.7685185185185186 0.2934895833333333 0.016666666666666666 0.0140625
0 0.7189814814814816 0.3528645833333333 0.032407407407407406 0.0203125
0 0.6337962962962963 0.32005208333333335 0.019444444444444445 0.0109375
0 0.7138888888888889 0.42890625 0.037037037037037035 0.0203125
0 0.18981481481481483 0.26171875 0.03333333333333333 0.021354166666666667
0 0.6930555555555555 0.4786458333333333 0.036111111111111115 0.016666666666666666
0 0.8171296296296297 0.4734375 0.026851851851851852 0.015625
0 0.01388888888888889 0.315625 0.016666666666666666 0.009375
0 0.8351851851851853 0.5046875 0.02592592592592593 0.014583333333333334
0 0.8453703703703704 0.5208333333333334 0.031481481481481485 0.016666666666666666
0 0.3351851851851852 0.30104166666666665 0.020370370370370372 0.009375
0 0.8625 0.5395833333333333 0.028703703703703703 0.017708333333333333
0 0.2865740740740741 0.34401041666666665 0.030555555555555558 0.018229166666666668
0 0.8865740740740741 0.521875 0.026851851851851852 0.014583333333333334
0 0.6712962962962963 0.5044270833333333 0.02777777777777778 0.0171875
0 0.6726851851851852 0.5653645833333333 0.030555555555555558 0.0171875
0 0.32731481481481484 0.33828125 0.028703703703703703 0.015104166666666667
0 0.7333333333333334 0.5958333333333333 0.03888888888888889 0.019791666666666666
0 0.800462962962963 0.5838541666666667 0.03425925925925926 0.017708333333333333
0 0.4467592592592593 0.10807291666666667 0.025 0.0140625
0 0.774537037037037 0.5997395833333333 0.025 0.0140625
0 0.40046296296296297 0.16223958333333333 0.028703703703703703 0.019270833333333334
0 0.8444444444444444 0.5994791666666667 0.02962962962962963 0.014583333333333334
0 0.7935185185185185 0.6416666666666666 0.018518518518518517 0.017708333333333333
0 0.44212962962962965 0.2171875 0.025 0.016666666666666666
0 0.8444444444444444 0.6994791666666667 0.024074074074074074 0.016666666666666666
0 0.4277777777777778 0.25416666666666665 0.02592592592592593 0.017708333333333333
0 0.6412037037037037 0.6557291666666667 0.028703703703703703 0.016666666666666666
0 0.7375 0.7473958333333334 0.026851851851851852 0.017708333333333333
0 0.35879629629629634 0.32109375 0.02314814814814815 0.0109375
0 0.8319444444444445 0.7703125 0.030555555555555558 0.015625
0 0.39305555555555555 0.36041666666666666 0.030555555555555558 0.014583333333333334
0 0.48240740740740745 0.359375 0.020370370370370372 0.016666666666666666
0 0.3842592592592593 0.3919270833333333 0.02592592592592593 0.0203125
0 0.30833333333333335 0.3763020833333333 0.016666666666666666 0.009895833333333333
0 0.06898148148148149 0.46171875 0.02314814814814815 0.0140625
0 0.06296296296296297 0.20416666666666666 0.018518518518518517 0.014583333333333334
0 0.49583333333333335 0.39140625 0.032407407407407406 0.018229166666666668
0 0.07962962962962963 0.20781249999999998 0.018518518518518517 0.015625
0 0.10370370370370371 0.303125 0.014814814814814815 0.011458333333333333
0 0.47314814814814815 0.39739583333333334 0.024074074074074074 0.013541666666666667
0 0.09351851851851853 0.09609375 0.020370370370370372 0.013020833333333334
0 0.49212962962962964 0.4067708333333333 0.025 0.013541666666666667
0 0.513425925925926 0.4075520833333333 0.025 0.015104166666666667
0 0.3962962962962963 0.44166666666666665 0.02777777777777778 0.016666666666666666
0 0.4416666666666667 0.4731770833333333 0.02777777777777778 0.015104166666666667
0 0.4226851851851852 0.4861979166666667 0.025 0.0109375
0 0.38796296296296295 0.5013020833333334 0.024074074074074074 0.0140625
0 0.5305555555555556 0.51328125 0.02777777777777778 0.015104166666666667
0 0.4527777777777778 0.5213541666666667 0.031481481481481485 0.017708333333333333
0 0.4217592592592593 0.5385416666666667 0.019444444444444445 0.014583333333333334
0 0.36712962962962964 0.59765625 0.017592592592592594 0.0140625
0 0.47824074074074074 0.6440104166666667 0.026851851851851852 0.015104166666666667
0 0.5305555555555556 0.5505208333333333 0.012962962962962964 0.010416666666666666
0 0.6583333333333333 0.5966145833333333 0.02592592592592593 0.011979166666666666
0 0.3513888888888889 0.7049479166666667 0.017592592592592594 0.015104166666666667
0 0.010648148148148148 0.14322916666666666 0.017592592592592594 0.019791666666666666
0 0.043055555555555555 0.14583333333333334 0.028703703703703703 0.016666666666666666
