0 0.25462962962962965 0.026041666666666668 0.03333333333333333 0.021875
0 0.27731481481481485 0.040625 0.036111111111111115 0.027083333333333334
0 0.2740740740740741 0.06666666666666667 0.02592592592592593 0.016666666666666666
0 0.2574074074074074 0.19583333333333333 0.02777777777777778 0.019791666666666666
0 0.08240740740740742 0.20885416666666667 0.02777777777777778 0.016666666666666666
0 0.08611111111111111 0.2700520833333333 0.02777777777777778 0.0171875
0 0.18425925925925926 0.21901041666666665 0.022222222222222223 0.0140625
0 0.23842592592592593 0.2674479166666667 0.028703703703703703 0.0171875
0 0.11574074074074074 0.25078125 0.020370370370370372 0.013020833333333334
0 0.09351851851851853 0.34348958333333335 0.031481481481481485 0.018229166666666668
0 0.10370370370370371 0.3736979166666667 0.02962962962962963 0.01614583333333333
0 0.23240740740740742 0.32526041666666666 0.02777777777777778 0.0171875
0 0.22037037037037038 0.35 0.02592592592592593 0.0125
0 0.1902777777777778 0.3984375 0.030555555555555558 0.016666666666666666
0 0.0375 0.41119791666666666 0.03425925925925926 0.0171875
0 0.019444444444444445 0.4588541666666667 0.03518518518518519 0.016666666666666666
0 0.22083333333333335 0.51171875 0.02314814814814815 0.013020833333333334
0 0.21944444444444444 0.43359375 0.018518518518518517 0.013020833333333334
0 0.32175925925925924 0.5890625 0.028703703703703703 0.015625
0 0.2796296296296296 0.6104166666666666 0.031481481481481485 0.016666666666666666
0 0.44583333333333336 0.5942708333333333 0.028703703703703703 0.014583333333333334
0 0.5069444444444444 0.54453125 0.025 0.015104166666666667
0 0.4013888888888889 0.42473958333333334 0.021296296296296296 0.0140625
0 0.3699074074074074 0.33359375 0.025 0.0140625
0 0.4361111111111111 0.3859375 0.02777777777777778 0.015625
0 0.31851851851851853 0.240625 0.02962962962962963 0.019791666666666666
0 0.3578703703703704 0.28151041666666665 0.02314814814814815 0.015104166666666667
0 0.42962962962962964 0.24765625 0.02777777777777778 0.011979166666666666
0 0.4620370370370371 0.2526041666666667 0.03333333333333333 0.016666666666666666
0 0.5398148148148149 0.3364583333333333 0.031481481481481485 0.016666666666666666
0 0.5810185185185185 0.3299479166666667 0.025 0.01614583333333333
0 0.6365740740740741 0.31276041666666665 0.032407407407407406 0.01614583333333333
0 0.6685185185185185 0.24296874999999998 0.02962962962962963 0.0203125
0 0.6837962962962963 0.20442708333333334 0.02314814814814815 0.0171875
0 0.6439814814814815 0.14713541666666666 0.028703703703703703 0.019270833333333334
0 0.6902777777777778 0.08984375 0.025 0.015104166666666667
0 0.6851851851851852 0.3515625 0.03518518518518519 0.015625
0 0.6342592592592593 0.3859375 0.02777777777777778 0.01875
0 0.7467592592592592 0.4002604166666667 0.02314814814814815 0.0140625
0 0.638425925925926 0.43645833333333334 0.02314814814814815 0.015625
0 0.688425925925926 0.46822916666666664 0.026851851851851852 0.013541666666666667
0 0.662962962962963 0.48203124999999997 0.02592592592592593 0.0109375
0 0.6324074074074074 0.4973958333333333 0.024074074074074074 0.013541666666666667
0 0.7138888888888889 0.5177083333333333 0.03518518518518519 0.016666666666666666
0 0.6555555555555556 0.5359375 0.020370370370370372 0.013541666666666667
0 0.625925925925926 0.5966145833333333 0.018518518518518517 0.015104166666666667
0 0.5694444444444444 0.6505208333333333 0.024074074074074074 0.015625
0 0.7375 0.6447916666666667 0.030555555555555558 0.015625
0 0.9453703703703704 0.809375 0.024074074074074074 0.02395833333333333
0 0.8060185185185186 0.5463541666666667 0.021296296296296296 0.015625
0 0.888425925925926 0.5947916666666666 0.025 0.015625
0 0.9148148148148149 0.60078125 0.024074074074074074 0.013020833333333334
0 0.8388888888888889 0.35234375 0.016666666666666666 0.011979166666666666
0 0.6101851851851852 0.7044270833333334 0.02592592592592593 0.0171875
0 0.712037037037037 0.39036458333333335 0.018518518518518517 0.0109375
0 0.5574074074074075 0.36875 0.012962962962962964 0.009375
0 0.24814814814814815 0.13098958333333333 0.02592592592592593 0.015104166666666667
0 0.987962962962963 0.503125 0.02592592592592593 0.01875
0 0.7361111111111112 0.3846354166666667 0.02777777777777778 0.013020833333333334
0 0.7245370370370371 0.4010416666666667 0.025 0.014583333333333334
0 0.2162037037037037 0.6447916666666667 0.028703703703703703 0.017708333333333333
