0 0.7472222222222222 0.026041666666666668 0.03333333333333333 0.021875
0 0.7245370370370371 0.040625 0.036111111111111115 0.027083333333333334
0 0.7277777777777779 0.06666666666666667 0.02592592592592593 0.016666666666666666
0 0.7444444444444445 0.19583333333333333 0.02777777777777778 0.019791666666666666
0 0.9194444444444445 0.20885416666666667 0.02777777777777778 0.016666666666666666
0 0.9157407407407407 0.2700520833333333 0.02777777777777778 0.0171875
0 0.8175925925925926 0.21901041666666665 0.022222222222222223 0.0140625
0 0.763425925925926 0.2674479166666667 0.028703703703703703 0.0171875
0 0.8861111111111112 0.25078125 0.020370370370370372 0.013020833333333334
0 0.9083333333333333 0.34348958333333335 0.031481481481481485 0.018229166666666668
0 0.8981481481481481 0.3736979166666667 0.02962962962962963 0.01614583333333333
0 0.7694444444444445 0.32526041666666666 0.02777777777777778 0.0171875
0 0.7814814814814816 0.35 0.02592592592592593 0.0125
0 0.8115740740740741 0.3984375 0.030555555555555558 0.016666666666666666
0 0.9643518518518519 0.41119791666666666 0.03425925925925926 0.0171875
0 0.9824074074074074 0.4588541666666667 0.03518518518518519 0.016666666666666666
0 0.7810185185185186 0.51171875 0.02314814814814815 0.013020833333333334
0 0.7824074074074074 0.43359375 0.018518518518518517 0.013020833333333334
0 0.6800925925925926 0.5890625 0.028703703703703703 0.015625
0 0.7222222222222222 0.6104166666666666 0.031481481481481485 0.016666666666666666
0 0.5560185185185186 0.5942708333333333 0.028703703703703703 0.014583333333333334
0 0.4949074074074074 0.54453125 0.025 0.015104166666666667
0 0.600462962962963 0.42473958333333334 0.021296296296296296 0.0140625
0 0.6319444444444444 0.33359375 0.025 0.0140625
0 0.5657407407407408 0.3859375 0.02777777777777778 0.015625
0 0.6833333333333333 0.240625 0.02962962962962963 0.019791666666666666
0 0.6439814814814815 0.28151041666666665 0.02314814814814815 0.015104166666666667
0 0.5722222222222223 0.24765625 0.02777777777777778 0.011979166666666666
0 0.5398148148148149 0.2526041666666667 0.03333333333333333 0.016666666666666666
0 0.4620370370370371 0.3364583333333333 0.031481481481481485 0.016666666666666666
0 0.42083333333333334 0.3299479166666667 0.025 0.01614583333333333
0 0.3652777777777778 0.31276041666666665 0.032407407407407406 0.01614583333333333
0 0.33333333333333337 0.24296874999999998 0.02962962962962963 0.0203125
0 0.3180555555555556 0.20442708333333334 0.02314814814814815 0.0171875
0 0.3578703703703704 0.14713541666666666 0.028703703703703703 0.019270833333333334
0 0.31157407407407406 0.08984375 0.025 0.015104166666666667
0 0.31666666666666665 0.3515625 0.03518518518518519 0.015625
0 0.3675925925925926 0.3859375 0.02777777777777778 0.01875
0 0.2550925925925926 0.4002604166666667 0.02314814814814815 0.0140625
0 0.36342592592592593 0.43645833333333334 0.02314814814814815 0.015625
0 0.31342592592592594 0.46822916666666664 0.026851851851851852 0.013541666666666667
0 0.3388888888888889 0.48203124999999997 0.02592592592592593 0.0109375
0 0.36944444444444446 0.4973958333333333 0.024074074074074074 0.013541666666666667
0 0.287962962962963 0.5177083333333333 0.03518518518518519 0.016666666666666666
0 0.3462962962962963 0.5359375 0.020370370370370372 0.013541666666666667
0 0.37592592592592594 0.5966145833333333 0.018518518518518517 0.015104166666666667
0 0.4324074074074074 0.6505208333333333 0.024074074074074074 0.015625
0 0.26435185185185184 0.6447916666666667 0.030555555555555558 0.015625
0 0.05648148148148149 0.809375 0.024074074074074074 0.02395833333333333
0 0.19583333333333333 0.5463541666666667 0.021296296296296296 0.015625
0 0.11342592592592593 0.5947916666666666 0.025 0.015625
0 0.08703703703703704 0.60078125 0.024074074074074074 0.013020833333333334
0 0.16296296296296298 0.35234375 0.016666666666666666 0.011979166666666666
0 0.39166666666666666 0.7044270833333334 0.02592592592592593 0.0171875
0 0.2898148148148148 0.39036458333333335 0.018518518518518517 0.0109375
0 0.4444444444444445 0.36875 0.012962962962962964 0.009375
0 0.7537037037037038 0.13098958333333333 0.02592592592592593 0.015104166666666667
0 0.01388888888888889 0.503125 0.02592592592592593 0.01875
0 0.2657407407407408 0.3846354166666667 0.02777777777777778 0.013020833333333334
0 0.27731481481481485 0.4010416666666667 0.025 0.014583333333333334
0 0.7856481481481482 0.6447916666666667 0.028703703703703703 0.017708333333333333
