0 0.061111111111111116 0.03515625 0.03333333333333333 0.024479166666666666
0 0.08842592592592594 0.0484375 0.036111111111111115 0.026041666666666668
0 0.09351851851851853 0.07265625 0.024074074074074074 0.01614583333333333
0 0.08055555555555556 0.19765625 0.031481481481481485 0.0203125
0 0.028703703703703703 0.21927083333333333 0.018518518518518517 0.0125
0 0.06527777777777778 0.2682291666666667 0.036111111111111115 0.017708333333333333
0 0.0638888888888889 0.3247395833333333 0.02962962962962963 0.0171875
0 0.051388888888888894 0.3481770833333333 0.02314814814814815 0.011979166666666666
0 0.018055555555555557 0.3966145833333333 0.030555555555555558 0.01614583333333333
0 0.05324074074074074 0.50703125 0.028703703703703703 0.015104166666666667
0 0.13472222222222222 0.5828125 0.032407407407407406 0.011458333333333333
0 0.08657407407407408 0.60625 0.02314814814814815 0.017708333333333333
0 0.2564814814814815 0.59140625 0.02962962962962963 0.015104166666666667
0 0.3189814814814815 0.5440104166666666 0.030555555555555558 0.015104166666666667
0 0.23472222222222222 0.42473958333333334 0.025 0.018229166666666668
0 0.2087962962962963 0.33515625 0.028703703703703703 0.019270833333333334
0 0.26712962962962966 0.3854166666666667 0.02314814814814815 0.015625
0 0.14722222222222223 0.24270833333333333 0.031481481481481485 0.019791666666666666
0 0.2523148148148148 0.24973958333333332 0.017592592592592594 0.013020833333333334
0 0.27361111111111114 0.2546875 0.03425925925925926 0.019791666666666666
0 0.3652777777777778 0.33880208333333334 0.030555555555555558 0.018229166666666668
0 0.4046296296296297 0.3325520833333333 0.02962962962962963 0.01614583333333333
0 0.44583333333333336 0.3143229166666667 0.030555555555555558 0.011979166666666666
0 0.5041666666666667 0.24687499999999998 0.026851851851851852 0.019791666666666666
0 0.5185185185185185 0.21041666666666667 0.022222222222222223 0.014583333333333334
0 0.4763888888888889 0.153125 0.028703703703703703 0.020833333333333332
0 0.5236111111111111 0.09713541666666667 0.025 0.015104166666666667
0 0.4814814814814815 0.3536458333333333 0.03333333333333333 0.015625
0 0.45740740740740743 0.3875 0.031481481481481485 0.016666666666666666
0 0.587037037037037 0.4028645833333333 0.02592592592592593 0.01614583333333333
0 0.4759259259259259 0.43776041666666665 0.02592592592592593 0.0140625
0 0.5175925925925926 0.46822916666666664 0.02777777777777778 0.014583333333333334
0 0.4981481481481482 0.4817708333333333 0.02592592592592593 0.011458333333333333
0 0.4638888888888889 0.4966145833333333 0.024074074074074074 0.013020833333333334
0 0.5337962962962963 0.5166666666666666 0.03425925925925926 0.016666666666666666
0 0.49212962962962964 0.534375 0.019444444444444445 0.013541666666666667
0 0.4444444444444445 0.5942708333333333 0.012962962962962964 0.014583333333333334
0 0.38981481481481484 0.6455729166666666 0.022222222222222223 0.0140625
0 0.5578703703703703 0.6411458333333333 0.028703703703703703 0.015625
0 0.6157407407407408 0.5455729166666666 0.016666666666666666 0.0140625
0 0.7310185185185185 0.59453125 0.026851851851851852 0.0140625
0 0.4314814814814815 0.7005208333333334 0.020370370370370372 0.015625
0 0.9884259259259259 0.33229166666666665 0.02314814814814815 0.015625
0 0.9574074074074075 0.22786458333333334 0.02962962962962963 0.01614583333333333
0 0.8699074074074075 0.18854166666666666 0.03425925925925926 0.016666666666666666
0 0.3509259259259259 0.5760416666666667 0.016666666666666666 0.014583333333333334
0 0.9078703703703704 0.24166666666666667 0.030555555555555558 0.021875
0 0.9296296296296297 0.6979166666666666 0.02592592592592593 0.015625
0 0.8550925925925926 0.2856770833333333 0.021296296296296296 0.013020833333333334
0 0.8222222222222223 0.3455729166666667 0.040740740740740744 0.019270833333333334
0 0.8194444444444445 0.42343749999999997 0.04259259259259259 0.019791666666666666
0 0.9106481481481482 0.4700520833333333 0.028703703703703703 0.01614583333333333
0 0.9310185185185186 0.5020833333333333 0.032407407407407406 0.014583333333333334
0 0.9412037037037038 0.5177083333333333 0.03425925925925926 0.016666666666666666
0 0.9601851851851853 0.5369791666666667 0.037037037037037035 0.017708333333333333
0 0.9814814814814815 0.51953125 0.03333333333333333 0.01614583333333333
0 0.8935185185185186 0.58125 0.03518518518518519 0.01875
0 0.9430555555555556 0.5971354166666667 0.03425925925925926 0.0140625
0 0.8898148148148148 0.6419270833333334 0.018518518518518517 0.015104166666666667
0 0.9273148148148148 0.7697916666666667 0.03425925925925926 0.015625
0 0.825925925925926 0.7466145833333333 0.02962962962962963 0.0171875
0 0.7273148148148149 0.6528645833333333 0.028703703703703703 0.0140625
0 0.8412037037037038 0.59296875 0.04351851851851852 0.021354166666666667
0 0.7759259259259259 0.5627604166666667 0.03333333333333333 0.015104166666666667
0 0.7689814814814815 0.5026041666666666 0.030555555555555558 0.016666666666666666
0 0.7925925925925926 0.47369791666666666 0.040740740740740744 0.0203125
0 0.5731481481481482 0.38671875 0.02777777777777778 0.0171875
0 0.5643518518518519 0.40208333333333335 0.026851851851851852 0.013541666666666667
0 0.5476851851851852 0.3919270833333333 0.02314814814814815 0.011979166666666666
0 0.5648148148148149 0.35390625 0.016666666666666666 0.0171875
0 0.4046296296296297 0.29453125 0.02592592592592593 0.0109375
0 0.3842592592592593 0.37057291666666664 0.016666666666666666 0.0109375
0 0.0787037037037037 0.13463541666666667 0.024074074074074074 0.01614583333333333
0 0.037037037037037035 0.6416666666666666 0.03518518518518519 0.017708333333333333
0 0.1175925925925926 0.1359375 0.031481481481481485 0.014583333333333334
0 0.13101851851851853 0.19739583333333333 0.025 0.017708333333333333
