0 0.02777777777777778 0.039322916666666666 0.03333333333333333 0.0234375
0 0.05601851851851852 0.05182291666666666 0.036111111111111115 0.025520833333333333
0 0.06342592592592593 0.07604166666666666 0.025 0.016666666666666666
0 0.05 0.20052083333333334 0.031481481481481485 0.019791666666666666
0 0.03518518518518519 0.2700520833333333 0.03518518518518519 0.0171875
0 0.03564814814814815 0.3265625 0.030555555555555558 0.017708333333333333
0 0.020370370370370372 0.3497395833333333 0.024074074074074074 0.011979166666666666
0 0.024074074074074074 0.5083333333333333 0.02777777777777778 0.015625
0 0.10231481481481482 0.5830729166666666 0.03425925925925926 0.0109375
0 0.05277777777777778 0.6067708333333334 0.022222222222222223 0.016666666666666666
0 0.2240740740740741 0.5921875 0.02962962962962963 0.014583333333333334
0 0.2884259259259259 0.5447916666666667 0.028703703703703703 0.015625
0 0.20601851851851852 0.4244791666666667 0.025 0.017708333333333333
0 0.18101851851851852 0.3364583333333333 0.026851851851851852 0.020833333333333332
0 0.23935185185185187 0.38671875 0.025 0.01614583333333333
0 0.11944444444444445 0.24479166666666666 0.03333333333333333 0.020833333333333332
0 0.24074074074074076 0.25729166666666664 0.03333333333333333 0.020833333333333332
0 0.33564814814814814 0.33958333333333335 0.030555555555555558 0.017708333333333333
0 0.37777777777777777 0.334375 0.02592592592592593 0.016666666666666666
0 0.4115740740740741 0.31536458333333334 0.028703703703703703 0.011979166666666666
0 0.4763888888888889 0.24817708333333333 0.026851851851851852 0.019270833333333334
0 0.4902777777777778 0.21223958333333334 0.02314814814814815 0.0140625
0 0.4486111111111111 0.15546875 0.028703703703703703 0.0203125
0 0.4953703703703704 0.09947916666666666 0.02592592592592593 0.014583333333333334
0 0.4486111111111111 0.35494791666666664 0.032407407407407406 0.015104166666666667
0 0.4324074074074074 0.3872395833333333 0.02592592592592593 0.01614583333333333
0 0.5611111111111111 0.40260416666666665 0.02592592592592593 0.016666666666666666
0 0.44583333333333336 0.4380208333333333 0.025 0.014583333333333334
0 0.48888888888888893 0.46875 0.02777777777777778 0.014583333333333334
0 0.4708333333333333 0.4822916666666667 0.025 0.011458333333333333
0 0.4342592592592593 0.496875 0.024074074074074074 0.013541666666666667
0 0.5027777777777778 0.5169270833333334 0.03333333333333333 0.0171875
0 0.4615740740740741 0.5346354166666667 0.021296296296296296 0.0140625
0 0.41574074074074074 0.59453125 0.012962962962962964 0.0140625
0 0.3601851851851852 0.6453125 0.020370370370370372 0.0125
0 0.5282407407407408 0.640625 0.028703703703703703 0.015625
0 0.5856481481481481 0.5455729166666666 0.015740740740740743 0.013020833333333334
0 0.7023148148148148 0.5934895833333333 0.021296296296296296 0.013020833333333334
0 0.40231481481481485 0.70078125 0.019444444444444445 0.015104166666666667
0 0.9671296296296297 0.33151041666666664 0.032407407407407406 0.01614583333333333
0 0.9861111111111112 0.24140625 0.02592592592592593 0.018229166666666668
0 0.9263888888888889 0.22864583333333333 0.028703703703703703 0.015625
0 0.862037037037037 0.18697916666666667 0.022222222222222223 0.017708333333333333
0 0.8384259259259259 0.18932291666666667 0.032407407407407406 0.0171875
0 0.9009259259259259 0.6958333333333333 0.02592592592592593 0.014583333333333334
0 0.8773148148148149 0.24166666666666667 0.030555555555555558 0.020833333333333332
0 0.8240740740740741 0.28619791666666666 0.022222222222222223 0.013020833333333334
0 0.7856481481481482 0.3463541666666667 0.03796296296296296 0.01875
0 0.7810185185185186 0.42421875 0.04166666666666667 0.0203125
0 0.8777777777777778 0.4700520833333333 0.02962962962962963 0.01614583333333333
0 0.8981481481481481 0.50078125 0.031481481481481485 0.015104166666666667
0 0.9074074074074074 0.5174479166666667 0.03333333333333333 0.01614583333333333
0 0.9263888888888889 0.5359375 0.036111111111111115 0.017708333333333333
0 0.9490740740740741 0.51875 0.037037037037037035 0.014583333333333334
0 0.8592592592592593 0.5809895833333333 0.03518518518518519 0.0171875
0 0.8310185185185186 0.5966145833333333 0.019444444444444445 0.013020833333333334
0 0.9097222222222222 0.59609375 0.03425925925925926 0.0140625
0 0.8527777777777779 0.6403645833333333 0.022222222222222223 0.01614583333333333
0 0.8944444444444445 0.7682291666666666 0.03333333333333333 0.015625
0 0.7944444444444445 0.7453125 0.02962962962962963 0.016666666666666666
0 0.6944444444444444 0.65234375 0.02962962962962963 0.0140625
0 0.8032407407407408 0.5927083333333333 0.04166666666666667 0.020833333333333332
0 0.7384259259259259 0.5625 0.032407407407407406 0.015625
0 0.7324074074074074 0.5026041666666666 0.02962962962962963 0.016666666666666666
0 0.7587962962962963 0.475 0.036111111111111115 0.017708333333333333
0 0.5444444444444445 0.38776041666666666 0.02777777777777778 0.01614583333333333
0 0.5375 0.40234375 0.025 0.013020833333333334
0 0.5203703703703704 0.3927083333333333 0.022222222222222223 0.011458333333333333
0 0.5356481481481482 0.35494791666666664 0.015740740740740743 0.01614583333333333
0 0.37777777777777777 0.29661458333333335 0.020370370370370372 0.0109375
0 0.3564814814814815 0.371875 0.016666666666666666 0.011458333333333333
0 0.04953703703703704 0.13645833333333332 0.025 0.014583333333333334
0 0.012962962962962964 0.6434895833333333 0.022222222222222223 0.0171875
0 0.08888888888888889 0.1390625 0.031481481481481485 0.014583333333333334
0 0.10324074074074074 0.19973958333333333 0.025 0.018229166666666668
