0 0.9712962962962963 0.5861979166666667 0.03518518518518519 0.0109375
0 0.8495370370370371 0.5953125 0.030555555555555558 0.014583333333333334
0 0.7856481481481482 0.5473958333333333 0.025 0.0125
0 0.8615740740740742 0.42734374999999997 0.02314814814814815 0.0171875
0 0.8837962962962963 0.34088541666666666 0.026851851851851852 0.0203125
0 0.8277777777777778 0.390625 0.022222222222222223 0.016666666666666666
0 0.9495370370370371 0.24947916666666667 0.032407407407407406 0.020833333333333332
0 0.8351851851851853 0.2625 0.03518518518518519 0.020833333333333332
0 0.7328703703703704 0.34479166666666666 0.030555555555555558 0.01875
0 0.6916666666666667 0.33828125 0.02962962962962963 0.0140625
0 0.6606481481481482 0.3208333333333333 0.025 0.011458333333333333
0 0.587962962962963 0.2544270833333333 0.02592592592592593 0.018229166666666668
0 0.575462962962963 0.21927083333333333 0.025 0.014583333333333334
0 0.6166666666666667 0.16302083333333334 0.02777777777777778 0.019791666666666666
0 0.5703703703703704 0.10833333333333334 0.024074074074074074 0.013541666666666667
0 0.6273148148148149 0.36041666666666666 0.032407407407407406 0.014583333333333334
0 0.6319444444444444 0.3927083333333333 0.021296296296296296 0.017708333333333333
0 0.49953703703703706 0.40729166666666666 0.026851851851851852 0.015625
0 0.6203703703703703 0.4401041666666667 0.02777777777777778 0.016666666666666666
0 0.575925925925926 0.47161458333333334 0.02777777777777778 0.015104166666666667
0 0.5930555555555556 0.48515625 0.025 0.0109375
0 0.6300925925925926 0.5002604166666667 0.02314814814814815 0.013020833333333334
0 0.5643518518518519 0.5205729166666666 0.03425925925925926 0.0171875
0 0.5953703703703704 0.3502604166666667 0.018518518518518517 0.013020833333333334
0 0.600925925925926 0.5372395833333333 0.024074074074074074 0.013020833333333334
0 0.7037037037037037 0.6481770833333333 0.022222222222222223 0.011979166666666666
0 0.16805555555555557 0.696875 0.02314814814814815 0.013541666666666667
0 0.538425925925926 0.64296875 0.026851851851851852 0.015104166666666667
0 0.6652777777777779 0.7033854166666667 0.017592592592592594 0.015104166666666667
0 0.1050925925925926 0.33671875 0.028703703703703703 0.01614583333333333
0 0.08101851851851852 0.24791666666666667 0.028703703703703703 0.016666666666666666
0 0.15046296296296297 0.23567708333333334 0.028703703703703703 0.015104166666666667
0 0.20740740740740743 0.19453125 0.022222222222222223 0.01614583333333333
0 0.23148148148148148 0.19739583333333333 0.03333333333333333 0.017708333333333333
0 0.1962962962962963 0.24817708333333333 0.03518518518518519 0.021354166666666667
0 0.24629629629629632 0.2921875 0.018518518518518517 0.014583333333333334
0 0.2967592592592593 0.35182291666666665 0.03796296296296296 0.018229166666666668
0 0.3041666666666667 0.4283854166666667 0.03981481481481482 0.019270833333333334
0 0.19675925925925927 0.47369791666666666 0.028703703703703703 0.0140625
0 0.1800925925925926 0.5044270833333333 0.032407407407407406 0.015104166666666667
0 0.17037037037037037 0.5197916666666667 0.03333333333333333 0.015625
0 0.15231481481481482 0.5380208333333333 0.032407407407407406 0.017708333333333333
0 0.1287037037037037 0.5223958333333333 0.02962962962962963 0.014583333333333334
0 0.21481481481481482 0.5822916666666667 0.037037037037037035 0.01875
0 0.23935185185185187 0.5989583333333334 0.025 0.015625
0 0.16990740740740742 0.5979166666666667 0.03425925925925926 0.013541666666666667
0 0.2240740740740741 0.6416666666666666 0.020370370370370372 0.016666666666666666
0 0.04537037037037037 0.85703125 0.03518518518518519 0.0203125
0 0.18333333333333335 0.7684895833333333 0.031481481481481485 0.015104166666666667
0 0.27870370370370373 0.7458333333333333 0.02962962962962963 0.016666666666666666
0 0.375 0.6536458333333334 0.02962962962962963 0.014583333333333334
0 0.2837962962962963 0.5942708333333333 0.03981481481481482 0.020833333333333332
0 0.3453703703703704 0.5643229166666667 0.02962962962962963 0.015104166666666667
0 0.3490740740740741 0.5052083333333334 0.02777777777777778 0.016666666666666666
0 0.3226851851851852 0.4778645833333333 0.032407407407407406 0.015104166666666667
0 0.5171296296296296 0.39166666666666666 0.025 0.016666666666666666
0 0.5240740740740741 0.40651041666666665 0.02592592592592593 0.013020833333333334
0 0.5421296296296296 0.3966145833333333 0.025 0.011979166666666666
0 0.5310185185185186 0.35911458333333335 0.015740740740740743 0.0171875
0 0.6092592592592593 0.40625 0.020370370370370372 0.0125
0 0.6833333333333333 0.3015625 0.02592592592592593 0.011458333333333333
0 0.7101851851851853 0.37578125 0.016666666666666666 0.0109375
0 0.7189814814814816 0.5796875 0.019444444444444445 0.013541666666666667
0 0.975462962962963 0.14609375 0.030555555555555558 0.0171875
0 0.9578703703703704 0.2046875 0.026851851851851852 0.014583333333333334
