0 0.1175925925925926 0.596875 0.02962962962962963 0.014583333333333334
0 0.18194444444444446 0.5484375 0.025 0.013541666666666667
0 0.10972222222222222 0.42890625 0.025 0.01614583333333333
0 0.08796296296296297 0.3416666666666667 0.02962962962962963 0.020833333333333332
0 0.1449074074074074 0.3927083333333333 0.025 0.016666666666666666
0 0.01990740740740741 0.2513020833333333 0.03425925925925926 0.021354166666666667
0 0.13472222222222222 0.26276041666666666 0.030555555555555558 0.0203125
0 0.23703703703703705 0.34661458333333334 0.031481481481481485 0.018229166666666668
0 0.27824074074074073 0.33984375 0.032407407407407406 0.0140625
0 0.3087962962962963 0.3223958333333333 0.028703703703703703 0.011458333333333333
0 0.38333333333333336 0.25625 0.02777777777777778 0.01875
0 0.39537037037037037 0.22213541666666667 0.02592592592592593 0.0140625
0 0.3527777777777778 0.16588541666666667 0.02777777777777778 0.019270833333333334
0 0.4 0.11145833333333333 0.022222222222222223 0.013541666666666667
0 0.33796296296296297 0.3619791666666667 0.031481481481481485 0.014583333333333334
0 0.3365740740740741 0.3950520833333333 0.02314814814814815 0.0171875
0 0.47175925925925927 0.40911458333333334 0.025 0.01614583333333333
0 0.35000000000000003 0.4427083333333333 0.024074074074074074 0.0125
0 0.39583333333333337 0.47369791666666666 0.026851851851851852 0.015104166666666667
0 0.37777777777777777 0.48723958333333334 0.02592592592592593 0.0109375
0 0.3402777777777778 0.5015625 0.02314814814814815 0.0125
0 0.4046296296296297 0.5213541666666667 0.03518518518518519 0.016666666666666666
0 0.8009259259259259 0.6979166666666666 0.02592592592592593 0.015625
0 0.4300925925925926 0.6442708333333333 0.026851851851851852 0.014583333333333334
0 0.3041666666666667 0.70546875 0.017592592592592594 0.0140625
0 0.9828703703703704 0.19947916666666665 0.02314814814814815 0.016666666666666666
0 0.8606481481481482 0.33958333333333335 0.028703703703703703 0.015625
0 0.8861111111111112 0.2513020833333333 0.02777777777777778 0.01614583333333333
0 0.8148148148148149 0.23906249999999998 0.02592592592592593 0.014583333333333334
0 0.7601851851851852 0.1984375 0.022222222222222223 0.015625
0 0.7351851851851852 0.20078125 0.03333333333333333 0.0171875
0 0.7722222222222223 0.2526041666666667 0.03333333333333333 0.019791666666666666
0 0.7217592592592593 0.2955729166666667 0.019444444444444445 0.015104166666666667
0 0.6652777777777779 0.35390625 0.036111111111111115 0.0171875
0 0.6569444444444444 0.43046875 0.03796296296296296 0.019270833333333334
0 0.7685185185185186 0.4747395833333333 0.02777777777777778 0.015104166666666667
0 0.7851851851851852 0.50546875 0.02962962962962963 0.015104166666666667
0 0.7944444444444445 0.52109375 0.031481481481481485 0.01614583333333333
0 0.8115740740740741 0.5393229166666667 0.030555555555555558 0.0171875
0 0.8375 0.5234375 0.025 0.013541666666666667
0 0.750462962962963 0.5828125 0.03425925925925926 0.01875
0 0.7328703703703704 0.5997395833333333 0.028703703703703703 0.01614583333333333
0 0.7944444444444445 0.5989583333333334 0.03333333333333333 0.0125
0 0.7425925925925926 0.6421875 0.018518518518518517 0.016666666666666666
0 0.9171296296296296 0.85703125 0.03796296296296296 0.0203125
0 0.7819444444444444 0.7684895833333333 0.030555555555555558 0.015104166666666667
0 0.688425925925926 0.74765625 0.026851851851851852 0.015104166666666667
0 0.5921296296296297 0.6546875 0.028703703703703703 0.014583333333333334
0 0.675462962962963 0.5950520833333334 0.03796296296296296 0.0203125
0 0.6157407407407408 0.5653645833333333 0.02962962962962963 0.015104166666666667
0 0.6134259259259259 0.50703125 0.026851851851851852 0.01614583333333333
0 0.6412037037037037 0.48072916666666665 0.028703703703703703 0.015625
0 0.45416666666666666 0.39296875 0.025 0.01614583333333333
0 0.4481481481481482 0.4080729166666667 0.02592592592592593 0.013020833333333334
0 0.42962962962962964 0.39869791666666665 0.024074074074074074 0.011979166666666666
0 0.437962962962963 0.3611979166666667 0.016666666666666666 0.0171875
0 0.36388888888888893 0.40651041666666665 0.022222222222222223 0.0140625
0 0.3699074074074074 0.35442708333333334 0.021296296296296296 0.01614583333333333
0 0.28935185185185186 0.30494791666666665 0.019444444444444445 0.009895833333333333
0 0.25833333333333336 0.378125 0.020370370370370372 0.011458333333333333
0 0.2523148148148148 0.5817708333333333 0.025 0.014583333333333334
0 0.01388888888888889 0.20729166666666665 0.022222222222222223 0.015625
