0 0.8842592592592593 0.596875 0.02962962962962963 0.014583333333333334
0 0.8199074074074074 0.5484375 0.025 0.013541666666666667
0 0.8921296296296297 0.42890625 0.025 0.01614583333333333
0 0.913888888888889 0.3416666666666667 0.02962962962962963 0.020833333333333332
0 0.8569444444444445 0.3927083333333333 0.025 0.016666666666666666
0 0.9819444444444445 0.2513020833333333 0.03425925925925926 0.021354166666666667
0 0.8671296296296297 0.26276041666666666 0.030555555555555558 0.0203125
0 0.7648148148148148 0.34661458333333334 0.031481481481481485 0.018229166666666668
0 0.7236111111111111 0.33984375 0.032407407407407406 0.0140625
0 0.6930555555555555 0.3223958333333333 0.028703703703703703 0.011458333333333333
0 0.6185185185185186 0.25625 0.02777777777777778 0.01875
0 0.6064814814814815 0.22213541666666667 0.02592592592592593 0.0140625
0 0.6490740740740741 0.16588541666666667 0.02777777777777778 0.019270833333333334
0 0.6018518518518519 0.11145833333333333 0.022222222222222223 0.013541666666666667
0 0.6638888888888889 0.3619791666666667 0.031481481481481485 0.014583333333333334
0 0.6652777777777779 0.3950520833333333 0.02314814814814815 0.0171875
0 0.5300925925925926 0.40911458333333334 0.025 0.01614583333333333
0 0.6518518518518519 0.4427083333333333 0.024074074074074074 0.0125
0 0.6060185185185185 0.47369791666666666 0.026851851851851852 0.015104166666666667
0 0.6240740740740741 0.48723958333333334 0.02592592592592593 0.0109375
0 0.6615740740740741 0.5015625 0.02314814814814815 0.0125
0 0.5972222222222222 0.5213541666666667 0.03518518518518519 0.016666666666666666
0 0.20092592592592592 0.6979166666666666 0.02592592592592593 0.015625
0 0.5717592592592593 0.6442708333333333 0.026851851851851852 0.014583333333333334
0 0.6976851851851852 0.70546875 0.017592592592592594 0.0140625
0 0.01898148148148148 0.19947916666666665 0.02314814814814815 0.016666666666666666
0 0.14120370370370372 0.33958333333333335 0.028703703703703703 0.015625
0 0.11574074074074074 0.2513020833333333 0.02777777777777778 0.01614583333333333
0 0.18703703703703706 0.23906249999999998 0.02592592592592593 0.014583333333333334
0 0.24166666666666667 0.1984375 0.022222222222222223 0.015625
0 0.26666666666666666 0.20078125 0.03333333333333333 0.0171875
0 0.22962962962962963 0.2526041666666667 0.03333333333333333 0.019791666666666666
0 0.2800925925925926 0.2955729166666667 0.019444444444444445 0.015104166666666667
0 0.3365740740740741 0.35390625 0.036111111111111115 0.0171875
0 0.34490740740740744 0.43046875 0.03796296296296296 0.019270833333333334
0 0.23333333333333334 0.4747395833333333 0.02777777777777778 0.015104166666666667
0 0.21666666666666667 0.50546875 0.02962962962962963 0.015104166666666667
0 0.20740740740740743 0.52109375 0.031481481481481485 0.01614583333333333
0 0.1902777777777778 0.5393229166666667 0.030555555555555558 0.0171875
0 0.16435185185185186 0.5234375 0.025 0.013541666666666667
0 0.2513888888888889 0.5828125 0.03425925925925926 0.01875
0 0.2689814814814815 0.5997395833333333 0.028703703703703703 0.01614583333333333
0 0.20740740740740743 0.5989583333333334 0.03333333333333333 0.0125
0 0.25925925925925924 0.6421875 0.018518518518518517 0.016666666666666666
0 0.08472222222222223 0.85703125 0.03796296296296296 0.0203125
0 0.2199074074074074 0.7684895833333333 0.030555555555555558 0.015104166666666667
0 0.31342592592592594 0.74765625 0.026851851851851852 0.015104166666666667
0 0.40972222222222227 0.6546875 0.028703703703703703 0.014583333333333334
0 0.3263888888888889 0.5950520833333334 0.03796296296296296 0.0203125
0 0.3861111111111111 0.5653645833333333 0.02962962962962963 0.015104166666666667
0 0.38842592592592595 0.50703125 0.026851851851851852 0.01614583333333333
0 0.36064814814814816 0.48072916666666665 0.028703703703703703 0.015625
0 0.5476851851851852 0.39296875 0.025 0.01614583333333333
0 0.5537037037037037 0.4080729166666667 0.02592592592592593 0.013020833333333334
0 0.5722222222222223 0.39869791666666665 0.024074074074074074 0.011979166666666666
0 0.5638888888888889 0.3611979166666667 0.016666666666666666 0.0171875
0 0.637962962962963 0.40651041666666665 0.022222222222222223 0.0140625
0 0.6319444444444444 0.35442708333333334 0.021296296296296296 0.01614583333333333
0 0.7125 0.30494791666666665 0.019444444444444445 0.009895833333333333
0 0.7435185185185186 0.378125 0.020370370370370372 0.011458333333333333
0 0.7495370370370371 0.5817708333333333 0.025 0.014583333333333334
0 0.987962962962963 0.20729166666666665 0.022222222222222223 0.015625
