0 0.9180555555555556 0.59765625 0.028703703703703703 0.015104166666666667
0 0.8546296296296296 0.5489583333333333 0.024074074074074074 0.013541666666666667
0 0.9212962962962963 0.42994791666666665 0.02777777777777778 0.0171875
0 0.9435185185185185 0.34296875 0.031481481481481485 0.0203125
0 0.887962962962963 0.3924479166666667 0.020370370370370372 0.0171875
0 0.9013888888888889 0.2638020833333333 0.030555555555555558 0.022395833333333334
0 0.7958333333333334 0.3458333333333333 0.032407407407407406 0.017708333333333333
0 0.7550925925925926 0.34010416666666665 0.030555555555555558 0.014583333333333334
0 0.7273148148148149 0.32369791666666664 0.028703703703703703 0.0109375
0 0.6481481481481481 0.2578125 0.02592592592592593 0.01875
0 0.6356481481481482 0.22369791666666666 0.02314814814814815 0.0140625
0 0.6782407407407408 0.16770833333333332 0.028703703703703703 0.019791666666666666
0 0.6324074074074074 0.11328125 0.022222222222222223 0.0140625
0 0.6995370370370371 0.3625 0.030555555555555558 0.013541666666666667
0 0.6976851851851852 0.3953125 0.026851851851851852 0.016666666666666666
0 0.5583333333333333 0.40989583333333335 0.02592592592592593 0.015625
0 0.6828703703703703 0.4421875 0.026851851851851852 0.0125
0 0.6347222222222223 0.47421874999999997 0.026851851851851852 0.015104166666666667
0 0.6523148148148148 0.4875 0.025 0.011458333333333333
0 0.6912037037037038 0.5020833333333333 0.02314814814814815 0.0125
0 0.6273148148148149 0.5221354166666666 0.030555555555555558 0.01614583333333333
0 0.6013888888888889 0.64453125 0.026851851851851852 0.015104166666666667
0 0.7277777777777779 0.70625 0.016666666666666666 0.013541666666666667
0 0.05 0.20234375 0.022222222222222223 0.0171875
0 0.1736111111111111 0.3411458333333333 0.026851851851851852 0.015625
0 0.14814814814814814 0.25338541666666664 0.02777777777777778 0.01614583333333333
0 0.22222222222222224 0.24140625 0.02592592592592593 0.015104166666666667
0 0.27314814814814814 0.20052083333333334 0.022222222222222223 0.015625
0 0.2972222222222222 0.20260416666666667 0.03333333333333333 0.016666666666666666
0 0.25833333333333336 0.2546875 0.02962962962962963 0.017708333333333333
0 0.31203703703703706 0.29765625 0.018518518518518517 0.015104166666666667
0 0.3726851851851852 0.35494791666666664 0.03425925925925926 0.0171875
0 0.3837962962962963 0.4309895833333333 0.03796296296296296 0.019270833333333334
0 0.27083333333333337 0.38958333333333334 0.021296296296296296 0.0125
0 0.2657407407407408 0.47552083333333334 0.02592592592592593 0.014583333333333334
0 0.25092592592592594 0.50546875 0.02962962962962963 0.015104166666666667
0 0.24166666666666667 0.521875 0.02962962962962963 0.015625
0 0.22546296296296298 0.5401041666666666 0.028703703703703703 0.016666666666666666
0 0.20046296296296298 0.5239583333333333 0.026851851851851852 0.0125
0 0.2837962962962963 0.5830729166666666 0.032407407407407406 0.0171875
0 0.30185185185185187 0.5994791666666667 0.024074074074074074 0.015625
0 0.24351851851851852 0.5984375 0.031481481481481485 0.0125
0 0.29444444444444445 0.6421875 0.018518518518518517 0.016666666666666666
0 0.12314814814814816 0.85625 0.037037037037037035 0.019791666666666666
0 0.2550925925925926 0.7684895833333333 0.030555555555555558 0.015104166666666667
0 0.3462962962962963 0.746875 0.02777777777777778 0.015625
0 0.4412037037037037 0.6546875 0.028703703703703703 0.014583333333333334
0 0.3652777777777778 0.5950520833333334 0.03796296296296296 0.0203125
0 0.4236111111111111 0.565625 0.028703703703703703 0.014583333333333334
0 0.425 0.5075520833333333 0.02592592592592593 0.01614583333333333
0 0.39722222222222225 0.4822916666666667 0.02962962962962963 0.013541666666666667
0 0.575462962962963 0.39375 0.025 0.015625
0 0.5814814814814815 0.4088541666666667 0.02592592592592593 0.013541666666666667
0 0.6 0.39947916666666666 0.024074074074074074 0.011458333333333333
0 0.5944444444444444 0.3619791666666667 0.016666666666666666 0.016666666666666666
0 0.6638888888888889 0.40703125 0.022222222222222223 0.0140625
0 0.6675925925925926 0.35546875 0.020370370370370372 0.0171875
0 0.7398148148148148 0.3046875 0.018518518518518517 0.010416666666666666
0 0.7736111111111111 0.37864583333333335 0.021296296296296296 0.011458333333333333
0 0.7736111111111111 0.58203125 0.026851851851851852 0.015104166666666667
0 0.22962962962962963 0.6994791666666667 0.024074074074074074 0.016666666666666666
