0 0.8185185185185185 0.8739583333333333 0.04259259259259259 0.029166666666666667
0 0.975462962962963 0.6901041666666666 0.036111111111111115 0.019791666666666666
0 0.8944444444444445 0.69375 0.02592592592592593 0.01875
0 0.9157407407407407 0.68984375 0.024074074074074074 0.0140625
0 0.8953703703703704 0.646875 0.04259259259259259 0.021875
0 0.7490740740740741 0.7096354166666666 0.020370370370370372 0.0109375
0 0.7240740740740741 0.6466145833333333 0.02777777777777778 0.018229166666666668
0 0.7842592592592593 0.6291666666666667 0.022222222222222223 0.014583333333333334
0 0.9064814814814816 0.5520833333333334 0.022222222222222223 0.014583333333333334
0 0.9666666666666667 0.51640625 0.020370370370370372 0.008854166666666666
0 0.837962962962963 0.51796875 0.03518518518518519 0.018229166666666668
0 0.7875 0.5369791666666667 0.032407407407407406 0.017708333333333333
0 0.7708333333333334 0.52265625 0.03425925925925926 0.019270833333333334
0 0.8342592592592593 0.4875 0.02962962962962963 0.015625
0 0.8611111111111112 0.43984375 0.03518518518518519 0.018229166666666668
0 0.8069444444444445 0.4315104166666667 0.032407407407407406 0.0171875
0 0.7768518518518519 0.41432291666666665 0.022222222222222223 0.011979166666666666
0 0.7569444444444444 0.41432291666666665 0.019444444444444445 0.013020833333333334
0 0.8175925925925926 0.33125 0.03333333333333333 0.021875
0 0.7921296296296296 0.31927083333333334 0.028703703703703703 0.015625
0 0.775462962962963 0.3111979166666667 0.030555555555555558 0.0171875
0 0.8407407407407408 0.2721354166666667 0.031481481481481485 0.019270833333333334
0 0.8703703703703703 0.2708333333333333 0.031481481481481485 0.017708333333333333
0 0.925 0.271875 0.031481481481481485 0.016666666666666666
0 0.9333333333333333 0.253125 0.03333333333333333 0.019791666666666666
0 0.9861111111111112 0.24114583333333334 0.02777777777777778 0.019791666666666666
0 0.8851851851851852 0.22838541666666667 0.03333333333333333 0.0171875
0 0.8231481481481482 0.18984375 0.02777777777777778 0.021354166666666667
0 0.8518518518518519 0.17526041666666667 0.031481481481481485 0.0171875
0 0.875925925925926 0.17291666666666666 0.031481481481481485 0.021875
0 0.9680555555555556 0.10989583333333333 0.03796296296296296 0.028125
0 0.7546296296296297 0.18619791666666666 0.02777777777777778 0.0171875
0 0.5578703703703703 0.14817708333333332 0.030555555555555558 0.0234375
0 0.5074074074074074 0.2015625 0.016666666666666666 0.015625
0 0.4865740740740741 0.22604166666666667 0.032407407407407406 0.019791666666666666
0 0.513425925925926 0.2895833333333333 0.030555555555555558 0.020833333333333332
0 0.47314814814814815 0.3296875 0.02962962962962963 0.017708333333333333
0 0.45416666666666666 0.36875 0.030555555555555558 0.01875
0 0.5666666666666667 0.3489583333333333 0.024074074074074074 0.013541666666666667
0 0.5412037037037037 0.3515625 0.030555555555555558 0.020833333333333332
0 0.5180555555555556 0.3481770833333333 0.019444444444444445 0.019270833333333334
0 0.47175925925925927 0.43072916666666666 0.030555555555555558 0.015625
0 0.5111111111111112 0.43307291666666664 0.02777777777777778 0.0171875
0 0.5560185185185186 0.45 0.030555555555555558 0.016666666666666666
0 0.5731481481481482 0.4614583333333333 0.022222222222222223 0.013541666666666667
0 0.5486111111111112 0.4783854166666667 0.028703703703703703 0.018229166666666668
0 0.46574074074074073 0.44947916666666665 0.024074074074074074 0.011458333333333333
0 0.4314814814814815 0.4591145833333333 0.02962962962962963 0.01614583333333333
0 0.4134259259259259 0.51171875 0.030555555555555558 0.015104166666666667
0 0.4273148148148148 0.5440104166666666 0.026851851851851852 0.013020833333333334
0 0.6888888888888889 0.6916666666666667 0.024074074074074074 0.017708333333333333
0 0.600925925925926 0.7489583333333333 0.016666666666666666 0.0125
0 0.6171296296296297 0.65546875 0.030555555555555558 0.015104166666666667
0 0.5518518518518519 0.6765625 0.022222222222222223 0.015625
0 0.4990740740740741 0.7354166666666666 0.02777777777777778 0.020833333333333332
0 0.4990740740740741 0.6380208333333334 0.02962962962962963 0.019791666666666666
0 0.47453703703703703 0.640625 0.021296296296296296 0.014583333333333334
0 0.40370370370370373 0.6125 0.02777777777777778 0.013541666666666667
0 0.34351851851851856 0.7502604166666667 0.022222222222222223 0.0140625
0 0.27731481481481485 0.83046875 0.032407407407407406 0.022395833333333334
0 0.2986111111111111 0.5864583333333333 0.032407407407407406 0.014583333333333334
0 0.28750000000000003 0.5760416666666667 0.028703703703703703 0.016666666666666666
0 0.23611111111111113 0.65 0.02962962962962963 0.015625
0 0.2476851851851852 0.6541666666666667 0.028703703703703703 0.015625
0 0.17222222222222222 0.7197916666666666 0.02592592592592593 0.016666666666666666
0 0.17824074074074076 0.703125 0.026851851851851852 0.014583333333333334
0 0.1638888888888889 0.6520833333333333 0.031481481481481485 0.020833333333333332
0 0.18611111111111112 0.6244791666666667 0.031481481481481485 0.017708333333333333
0 0.0976851851851852 0.8291666666666666 0.030555555555555558 0.017708333333333333
0 0.1287037037037037 0.6393229166666666 0.02592592592592593 0.015104166666666667
0 0.08425925925925926 0.5890625 0.024074074074074074 0.016666666666666666
0 0.10277777777777779 0.5666666666666667 0.031481481481481485 0.014583333333333334
0 0.17314814814814816 0.5640625 0.020370370370370372 0.0125
0 0.13194444444444445 0.5513020833333333 0.026851851851851852 0.009895833333333333
0 0.1 0.5296875 0.024074074074074074 0.013541666666666667
0 0.12546296296296297 0.5041666666666667 0.02314814814814815 0.016666666666666666
0 0.19953703703703704 0.4200520833333333 0.026851851851851852 0.01614583333333333
0 0.13842592592592592 0.38671875 0.026851851851851852 0.0140625
0 0.20185185185185187 0.36796875 0.02962962962962963 0.018229166666666668
0 0.05416666666666667 0.3723958333333333 0.03425925925925926 0.01875
0 0.08425925925925926 0.3619791666666667 0.02962962962962963 0.014583333333333334
0 0.5699074074074074 0.7122395833333334 0.028703703703703703 0.015104166666666667
0 0.9694444444444444 0.5666666666666667 0.031481481481481485 0.020833333333333332
0 0.6027777777777777 0.4796875 0.024074074074074074 0.014583333333333334
0 0.5449074074074074 0.30572916666666666 0.02314814814814815 0.014583333333333334
0 0.5449074074074074 0.30572916666666666 0.02314814814814815 0.014583333333333334
0 0.8638888888888889 0.21901041666666665 0.020370370370370372 0.0140625
0 0.5106481481481482 0.30494791666666665 0.019444444444444445 0.0109375
0 0.9064814814814816 0.5958333333333333 0.03333333333333333 0.013541666666666667
0 0.4300925925925926 0.7151041666666667 0.026851851851851852 0.015625
0 0.5435185185185185 0.5875 0.022222222222222223 0.009375
0 0.7833333333333333 0.27239583333333334 0.02777777777777778 0.014583333333333334
0 0.5833333333333334 0.6692708333333334 0.024074074074074074 0.017708333333333333
0 0.5199074074074074 0.6294270833333333 0.017592592592592594 0.0109375
0 0.3902777777777778 0.5184895833333333 0.025 0.013020833333333334
0 0.05 0.8091145833333333 0.037037037037037035 0.0234375
0 0.01712962962962963 0.8125 0.030555555555555558 0.01875
0 0.1175925925925926 0.6966145833333334 0.02777777777777778 0.018229166666666668
0 0.010185185185185186 0.5455729166666666 0.016666666666666666 0.0140625
0 0.02777777777777778 0.50234375 0.037037037037037035 0.019270833333333334
0 0.8245370370370371 0.45260416666666664 0.025 0.015625
0 0.8694444444444445 0.28828125 0.022222222222222223 0.013020833333333334
0 0.9041666666666667 0.6755208333333333 0.028703703703703703 0.015625
0 0.1 0.5067708333333333 0.024074074074074074 0.01875
0 0.07731481481481482 0.4986979166666667 0.030555555555555558 0.01614583333333333
