0 0.8703703703703703 0.871875 0.044444444444444446 0.029166666666666667
0 0.9430555555555556 0.6908854166666667 0.021296296296296296 0.018229166666666668
0 0.9615740740740741 0.6872395833333333 0.025 0.0140625
0 0.9537037037037037 0.6450520833333333 0.040740740740740744 0.022395833333333334
0 0.7865740740740741 0.7059895833333333 0.021296296296296296 0.0109375
0 0.7671296296296296 0.6427083333333333 0.028703703703703703 0.017708333333333333
0 0.8296296296296297 0.6268229166666667 0.020370370370370372 0.015104166666666667
0 0.9587962962962964 0.5484375 0.021296296296296296 0.015625
0 0.8865740740740741 0.5140625 0.036111111111111115 0.01875
0 0.8375 0.5330729166666667 0.03425925925925926 0.018229166666666668
0 0.8199074074074074 0.51796875 0.036111111111111115 0.0203125
0 0.8768518518518519 0.484375 0.020370370370370372 0.0125
0 0.9092592592592593 0.43463541666666666 0.03518518518518519 0.018229166666666668
0 0.8523148148148149 0.4265625 0.030555555555555558 0.016666666666666666
0 0.8189814814814815 0.4088541666666667 0.02314814814814815 0.0125
0 0.7990740740740742 0.40859375 0.018518518518518517 0.013020833333333334
0 0.8699074074074075 0.32395833333333335 0.03425925925925926 0.021875
0 0.8412037037037038 0.31171875 0.032407407407407406 0.0171875
0 0.8240740740740741 0.30416666666666664 0.031481481481481485 0.01875
0 0.8949074074074075 0.2638020833333333 0.032407407407407406 0.019270833333333334
0 0.9268518518518519 0.26171875 0.031481481481481485 0.018229166666666668
0 0.9777777777777779 0.2635416666666667 0.031481481481481485 0.017708333333333333
0 0.9851851851851853 0.24453125 0.02962962962962963 0.021354166666666667
0 0.9402777777777778 0.21848958333333332 0.036111111111111115 0.018229166666666668
0 0.875 0.18020833333333333 0.02962962962962963 0.021875
0 0.9018518518518519 0.16432291666666665 0.031481481481481485 0.018229166666666668
0 0.9268518518518519 0.16223958333333333 0.031481481481481485 0.022395833333333334
0 0.8032407407407408 0.17578125 0.03425925925925926 0.022395833333333334
0 0.6050925925925926 0.13645833333333332 0.032407407407407406 0.02395833333333333
0 0.5523148148148148 0.19192708333333333 0.015740740740740743 0.0140625
0 0.5324074074074074 0.21744791666666666 0.03333333333333333 0.022395833333333334
0 0.5583333333333333 0.2817708333333333 0.031481481481481485 0.020833333333333332
0 0.5166666666666667 0.3223958333333333 0.02962962962962963 0.017708333333333333
0 0.49722222222222223 0.3619791666666667 0.031481481481481485 0.019791666666666666
0 0.6101851851851852 0.3421875 0.02592592592592593 0.013541666666666667
0 0.5851851851851853 0.34479166666666666 0.02962962962962963 0.020833333333333332
0 0.5611111111111111 0.34270833333333334 0.022222222222222223 0.021875
0 0.5611111111111111 0.34270833333333334 0.022222222222222223 0.021875
0 0.513888888888889 0.42473958333333334 0.031481481481481485 0.01614583333333333
0 0.5513888888888889 0.4270833333333333 0.030555555555555558 0.016666666666666666
0 0.5976851851851852 0.44453125 0.032407407407407406 0.01614583333333333
0 0.6148148148148148 0.45651041666666664 0.022222222222222223 0.0140625
0 0.5888888888888889 0.4734375 0.02962962962962963 0.01875
0 0.5046296296296297 0.44479166666666664 0.024074074074074074 0.010416666666666666
0 0.4703703703703704 0.453125 0.02962962962962963 0.015625
0 0.44953703703703707 0.5067708333333333 0.025 0.0125
0 0.4689814814814815 0.5388020833333333 0.026851851851851852 0.013020833333333334
0 0.7324074074074074 0.6877604166666667 0.024074074074074074 0.019270833333333334
0 0.6402777777777778 0.7450520833333333 0.015740740740740743 0.011979166666666666
0 0.6574074074074074 0.6515625 0.02777777777777778 0.015625
0 0.5893518518518519 0.6723958333333333 0.02314814814814815 0.015625
0 0.5472222222222223 0.7309895833333333 0.02777777777777778 0.0203125
0 0.5458333333333334 0.6346354166666667 0.028703703703703703 0.0203125
0 0.5222222222222223 0.6361979166666667 0.022222222222222223 0.0140625
0 0.44722222222222224 0.6052083333333333 0.02777777777777778 0.01875
0 0.3875 0.7458333333333333 0.02314814814814815 0.0125
0 0.32453703703703707 0.82578125 0.032407407407407406 0.022395833333333334
0 0.33796296296296297 0.5815104166666667 0.031481481481481485 0.015104166666666667
0 0.3277777777777778 0.5703125 0.02777777777777778 0.016666666666666666
0 0.27731481481481485 0.6458333333333334 0.028703703703703703 0.015625
0 0.2884259259259259 0.64921875 0.026851851851851852 0.015104166666666667
0 0.21666666666666667 0.71484375 0.024074074074074074 0.01614583333333333
0 0.2240740740740741 0.6986979166666667 0.02592592592592593 0.013020833333333334
0 0.20740740740740743 0.646875 0.03333333333333333 0.021875
0 0.22870370370370371 0.6190104166666667 0.03333333333333333 0.018229166666666668
0 0.14351851851851852 0.8239583333333333 0.02777777777777778 0.016666666666666666
0 0.1712962962962963 0.634375 0.02962962962962963 0.013541666666666667
0 0.12592592592592594 0.5833333333333334 0.024074074074074074 0.016666666666666666
0 0.14351851851851852 0.5611979166666666 0.031481481481481485 0.015104166666666667
0 0.21157407407407408 0.5588541666666667 0.015740740740740743 0.0125
0 0.1736111111111111 0.54609375 0.026851851851851852 0.009895833333333333
0 0.14120370370370372 0.5239583333333333 0.026851851851851852 0.014583333333333334
0 0.16898148148148148 0.4984375 0.021296296296296296 0.016666666666666666
0 0.23981481481481481 0.41380208333333335 0.02777777777777778 0.01614583333333333
0 0.17777777777777778 0.3802083333333333 0.02777777777777778 0.014583333333333334
0 0.24166666666666667 0.3611979166666667 0.02962962962962963 0.018229166666666668
0 0.0912037037037037 0.36484375 0.036111111111111115 0.019270833333333334
0 0.1212962962962963 0.3546875 0.031481481481481485 0.013541666666666667
0 0.6111111111111112 0.70703125 0.02777777777777778 0.015104166666666667
0 0.6467592592592593 0.4747395833333333 0.026851851851851852 0.0140625
0 0.5842592592592593 0.2984375 0.02777777777777778 0.013541666666666667
0 0.5842592592592593 0.2984375 0.02777777777777778 0.013541666666666667
0 0.5523148148148148 0.29609375 0.017592592592592594 0.009895833333333333
0 0.47314814814814815 0.7096354166666666 0.02777777777777778 0.0171875
0 0.5842592592592593 0.5830729166666666 0.022222222222222223 0.009895833333333333
0 0.8287037037037037 0.2635416666666667 0.02592592592592593 0.015625
0 0.6217592592592592 0.665625 0.025 0.015625
0 0.5675925925925926 0.6252604166666667 0.018518518518518517 0.0109375
0 0.425462962962963 0.51328125 0.02314814814814815 0.013020833333333334
0 0.0976851851851852 0.8033854166666666 0.036111111111111115 0.0234375
0 0.05740740740740741 0.8096354166666666 0.04259259259259259 0.024479166666666666
0 0.1638888888888889 0.6919270833333333 0.02777777777777778 0.019270833333333334
0 0.049074074074074076 0.5401041666666666 0.020370370370370372 0.013541666666666667
0 0.0712962962962963 0.49635416666666665 0.037037037037037035 0.019791666666666666
0 0.8703703703703703 0.44453125 0.022222222222222223 0.011979166666666666
0 0.9203703703703704 0.2799479166666667 0.02592592592592593 0.0140625
0 0.9199074074074074 0.21041666666666667 0.028703703703703703 0.014583333333333334
0 0.9550925925925926 0.5932291666666667 0.03796296296296296 0.015625
0 0.9527777777777778 0.671875 0.03333333333333333 0.01875
0 0.1439814814814815 0.50078125 0.026851851851851852 0.019270833333333334
0 0.12083333333333333 0.49296875 0.030555555555555558 0.0171875
