0 0.8810185185185185 0.8705729166666667 0.04351851851851852 0.028645833333333332
0 0.951388888888889 0.6890625 0.021296296296296296 0.017708333333333333
0 0.9703703703703704 0.6861979166666666 0.024074074074074074 0.0140625
0 0.9652777777777778 0.6434895833333333 0.03981481481481482 0.022395833333333334
0 0.7939814814814815 0.7044270833333334 0.021296296296296296 0.0109375
0 0.775462962962963 0.64140625 0.030555555555555558 0.018229166666666668
0 0.8388888888888889 0.6252604166666667 0.020370370370370372 0.015104166666666667
0 0.9680555555555556 0.5463541666666667 0.021296296296296296 0.014583333333333334
0 0.8953703703703704 0.5125 0.037037037037037035 0.01875
0 0.8467592592592593 0.5315104166666667 0.03425925925925926 0.018229166666666668
0 0.8287037037037037 0.5166666666666666 0.037037037037037035 0.020833333333333332
0 0.8856481481481482 0.4825520833333333 0.019444444444444445 0.011979166666666666
0 0.9189814814814815 0.4322916666666667 0.036111111111111115 0.01875
0 0.8592592592592593 0.42552083333333335 0.02962962962962963 0.016666666666666666
0 0.826388888888889 0.40729166666666666 0.02314814814814815 0.0125
0 0.8064814814814815 0.4067708333333333 0.020370370370370372 0.013541666666666667
0 0.8787037037037038 0.3216145833333333 0.03518518518518519 0.022395833333333334
0 0.8486111111111111 0.3091145833333333 0.032407407407407406 0.0171875
0 0.8310185185185186 0.30104166666666665 0.032407407407407406 0.01875
0 0.9041666666666667 0.26119791666666664 0.032407407407407406 0.019270833333333334
0 0.9361111111111111 0.2591145833333333 0.031481481481481485 0.018229166666666668
0 0.9856481481481482 0.26145833333333335 0.028703703703703703 0.017708333333333333
0 0.9893518518518519 0.24270833333333333 0.019444444444444445 0.020833333333333332
0 0.9495370370370371 0.21588541666666666 0.036111111111111115 0.018229166666666668
0 0.8842592592592593 0.17682291666666666 0.02962962962962963 0.022395833333333334
0 0.9106481481481482 0.1609375 0.032407407407407406 0.01875
0 0.9356481481481482 0.159375 0.032407407407407406 0.022916666666666665
0 0.8111111111111111 0.17317708333333334 0.03518518518518519 0.022395833333333334
0 0.612037037037037 0.13359375 0.03333333333333333 0.024479166666666666
0 0.5587962962962963 0.19010416666666666 0.015740740740740743 0.013541666666666667
0 0.5402777777777777 0.21458333333333332 0.03425925925925926 0.020833333333333332
0 0.5657407407407408 0.2791666666666667 0.031481481481481485 0.020833333333333332
0 0.5231481481481481 0.3208333333333333 0.02962962962962963 0.017708333333333333
0 0.5027777777777778 0.36015625 0.031481481481481485 0.019270833333333334
0 0.6166666666666667 0.3403645833333333 0.02592592592592593 0.0140625
0 0.5916666666666667 0.34270833333333334 0.02962962962962963 0.020833333333333332
0 0.5680555555555555 0.34088541666666666 0.021296296296296296 0.022395833333333334
0 0.5680555555555555 0.34088541666666666 0.021296296296296296 0.022395833333333334
0 0.5212962962962964 0.4236979166666667 0.031481481481481485 0.01614583333333333
0 0.5583333333333333 0.42578125 0.031481481481481485 0.0171875
0 0.6050925925925926 0.44296874999999997 0.032407407407407406 0.01614583333333333
0 0.6226851851851852 0.45468749999999997 0.02314814814814815 0.013541666666666667
0 0.5967592592592593 0.47213541666666664 0.028703703703703703 0.018229166666666668
0 0.5115740740740741 0.4434895833333333 0.02314814814814815 0.0109375
0 0.4763888888888889 0.4518229166666667 0.030555555555555558 0.01614583333333333
0 0.45601851851851855 0.50546875 0.026851851851851852 0.013020833333333334
0 0.475462962962963 0.53828125 0.026851851851851852 0.013020833333333334
0 0.7416666666666667 0.6864583333333333 0.024074074074074074 0.01875
0 0.649537037037037 0.74375 0.015740740740740743 0.0125
0 0.6652777777777779 0.6505208333333333 0.028703703703703703 0.015625
0 0.5967592592592593 0.67109375 0.02314814814814815 0.01614583333333333
0 0.5574074074074075 0.7299479166666667 0.02777777777777778 0.0203125
0 0.5546296296296297 0.6333333333333333 0.02962962962962963 0.019791666666666666
0 0.5305555555555556 0.6348958333333333 0.022222222222222223 0.014583333333333334
0 0.45555555555555555 0.60390625 0.02777777777777778 0.019270833333333334
0 0.39583333333333337 0.7442708333333333 0.02314814814814815 0.0125
0 0.3337962962962963 0.8244791666666667 0.032407407407407406 0.021875
0 0.3458333333333333 0.5809895833333333 0.032407407407407406 0.015104166666666667
0 0.33611111111111114 0.5697916666666667 0.02777777777777778 0.016666666666666666
0 0.2851851851851852 0.64375 0.02962962962962963 0.016666666666666666
0 0.2967592592592593 0.6484375 0.026851851851851852 0.015625
0 0.225 0.7135416666666666 0.024074074074074074 0.016666666666666666
0 0.23287037037037037 0.6979166666666666 0.025 0.013541666666666667
0 0.21574074074074076 0.64609375 0.03333333333333333 0.021354166666666667
0 0.23657407407407408 0.61875 0.03425925925925926 0.017708333333333333
0 0.1527777777777778 0.8231770833333333 0.02777777777777778 0.01614583333333333
0 0.17916666666666667 0.6338541666666666 0.028703703703703703 0.013541666666666667
0 0.13333333333333333 0.5830729166666666 0.024074074074074074 0.01614583333333333
0 0.15092592592592594 0.5604166666666667 0.031481481481481485 0.015625
0 0.21851851851851853 0.5583333333333333 0.016666666666666666 0.0125
0 0.1800925925925926 0.5450520833333333 0.026851851851851852 0.0109375
0 0.1486111111111111 0.5234375 0.026851851851851852 0.014583333333333334
0 0.17685185185185187 0.49713541666666666 0.022222222222222223 0.01614583333333333
0 0.24675925925925926 0.41328125 0.028703703703703703 0.01614583333333333
0 0.18333333333333335 0.37916666666666665 0.02777777777777778 0.014583333333333334
0 0.24814814814814815 0.36015625 0.02962962962962963 0.018229166666666668
0 0.09722222222222222 0.36432291666666666 0.03518518518518519 0.019270833333333334
0 0.12685185185185185 0.35442708333333334 0.031481481481481485 0.0140625
0 0.6199074074074075 0.7052083333333333 0.026851851851851852 0.014583333333333334
0 0.6532407407407408 0.4734375 0.025 0.014583333333333334
0 0.5912037037037037 0.29661458333333335 0.026851851851851852 0.0140625
0 0.5912037037037037 0.29661458333333335 0.026851851851851852 0.0140625
0 0.5592592592592592 0.29375 0.016666666666666666 0.009375
0 0.48194444444444445 0.7083333333333334 0.026851851851851852 0.017708333333333333
0 0.5921296296296297 0.5817708333333333 0.02314814814814815 0.010416666666666666
0 0.826388888888889 0.4669270833333333 0.015740740740740743 0.009895833333333333
0 0.8365740740740741 0.26119791666666664 0.028703703703703703 0.015104166666666667
0 0.6282407407407408 0.6630208333333333 0.026851851851851852 0.017708333333333333
0 0.576388888888889 0.62421875 0.019444444444444445 0.0109375
0 0.4314814814814815 0.5127604166666666 0.022222222222222223 0.013020833333333334
0 0.10740740740740741 0.8028645833333333 0.037037037037037035 0.0234375
0 0.06759259259259259 0.8088541666666667 0.04259259259259259 0.02395833333333333
0 0.1736111111111111 0.6911458333333333 0.026851851851851852 0.01875
0 0.058333333333333334 0.5390625 0.022222222222222223 0.013541666666666667
0 0.07916666666666666 0.49583333333333335 0.03796296296296296 0.019791666666666666
0 0.8782407407407408 0.44244791666666666 0.02314814814814815 0.011979166666666666
0 0.9291666666666667 0.27708333333333335 0.026851851851851852 0.013541666666666667
0 0.9287037037037037 0.20807291666666666 0.031481481481481485 0.0140625
0 0.9634259259259259 0.5916666666666667 0.03796296296296296 0.016666666666666666
0 0.962037037037037 0.6700520833333333 0.03333333333333333 0.019270833333333334
0 0.15231481481481482 0.5 0.028703703703703703 0.019791666666666666
0 0.1287037037037037 0.49244791666666665 0.031481481481481485 0.0171875
