0 0.12083333333333333 0.8705729166666667 0.04351851851851852 0.028645833333333332
0 0.050462962962962966 0.6890625 0.021296296296296296 0.017708333333333333
0 0.031481481481481485 0.6861979166666666 0.024074074074074074 0.0140625
0 0.03657407407407408 0.6434895833333333 0.03981481481481482 0.022395833333333334
0 0.20787037037037037 0.7044270833333334 0.021296296296296296 0.0109375
0 0.2263888888888889 0.64140625 0.030555555555555558 0.018229166666666668
0 0.16296296296296298 0.6252604166666667 0.020370370370370372 0.015104166666666667
0 0.033796296296296297 0.5463541666666667 0.021296296296296296 0.014583333333333334
0 0.10648148148148148 0.5125 0.037037037037037035 0.01875
0 0.1550925925925926 0.5315104166666667 0.03425925925925926 0.018229166666666668
0 0.17314814814814816 0.5166666666666666 0.037037037037037035 0.020833333333333332
0 0.11620370370370371 0.4825520833333333 0.019444444444444445 0.011979166666666666
0 0.08287037037037037 0.4322916666666667 0.036111111111111115 0.01875
0 0.1425925925925926 0.42552083333333335 0.02962962962962963 0.016666666666666666
0 0.17546296296296296 0.40729166666666666 0.02314814814814815 0.0125
0 0.1953703703703704 0.4067708333333333 0.020370370370370372 0.013541666666666667
0 0.12314814814814816 0.3216145833333333 0.03518518518518519 0.022395833333333334
0 0.15324074074074073 0.3091145833333333 0.032407407407407406 0.0171875
0 0.17083333333333334 0.30104166666666665 0.032407407407407406 0.01875
0 0.0976851851851852 0.26119791666666664 0.032407407407407406 0.019270833333333334
0 0.06574074074074074 0.2591145833333333 0.031481481481481485 0.018229166666666668
0 0.016203703703703703 0.26145833333333335 0.028703703703703703 0.017708333333333333
0 0.0125 0.24270833333333333 0.019444444444444445 0.020833333333333332
0 0.052314814814814814 0.21588541666666666 0.036111111111111115 0.018229166666666668
0 0.1175925925925926 0.17682291666666666 0.02962962962962963 0.022395833333333334
0 0.0912037037037037 0.1609375 0.032407407407407406 0.01875
0 0.06620370370370371 0.159375 0.032407407407407406 0.022916666666666665
0 0.19074074074074074 0.17317708333333334 0.03518518518518519 0.022395833333333334
0 0.38981481481481484 0.13359375 0.03333333333333333 0.024479166666666666
0 0.4430555555555556 0.19010416666666666 0.015740740740740743 0.013541666666666667
0 0.4615740740740741 0.21458333333333332 0.03425925925925926 0.020833333333333332
0 0.4361111111111111 0.2791666666666667 0.031481481481481485 0.020833333333333332
0 0.47870370370370374 0.3208333333333333 0.02962962962962963 0.017708333333333333
0 0.4990740740740741 0.36015625 0.031481481481481485 0.019270833333333334
0 0.3851851851851852 0.3403645833333333 0.02592592592592593 0.0140625
0 0.4101851851851852 0.34270833333333334 0.02962962962962963 0.020833333333333332
0 0.4337962962962963 0.34088541666666666 0.021296296296296296 0.022395833333333334
0 0.4337962962962963 0.34088541666666666 0.021296296296296296 0.022395833333333334
0 0.48055555555555557 0.4236979166666667 0.031481481481481485 0.01614583333333333
0 0.44351851851851853 0.42578125 0.031481481481481485 0.0171875
0 0.39675925925925926 0.44296874999999997 0.032407407407407406 0.01614583333333333
0 0.3791666666666667 0.45468749999999997 0.02314814814814815 0.013541666666666667
0 0.4050925925925926 0.47213541666666664 0.028703703703703703 0.018229166666666668
0 0.4902777777777778 0.4434895833333333 0.02314814814814815 0.0109375
0 0.525462962962963 0.4518229166666667 0.030555555555555558 0.01614583333333333
0 0.5458333333333334 0.50546875 0.026851851851851852 0.013020833333333334
0 0.5263888888888889 0.53828125 0.026851851851851852 0.013020833333333334
0 0.2601851851851852 0.6864583333333333 0.024074074074074074 0.01875
0 0.3523148148148148 0.74375 0.015740740740740743 0.0125
0 0.3365740740740741 0.6505208333333333 0.028703703703703703 0.015625
0 0.4050925925925926 0.67109375 0.02314814814814815 0.01614583333333333
0 0.4444444444444445 0.7299479166666667 0.02777777777777778 0.0203125
0 0.44722222222222224 0.6333333333333333 0.02962962962962963 0.019791666666666666
0 0.4712962962962963 0.6348958333333333 0.022222222222222223 0.014583333333333334
0 0.5462962962962963 0.60390625 0.02777777777777778 0.019270833333333334
0 0.6060185185185185 0.7442708333333333 0.02314814814814815 0.0125
0 0.6680555555555556 0.8244791666666667 0.032407407407407406 0.021875
0 0.6560185185185186 0.5809895833333333 0.032407407407407406 0.015104166666666667
0 0.6657407407407407 0.5697916666666667 0.02777777777777778 0.016666666666666666
0 0.7166666666666667 0.64375 0.02962962962962963 0.016666666666666666
0 0.7050925925925926 0.6484375 0.026851851851851852 0.015625
0 0.7768518518518519 0.7135416666666666 0.024074074074074074 0.016666666666666666
0 0.7689814814814815 0.6979166666666666 0.025 0.013541666666666667
0 0.7861111111111111 0.64609375 0.03333333333333333 0.021354166666666667
0 0.7652777777777778 0.61875 0.03425925925925926 0.017708333333333333
0 0.8490740740740741 0.8231770833333333 0.02777777777777778 0.01614583333333333
0 0.8226851851851852 0.6338541666666666 0.028703703703703703 0.013541666666666667
0 0.8685185185185186 0.5830729166666666 0.024074074074074074 0.01614583333333333
0 0.850925925925926 0.5604166666666667 0.031481481481481485 0.015625
0 0.7833333333333333 0.5583333333333333 0.016666666666666666 0.0125
0 0.8217592592592593 0.5450520833333333 0.026851851851851852 0.0109375
0 0.8532407407407407 0.5234375 0.026851851851851852 0.014583333333333334
0 0.8250000000000001 0.49713541666666666 0.022222222222222223 0.01614583333333333
0 0.7550925925925926 0.41328125 0.028703703703703703 0.01614583333333333
0 0.8185185185185185 0.37916666666666665 0.02777777777777778 0.014583333333333334
0 0.7537037037037038 0.36015625 0.02962962962962963 0.018229166666666668
0 0.9046296296296297 0.36432291666666666 0.03518518518518519 0.019270833333333334
0 0.875 0.35442708333333334 0.031481481481481485 0.0140625
0 0.3819444444444445 0.7052083333333333 0.026851851851851852 0.014583333333333334
0 0.34861111111111115 0.4734375 0.025 0.014583333333333334
0 0.41064814814814815 0.29661458333333335 0.026851851851851852 0.0140625
0 0.41064814814814815 0.29661458333333335 0.026851851851851852 0.0140625
0 0.4425925925925926 0.29375 0.016666666666666666 0.009375
0 0.5199074074074074 0.7083333333333334 0.026851851851851852 0.017708333333333333
0 0.40972222222222227 0.5817708333333333 0.02314814814814815 0.010416666666666666
0 0.17546296296296296 0.4669270833333333 0.015740740740740743 0.009895833333333333
0 0.16527777777777777 0.26119791666666664 0.028703703703703703 0.015104166666666667
0 0.3736111111111111 0.6630208333333333 0.026851851851851852 0.017708333333333333
0 0.425462962962963 0.62421875 0.019444444444444445 0.0109375
0 0.5703703703703704 0.5127604166666666 0.022222222222222223 0.013020833333333334
0 0.8944444444444445 0.8028645833333333 0.037037037037037035 0.0234375
0 0.9342592592592593 0.8088541666666667 0.04259259259259259 0.02395833333333333
0 0.8282407407407407 0.6911458333333333 0.026851851851851852 0.01875
0 0.9435185185185185 0.5390625 0.022222222222222223 0.013541666666666667
0 0.9226851851851853 0.49583333333333335 0.03796296296296296 0.019791666666666666
0 0.12361111111111112 0.44244791666666666 0.02314814814814815 0.011979166666666666
0 0.07268518518518519 0.27708333333333335 0.026851851851851852 0.013541666666666667
0 0.07314814814814816 0.20807291666666666 0.031481481481481485 0.0140625
0 0.038425925925925926 0.5916666666666667 0.03796296296296296 0.016666666666666666
0 0.03981481481481482 0.6700520833333333 0.03333333333333333 0.019270833333333334
0 0.8495370370370371 0.5 0.028703703703703703 0.019791666666666666
0 0.8731481481481482 0.49244791666666665 0.031481481481481485 0.0171875
