0 0.08981481481481482 0.8682291666666666 0.044444444444444446 0.029166666666666667
0 0.02314814814814815 0.68671875 0.020370370370370372 0.0171875
0 0.010185185185185186 0.6833333333333333 0.016666666666666666 0.014583333333333334
0 0.012962962962962964 0.6403645833333333 0.024074074074074074 0.022395833333333334
0 0.18703703703703706 0.7026041666666667 0.020370370370370372 0.011458333333333333
0 0.20231481481481484 0.6395833333333333 0.030555555555555558 0.017708333333333333
0 0.1375 0.6229166666666667 0.021296296296296296 0.014583333333333334
0 0.009722222222222222 0.5424479166666667 0.015740740740740743 0.0140625
0 0.08194444444444444 0.5091145833333334 0.03796296296296296 0.018229166666666668
0 0.12962962962962962 0.5291666666666667 0.03518518518518519 0.01875
0 0.14722222222222223 0.5140625 0.03888888888888889 0.020833333333333332
0 0.09398148148148149 0.4791666666666667 0.015740740740740743 0.010416666666666666
0 0.06018518518518519 0.42890625 0.037037037037037035 0.019270833333333334
0 0.15555555555555556 0.4041666666666667 0.022222222222222223 0.0125
0 0.1763888888888889 0.40390624999999997 0.02314814814814815 0.0140625
0 0.10046296296296296 0.3177083333333333 0.03425925925925926 0.021875
0 0.12962962962962962 0.3059895833333333 0.031481481481481485 0.015104166666666667
0 0.14814814814814814 0.2984375 0.03333333333333333 0.01875
0 0.07268518518518519 0.2565104166666667 0.032407407407407406 0.019270833333333334
0 0.04212962962962963 0.2546875 0.032407407407407406 0.01875
0 0.02962962962962963 0.2109375 0.03518518518518519 0.01875
0 0.09583333333333334 0.17213541666666665 0.032407407407407406 0.022395833333333334
0 0.07083333333333333 0.15625 0.032407407407407406 0.01875
0 0.04583333333333334 0.1546875 0.032407407407407406 0.022916666666666665
0 0.17175925925925928 0.17005208333333333 0.03425925925925926 0.0234375
0 0.37083333333333335 0.13098958333333333 0.032407407407407406 0.024479166666666666
0 0.42314814814814816 0.18776041666666665 0.014814814814814815 0.013020833333333334
0 0.44074074074074077 0.21197916666666666 0.03333333333333333 0.020833333333333332
0 0.41574074074074074 0.27734375 0.031481481481481485 0.021354166666666667
0 0.45787037037037037 0.3190104166666667 0.030555555555555558 0.018229166666666668
0 0.4777777777777778 0.35885416666666664 0.03333333333333333 0.019791666666666666
0 0.3648148148148148 0.3377604166666667 0.02592592592592593 0.0140625
0 0.3888888888888889 0.340625 0.02962962962962963 0.020833333333333332
0 0.4138888888888889 0.33880208333333334 0.022222222222222223 0.022395833333333334
0 0.4138888888888889 0.33880208333333334 0.022222222222222223 0.022395833333333334
0 0.45972222222222225 0.42213541666666665 0.030555555555555558 0.01614583333333333
0 0.4240740740740741 0.4244791666666667 0.031481481481481485 0.017708333333333333
0 0.3763888888888889 0.44114583333333335 0.032407407407407406 0.016666666666666666
0 0.35833333333333334 0.453125 0.022222222222222223 0.013541666666666667
0 0.3837962962962963 0.4708333333333333 0.030555555555555558 0.01875
0 0.4708333333333333 0.44166666666666665 0.025 0.011458333333333333
0 0.5050925925925926 0.4510416666666667 0.030555555555555558 0.015625
0 0.5319444444444444 0.5046875 0.032407407407407406 0.014583333333333334
0 0.5041666666666667 0.5369791666666667 0.026851851851851852 0.013541666666666667
0 0.23564814814814816 0.6846354166666666 0.025 0.019270833333333334
0 0.32916666666666666 0.7424479166666667 0.01388888888888889 0.013020833333333334
0 0.3143518518518519 0.6479166666666667 0.030555555555555558 0.016666666666666666
0 0.38333333333333336 0.6705729166666666 0.022222222222222223 0.0171875
0 0.4166666666666667 0.7286458333333333 0.02777777777777778 0.020833333333333332
0 0.42129629629629634 0.63203125 0.02962962962962963 0.019270833333333334
0 0.4444444444444445 0.63359375 0.022222222222222223 0.0140625
0 0.5222222222222223 0.6026041666666666 0.02962962962962963 0.01875
0 0.5800925925925926 0.7442708333333333 0.025 0.011458333333333333
0 0.6393518518518518 0.8236979166666667 0.032407407407407406 0.022395833333333334
0 0.6356481481481482 0.58046875 0.032407407407407406 0.015104166666666667
0 0.6444444444444445 0.5692708333333333 0.02777777777777778 0.016666666666666666
0 0.6930555555555555 0.6432291666666666 0.028703703703703703 0.017708333333333333
0 0.6819444444444445 0.6473958333333333 0.026851851851851852 0.014583333333333334
0 0.7523148148148149 0.7135416666666666 0.02314814814814815 0.016666666666666666
0 0.7453703703703703 0.69765625 0.022222222222222223 0.013020833333333334
0 0.7606481481481482 0.64609375 0.032407407407407406 0.021354166666666667
0 0.7412037037037037 0.6182291666666666 0.032407407407407406 0.017708333333333333
0 0.8222222222222223 0.8229166666666666 0.02592592592592593 0.015625
0 0.7981481481481482 0.63359375 0.02777777777777778 0.0140625
0 0.8449074074074074 0.5825520833333333 0.025 0.01614583333333333
0 0.8282407407407407 0.5604166666666667 0.030555555555555558 0.015625
0 0.7611111111111112 0.5575520833333333 0.016666666666666666 0.011979166666666666
0 0.7986111111111112 0.5450520833333333 0.025 0.0109375
0 0.8305555555555556 0.5236979166666667 0.02777777777777778 0.015104166666666667
0 0.8013888888888889 0.49635416666666665 0.021296296296296296 0.014583333333333334
0 0.7337962962962963 0.4127604166666667 0.026851851851851852 0.01614583333333333
0 0.7162037037037037 0.42161458333333335 0.02314814814814815 0.0109375
0 0.7986111111111112 0.37916666666666665 0.026851851851851852 0.014583333333333334
0 0.7342592592592593 0.3598958333333333 0.02962962962962963 0.017708333333333333
0 0.8842592592592593 0.3640625 0.03518518518518519 0.01875
0 0.8546296296296296 0.3546875 0.031481481481481485 0.014583333333333334
0 0.35694444444444445 0.7036458333333333 0.025 0.013541666666666667
0 0.32685185185185184 0.47109375 0.02592592592592593 0.0140625
0 0.39351851851851855 0.29401041666666666 0.02777777777777778 0.0171875
0 0.39351851851851855 0.29401041666666666 0.02777777777777778 0.0171875
0 0.42314814814814816 0.29140625 0.014814814814814815 0.008854166666666666
0 0.4953703703703704 0.7072916666666667 0.02592592592592593 0.017708333333333333
0 0.3842592592592593 0.5799479166666667 0.024074074074074074 0.0109375
0 0.15185185185185185 0.46432291666666664 0.016666666666666666 0.009895833333333333
0 0.14907407407407408 0.25729166666666664 0.022222222222222223 0.015625
0 0.4115740740740741 0.20989583333333334 0.021296296296296296 0.020833333333333332
0 0.35185185185185186 0.6619791666666667 0.02777777777777778 0.017708333333333333
0 0.40046296296296297 0.6229166666666667 0.019444444444444445 0.011458333333333333
0 0.4912037037037037 0.5557291666666666 0.017592592592592594 0.008333333333333333
0 0.5513888888888889 0.5119791666666667 0.025 0.013541666666666667
0 0.8671296296296297 0.80234375 0.036111111111111115 0.0234375
0 0.9064814814814816 0.8088541666666667 0.040740740740740744 0.02395833333333333
0 0.8018518518518519 0.6908854166666667 0.02777777777777778 0.0203125
0 0.9902777777777778 0.6572916666666666 0.019444444444444445 0.017708333333333333
0 0.9907407407407408 0.62265625 0.018518518518518517 0.01614583333333333
0 0.9208333333333334 0.5393229166666667 0.019444444444444445 0.0140625
0 0.8981481481481481 0.49635416666666665 0.037037037037037035 0.019791666666666666
0 0.10462962962962963 0.4401041666666667 0.02592592592592593 0.0125
0 0.05 0.27317708333333335 0.024074074074074074 0.0140625
0 0.052314814814814814 0.203125 0.028703703703703703 0.013541666666666667
0 0.21944444444444444 0.3958333333333333 0.02777777777777778 0.013541666666666667
0 0.016203703703703703 0.5890625 0.030555555555555558 0.017708333333333333
0 0.016203703703703703 0.6671875 0.030555555555555558 0.019791666666666666
0 0.8245370370370371 0.4984375 0.028703703703703703 0.020833333333333332
0 0.8490740740740741 0.4921875 0.031481481481481485 0.017708333333333333
