0 0.05277777777777778 0.87265625 0.044444444444444446 0.028645833333333332
0 0.16342592592592592 0.7059895833333333 0.02314814814814815 0.0109375
0 0.17175925925925928 0.6434895833333333 0.030555555555555558 0.018229166666666668
0 0.10648148148148148 0.62734375 0.018518518518518517 0.013020833333333334
0 0.050462962962962966 0.5138020833333333 0.03981481481481482 0.018229166666666668
0 0.0962962962962963 0.5330729166666667 0.03518518518518519 0.018229166666666668
0 0.11435185185185186 0.5174479166666667 0.03796296296296296 0.019270833333333334
0 0.029166666666666667 0.43333333333333335 0.03796296296296296 0.01875
0 0.12731481481481483 0.4083333333333333 0.02314814814814815 0.0125
0 0.15 0.4080729166666667 0.02962962962962963 0.013020833333333334
0 0.06666666666666667 0.3229166666666667 0.03518518518518519 0.021875
0 0.10138888888888889 0.3111979166666667 0.026851851851851852 0.0140625
0 0.11527777777777778 0.3033854166666667 0.032407407407407406 0.019270833333333334
0 0.03796296296296296 0.26276041666666666 0.03333333333333333 0.019270833333333334
0 0.012037037037037037 0.2598958333333333 0.022222222222222223 0.017708333333333333
0 0.0625 0.17916666666666667 0.032407407407407406 0.021875
0 0.03981481481481482 0.16302083333333334 0.031481481481481485 0.017708333333333333
0 0.017592592592592594 0.16171875 0.02962962962962963 0.022395833333333334
0 0.1388888888888889 0.17734375 0.03518518518518519 0.0203125
0 0.33472222222222225 0.13802083333333334 0.032407407407407406 0.02395833333333333
0 0.38657407407407407 0.1953125 0.012037037037037037 0.010416666666666666
0 0.40324074074074073 0.21822916666666667 0.032407407407407406 0.019791666666666666
0 0.3791666666666667 0.2828125 0.032407407407407406 0.020833333333333332
0 0.4236111111111111 0.32395833333333335 0.028703703703703703 0.017708333333333333
0 0.4462962962962963 0.36354166666666665 0.031481481481481485 0.019791666666666666
0 0.33240740740740743 0.34270833333333334 0.02592592592592593 0.014583333333333334
0 0.35555555555555557 0.34609375 0.02962962962962963 0.0203125
0 0.3805555555555556 0.34348958333333335 0.024074074074074074 0.022395833333333334
0 0.3805555555555556 0.34348958333333335 0.024074074074074074 0.022395833333333334
0 0.425462962962963 0.4265625 0.030555555555555558 0.015625
0 0.3925925925925926 0.42864583333333334 0.031481481481481485 0.017708333333333333
0 0.34490740740740744 0.44505208333333335 0.032407407407407406 0.01614583333333333
0 0.32685185185185184 0.45703125 0.022222222222222223 0.0140625
0 0.35324074074074074 0.4747395833333333 0.030555555555555558 0.018229166666666668
0 0.44027777777777777 0.44609375 0.025 0.0109375
0 0.47361111111111115 0.45468749999999997 0.030555555555555558 0.015625
0 0.5032407407407408 0.5088541666666666 0.026851851851851852 0.014583333333333334
0 0.4712962962962963 0.540625 0.02592592592592593 0.013541666666666667
0 0.2050925925925926 0.6888020833333334 0.025 0.018229166666666668
0 0.3013888888888889 0.746875 0.010185185185185186 0.010416666666666666
0 0.28425925925925927 0.6518229166666667 0.031481481481481485 0.0171875
0 0.35370370370370374 0.6739583333333333 0.018518518518518517 0.016666666666666666
0 0.3791666666666667 0.7322916666666667 0.026851851851851852 0.019791666666666666
0 0.3856481481481482 0.6354166666666666 0.028703703703703703 0.019791666666666666
0 0.4078703703703704 0.6369791666666667 0.021296296296296296 0.014583333333333334
0 0.48564814814814816 0.6065104166666666 0.028703703703703703 0.019270833333333334
0 0.5449074074074074 0.7481770833333333 0.02314814814814815 0.0109375
0 0.6037037037037037 0.8273437499999999 0.031481481481481485 0.022395833333333334
0 0.6032407407407407 0.58359375 0.032407407407407406 0.015104166666666667
0 0.6111111111111112 0.5729166666666666 0.02777777777777778 0.016666666666666666
0 0.6606481481481482 0.646875 0.028703703703703703 0.017708333333333333
0 0.6490740740740741 0.6502604166666667 0.02592592592592593 0.015104166666666667
0 0.7180555555555556 0.71640625 0.021296296296296296 0.01614583333333333
0 0.7074074074074075 0.7 0.020370370370370372 0.013541666666666667
0 0.7245370370370371 0.6486979166666667 0.032407407407407406 0.021354166666666667
0 0.7050925925925926 0.6223958333333334 0.030555555555555558 0.017708333333333333
0 0.7865740740740741 0.8265625 0.02314814814814815 0.014583333333333334
0 0.7625000000000001 0.6361979166666667 0.028703703703703703 0.015104166666666667
0 0.8097222222222222 0.5856770833333333 0.025 0.01614583333333333
0 0.7921296296296296 0.5638020833333334 0.028703703703703703 0.015104166666666667
0 0.7287037037037037 0.5604166666666667 0.012962962962962964 0.011458333333333333
0 0.7625000000000001 0.5479166666666666 0.026851851851851852 0.010416666666666666
0 0.7949074074074074 0.5265625 0.026851851851851852 0.014583333333333334
0 0.7685185185185186 0.5005208333333333 0.03333333333333333 0.015625
0 0.6967592592592593 0.4171875 0.026851851851851852 0.015625
0 0.6856481481481482 0.425 0.025 0.0125
0 0.7620370370370371 0.3833333333333333 0.02592592592592593 0.014583333333333334
0 0.6976851851851852 0.3645833333333333 0.028703703703703703 0.017708333333333333
0 0.8490740740740741 0.36953125 0.03518518518518519 0.019270833333333334
0 0.8189814814814815 0.3598958333333333 0.030555555555555558 0.0125
0 0.2953703703703704 0.47604166666666664 0.022222222222222223 0.013541666666666667
0 0.35879629629629634 0.29973958333333334 0.026851851851851852 0.01614583333333333
0 0.35879629629629634 0.29973958333333334 0.026851851851851852 0.01614583333333333
0 0.3902777777777778 0.29713541666666665 0.01388888888888889 0.008854166666666666
0 0.4625 0.7106770833333333 0.026851851851851852 0.018229166666666668
0 0.35185185185185186 0.5833333333333334 0.024074074074074074 0.009375
0 0.11944444444444445 0.46848958333333335 0.018518518518518517 0.009895833333333333
0 0.11898148148148148 0.26458333333333334 0.017592592592592594 0.011458333333333333
0 0.39351851851851855 0.2515625 0.024074074074074074 0.016666666666666666
0 0.37592592592592594 0.21901041666666665 0.022222222222222223 0.018229166666666668
0 0.32407407407407407 0.66640625 0.02777777777777778 0.01614583333333333
0 0.36435185185185187 0.6265625 0.019444444444444445 0.011458333333333333
0 0.46111111111111114 0.5596354166666666 0.018518518518518517 0.008854166666666666
0 0.524537037037037 0.5153645833333333 0.02314814814814815 0.0140625
0 0.8296296296296297 0.8057291666666666 0.037037037037037035 0.022916666666666665
0 0.8685185185185186 0.8119791666666667 0.040740740740740744 0.02395833333333333
0 0.763888888888889 0.6934895833333333 0.02962962962962963 0.0203125
0 0.9592592592592593 0.659375 0.031481481481481485 0.017708333333333333
0 0.9712962962962963 0.6799479166666667 0.03333333333333333 0.0140625
0 0.9532407407407407 0.6247395833333333 0.025 0.01614583333333333
0 0.8819444444444445 0.5427083333333333 0.019444444444444445 0.013541666666666667
0 0.8587962962962963 0.49973958333333335 0.036111111111111115 0.019270833333333334
0 0.07777777777777778 0.44427083333333334 0.02592592592592593 0.011458333333333333
0 0.01990740740740741 0.2786458333333333 0.021296296296296296 0.013541666666666667
0 0.01898148148148148 0.20963541666666666 0.028703703703703703 0.0140625
0 0.19305555555555556 0.3989583333333333 0.028703703703703703 0.0125
0 0.7875 0.5018229166666667 0.026851851851851852 0.021354166666666667
0 0.8097222222222222 0.49583333333333335 0.032407407407407406 0.017708333333333333
