0 0.9490740740740741 0.87265625 0.044444444444444446 0.028645833333333332
0 0.8384259259259259 0.7059895833333333 0.02314814814814815 0.0109375
0 0.8300925925925926 0.6434895833333333 0.030555555555555558 0.018229166666666668
0 0.8953703703703704 0.62734375 0.018518518518518517 0.013020833333333334
0 0.951388888888889 0.5138020833333333 0.03981481481481482 0.018229166666666668
0 0.9055555555555556 0.5330729166666667 0.03518518518518519 0.018229166666666668
0 0.8875000000000001 0.5174479166666667 0.03796296296296296 0.019270833333333334
0 0.9726851851851852 0.43333333333333335 0.03796296296296296 0.01875
0 0.8745370370370371 0.4083333333333333 0.02314814814814815 0.0125
0 0.8518518518518519 0.4080729166666667 0.02962962962962963 0.013020833333333334
0 0.9351851851851852 0.3229166666666667 0.03518518518518519 0.021875
0 0.900462962962963 0.3111979166666667 0.026851851851851852 0.0140625
0 0.8865740740740741 0.3033854166666667 0.032407407407407406 0.019270833333333334
0 0.9638888888888889 0.26276041666666666 0.03333333333333333 0.019270833333333334
0 0.9893518518518519 0.26015625 0.021296296296296296 0.018229166666666668
0 0.9393518518518519 0.17916666666666667 0.032407407407407406 0.021875
0 0.962037037037037 0.16302083333333334 0.031481481481481485 0.017708333333333333
0 0.9842592592592593 0.16171875 0.02962962962962963 0.022395833333333334
0 0.862962962962963 0.17734375 0.03518518518518519 0.0203125
0 0.6671296296296296 0.13802083333333334 0.032407407407407406 0.02395833333333333
0 0.6152777777777778 0.1953125 0.012037037037037037 0.010416666666666666
0 0.5986111111111111 0.21822916666666667 0.032407407407407406 0.019791666666666666
0 0.6226851851851852 0.2828125 0.032407407407407406 0.020833333333333332
0 0.5782407407407407 0.32395833333333335 0.028703703703703703 0.017708333333333333
0 0.5555555555555556 0.36354166666666665 0.031481481481481485 0.019791666666666666
0 0.6694444444444445 0.34270833333333334 0.02592592592592593 0.014583333333333334
0 0.6462962962962964 0.34609375 0.02962962962962963 0.0203125
0 0.6212962962962963 0.34348958333333335 0.024074074074074074 0.022395833333333334
0 0.6212962962962963 0.34348958333333335 0.024074074074074074 0.022395833333333334
0 0.576388888888889 0.4265625 0.030555555555555558 0.015625
0 0.6092592592592593 0.42864583333333334 0.031481481481481485 0.017708333333333333
0 0.6569444444444444 0.44505208333333335 0.032407407407407406 0.01614583333333333
0 0.675 0.45703125 0.022222222222222223 0.0140625
0 0.6486111111111111 0.4747395833333333 0.030555555555555558 0.018229166666666668
0 0.5615740740740741 0.44609375 0.025 0.0109375
0 0.5282407407407408 0.45468749999999997 0.030555555555555558 0.015625
0 0.4986111111111111 0.5088541666666666 0.026851851851851852 0.014583333333333334
0 0.5305555555555556 0.540625 0.02592592592592593 0.013541666666666667
0 0.7967592592592593 0.6888020833333334 0.025 0.018229166666666668
0 0.700462962962963 0.746875 0.010185185185185186 0.010416666666666666
0 0.7175925925925927 0.6518229166666667 0.031481481481481485 0.0171875
0 0.6481481481481481 0.6739583333333333 0.018518518518518517 0.016666666666666666
0 0.6226851851851852 0.7322916666666667 0.026851851851851852 0.019791666666666666
0 0.6162037037037037 0.6354166666666666 0.028703703703703703 0.019791666666666666
0 0.5939814814814816 0.6369791666666667 0.021296296296296296 0.014583333333333334
0 0.5162037037037037 0.6065104166666666 0.028703703703703703 0.019270833333333334
0 0.4569444444444445 0.7481770833333333 0.02314814814814815 0.0109375
0 0.39814814814814814 0.8273437499999999 0.031481481481481485 0.022395833333333334
0 0.39861111111111114 0.58359375 0.032407407407407406 0.015104166666666667
0 0.3907407407407408 0.5729166666666666 0.02777777777777778 0.016666666666666666
0 0.34120370370370373 0.646875 0.028703703703703703 0.017708333333333333
0 0.3527777777777778 0.6502604166666667 0.02592592592592593 0.015104166666666667
0 0.2837962962962963 0.71640625 0.021296296296296296 0.01614583333333333
0 0.29444444444444445 0.7 0.020370370370370372 0.013541666666666667
0 0.27731481481481485 0.6486979166666667 0.032407407407407406 0.021354166666666667
0 0.2967592592592593 0.6223958333333334 0.030555555555555558 0.017708333333333333
0 0.2152777777777778 0.8265625 0.02314814814814815 0.014583333333333334
0 0.23935185185185187 0.6361979166666667 0.028703703703703703 0.015104166666666667
0 0.19212962962962965 0.5856770833333333 0.025 0.01614583333333333
0 0.20972222222222223 0.5638020833333334 0.028703703703703703 0.015104166666666667
0 0.27314814814814814 0.5604166666666667 0.012962962962962964 0.011458333333333333
0 0.23935185185185187 0.5479166666666666 0.026851851851851852 0.010416666666666666
0 0.20694444444444446 0.5265625 0.026851851851851852 0.014583333333333334
0 0.23333333333333334 0.5005208333333333 0.03333333333333333 0.015625
0 0.3050925925925926 0.4171875 0.026851851851851852 0.015625
0 0.3162037037037037 0.425 0.025 0.0125
0 0.23981481481481481 0.3833333333333333 0.02592592592592593 0.014583333333333334
0 0.3041666666666667 0.3645833333333333 0.028703703703703703 0.017708333333333333
0 0.1527777777777778 0.36953125 0.03518518518518519 0.019270833333333334
0 0.18287037037037038 0.3598958333333333 0.030555555555555558 0.0125
0 0.7064814814814815 0.47604166666666664 0.022222222222222223 0.013541666666666667
0 0.6430555555555556 0.29973958333333334 0.026851851851851852 0.01614583333333333
0 0.6430555555555556 0.29973958333333334 0.026851851851851852 0.01614583333333333
0 0.611574074074074 0.29713541666666665 0.01388888888888889 0.008854166666666666
0 0.5393518518518519 0.7106770833333333 0.026851851851851852 0.018229166666666668
0 0.65 0.5833333333333334 0.024074074074074074 0.009375
0 0.8824074074074074 0.46848958333333335 0.018518518518518517 0.009895833333333333
0 0.8828703703703704 0.26458333333333334 0.017592592592592594 0.011458333333333333
0 0.6083333333333334 0.2515625 0.024074074074074074 0.016666666666666666
0 0.625925925925926 0.21901041666666665 0.022222222222222223 0.018229166666666668
0 0.6777777777777778 0.66640625 0.02777777777777778 0.01614583333333333
0 0.6375000000000001 0.6265625 0.019444444444444445 0.011458333333333333
0 0.5407407407407407 0.5596354166666666 0.018518518518518517 0.008854166666666666
0 0.47731481481481486 0.5153645833333333 0.02314814814814815 0.0140625
0 0.17222222222222222 0.8057291666666666 0.037037037037037035 0.022916666666666665
0 0.13333333333333333 0.8119791666666667 0.040740740740740744 0.02395833333333333
0 0.23796296296296296 0.6934895833333333 0.02962962962962963 0.0203125
0 0.04259259259259259 0.659375 0.031481481481481485 0.017708333333333333
0 0.030555555555555558 0.6799479166666667 0.03333333333333333 0.0140625
0 0.04861111111111111 0.6247395833333333 0.025 0.01614583333333333
0 0.11990740740740741 0.5427083333333333 0.019444444444444445 0.013541666666666667
0 0.14305555555555557 0.49973958333333335 0.036111111111111115 0.019270833333333334
0 0.9240740740740742 0.44427083333333334 0.02592592592592593 0.011458333333333333
0 0.9819444444444445 0.2786458333333333 0.021296296296296296 0.013541666666666667
0 0.9828703703703704 0.20963541666666666 0.028703703703703703 0.0140625
0 0.8087962962962963 0.3989583333333333 0.028703703703703703 0.0125
0 0.21435185185185185 0.5018229166666667 0.026851851851851852 0.021354166666666667
0 0.19212962962962965 0.49583333333333335 0.032407407407407406 0.017708333333333333
