0 0.04212962962962963 0.87578125 0.04537037037037037 0.028645833333333332
0 0.15555555555555556 0.70859375 0.024074074074074074 0.011979166666666666
0 0.16296296296296298 0.64609375 0.02962962962962963 0.018229166666666668
0 0.0962962962962963 0.6296875 0.018518518518518517 0.013541666666666667
0 0.03981481481481482 0.5158854166666667 0.040740740740740744 0.018229166666666668
0 0.08564814814814815 0.5354166666666667 0.036111111111111115 0.01875
0 0.10462962962962963 0.51953125 0.03888888888888889 0.019270833333333334
0 0.01990740740740741 0.4356770833333333 0.036111111111111115 0.018229166666666668
0 0.11851851851851852 0.41119791666666666 0.024074074074074074 0.013020833333333334
0 0.1425925925925926 0.4109375 0.02777777777777778 0.013541666666666667
0 0.05694444444444444 0.32578125 0.036111111111111115 0.021354166666666667
0 0.09305555555555556 0.31354166666666666 0.032407407407407406 0.0125
0 0.10740740740740741 0.3065104166666667 0.03333333333333333 0.019270833333333334
0 0.028240740740740743 0.26588541666666665 0.032407407407407406 0.019270833333333334
0 0.05324074074074074 0.18229166666666666 0.032407407407407406 0.021875
0 0.030555555555555558 0.16666666666666666 0.02962962962962963 0.017708333333333333
0 0.011574074074074075 0.16484375 0.021296296296296296 0.021354166666666667
0 0.009722222222222222 0.10911458333333333 0.015740740740740743 0.0078125
0 0.12916666666666668 0.18046875 0.03425925925925926 0.021354166666666667
0 0.325 0.14192708333333334 0.031481481481481485 0.0234375
0 0.3773148148148148 0.19739583333333333 0.012037037037037037 0.011458333333333333
0 0.3939814814814815 0.22135416666666666 0.03425925925925926 0.020833333333333332
0 0.3699074074074074 0.2859375 0.032407407407407406 0.020833333333333332
0 0.41481481481481486 0.3263020833333333 0.02777777777777778 0.018229166666666668
0 0.43703703703703706 0.3658854166666667 0.031481481481481485 0.019270833333333334
0 0.3231481481481482 0.3450520833333333 0.024074074074074074 0.015104166666666667
0 0.3458333333333333 0.3481770833333333 0.026851851851851852 0.021354166666666667
0 0.37083333333333335 0.3458333333333333 0.025 0.021875
0 0.37083333333333335 0.3458333333333333 0.025 0.021875
0 0.41712962962962963 0.4283854166666667 0.030555555555555558 0.01614583333333333
0 0.38472222222222224 0.4309895833333333 0.032407407407407406 0.018229166666666668
0 0.33611111111111114 0.4471354166666667 0.03333333333333333 0.01614583333333333
0 0.3175925925925926 0.4591145833333333 0.022222222222222223 0.0140625
0 0.34444444444444444 0.4770833333333333 0.031481481481481485 0.01875
0 0.4314814814814815 0.4479166666666667 0.02592592592592593 0.010416666666666666
0 0.46574074074074073 0.45677083333333335 0.031481481481481485 0.015625
0 0.4953703703703704 0.51015625 0.02777777777777778 0.015104166666666667
0 0.4625 0.5427083333333333 0.026851851851851852 0.013541666666666667
0 0.19583333333333333 0.6908854166666667 0.025 0.018229166666666668
0 0.29305555555555557 0.7497395833333333 0.010185185185185186 0.009895833333333333
0 0.012037037037037037 0.28151041666666665 0.022222222222222223 0.013020833333333334
0 0.2740740740740741 0.6541666666666667 0.031481481481481485 0.017708333333333333
0 0.0125 0.21276041666666667 0.02314814814814815 0.0140625
0 0.34444444444444444 0.6755208333333333 0.016666666666666666 0.016666666666666666
0 0.3689814814814815 0.7346354166666667 0.026851851851851852 0.0203125
0 0.48194444444444445 0.67890625 0.01388888888888889 0.0078125
0 0.3763888888888889 0.6380208333333334 0.028703703703703703 0.019791666666666666
0 0.39814814814814814 0.6393229166666666 0.022222222222222223 0.0140625
0 0.475462962962963 0.60859375 0.028703703703703703 0.018229166666666668
0 0.5351851851851852 0.7502604166666667 0.02592592592592593 0.009895833333333333
0 0.5935185185185186 0.8294270833333334 0.031481481481481485 0.022395833333333334
0 0.5944444444444444 0.5848958333333333 0.031481481481481485 0.015625
0 0.6018518518518519 0.5747395833333333 0.02777777777777778 0.01614583333333333
0 0.6513888888888889 0.6479166666666667 0.028703703703703703 0.01875
0 0.6393518518518518 0.6518229166666667 0.025 0.015104166666666667
0 0.7092592592592593 0.71796875 0.020370370370370372 0.0171875
0 0.6972222222222223 0.7018229166666666 0.020370370370370372 0.013020833333333334
0 0.7152777777777778 0.6502604166666667 0.032407407407407406 0.021354166666666667
0 0.6958333333333334 0.6244791666666667 0.032407407407407406 0.016666666666666666
0 0.7777777777777778 0.8283854166666667 0.022222222222222223 0.0140625
0 0.7527777777777778 0.6375 0.02777777777777778 0.015625
0 0.800462962962963 0.5872395833333334 0.025 0.01614583333333333
0 0.7833333333333333 0.5651041666666666 0.02962962962962963 0.015625
0 0.7194444444444444 0.5619791666666667 0.012962962962962964 0.011458333333333333
0 0.7532407407407408 0.5502604166666667 0.025 0.0109375
0 0.7851851851851852 0.528125 0.02777777777777778 0.014583333333333334
0 0.7574074074074074 0.5028645833333333 0.02962962962962963 0.018229166666666668
0 0.6870370370370371 0.41901041666666666 0.02592592592592593 0.01614583333333333
0 0.6777777777777778 0.4270833333333333 0.02592592592592593 0.0125
0 0.7523148148148149 0.3854166666666667 0.025 0.014583333333333334
0 0.688425925925926 0.3671875 0.028703703703703703 0.017708333333333333
0 0.8393518518518519 0.37083333333333335 0.03425925925925926 0.01875
0 0.8111111111111111 0.36223958333333334 0.02777777777777778 0.011979166666666666
0 0.3287037037037037 0.7067708333333333 0.031481481481481485 0.014583333333333334
0 0.2865740740740741 0.4778645833333333 0.021296296296296296 0.0140625
0 0.3509259259259259 0.30182291666666666 0.02777777777777778 0.01614583333333333
0 0.3509259259259259 0.30182291666666666 0.02777777777777778 0.01614583333333333
0 0.38101851851851853 0.29921875 0.01388888888888889 0.008854166666666666
0 0.45416666666666666 0.7127604166666667 0.026851851851851852 0.018229166666666668
0 0.3421296296296296 0.5854166666666667 0.025 0.009375
0 0.10972222222222222 0.47109375 0.019444444444444445 0.009895833333333333
0 0.11018518518518519 0.2677083333333333 0.018518518518518517 0.011458333333333333
0 0.38333333333333336 0.25416666666666665 0.02592592592592593 0.016666666666666666
0 0.36388888888888893 0.22005208333333334 0.016666666666666666 0.021354166666666667
0 0.31574074074074077 0.6690104166666666 0.02777777777777778 0.01614583333333333
0 0.35462962962962963 0.6286458333333333 0.020370370370370372 0.011458333333333333
0 0.4527777777777778 0.5619791666666667 0.018518518518518517 0.009375
0 0.5175925925925926 0.5171875 0.024074074074074074 0.013541666666666667
0 0.8203703703703704 0.80703125 0.037037037037037035 0.0234375
0 0.8578703703703704 0.8138020833333334 0.03981481481481482 0.024479166666666666
0 0.7537037037037038 0.6955729166666667 0.02962962962962963 0.0203125
0 0.9495370370370371 0.6609375 0.032407407407407406 0.017708333333333333
0 0.962037037037037 0.68125 0.03333333333333333 0.014583333333333334
0 0.9439814814814815 0.6260416666666666 0.025 0.016666666666666666
0 0.8731481481481482 0.54375 0.018518518518518517 0.013541666666666667
0 0.8490740740740741 0.5013020833333334 0.03518518518518519 0.019270833333333334
0 0.06898148148148149 0.4466145833333333 0.025 0.011979166666666666
0 0.04490740740740741 0.44427083333333334 0.025 0.013541666666666667
0 0.1851851851851852 0.40130208333333334 0.02962962962962963 0.011979166666666666
0 0.7763888888888889 0.5033854166666667 0.028703703703703703 0.021354166666666667
0 0.8 0.49765624999999997 0.031481481481481485 0.0171875
