0 0.9708333333333333 0.8783854166666667 0.04537037037037037 0.028645833333333332
0 0.8546296296296296 0.7098958333333333 0.024074074074074074 0.011458333333333333
0 0.8476851851851852 0.6479166666666667 0.030555555555555558 0.01875
0 0.9148148148148149 0.63125 0.018518518518518517 0.013541666666666667
0 0.9712962962962963 0.5177083333333333 0.03888888888888889 0.01875
0 0.925 0.5375 0.037037037037037035 0.01875
0 0.9069444444444444 0.52109375 0.03981481481481482 0.019270833333333334
0 0.9861111111111112 0.4375 0.02777777777777778 0.017708333333333333
0 0.8916666666666667 0.4127604166666667 0.024074074074074074 0.013020833333333334
0 0.8666666666666667 0.4127604166666667 0.02592592592592593 0.0140625
0 0.9532407407407407 0.32786458333333335 0.036111111111111115 0.021354166666666667
0 0.9162037037037037 0.31536458333333334 0.032407407407407406 0.013020833333333334
0 0.9037037037037038 0.30833333333333335 0.03333333333333333 0.01875
0 0.9824074074074074 0.26796875 0.031481481481481485 0.019270833333333334
0 0.9569444444444445 0.18489583333333334 0.032407407407407406 0.021875
0 0.9791666666666667 0.16927083333333334 0.030555555555555558 0.016666666666666666
0 0.8805555555555555 0.18307291666666667 0.03518518518518519 0.021354166666666667
0 0.6856481481481482 0.14401041666666667 0.032407407407407406 0.0234375
0 0.6175925925925926 0.22317708333333333 0.03333333333333333 0.0203125
0 0.6402777777777778 0.2875 0.032407407407407406 0.020833333333333332
0 0.5949074074074074 0.32786458333333335 0.028703703703703703 0.018229166666666668
0 0.5722222222222223 0.36666666666666664 0.031481481481481485 0.019791666666666666
0 0.6856481481481482 0.3463541666666667 0.025 0.014583333333333334
0 0.6638888888888889 0.3494791666666667 0.02592592592592593 0.020833333333333332
0 0.638888888888889 0.34765625 0.02592592592592593 0.022395833333333334
0 0.638888888888889 0.34765625 0.02592592592592593 0.022395833333333334
0 0.5930555555555556 0.42994791666666665 0.030555555555555558 0.01614583333333333
0 0.625462962962963 0.4322916666666667 0.030555555555555558 0.017708333333333333
0 0.6736111111111112 0.44817708333333334 0.032407407407407406 0.01614583333333333
0 0.6912037037037038 0.46041666666666664 0.02314814814814815 0.013541666666666667
0 0.6648148148148149 0.47812499999999997 0.031481481481481485 0.01875
0 0.5773148148148148 0.44921875 0.025 0.0109375
0 0.5435185185185185 0.4578125 0.031481481481481485 0.015625
0 0.5125000000000001 0.5109375 0.026851851851851852 0.014583333333333334
0 0.5467592592592593 0.54375 0.026851851851851852 0.013541666666666667
0 0.8143518518518519 0.6927083333333334 0.025 0.01875
0 0.7356481481481482 0.65546875 0.030555555555555558 0.0171875
0 0.6648148148148149 0.6768229166666666 0.016666666666666666 0.01614583333333333
0 0.6421296296296296 0.7359375 0.026851851851851852 0.019791666666666666
0 0.6351851851851852 0.6385416666666667 0.02777777777777778 0.019791666666666666
0 0.6129629629629629 0.6401041666666667 0.022222222222222223 0.013541666666666667
0 0.5351851851851852 0.6096354166666667 0.02962962962962963 0.018229166666666668
0 0.475462962962963 0.7515625 0.026851851851851852 0.010416666666666666
0 0.4166666666666667 0.8307291666666666 0.031481481481481485 0.021875
0 0.41481481481481486 0.5856770833333333 0.031481481481481485 0.015104166666666667
0 0.40740740740740744 0.5755208333333334 0.02777777777777778 0.016666666666666666
0 0.35879629629629634 0.64921875 0.028703703703703703 0.018229166666666668
0 0.3699074074074074 0.6526041666666667 0.025 0.014583333333333334
0 0.3013888888888889 0.7192708333333333 0.021296296296296296 0.016666666666666666
0 0.31342592592592594 0.7028645833333333 0.021296296296296296 0.0140625
0 0.2953703703703704 0.65078125 0.031481481481481485 0.021354166666666667
0 0.31527777777777777 0.6247395833333333 0.032407407407407406 0.01614583333333333
0 0.23287037037037037 0.8291666666666666 0.021296296296296296 0.013541666666666667
0 0.2564814814814815 0.6380208333333334 0.02777777777777778 0.015625
0 0.20925925925925926 0.5880208333333333 0.024074074074074074 0.015625
0 0.22685185185185186 0.5658854166666667 0.02962962962962963 0.015104166666666667
0 0.28935185185185186 0.5627604166666667 0.012037037037037037 0.0109375
0 0.2564814814814815 0.55078125 0.02592592592592593 0.0109375
0 0.225 0.52890625 0.02777777777777778 0.015104166666666667
0 0.25277777777777777 0.5033854166666667 0.02777777777777778 0.019270833333333334
0 0.3236111111111111 0.4203125 0.025 0.015625
0 0.3300925925925926 0.428125 0.025 0.0125
0 0.2569444444444445 0.38645833333333335 0.026851851851851852 0.014583333333333334
0 0.32175925925925924 0.36796875 0.028703703703703703 0.0171875
0 0.16990740740740742 0.371875 0.03425925925925926 0.01875
0 0.19953703703703704 0.36328125 0.028703703703703703 0.0109375
0 0.9699074074074074 0.5169270833333334 0.04537037037037037 0.019270833333333334
0 0.7236111111111111 0.4791666666666667 0.021296296296296296 0.013541666666666667
0 0.5564814814814815 0.7138020833333333 0.02777777777777778 0.018229166666666668
0 0.6685185185185185 0.5864583333333333 0.024074074074074074 0.009375
0 0.9009259259259259 0.47265625 0.018518518518518517 0.009895833333333333
0 0.899537037037037 0.26953125 0.017592592592592594 0.0109375
0 0.6263888888888889 0.25625 0.025 0.017708333333333333
0 0.6458333333333334 0.22213541666666667 0.017592592592592594 0.021354166666666667
0 0.6944444444444444 0.67109375 0.02777777777777778 0.015104166666666667
0 0.6564814814814816 0.6299479166666666 0.020370370370370372 0.0109375
0 0.5569444444444445 0.5630208333333333 0.017592592592592594 0.009375
0 0.4916666666666667 0.5182291666666666 0.024074074074074074 0.013541666666666667
0 0.1912037037037037 0.8080729166666667 0.036111111111111115 0.0234375
0 0.1527777777777778 0.8140625 0.03888888888888889 0.02395833333333333
0 0.2574074074074074 0.69609375 0.02962962962962963 0.0203125
0 0.06018518518518519 0.6614583333333334 0.031481481481481485 0.017708333333333333
0 0.04861111111111111 0.68203125 0.030555555555555558 0.01614583333333333
0 0.06620370370370371 0.6263020833333334 0.025 0.0171875
0 0.008333333333333333 0.58828125 0.012962962962962964 0.015104166666666667
0 0.13842592592592592 0.5447916666666667 0.019444444444444445 0.013541666666666667
0 0.16203703703703703 0.5018229166666667 0.03518518518518519 0.019270833333333334
0 0.9402777777777778 0.4484375 0.026851851851851852 0.0125
0 0.9652777777777778 0.44609375 0.025 0.013020833333333334
0 0.8236111111111112 0.40234375 0.028703703703703703 0.011979166666666666
0 0.2337962962962963 0.5046875 0.028703703703703703 0.021875
0 0.2101851851851852 0.4979166666666667 0.031481481481481485 0.017708333333333333
