0 0.031018518518518518 0.8783854166666667 0.04537037037037037 0.028645833333333332
0 0.14722222222222223 0.7098958333333333 0.024074074074074074 0.011458333333333333
0 0.15416666666666667 0.6479166666666667 0.030555555555555558 0.01875
0 0.08703703703703704 0.63125 0.018518518518518517 0.013541666666666667
0 0.030555555555555558 0.5177083333333333 0.03888888888888889 0.01875
0 0.07685185185185185 0.5375 0.037037037037037035 0.01875
0 0.09490740740740741 0.52109375 0.03981481481481482 0.019270833333333334
0 0.015740740740740743 0.4375 0.02777777777777778 0.017708333333333333
0 0.11018518518518519 0.4127604166666667 0.024074074074074074 0.013020833333333334
0 0.13518518518518519 0.4127604166666667 0.02592592592592593 0.0140625
0 0.04861111111111111 0.32786458333333335 0.036111111111111115 0.021354166666666667
0 0.08564814814814815 0.31536458333333334 0.032407407407407406 0.013020833333333334
0 0.09814814814814815 0.30833333333333335 0.03333333333333333 0.01875
0 0.019444444444444445 0.26796875 0.031481481481481485 0.019270833333333334
0 0.04490740740740741 0.18489583333333334 0.032407407407407406 0.021875
0 0.022685185185185187 0.16927083333333334 0.030555555555555558 0.016666666666666666
0 0.1212962962962963 0.18307291666666667 0.03518518518518519 0.021354166666666667
0 0.3162037037037037 0.14401041666666667 0.032407407407407406 0.0234375
0 0.3842592592592593 0.22317708333333333 0.03333333333333333 0.0203125
0 0.3615740740740741 0.2875 0.032407407407407406 0.020833333333333332
0 0.40694444444444444 0.32786458333333335 0.028703703703703703 0.018229166666666668
0 0.42962962962962964 0.36666666666666664 0.031481481481481485 0.019791666666666666
0 0.3162037037037037 0.3463541666666667 0.025 0.014583333333333334
0 0.33796296296296297 0.3494791666666667 0.02592592592592593 0.020833333333333332
0 0.362962962962963 0.34765625 0.02592592592592593 0.022395833333333334
0 0.362962962962963 0.34765625 0.02592592592592593 0.022395833333333334
0 0.4087962962962963 0.42994791666666665 0.030555555555555558 0.01614583333333333
0 0.3763888888888889 0.4322916666666667 0.030555555555555558 0.017708333333333333
0 0.3282407407407408 0.44817708333333334 0.032407407407407406 0.01614583333333333
0 0.3106481481481482 0.46041666666666664 0.02314814814814815 0.013541666666666667
0 0.337037037037037 0.47812499999999997 0.031481481481481485 0.01875
0 0.42453703703703705 0.44921875 0.025 0.0109375
0 0.45833333333333337 0.4578125 0.031481481481481485 0.015625
0 0.48935185185185187 0.5109375 0.026851851851851852 0.014583333333333334
0 0.4550925925925926 0.54375 0.026851851851851852 0.013541666666666667
0 0.1875 0.6927083333333334 0.025 0.01875
0 0.2662037037037037 0.65546875 0.030555555555555558 0.0171875
0 0.337037037037037 0.6768229166666666 0.016666666666666666 0.01614583333333333
0 0.3597222222222222 0.7359375 0.026851851851851852 0.019791666666666666
0 0.3666666666666667 0.6385416666666667 0.02777777777777778 0.019791666666666666
0 0.3888888888888889 0.6401041666666667 0.022222222222222223 0.013541666666666667
0 0.4666666666666667 0.6096354166666667 0.02962962962962963 0.018229166666666668
0 0.5263888888888889 0.7515625 0.026851851851851852 0.010416666666666666
0 0.5851851851851853 0.8307291666666666 0.031481481481481485 0.021875
0 0.587037037037037 0.5856770833333333 0.031481481481481485 0.015104166666666667
0 0.5944444444444444 0.5755208333333334 0.02777777777777778 0.016666666666666666
0 0.6430555555555556 0.64921875 0.028703703703703703 0.018229166666666668
0 0.6319444444444444 0.6526041666666667 0.025 0.014583333333333334
0 0.700462962962963 0.7192708333333333 0.021296296296296296 0.016666666666666666
0 0.688425925925926 0.7028645833333333 0.021296296296296296 0.0140625
0 0.7064814814814815 0.65078125 0.031481481481481485 0.021354166666666667
0 0.6865740740740741 0.6247395833333333 0.032407407407407406 0.01614583333333333
0 0.7689814814814815 0.8291666666666666 0.021296296296296296 0.013541666666666667
0 0.7453703703703703 0.6380208333333334 0.02777777777777778 0.015625
0 0.7925925925925926 0.5880208333333333 0.024074074074074074 0.015625
0 0.775 0.5658854166666667 0.02962962962962963 0.015104166666666667
0 0.7125 0.5627604166666667 0.012037037037037037 0.0109375
0 0.7453703703703703 0.55078125 0.02592592592592593 0.0109375
0 0.7768518518518519 0.52890625 0.02777777777777778 0.015104166666666667
0 0.7490740740740741 0.5033854166666667 0.02777777777777778 0.019270833333333334
0 0.6782407407407408 0.4203125 0.025 0.015625
0 0.6717592592592593 0.428125 0.025 0.0125
0 0.7449074074074075 0.38645833333333335 0.026851851851851852 0.014583333333333334
0 0.6800925925925926 0.36796875 0.028703703703703703 0.0171875
0 0.8319444444444445 0.371875 0.03425925925925926 0.01875
0 0.8023148148148148 0.36328125 0.028703703703703703 0.0109375
0 0.03194444444444445 0.5169270833333334 0.04537037037037037 0.019270833333333334
0 0.27824074074074073 0.4791666666666667 0.021296296296296296 0.013541666666666667
0 0.44537037037037036 0.7138020833333333 0.02777777777777778 0.018229166666666668
0 0.33333333333333337 0.5864583333333333 0.024074074074074074 0.009375
0 0.10092592592592593 0.47265625 0.018518518518518517 0.009895833333333333
0 0.10231481481481482 0.26953125 0.017592592592592594 0.0109375
0 0.375462962962963 0.25625 0.025 0.017708333333333333
0 0.3560185185185185 0.22213541666666667 0.017592592592592594 0.021354166666666667
0 0.3074074074074074 0.67109375 0.02777777777777778 0.015104166666666667
0 0.3453703703703704 0.6299479166666666 0.020370370370370372 0.0109375
0 0.4449074074074074 0.5630208333333333 0.017592592592592594 0.009375
0 0.5101851851851852 0.5182291666666666 0.024074074074074074 0.013541666666666667
0 0.8106481481481482 0.8080729166666667 0.036111111111111115 0.0234375
0 0.8490740740740741 0.8140625 0.03888888888888889 0.02395833333333333
0 0.7444444444444445 0.69609375 0.02962962962962963 0.0203125
0 0.9416666666666667 0.6614583333333334 0.031481481481481485 0.017708333333333333
0 0.9532407407407407 0.68203125 0.030555555555555558 0.01614583333333333
0 0.9356481481481482 0.6263020833333334 0.025 0.0171875
0 0.9935185185185186 0.58828125 0.012962962962962964 0.015104166666666667
0 0.8634259259259259 0.5447916666666667 0.019444444444444445 0.013541666666666667
0 0.8398148148148148 0.5018229166666667 0.03518518518518519 0.019270833333333334
0 0.06157407407407408 0.4484375 0.026851851851851852 0.0125
0 0.03657407407407408 0.44609375 0.025 0.013020833333333334
0 0.17824074074074076 0.40234375 0.028703703703703703 0.011979166666666666
0 0.7680555555555556 0.5046875 0.028703703703703703 0.021875
0 0.7916666666666667 0.4979166666666667 0.031481481481481485 0.017708333333333333
