0 0.987962962962963 0.8796875 0.024074074074074074 0.028125
0 0.8745370370370371 0.7104166666666667 0.02314814814814815 0.0125
0 0.8699074074074075 0.6481770833333333 0.032407407407407406 0.018229166666666668
0 0.938425925925926 0.6322916666666667 0.017592592592592594 0.013541666666666667
0 0.987037037037037 0.5190104166666667 0.02592592592592593 0.018229166666666668
0 0.9490740740740741 0.5377604166666666 0.037037037037037035 0.018229166666666668
0 0.9324074074074075 0.521875 0.04259259259259259 0.019791666666666666
0 0.9111111111111111 0.41380208333333335 0.024074074074074074 0.013020833333333334
0 0.8861111111111112 0.41302083333333334 0.02592592592592593 0.014583333333333334
0 0.975925925925926 0.32890625 0.03518518518518519 0.021354166666666667
0 0.9361111111111111 0.31744791666666666 0.031481481481481485 0.013020833333333334
0 0.925 0.3098958333333333 0.03333333333333333 0.01875
0 0.9773148148148149 0.18619791666666666 0.032407407407407406 0.021354166666666667
0 0.9 0.18463541666666666 0.037037037037037035 0.021354166666666667
0 0.7064814814814815 0.14609375 0.031481481481481485 0.0234375
0 0.6398148148148148 0.22473958333333333 0.03333333333333333 0.019270833333333334
0 0.6620370370370371 0.28854166666666664 0.03333333333333333 0.020833333333333332
0 0.6162037037037037 0.32916666666666666 0.028703703703703703 0.017708333333333333
0 0.5930555555555556 0.3677083333333333 0.032407407407407406 0.019791666666666666
0 0.7074074074074075 0.34739583333333335 0.024074074074074074 0.014583333333333334
0 0.6851851851851852 0.35078125 0.02592592592592593 0.0203125
0 0.6611111111111111 0.3489583333333333 0.02777777777777778 0.022916666666666665
0 0.6611111111111111 0.3489583333333333 0.02777777777777778 0.022916666666666665
0 0.6143518518518519 0.4309895833333333 0.030555555555555558 0.01614583333333333
0 0.6458333333333334 0.4328125 0.032407407407407406 0.017708333333333333
0 0.6949074074074074 0.44947916666666665 0.032407407407407406 0.015625
0 0.7125 0.4614583333333333 0.02314814814814815 0.013541666666666667
0 0.6861111111111111 0.4791666666666667 0.031481481481481485 0.01875
0 0.5972222222222222 0.45078124999999997 0.02592592592592593 0.0109375
0 0.5638888888888889 0.45859374999999997 0.031481481481481485 0.01614583333333333
0 0.5319444444444444 0.5125 0.028703703703703703 0.014583333333333334
0 0.5685185185185185 0.5442708333333334 0.02592592592592593 0.013541666666666667
0 0.8388888888888889 0.6934895833333333 0.024074074074074074 0.018229166666666668
0 0.7592592592592593 0.6565104166666667 0.031481481481481485 0.0171875
0 0.6865740740740741 0.6770833333333334 0.01388888888888889 0.014583333333333334
0 0.6694444444444445 0.73671875 0.02592592592592593 0.019270833333333334
0 0.6601851851851852 0.6403645833333333 0.02777777777777778 0.019270833333333334
0 0.6393518518518518 0.64140625 0.021296296296296296 0.0140625
0 0.5615740740740741 0.6104166666666666 0.028703703703703703 0.017708333333333333
0 0.500462962962963 0.75234375 0.025 0.009895833333333333
0 0.44351851851851853 0.8315104166666667 0.031481481481481485 0.022395833333333334
0 0.4365740740740741 0.5864583333333333 0.032407407407407406 0.014583333333333334
0 0.4300925925925926 0.5763020833333333 0.026851851851851852 0.01614583333333333
0 0.38287037037037036 0.6502604166666667 0.028703703703703703 0.018229166666666668
0 0.39305555555555555 0.65390625 0.02314814814814815 0.015104166666666667
0 0.32592592592592595 0.7200520833333334 0.020370370370370372 0.01614583333333333
0 0.34120370370370373 0.70390625 0.019444444444444445 0.0140625
0 0.32037037037037036 0.65234375 0.031481481481481485 0.021354166666666667
0 0.3388888888888889 0.62578125 0.03333333333333333 0.01614583333333333
0 0.2587962962962963 0.8302083333333333 0.021296296296296296 0.013541666666666667
0 0.2800925925925926 0.6390625 0.021296296296296296 0.016666666666666666
0 0.23287037037037037 0.5893229166666667 0.025 0.01614583333333333
0 0.250462962962963 0.5674479166666666 0.028703703703703703 0.015104166666666667
0 0.31203703703703706 0.5635416666666666 0.011111111111111112 0.011458333333333333
0 0.2800925925925926 0.5520833333333334 0.026851851851851852 0.011458333333333333
0 0.24814814814814815 0.5302083333333333 0.02592592592592593 0.014583333333333334
0 0.27592592592592596 0.5046875 0.02962962962962963 0.01875
0 0.3458333333333333 0.42135416666666664 0.025 0.015625
0 0.3476851851851852 0.42864583333333334 0.026851851851851852 0.013541666666666667
0 0.2791666666666667 0.38828125 0.026851851851851852 0.015104166666666667
0 0.34305555555555556 0.36953125 0.028703703703703703 0.0171875
0 0.19212962962962965 0.3736979166666667 0.03425925925925926 0.018229166666666668
0 0.22175925925925927 0.3653645833333333 0.028703703703703703 0.0109375
0 0.7449074074074075 0.47994791666666664 0.021296296296296296 0.0140625
0 0.5796296296296296 0.71484375 0.02592592592592593 0.018229166666666668
0 0.6930555555555555 0.5877604166666667 0.02314814814814815 0.008854166666666666
0 0.9240740740740742 0.47369791666666666 0.020370370370370372 0.009895833333333333
0 0.9199074074074074 0.2713541666666667 0.019444444444444445 0.011458333333333333
0 0.6490740740740741 0.25807291666666665 0.024074074074074074 0.018229166666666668
0 0.6666666666666667 0.225 0.022222222222222223 0.019791666666666666
0 0.7134259259259259 0.6723958333333333 0.026851851851851852 0.014583333333333334
0 0.6819444444444445 0.6315104166666666 0.021296296296296296 0.0109375
0 0.5791666666666667 0.5645833333333333 0.019444444444444445 0.009375
0 0.5097222222222222 0.51953125 0.02314814814814815 0.013020833333333334
0 0.21944444444444444 0.809375 0.03518518518518519 0.022916666666666665
0 0.18194444444444446 0.8153645833333333 0.03981481481481482 0.0234375
0 0.2837962962962963 0.696875 0.030555555555555558 0.019791666666666666
0 0.08657407407407408 0.6625 0.030555555555555558 0.01875
0 0.07407407407407407 0.6828125 0.02962962962962963 0.015625
0 0.09212962962962963 0.6276041666666666 0.025 0.017708333333333333
0 0.028240740740740743 0.5893229166666667 0.02314814814814815 0.0140625
0 0.1638888888888889 0.5463541666666667 0.018518518518518517 0.013541666666666667
0 0.18796296296296297 0.5033854166666667 0.03518518518518519 0.019270833333333334
0 0.009259259259259259 0.44869791666666664 0.014814814814814815 0.013020833333333334
0 0.9615740740740741 0.44947916666666665 0.025 0.011458333333333333
0 0.9856481481481482 0.4473958333333333 0.021296296296296296 0.011458333333333333
0 0.8421296296296297 0.40598958333333335 0.030555555555555558 0.0171875
0 0.9689814814814816 0.71171875 0.032407407407407406 0.0203125
0 0.25972222222222224 0.5052083333333334 0.028703703703703703 0.022916666666666665
0 0.2351851851851852 0.49947916666666664 0.031481481481481485 0.017708333333333333
