0 0.8805555555555555 0.7119791666666666 0.022222222222222223 0.0125
0 0.8791666666666667 0.6486979166666667 0.030555555555555558 0.018229166666666668
0 0.9481481481481482 0.6322916666666667 0.016666666666666666 0.013541666666666667
0 0.9925925925925926 0.5203125 0.014814814814814815 0.01875
0 0.9592592592592593 0.5380208333333333 0.037037037037037035 0.01875
0 0.9416666666666667 0.521875 0.04259259259259259 0.019791666666666666
0 0.9180555555555556 0.41354166666666664 0.02314814814814815 0.0125
0 0.8930555555555556 0.41328125 0.025 0.015104166666666667
0 0.9837962962962963 0.32916666666666666 0.032407407407407406 0.020833333333333332
0 0.9439814814814815 0.3169270833333333 0.032407407407407406 0.013020833333333334
0 0.9324074074074075 0.30963541666666666 0.03333333333333333 0.018229166666666668
0 0.9847222222222223 0.18619791666666666 0.030555555555555558 0.021354166666666667
0 0.9074074074074074 0.184375 0.03518518518518519 0.020833333333333332
0 0.7152777777777778 0.14609375 0.032407407407407406 0.0234375
0 0.6481481481481481 0.225 0.03333333333333333 0.019791666666666666
0 0.6703703703703704 0.28854166666666664 0.03333333333333333 0.020833333333333332
0 0.625 0.32916666666666666 0.02777777777777778 0.017708333333333333
0 0.600925925925926 0.36796875 0.031481481481481485 0.0203125
0 0.7157407407407408 0.34713541666666664 0.024074074074074074 0.015104166666666667
0 0.6925925925925926 0.35130208333333335 0.02592592592592593 0.0203125
0 0.6689814814814815 0.3481770833333333 0.026851851851851852 0.022395833333333334
0 0.6689814814814815 0.3481770833333333 0.026851851851851852 0.022395833333333334
0 0.6236111111111111 0.43046875 0.030555555555555558 0.01614583333333333
0 0.6537037037037037 0.43307291666666664 0.03333333333333333 0.018229166666666668
0 0.7032407407407407 0.44947916666666665 0.032407407407407406 0.015625
0 0.7208333333333333 0.4614583333333333 0.02314814814814815 0.013541666666666667
0 0.6935185185185185 0.4791666666666667 0.031481481481481485 0.01875
0 0.6041666666666667 0.4505208333333333 0.025 0.010416666666666666
0 0.5717592592592593 0.4588541666666667 0.032407407407407406 0.015625
0 0.5375 0.5125 0.026851851851851852 0.014583333333333334
0 0.5768518518518518 0.5442708333333334 0.02592592592592593 0.013541666666666667
0 0.8472222222222222 0.69375 0.024074074074074074 0.01875
0 0.7671296296296296 0.65625 0.032407407407407406 0.017708333333333333
0 0.6953703703703704 0.6755208333333333 0.012962962962962964 0.014583333333333334
0 0.6796296296296297 0.73671875 0.02592592592592593 0.019270833333333334
0 0.6703703703703704 0.63984375 0.02777777777777778 0.019270833333333334
0 0.6486111111111111 0.64140625 0.021296296296296296 0.0140625
0 0.5699074074074074 0.6106770833333334 0.028703703703703703 0.018229166666666668
0 0.5097222222222222 0.7526041666666666 0.026851851851851852 0.010416666666666666
0 0.4537037037037037 0.83203125 0.031481481481481485 0.022395833333333334
0 0.4449074074074074 0.5864583333333333 0.032407407407407406 0.015625
0 0.43842592592592594 0.5768229166666666 0.026851851851851852 0.01614583333333333
0 0.3912037037037037 0.65 0.028703703703703703 0.017708333333333333
0 0.4013888888888889 0.65390625 0.02314814814814815 0.015104166666666667
0 0.3351851851851852 0.7205729166666667 0.020370370370370372 0.01614583333333333
0 0.34861111111111115 0.7036458333333333 0.017592592592592594 0.013541666666666667
0 0.32916666666666666 0.65234375 0.032407407407407406 0.021354166666666667
0 0.3462962962962963 0.6260416666666666 0.02962962962962963 0.016666666666666666
0 0.26851851851851855 0.8302083333333333 0.020370370370370372 0.013541666666666667
0 0.2888888888888889 0.6393229166666666 0.022222222222222223 0.01614583333333333
0 0.2425925925925926 0.5888020833333333 0.024074074074074074 0.01614583333333333
0 0.25925925925925924 0.5671875 0.02962962962962963 0.015625
0 0.32037037037037036 0.5640625 0.012962962962962964 0.011458333333333333
0 0.2884259259259259 0.55234375 0.026851851851851852 0.0109375
0 0.2569444444444445 0.5302083333333333 0.026851851851851852 0.014583333333333334
0 0.2847222222222222 0.5049479166666666 0.030555555555555558 0.019270833333333334
0 0.35370370370370374 0.42135416666666664 0.024074074074074074 0.015625
0 0.9328703703703705 0.47369791666666666 0.019444444444444445 0.009895833333333333
0 0.3560185185185185 0.42942708333333335 0.025 0.013020833333333334
0 0.9282407407407408 0.2708333333333333 0.019444444444444445 0.011458333333333333
0 0.28611111111111115 0.3885416666666667 0.02592592592592593 0.015625
0 0.6564814814814816 0.25807291666666665 0.024074074074074074 0.018229166666666668
0 0.3509259259259259 0.3697916666666667 0.02777777777777778 0.017708333333333333
0 0.6782407407407408 0.22421875 0.019444444444444445 0.019270833333333334
0 0.2 0.37447916666666664 0.03333333333333333 0.01875
0 0.7217592592592593 0.671875 0.025 0.014583333333333334
0 0.6921296296296297 0.6317708333333333 0.021296296296296296 0.010416666666666666
0 0.5875 0.5645833333333333 0.019444444444444445 0.009375
0 0.5157407407407407 0.5192708333333333 0.022222222222222223 0.013541666666666667
0 0.22916666666666669 0.8091145833333333 0.03425925925925926 0.022395833333333334
0 0.22870370370370371 0.3653645833333333 0.02962962962962963 0.0109375
0 0.19166666666666668 0.8156249999999999 0.037037037037037035 0.026041666666666668
0 0.7527777777777778 0.47994791666666664 0.020370370370370372 0.0140625
0 0.29305555555555557 0.696875 0.03425925925925926 0.01875
0 0.5888888888888889 0.7145833333333333 0.02592592592592593 0.017708333333333333
0 0.09675925925925927 0.6622395833333333 0.030555555555555558 0.018229166666666668
0 0.08287037037037037 0.6833333333333333 0.028703703703703703 0.016666666666666666
0 0.10046296296296296 0.62734375 0.025 0.018229166666666668
0 0.7018518518518518 0.5880208333333333 0.022222222222222223 0.009375
0 0.03657407407407408 0.5893229166666667 0.02314814814814815 0.0140625
0 0.17314814814814816 0.5463541666666667 0.018518518518518517 0.013541666666666667
0 0.19675925925925927 0.503125 0.03425925925925926 0.01875
0 0.0125 0.4484375 0.021296296296296296 0.013541666666666667
0 0.9694444444444444 0.44921875 0.024074074074074074 0.011979166666666666
0 0.9916666666666667 0.4471354166666667 0.016666666666666666 0.011979166666666666
0 0.85 0.40598958333333335 0.031481481481481485 0.0171875
0 0.26990740740740743 0.5049479166666666 0.028703703703703703 0.0234375
0 0.24351851851851852 0.49973958333333335 0.031481481481481485 0.0171875
