0 0.03564814814814815 0.95703125 0.06944444444444445 0.0546875
0 0.1277777777777778 0.9294270833333333 0.0462962962962963 0.05364583333333333
0 0.1787037037037037 0.8380208333333333 0.07777777777777778 0.05416666666666667
0 0.29120370370370374 0.8143229166666667 0.05092592592592593 0.033854166666666664
0 0.2652777777777778 0.76015625 0.062037037037037036 0.030729166666666665
0 0.3194444444444445 0.7223958333333333 0.0462962962962963 0.03333333333333333
0 0.33425925925925926 0.8351562499999999 0.0462962962962963 0.0265625
0 0.4356481481481482 0.8033854166666666 0.03981481481481482 0.033854166666666664
0 0.47870370370370374 0.8463541666666666 0.11111111111111112 0.07708333333333334
0 0.33842592592592596 0.6765625 0.04537037037037037 0.025
0 0.3 0.6338541666666666 0.053703703703703705 0.036458333333333336
0 0.6694444444444445 0.7276041666666666 0.05185185185185186 0.040625
0 0.16574074074074074 0.5630208333333333 0.07592592592592592 0.041666666666666664
0 0.1449074074074074 0.45677083333333335 0.06018518518518519 0.025
0 0.34861111111111115 0.5447916666666667 0.075 0.04479166666666667
0 0.4712962962962963 0.45807291666666666 0.07777777777777778 0.04114583333333333
0 0.3837962962962963 0.2682291666666667 0.07314814814814816 0.04791666666666666
0 0.4513888888888889 0.2622395833333333 0.06574074074074074 0.0390625
0 0.6208333333333333 0.5091145833333334 0.07685185185185185 0.043229166666666666
0 0.662962962962963 0.46953125 0.08148148148148149 0.0453125
0 0.5416666666666667 0.23723958333333334 0.04814814814814815 0.0296875
0 0.4953703703703704 0.23671875 0.0462962962962963 0.024479166666666666
0 0.6819444444444445 0.53515625 0.04722222222222222 0.027604166666666666
0 0.9305555555555556 0.3768229166666667 0.07222222222222223 0.0359375
0 0.8726851851851852 0.7453125 0.058333333333333334 0.03854166666666667
0 0.7601851851851852 0.8309895833333333 0.04259259259259259 0.024479166666666666
0 0.8453703703703704 0.8890625 0.0462962962962963 0.03125
0 0.9333333333333333 0.8408854166666666 0.05 0.04010416666666666
0 0.23472222222222222 0.6369791666666667 0.05092592592592593 0.030208333333333334
0 0.3092592592592593 0.7942708333333334 0.0462962962962963 0.025
0 0.35833333333333334 0.4036458333333333 0.02777777777777778 0.02395833333333333
0 0.3662037037037037 0.38229166666666664 0.028703703703703703 0.019791666666666666
0 0.4013888888888889 0.3052083333333333 0.030555555555555558 0.02395833333333333
