0 0.9657407407407408 0.9572916666666667 0.06851851851851852 0.05520833333333333
0 0.8740740740740741 0.9294270833333333 0.0462962962962963 0.05364583333333333
0 0.8231481481481482 0.8380208333333333 0.07777777777777778 0.05416666666666667
0 0.7106481481481481 0.8143229166666667 0.05092592592592593 0.033854166666666664
0 0.736574074074074 0.76015625 0.062037037037037036 0.030729166666666665
0 0.6824074074074075 0.7223958333333333 0.0462962962962963 0.03333333333333333
0 0.6675925925925926 0.8351562499999999 0.0462962962962963 0.0265625
0 0.5662037037037038 0.8033854166666666 0.03981481481481482 0.033854166666666664
0 0.5231481481481481 0.8463541666666666 0.11111111111111112 0.07708333333333334
0 0.663425925925926 0.6765625 0.04537037037037037 0.025
0 0.7018518518518518 0.6338541666666666 0.053703703703703705 0.036458333333333336
0 0.33240740740740743 0.7276041666666666 0.05185185185185186 0.040625
0 0.8361111111111111 0.5630208333333333 0.07592592592592592 0.041666666666666664
0 0.8569444444444445 0.45677083333333335 0.06018518518518519 0.025
0 0.6532407407407408 0.5447916666666667 0.075 0.04479166666666667
0 0.5305555555555556 0.45807291666666666 0.07777777777777778 0.04114583333333333
0 0.6180555555555556 0.2682291666666667 0.07314814814814816 0.04791666666666666
0 0.5504629629629629 0.2622395833333333 0.06574074074074074 0.0390625
0 0.38101851851851853 0.5091145833333334 0.07685185185185185 0.043229166666666666
0 0.3388888888888889 0.46953125 0.08148148148148149 0.0453125
0 0.4601851851851852 0.23723958333333334 0.04814814814814815 0.0296875
0 0.5064814814814815 0.23671875 0.0462962962962963 0.024479166666666666
0 0.3199074074074074 0.53515625 0.04722222222222222 0.027604166666666666
0 0.0712962962962963 0.3768229166666667 0.07222222222222223 0.0359375
0 0.12916666666666668 0.7453125 0.058333333333333334 0.03854166666666667
0 0.24166666666666667 0.8309895833333333 0.04259259259259259 0.024479166666666666
0 0.1564814814814815 0.8890625 0.0462962962962963 0.03125
0 0.06851851851851852 0.8408854166666666 0.05 0.04010416666666666
0 0.7671296296296296 0.6369791666666667 0.05092592592592593 0.030208333333333334
0 0.6925925925925926 0.7942708333333334 0.0462962962962963 0.025
0 0.6435185185185185 0.4036458333333333 0.02777777777777778 0.02395833333333333
0 0.6356481481481482 0.38229166666666664 0.028703703703703703 0.019791666666666666
0 0.600462962962963 0.3052083333333333 0.030555555555555558 0.02395833333333333
