0 0.017592592592592594 0.9565104166666667 0.03333333333333333 0.049479166666666664
0 0.08703703703703704 0.9309895833333334 0.05185185185185186 0.0515625
0 0.1425925925925926 0.8385416666666666 0.07777777777777778 0.05520833333333333
0 0.23287037037037037 0.7606770833333333 0.05092592592592593 0.033854166666666664
0 0.2902777777777778 0.7239583333333334 0.04166666666666667 0.03125
0 0.2976851851851852 0.840625 0.03981481481481482 0.01875
0 0.4236111111111111 0.84609375 0.11203703703703705 0.07760416666666667
0 0.3138888888888889 0.6755208333333333 0.0462962962962963 0.02395833333333333
0 0.26481481481481484 0.6341145833333334 0.053703703703703705 0.03697916666666667
0 0.6365740740740741 0.7278645833333334 0.05648148148148149 0.04114583333333333
0 0.12962962962962962 0.5640625 0.07222222222222223 0.04583333333333333
0 0.11481481481481481 0.45677083333333335 0.05925925925925926 0.026041666666666668
0 0.3060185185185185 0.5453125 0.07314814814814816 0.04583333333333333
0 0.4328703703703704 0.4596354166666667 0.07685185185185185 0.04114583333333333
0 0.3472222222222222 0.2703125 0.07222222222222223 0.04791666666666666
0 0.4203703703703704 0.265625 0.07037037037037037 0.042708333333333334
0 0.5810185185185185 0.5104166666666666 0.07685185185185185 0.042708333333333334
0 0.6226851851851852 0.4705729166666667 0.08055555555555556 0.0453125
0 0.5115740740740741 0.24010416666666667 0.04351851851851852 0.030208333333333334
0 0.4671296296296297 0.23958333333333334 0.04722222222222222 0.02395833333333333
0 0.6412037037037037 0.5364583333333334 0.049074074074074076 0.027083333333333334
0 0.8953703703703704 0.3796875 0.07037037037037037 0.036458333333333336
0 0.8407407407407408 0.74609375 0.05740740740740741 0.03802083333333333
0 0.8189814814814815 0.890625 0.04722222222222222 0.03125
0 0.9046296296296297 0.8411458333333334 0.05 0.040625
0 0.19814814814814816 0.63671875 0.05 0.027604166666666666
0 0.32916666666666666 0.4041666666666667 0.032407407407407406 0.02395833333333333
0 0.3425925925925926 0.38229166666666664 0.040740740740740744 0.02395833333333333
0 0.3726851851851852 0.30807291666666664 0.03425925925925926 0.027604166666666666
0 0.9666666666666667 0.33541666666666664 0.05555555555555556 0.034375
0 0.9625 0.39739583333333334 0.03796296296296296 0.02395833333333333
