0 0.06805555555555556 0.93203125 0.05462962962962963 0.0515625
0 0.12546296296296297 0.8393229166666667 0.0787037037037037 0.0546875
0 0.21712962962962964 0.7606770833333333 0.049074074074074076 0.03177083333333333
0 0.2740740740740741 0.7291666666666666 0.03518518518518519 0.021875
0 0.28055555555555556 0.8434895833333333 0.031481481481481485 0.0171875
0 0.39814814814814814 0.8463541666666666 0.11111111111111112 0.078125
0 0.30092592592592593 0.6747395833333333 0.0462962962962963 0.021354166666666667
0 0.24675925925925926 0.63515625 0.05092592592592593 0.03697916666666667
0 0.6217592592592592 0.7278645833333334 0.058333333333333334 0.0390625
0 0.11111111111111112 0.56484375 0.07037037037037037 0.04635416666666667
0 0.09907407407407408 0.45677083333333335 0.05555555555555556 0.026041666666666668
0 0.2888888888888889 0.5463541666666667 0.08148148148148149 0.04583333333333333
0 0.41481481481481486 0.46041666666666664 0.07592592592592592 0.040625
0 0.33055555555555555 0.271875 0.07222222222222223 0.04791666666666666
0 0.4083333333333333 0.26640625 0.06666666666666667 0.04010416666666666
0 0.5606481481481481 0.5114583333333333 0.07685185185185185 0.04375
0 0.6018518518518519 0.4713541666666667 0.07962962962962963 0.04583333333333333
0 0.49768518518518523 0.24166666666666667 0.04351851851851852 0.030208333333333334
0 0.4527777777777778 0.24192708333333332 0.05 0.021354166666666667
0 0.6208333333333333 0.5372395833333333 0.049074074074074076 0.0265625
0 0.8777777777777778 0.3809895833333333 0.06851851851851852 0.03697916666666667
0 0.5259259259259259 0.7018229166666666 0.04814814814814815 0.033854166666666664
0 0.8245370370370371 0.7466145833333333 0.05648148148148149 0.03802083333333333
0 0.8074074074074075 0.8911458333333333 0.0462962962962963 0.03125
0 0.8907407407407407 0.84140625 0.05 0.04114583333333333
0 0.1800925925925926 0.6372395833333333 0.049074074074074076 0.025520833333333333
0 0.3111111111111111 0.4044270833333333 0.02777777777777778 0.025520833333333333
0 0.32962962962962966 0.3841145833333333 0.04259259259259259 0.0234375
0 0.35694444444444445 0.3104166666666667 0.036111111111111115 0.029166666666666667
0 0.9486111111111112 0.3375 0.05462962962962963 0.035416666666666666
0 0.9842592592592593 0.3065104166666667 0.031481481481481485 0.0421875
0 0.9495370370370371 0.39869791666666665 0.04351851851851852 0.024479166666666666
