0 0.9486111111111112 0.9330729166666667 0.049074074074074076 0.050520833333333334
0 0.8930555555555556 0.8403645833333333 0.07685185185185185 0.05677083333333333
0 0.6310185185185185 0.8473958333333333 0.11203703703703705 0.078125
0 0.7134259259259259 0.6747395833333333 0.04166666666666667 0.0203125
0 0.7731481481481481 0.6364583333333333 0.05 0.0375
0 0.3962962962962963 0.7260416666666667 0.05925925925925926 0.03333333333333333
0 0.9074074074074074 0.5669270833333333 0.07222222222222223 0.04635416666666667
0 0.9180555555555556 0.4578125 0.05277777777777778 0.026041666666666668
0 0.7333333333333334 0.54765625 0.07592592592592592 0.04739583333333333
0 0.6050925925925926 0.46171875 0.07685185185185185 0.04114583333333333
0 0.6893518518518519 0.27421875 0.07314814814814816 0.04739583333333333
0 0.6087962962962963 0.26875 0.06759259259259259 0.041666666666666664
0 0.4615740740740741 0.5122395833333333 0.07685185185185185 0.043229166666666666
0 0.4800925925925926 0.3658854166666667 0.03981481481481482 0.034895833333333334
0 0.4203703703703704 0.47291666666666665 0.07962962962962963 0.04583333333333333
0 0.5212962962962964 0.24348958333333334 0.03888888888888889 0.028645833333333332
0 0.563425925925926 0.24348958333333334 0.05092592592592593 0.022395833333333334
0 0.40046296296296297 0.5380208333333333 0.05092592592592593 0.027083333333333334
0 0.14166666666666666 0.38203125 0.06851851851851852 0.0359375
0 0.13333333333333333 0.7606770833333333 0.02962962962962963 0.0265625
0 0.1925925925925926 0.7473958333333334 0.053703703703703705 0.0375
0 0.07916666666666666 0.6770833333333334 0.032407407407407406 0.020833333333333332
0 0.02592592592592593 0.6091145833333333 0.040740740740740744 0.0265625
0 0.20694444444444446 0.8919270833333334 0.04537037037037037 0.03177083333333333
0 0.12453703703703704 0.8429687499999999 0.05092592592592593 0.04114583333333333
0 0.8375 0.63828125 0.04722222222222222 0.025520833333333333
0 0.7074074074074075 0.403125 0.02592592592592593 0.030208333333333334
0 0.687962962962963 0.3848958333333333 0.03518518518518519 0.019791666666666666
0 0.6486111111111111 0.3169270833333333 0.049074074074074076 0.03177083333333333
0 0.49444444444444446 0.7013020833333333 0.05185185185185186 0.033854166666666664
0 0.022222222222222223 0.37395833333333334 0.040740740740740744 0.034375
0 0.07037037037037037 0.3380208333333333 0.053703703703703705 0.035416666666666666
0 0.02592592592592593 0.3072916666666667 0.04814814814814815 0.04479166666666667
0 0.07037037037037037 0.4 0.040740740740740744 0.02395833333333333
