0 0.9449074074074074 0.84453125 0.0787037037037037 0.05364583333333333
0 0.7138888888888889 0.8510416666666667 0.11481481481481481 0.07916666666666666
0 0.75 0.6815104166666667 0.03518518518518519 0.022395833333333334
0 0.8296296296296297 0.64140625 0.044444444444444446 0.03697916666666667
0 0.4398148148148148 0.7283854166666667 0.05555555555555556 0.03802083333333333
0 0.9638888888888889 0.5721354166666667 0.06296296296296297 0.0515625
0 0.9657407407407408 0.45989583333333334 0.044444444444444446 0.025
0 0.35462962962962963 0.834375 0.04259259259259259 0.028125
0 0.7930555555555556 0.5518229166666666 0.08240740740740742 0.04635416666666667
0 0.6625 0.465625 0.07685185185185185 0.040625
0 0.7472222222222222 0.2799479166666667 0.07592592592592592 0.04739583333333333
0 0.6518518518518519 0.27447916666666666 0.06296296296296297 0.046875
0 0.524537037037037 0.5166666666666666 0.07685185185185185 0.042708333333333334
0 0.48564814814814816 0.47734375 0.075 0.0453125
0 0.6097222222222223 0.24895833333333334 0.06018518518518519 0.02395833333333333
0 0.020833333333333336 0.6192708333333333 0.03796296296296296 0.03125
0 0.4638888888888889 0.54140625 0.05555555555555556 0.028645833333333332
0 0.19490740740740742 0.384375 0.0638888888888889 0.036458333333333336
0 0.24166666666666667 0.7489583333333333 0.04814814814814815 0.0375
0 0.24583333333333335 0.8934895833333333 0.04537037037037037 0.030729166666666665
0 0.16712962962962963 0.8442708333333333 0.05277777777777778 0.040625
0 0.8916666666666667 0.6393229166666666 0.04814814814814815 0.022395833333333334
0 0.7000000000000001 0.32109375 0.05555555555555556 0.03177083333333333
0 0.5467592592592593 0.7033854166666667 0.058333333333333334 0.04010416666666666
0 0.5398148148148149 0.37473958333333335 0.044444444444444446 0.0421875
0 0.062037037037037036 0.3802083333333333 0.06666666666666667 0.040625
0 0.12638888888888888 0.3416666666666667 0.05462962962962963 0.03333333333333333
0 0.0699074074074074 0.31223958333333335 0.075 0.043229166666666666
0 0.018518518518518517 0.06875 0.03333333333333333 0.04895833333333333
0 0.05740740740740741 0.0546875 0.061111111111111116 0.04479166666666667
0 0.18472222222222223 0.7625 0.03981481481481482 0.025
0 0.11898148148148148 0.678125 0.03425925925925926 0.021875
0 0.08472222222222223 0.6114583333333333 0.04351851851851852 0.028125
0 0.11805555555555557 0.40338541666666666 0.04722222222222222 0.0234375
