0 0.9699074074074074 0.8481770833333333 0.058333333333333334 0.0546875
0 0.7666666666666667 0.8526041666666666 0.11666666666666667 0.08125
0 0.8689814814814815 0.64375 0.03425925925925926 0.035416666666666666
0 0.46851851851851856 0.7330729166666666 0.05185185185185186 0.04010416666666666
0 0.987037037037037 0.46067708333333335 0.02592592592592593 0.024479166666666666
0 0.8356481481481481 0.5533854166666666 0.07685185185185185 0.04635416666666667
0 0.6986111111111112 0.46796875 0.0787037037037037 0.04114583333333333
0 0.7814814814814816 0.28151041666666665 0.07777777777777778 0.04635416666666667
0 0.6796296296296297 0.27630208333333334 0.05925925925925926 0.04635416666666667
0 0.562962962962963 0.5174479166666667 0.07777777777777778 0.043229166666666666
0 0.5268518518518519 0.4791666666666667 0.07037037037037037 0.04479166666666667
0 0.6398148148148148 0.2513020833333333 0.06666666666666667 0.0296875
0 0.5013888888888889 0.54296875 0.058333333333333334 0.028645833333333332
0 0.22592592592592595 0.38671875 0.06481481481481481 0.0390625
0 0.27222222222222225 0.7502604166666667 0.044444444444444446 0.03802083333333333
0 0.3856481481481482 0.8354166666666667 0.04351851851851852 0.026041666666666668
0 0.27037037037037037 0.8953125 0.0462962962962963 0.030208333333333334
0 0.1953703703703704 0.8450520833333334 0.053703703703703705 0.04010416666666666
0 0.9259259259259259 0.640625 0.04814814814814815 0.020833333333333332
0 0.7310185185185185 0.321875 0.062037037037037036 0.03229166666666666
0 0.5773148148148148 0.7052083333333333 0.058333333333333334 0.040625
0 0.5740740740740741 0.3729166666666667 0.04814814814814815 0.034375
0 0.0925925925925926 0.38229166666666664 0.06851851851851852 0.041666666666666664
0 0.1564814814814815 0.3450520833333333 0.05555555555555556 0.033854166666666664
0 0.10138888888888889 0.3138020833333333 0.075 0.044270833333333336
0 0.022222222222222223 0.28046875 0.040740740740740744 0.0421875
0 0.011111111111111112 0.4557291666666667 0.018518518518518517 0.026041666666666668
0 0.036111111111111115 0.07135416666666666 0.06666666666666667 0.052083333333333336
0 0.0912037037037037 0.057291666666666664 0.062037037037037036 0.046875
0 0.20324074074074075 0.7643229166666666 0.049074074074074076 0.0234375
0 0.14444444444444446 0.67890625 0.03518518518518519 0.022395833333333334
0 0.11990740740740741 0.6135416666666667 0.04537037037037037 0.030208333333333334
0 0.04212962962962963 0.6205729166666667 0.06759259259259259 0.033854166666666664
0 0.14814814814814814 0.40520833333333334 0.05 0.02395833333333333
