0 0.024074074074074074 0.8489583333333334 0.04259259259259259 0.05
0 0.21064814814814817 0.8533854166666667 0.11944444444444445 0.08072916666666667
0 0.11435185185185186 0.6434895833333333 0.028703703703703703 0.034895833333333334
0 0.5143518518518518 0.7346354166666667 0.062037037037037036 0.04010416666666666
0 0.1462962962962963 0.5536458333333333 0.07592592592592592 0.04583333333333333
0 0.28611111111111115 0.46822916666666664 0.07777777777777778 0.040625
0 0.20555555555555557 0.28229166666666666 0.07777777777777778 0.046875
0 0.3087962962962963 0.2755208333333333 0.06018518518518519 0.03958333333333333
0 0.4222222222222222 0.51796875 0.07592592592592592 0.0421875
0 0.4587962962962963 0.4796875 0.0712962962962963 0.04479166666666667
0 0.35879629629629634 0.2505208333333333 0.05648148148148149 0.029166666666666667
0 0.4828703703703704 0.5432291666666667 0.06018518518518519 0.029166666666666667
0 0.763888888888889 0.3859375 0.061111111111111116 0.0375
0 0.725925925925926 0.75078125 0.06296296296296297 0.03802083333333333
0 0.6013888888888889 0.8359375 0.04351851851851852 0.026041666666666668
0 0.7199074074074074 0.8950520833333333 0.04537037037037037 0.0296875
0 0.7939814814814815 0.8453125 0.05277777777777778 0.040625
0 0.061111111111111116 0.6419270833333334 0.04814814814814815 0.021354166666666667
0 0.26435185185185184 0.32447916666666665 0.05277777777777778 0.028125
0 0.40925925925925927 0.7065104166666667 0.053703703703703705 0.0390625
0 0.41250000000000003 0.3723958333333333 0.04722222222222222 0.03333333333333333
0 0.8953703703703704 0.38229166666666664 0.06851851851851852 0.041666666666666664
0 0.8314814814814815 0.34453125 0.053703703703703705 0.0328125
0 0.8865740740740741 0.3145833333333333 0.075 0.04375
0 0.9685185185185186 0.28125 0.04814814814814815 0.041666666666666664
0 0.9865740740740742 0.45677083333333335 0.026851851851851852 0.027083333333333334
0 0.9791666666666667 0.08072916666666667 0.04166666666666667 0.035416666666666666
0 0.9569444444444445 0.07161458333333333 0.07685185185185185 0.0515625
0 0.8962962962962964 0.057291666666666664 0.061111111111111116 0.046875
0 0.787962962962963 0.76484375 0.04814814814814815 0.0234375
0 0.8462962962962963 0.6791666666666667 0.03518518518518519 0.022916666666666665
0 0.8671296296296297 0.6135416666666667 0.04537037037037037 0.03229166666666666
0 0.9490740740740741 0.6205729166666667 0.07592592592592592 0.0328125
0 0.8430555555555556 0.40572916666666664 0.04722222222222222 0.02395833333333333
