0 0.8143518518518519 0.8528645833333334 0.11944444444444445 0.08177083333333333
0 0.49953703703703706 0.734375 0.06018518518518519 0.03958333333333333
0 0.8726851851851852 0.5536458333333333 0.07314814814814816 0.04583333333333333
0 0.7310185185185185 0.46822916666666664 0.07685185185185185 0.040625
0 0.8097222222222222 0.2817708333333333 0.0787037037037037 0.046875
0 0.7050925925925926 0.2760416666666667 0.06018518518518519 0.040625
0 0.5967592592592593 0.5182291666666666 0.0787037037037037 0.042708333333333334
0 0.5611111111111111 0.4796875 0.06851851851851852 0.04479166666666667
0 0.6550925925925927 0.2513020833333333 0.05092592592592593 0.0296875
0 0.5361111111111111 0.5427083333333333 0.05925925925925926 0.028125
0 0.7962962962962963 0.3140625 0.05740740740740741 0.021875
0 0.2523148148148148 0.38567708333333334 0.058333333333333334 0.0359375
0 0.2902777777777778 0.7513020833333334 0.058333333333333334 0.0390625
0 0.4138888888888889 0.8356770833333333 0.044444444444444446 0.0265625
0 0.29305555555555557 0.8947916666666667 0.04537037037037037 0.030208333333333334
0 0.2189814814814815 0.8450520833333334 0.05462962962962963 0.04010416666666666
0 0.9546296296296297 0.64140625 0.0462962962962963 0.0203125
0 0.7495370370370371 0.3221354166666667 0.05462962962962963 0.0328125
0 0.6050925925925926 0.7075520833333333 0.05277777777777778 0.0390625
0 0.6037037037037037 0.3729166666666667 0.04814814814814815 0.034375
0 0.12083333333333333 0.3828125 0.06944444444444445 0.041666666666666664
0 0.1824074074074074 0.34453125 0.05555555555555556 0.033854166666666664
0 0.12916666666666668 0.31484375 0.075 0.043229166666666666
0 0.04722222222222222 0.28229166666666666 0.04814814814814815 0.042708333333333334
0 0.015277777777777779 0.33671875 0.026851851851851852 0.0328125
0 0.019444444444444445 0.45703125 0.03518518518518519 0.0265625
0 0.031481481481481485 0.08098958333333334 0.053703703703703705 0.0359375
0 0.061111111111111116 0.07161458333333333 0.07407407407407407 0.0515625
0 0.11944444444444445 0.05755208333333333 0.061111111111111116 0.04739583333333333
0 0.22222222222222224 0.765625 0.044444444444444446 0.021875
0 0.16666666666666669 0.6791666666666667 0.03518518518518519 0.022916666666666665
0 0.14953703703703705 0.6135416666666667 0.04537037037037037 0.03229166666666666
0 0.0699074074074074 0.6213541666666667 0.075 0.03333333333333333
0 0.17314814814814816 0.40625 0.05185185185185186 0.022916666666666665
