0 0.8393518518518519 0.8528645833333334 0.12314814814814816 0.08072916666666667
0 0.513888888888889 0.7338541666666667 0.061111111111111116 0.03958333333333333
0 0.8907407407407407 0.553125 0.07222222222222223 0.04479166666666667
0 0.7449074074074075 0.46822916666666664 0.07685185185185185 0.040625
0 0.8245370370370371 0.28203125 0.0787037037037037 0.04635416666666667
0 0.7166666666666667 0.27708333333333335 0.05925925925925926 0.04375
0 0.6125 0.5182291666666666 0.07685185185185185 0.042708333333333334
0 0.5777777777777778 0.4796875 0.06666666666666667 0.04479166666666667
0 0.6166666666666667 0.2520833333333333 0.03333333333333333 0.029166666666666667
0 0.6675925925925926 0.25104166666666666 0.0462962962962963 0.028125
0 0.5527777777777778 0.5434895833333333 0.05925925925925926 0.028645833333333332
0 0.26666666666666666 0.38515625 0.05740740740740741 0.034895833333333334
0 0.3037037037037037 0.7510416666666666 0.05740740740740741 0.03854166666666667
0 0.4287037037037037 0.8359375 0.044444444444444446 0.026041666666666668
0 0.3041666666666667 0.8950520833333333 0.04537037037037037 0.030729166666666665
0 0.23055555555555557 0.84453125 0.053703703703703705 0.0390625
0 0.9652777777777778 0.6408854166666667 0.04722222222222222 0.021354166666666667
0 0.7578703703703704 0.3255208333333333 0.05462962962962963 0.028125
0 0.6217592592592592 0.7067708333333333 0.05092592592592593 0.036458333333333336
0 0.6185185185185186 0.3729166666666667 0.04814814814814815 0.034375
0 0.1337962962962963 0.38307291666666665 0.06759259259259259 0.0421875
0 0.19722222222222224 0.3458333333333333 0.05555555555555556 0.03333333333333333
0 0.1425925925925926 0.315625 0.07407407407407407 0.04375
0 0.061111111111111116 0.2830729166666667 0.05 0.043229166666666666
0 0.016203703703703703 0.33203125 0.028703703703703703 0.03697916666666667
0 0.03194444444444445 0.4223958333333333 0.026851851851851852 0.02395833333333333
0 0.024074074074074074 0.45677083333333335 0.044444444444444446 0.026041666666666668
0 0.04490740740740741 0.08255208333333333 0.05462962962962963 0.0359375
0 0.020833333333333336 0.0421875 0.03796296296296296 0.053125
0 0.07546296296296297 0.07213541666666666 0.07314814814814816 0.0515625
0 0.13518518518518519 0.05859375 0.061111111111111116 0.04635416666666667
0 0.23148148148148148 0.7658854166666667 0.040740740740740744 0.022395833333333334
0 0.17685185185185187 0.67890625 0.03518518518518519 0.022395833333333334
0 0.16296296296296298 0.6127604166666667 0.044444444444444446 0.030729166666666665
0 0.08842592592592594 0.62109375 0.06944444444444445 0.033854166666666664
0 0.1865740740740741 0.40651041666666665 0.05277777777777778 0.022395833333333334
0 0.8083333333333333 0.3145833333333333 0.05740740740740741 0.021875
