0 0.11388888888888889 0.85234375 0.12222222222222223 0.08072916666666667
0 0.0976851851851852 0.64140625 0.036111111111111115 0.0359375
0 0.46111111111111114 0.73515625 0.05925925925925926 0.04010416666666666
0 0.07268518518518519 0.5533854166666666 0.06759259259259259 0.043229166666666666
0 0.22175925925925927 0.46875 0.0787037037037037 0.040625
0 0.14537037037037037 0.28411458333333334 0.07962962962962963 0.04635416666666667
0 0.25833333333333336 0.28020833333333334 0.05925925925925926 0.04479166666666667
0 0.3527777777777778 0.5197916666666667 0.07592592592592592 0.042708333333333334
0 0.3856481481481482 0.4809895833333333 0.06759259259259259 0.044270833333333336
0 0.3041666666666667 0.2484375 0.03796296296296296 0.020833333333333332
0 0.4101851851851852 0.54453125 0.05740740740740741 0.027604166666666666
0 0.7037037037037037 0.38776041666666666 0.05555555555555556 0.0359375
0 0.6680555555555556 0.7518229166666667 0.05648148148148149 0.03697916666666667
0 0.5430555555555556 0.8307291666666666 0.04351851851851852 0.03854166666666667
0 0.674537037037037 0.8966145833333333 0.04537037037037037 0.03177083333333333
0 0.7430555555555556 0.84609375 0.05462962962962963 0.0390625
0 0.016666666666666666 0.6442708333333333 0.031481481481481485 0.025
0 0.19675925925925927 0.4145833333333333 0.05092592592592593 0.025
0 0.2087962962962963 0.39036458333333335 0.03425925925925926 0.024479166666666666
0 0.2175925925925926 0.32760416666666664 0.05555555555555556 0.028125
0 0.34861111111111115 0.7078125 0.05092592592592593 0.03333333333333333
0 0.34675925925925927 0.37526041666666665 0.05648148148148149 0.0359375
0 0.8337962962962964 0.3854166666666667 0.06759259259259259 0.042708333333333334
0 0.7717592592592593 0.3489583333333333 0.05092592592592593 0.03333333333333333
0 0.825925925925926 0.3177083333333333 0.07407407407407407 0.042708333333333334
0 0.9055555555555556 0.28515625 0.05925925925925926 0.0421875
0 0.9671296296296297 0.33489583333333334 0.05277777777777778 0.034375
0 0.9736111111111111 0.3658854166666667 0.03796296296296296 0.018229166666666668
0 0.9453703703703704 0.42578125 0.024074074074074074 0.022395833333333334
0 0.9541666666666667 0.4588541666666667 0.04722222222222222 0.026041666666666668
0 0.9189814814814815 0.08619791666666667 0.058333333333333334 0.034895833333333334
0 0.9578703703703704 0.04505208333333333 0.07314814814814816 0.05364583333333333
0 0.888425925925926 0.07604166666666666 0.0712962962962963 0.052083333333333336
0 0.8282407407407407 0.06354166666666666 0.062037037037037036 0.04583333333333333
0 0.350462962962963 0.25546875 0.025 0.0328125
0 0.7462962962962963 0.7661458333333333 0.037037037037037035 0.022916666666666665
0 0.8 0.68046875 0.037037037037037035 0.0234375
0 0.8046296296296297 0.6130208333333333 0.044444444444444446 0.03229166666666666
0 0.8796296296296297 0.6223958333333334 0.06666666666666667 0.03333333333333333
0 0.788425925925926 0.4109375 0.04537037037037037 0.017708333333333333
0 0.8009259259259259 0.8861979166666667 0.03333333333333333 0.0296875
0 0.9611111111111111 0.73046875 0.06296296296296297 0.028645833333333332
0 0.16666666666666669 0.31614583333333335 0.05740740740740741 0.022916666666666665
