0 0.125 0.8080729166666667 0.07962962962962963 0.034895833333333334
0 0.08611111111111111 0.8536458333333333 0.12407407407407407 0.08125
0 0.08101851851851852 0.6427083333333333 0.036111111111111115 0.035416666666666666
0 0.4449074074074074 0.7359375 0.06018518518518519 0.03958333333333333
0 0.052314814814814814 0.5544270833333333 0.06574074074074074 0.0421875
0 0.20324074074074075 0.47109375 0.0787037037037037 0.0421875
0 0.12731481481481483 0.28515625 0.08055555555555556 0.04635416666666667
0 0.2439814814814815 0.2817708333333333 0.06018518518518519 0.04479166666666667
0 0.3337962962962963 0.5203125 0.07685185185185185 0.041666666666666664
0 0.3712962962962963 0.48151041666666666 0.07777777777777778 0.0453125
0 0.38981481481481484 0.5458333333333333 0.05740740740740741 0.027083333333333334
0 0.6902777777777778 0.3893229166666667 0.058333333333333334 0.0359375
0 0.6523148148148148 0.7526041666666666 0.05648148148148149 0.036458333333333336
0 0.5277777777777778 0.8322916666666667 0.04259259259259259 0.03854166666666667
0 0.6601851851851852 0.8973958333333333 0.044444444444444446 0.03125
0 0.7287037037037037 0.8471354166666667 0.053703703703703705 0.0390625
0 0.1837962962962963 0.4145833333333333 0.049074074074074076 0.025
0 0.19444444444444445 0.39140625 0.037037037037037035 0.025520833333333333
0 0.20555555555555557 0.328125 0.05740740740740741 0.026041666666666668
0 0.33240740740740743 0.7059895833333333 0.05185185185185186 0.0359375
0 0.33240740740740743 0.378125 0.053703703703703705 0.03854166666666667
0 0.8157407407407408 0.38697916666666665 0.06851851851851852 0.041666666666666664
0 0.7541666666666667 0.35052083333333334 0.05277777777777778 0.03229166666666666
0 0.8092592592592593 0.3184895833333333 0.07407407407407407 0.0421875
0 0.8893518518518518 0.2869791666666667 0.05648148148148149 0.041666666666666664
0 0.9500000000000001 0.33619791666666665 0.05185185185185186 0.034895833333333334
0 0.9560185185185186 0.36744791666666665 0.036111111111111115 0.018229166666666668
0 0.9310185185185186 0.42682291666666666 0.025 0.021354166666666667
0 0.9407407407407408 0.46015625 0.04259259259259259 0.025520833333333333
0 0.9851851851851853 0.47291666666666665 0.02962962962962963 0.026041666666666668
0 0.9013888888888889 0.08880208333333334 0.05462962962962963 0.0390625
0 0.938425925925926 0.04869791666666667 0.07685185185185185 0.05260416666666667
0 0.8694444444444445 0.07916666666666666 0.07222222222222223 0.052083333333333336
0 0.8101851851851852 0.065625 0.061111111111111116 0.046875
0 0.33240740740740743 0.2565104166666667 0.024074074074074074 0.0328125
0 0.7328703703703704 0.7661458333333333 0.04166666666666667 0.025
0 0.7870370370370371 0.6807291666666666 0.037037037037037035 0.022916666666666665
0 0.7865740740740741 0.6138020833333333 0.04351851851851852 0.03177083333333333
0 0.8643518518518519 0.6231770833333333 0.07314814814814816 0.033854166666666664
0 0.7685185185185186 0.4119791666666667 0.037037037037037035 0.01875
0 0.787962962962963 0.88671875 0.03333333333333333 0.0296875
0 0.9421296296296297 0.7309895833333333 0.062037037037037036 0.028645833333333332
0 0.1513888888888889 0.3182291666666667 0.06018518518518519 0.022916666666666665
