0 0.9027777777777778 0.8091145833333333 0.08333333333333334 0.033854166666666664
0 0.9398148148148149 0.85546875 0.12037037037037038 0.08177083333333333
0 0.9472222222222223 0.6442708333333333 0.05740740740740741 0.036458333333333336
0 0.5708333333333333 0.7364583333333333 0.06018518518518519 0.03958333333333333
0 0.9689814814814816 0.55546875 0.062037037037037036 0.0421875
0 0.8171296296296297 0.47161458333333334 0.07685185185185185 0.04114583333333333
0 0.8893518518518518 0.2864583333333333 0.08055555555555556 0.04583333333333333
0 0.7712962962962964 0.2833333333333333 0.06296296296296297 0.04479166666666667
0 0.6870370370370371 0.5213541666666667 0.07777777777777778 0.042708333333333334
0 0.6476851851851853 0.4828125 0.08240740740740742 0.046875
0 0.6310185185185185 0.5466145833333333 0.058333333333333334 0.027604166666666666
0 0.32407407407407407 0.390625 0.06296296296296297 0.034375
0 0.3592592592592593 0.753125 0.061111111111111116 0.0375
0 0.01898148148148148 0.12239583333333333 0.03425925925925926 0.04479166666666667
0 0.4847222222222222 0.8330729166666666 0.05092592592592593 0.04010416666666666
0 0.3550925925925926 0.8989583333333333 0.04351851851851852 0.03229166666666666
0 0.2865740740740741 0.8479166666666667 0.05462962962962963 0.03958333333333333
0 0.8296296296296297 0.41484375 0.04814814814814815 0.0265625
0 0.8185185185185185 0.3927083333333333 0.037037037037037035 0.025
0 0.8092592592592593 0.32916666666666666 0.05740740740740741 0.025
0 0.6824074074074075 0.7114583333333333 0.05185185185185186 0.03854166666666667
0 0.6851851851851852 0.37890625 0.05555555555555556 0.0359375
0 0.20046296296296298 0.38828125 0.06759259259259259 0.0421875
0 0.26157407407407407 0.35234375 0.05092592592592593 0.0328125
0 0.20740740740740743 0.3208333333333333 0.07407407407407407 0.042708333333333334
0 0.12824074074074074 0.28880208333333335 0.058333333333333334 0.04114583333333333
0 0.06574074074074074 0.3377604166666667 0.04814814814814815 0.034895833333333334
0 0.059722222222222225 0.36953125 0.03425925925925926 0.019270833333333334
0 0.08287037037037037 0.428125 0.025 0.020833333333333332
0 0.07407407407407407 0.46067708333333335 0.03888888888888889 0.025520833333333333
0 0.022222222222222223 0.4739583333333333 0.040740740740740744 0.025
0 0.11666666666666667 0.09140625 0.05555555555555556 0.03697916666666667
0 0.07962962962962963 0.05026041666666667 0.07592592592592592 0.05260416666666667
0 0.1476851851851852 0.08151041666666667 0.07314814814814816 0.0515625
0 0.20740740740740743 0.06901041666666667 0.06481481481481481 0.044270833333333336
0 0.2833333333333333 0.76640625 0.044444444444444446 0.0265625
0 0.22685185185185186 0.68203125 0.037037037037037035 0.0234375
0 0.23148148148148148 0.6145833333333334 0.04259259259259259 0.03125
0 0.15601851851851853 0.62421875 0.06944444444444445 0.0328125
0 0.24537037037037038 0.4145833333333333 0.037037037037037035 0.014583333333333334
0 0.22592592592592595 0.8885416666666667 0.03333333333333333 0.029166666666666667
0 0.07731481481481482 0.7317708333333334 0.0638888888888889 0.030208333333333334
0 0.8643518518518519 0.3190104166666667 0.06018518518518519 0.022395833333333334
