0 0.07685185185185185 0.8098958333333334 0.08703703703703704 0.034375
0 0.052314814814814814 0.85546875 0.10277777777777779 0.08177083333333333
0 0.03287037037037037 0.64453125 0.0638888888888889 0.0390625
0 0.4166666666666667 0.7375 0.05925925925925926 0.03958333333333333
0 0.02175925925925926 0.5559895833333334 0.04166666666666667 0.043229166666666666
0 0.17083333333333334 0.47213541666666664 0.0787037037037037 0.04010416666666666
0 0.09814814814814815 0.2869791666666667 0.07962962962962963 0.04479166666666667
0 0.2189814814814815 0.2817708333333333 0.062037037037037036 0.03958333333333333
0 0.2972222222222222 0.5221354166666666 0.07777777777777778 0.043229166666666666
0 0.33564814814814814 0.4830729166666667 0.0787037037037037 0.04739583333333333
0 0.35370370370370374 0.5458333333333333 0.05740740740740741 0.03125
0 0.6680555555555556 0.390625 0.06759259259259259 0.035416666666666666
0 0.6245370370370371 0.7544270833333333 0.058333333333333334 0.0390625
0 0.5023148148148149 0.8333333333333334 0.04166666666666667 0.04375
0 0.6347222222222223 0.8994791666666666 0.04351851851851852 0.03229166666666666
0 0.7032407407407407 0.8484375 0.05462962962962963 0.03958333333333333
0 0.16342592592592592 0.4166666666666667 0.049074074074074076 0.026041666666666668
0 0.1726851851851852 0.39296875 0.03981481481481482 0.025520833333333333
0 0.17731481481481481 0.3299479166666667 0.05092592592592593 0.024479166666666666
0 0.3060185185185185 0.7091145833333333 0.05277777777777778 0.04010416666666666
0 0.30324074074074076 0.37890625 0.05277777777777778 0.034895833333333334
0 0.7875 0.3888020833333333 0.06759259259259259 0.0421875
0 0.7263888888888889 0.35260416666666666 0.05092592592592593 0.03229166666666666
0 0.7805555555555556 0.32135416666666666 0.07407407407407407 0.042708333333333334
0 0.8597222222222223 0.28932291666666665 0.06018518518518519 0.04010416666666666
0 0.9231481481481482 0.3380208333333333 0.0462962962962963 0.034375
0 0.9287037037037037 0.3703125 0.03333333333333333 0.019791666666666666
0 0.9097222222222222 0.42942708333333335 0.025 0.022395833333333334
0 0.9175925925925926 0.46197916666666666 0.03518518518518519 0.026041666666666668
0 0.9689814814814816 0.4744791666666667 0.04537037037037037 0.02395833333333333
0 0.8736111111111111 0.0921875 0.058333333333333334 0.036458333333333336
0 0.9069444444444444 0.0515625 0.075 0.053125
0 0.8402777777777778 0.08255208333333333 0.07314814814814816 0.050520833333333334
0 0.7805555555555556 0.07057291666666667 0.06296296296296297 0.043229166666666666
0 0.7055555555555556 0.76640625 0.0462962962962963 0.027604166666666666
0 0.762962962962963 0.68203125 0.037037037037037035 0.0234375
0 0.7555555555555555 0.6140625 0.040740740740740744 0.030208333333333334
0 0.8305555555555556 0.6244791666666667 0.07222222222222223 0.03333333333333333
0 0.7449074074074075 0.4153645833333333 0.036111111111111115 0.0140625
0 0.763425925925926 0.8890625 0.036111111111111115 0.029166666666666667
0 0.9064814814814816 0.7325520833333333 0.06296296296296297 0.030729166666666665
0 0.975925925925926 0.12369791666666667 0.044444444444444446 0.04739583333333333
0 0.12546296296296297 0.31979166666666664 0.062037037037037036 0.022916666666666665
