0 0.950462962962963 0.8104166666666667 0.09907407407407408 0.035416666666666666
0 0.9662037037037038 0.85546875 0.06759259259259259 0.0828125
0 0.975925925925926 0.64453125 0.0462962962962963 0.04010416666666666
0 0.8490740740740741 0.4140625 0.0462962962962963 0.020833333333333332
0 0.5986111111111111 0.7375 0.058333333333333334 0.03958333333333333
0 0.8462962962962963 0.471875 0.07962962962962963 0.041666666666666664
0 0.9189814814814815 0.2864583333333333 0.08240740740740742 0.04583333333333333
0 0.7949074074074074 0.28203125 0.06018518518518519 0.04010416666666666
0 0.7212962962962963 0.5213541666666667 0.07777777777777778 0.042708333333333334
0 0.6814814814814815 0.4825520833333333 0.07962962962962963 0.0484375
0 0.6620370370370371 0.5453125 0.05185185185185186 0.03125
0 0.34675925925925927 0.38984375 0.06574074074074074 0.034895833333333334
0 0.38981481481481484 0.7536458333333333 0.05555555555555556 0.0375
0 0.5152777777777778 0.83359375 0.04351851851851852 0.04114583333333333
0 0.3791666666666667 0.8994791666666666 0.04166666666666667 0.03125
0 0.31157407407407406 0.8481770833333333 0.05462962962962963 0.03802083333333333
0 0.8416666666666667 0.3924479166666667 0.04259259259259259 0.024479166666666666
0 0.8356481481481481 0.3296875 0.05092592592592593 0.02395833333333333
0 0.712962962962963 0.7130208333333333 0.05185185185185186 0.034375
0 0.712037037037037 0.37838541666666664 0.05185185185185186 0.034895833333333334
0 0.018518518518518517 0.77890625 0.03333333333333333 0.0546875
0 0.2263888888888889 0.38828125 0.06759259259259259 0.0421875
0 0.2884259259259259 0.35234375 0.05462962962962963 0.0296875
0 0.2337962962962963 0.3203125 0.07314814814814816 0.042708333333333334
0 0.15416666666666667 0.2890625 0.06018518518518519 0.040625
0 0.020833333333333336 0.26796875 0.03796296296296296 0.043229166666666666
0 0.09027777777777778 0.3380208333333333 0.04537037037037037 0.03333333333333333
0 0.08425925925925926 0.37005208333333334 0.03333333333333333 0.019270833333333334
0 0.10092592592592593 0.42890625 0.02592592592592593 0.021354166666666667
0 0.09490740740740741 0.46171875 0.032407407407407406 0.025520833333333333
0 0.04166666666666667 0.4744791666666667 0.0462962962962963 0.02395833333333333
0 0.13518518518518519 0.09036458333333333 0.05185185185185186 0.03697916666666667
0 0.015277777777777779 0.01953125 0.025 0.03697916666666667
0 0.10740740740740741 0.050520833333333334 0.07592592592592592 0.05416666666666667
0 0.17500000000000002 0.08151041666666667 0.07222222222222223 0.0515625
0 0.23472222222222222 0.07005208333333333 0.062037037037037036 0.044270833333333336
0 0.3074074074074074 0.765625 0.04814814814814815 0.029166666666666667
0 0.2490740740740741 0.6828125 0.037037037037037035 0.022916666666666665
0 0.25925925925925924 0.6135416666666667 0.04259259259259259 0.03125
0 0.18611111111111112 0.62421875 0.07407407407407407 0.033854166666666664
0 0.26944444444444443 0.41484375 0.03518518518518519 0.015104166666666667
0 0.25 0.8893229166666666 0.037037037037037035 0.027604166666666666
0 0.11018518518518519 0.7333333333333333 0.061111111111111116 0.03229166666666666
0 0.03194444444444445 0.12317708333333333 0.05648148148148149 0.04739583333333333
0 0.887962962962963 0.3190104166666667 0.061111111111111116 0.0234375
