0 0.9615740740740741 0.8078124999999999 0.07685185185185185 0.035416666666666666
0 0.9768518518518519 0.8513020833333333 0.0462962962962963 0.07552083333333333
0 0.9842592592592593 0.64375 0.031481481481481485 0.03958333333333333
0 0.612037037037037 0.73671875 0.05925925925925926 0.0390625
0 0.8587962962962963 0.4708333333333333 0.08240740740740742 0.040625
0 0.9324074074074075 0.28463541666666664 0.08148148148148149 0.0453125
0 0.8074074074074075 0.28020833333333334 0.061111111111111116 0.03958333333333333
0 0.7375 0.5200520833333333 0.0787037037037037 0.043229166666666666
0 0.6972222222222223 0.48125 0.08333333333333334 0.04791666666666666
0 0.675 0.54765625 0.05 0.027604166666666666
0 0.35879629629629634 0.3885416666666667 0.06759259259259259 0.035416666666666666
0 0.4027777777777778 0.7526041666666666 0.053703703703703705 0.03854166666666667
0 0.525 0.83203125 0.053703703703703705 0.04114583333333333
0 0.3902777777777778 0.8984375 0.04166666666666667 0.03125
0 0.3236111111111111 0.8468749999999999 0.05648148148148149 0.03854166666666667
0 0.862962962962963 0.4125 0.04814814814814815 0.016666666666666666
0 0.8518518518518519 0.39166666666666666 0.0462962962962963 0.02395833333333333
0 0.8453703703703704 0.32838541666666665 0.05555555555555556 0.0234375
0 0.7282407407407407 0.70859375 0.05277777777777778 0.0359375
0 0.7273148148148149 0.37734375 0.05277777777777778 0.034895833333333334
0 0.02777777777777778 0.7760416666666666 0.05185185185185186 0.053125
0 0.2388888888888889 0.3875 0.06666666666666667 0.041666666666666664
0 0.2976851851851852 0.35052083333333334 0.058333333333333334 0.034375
0 0.24675925925925926 0.3190104166666667 0.0712962962962963 0.0421875
0 0.16666666666666669 0.2877604166666667 0.06296296296296297 0.04010416666666666
0 0.026851851851851852 0.265625 0.05 0.04479166666666667
0 0.10324074074074074 0.3364583333333333 0.04537037037037037 0.03333333333333333
0 0.01990740740740741 0.34479166666666666 0.036111111111111115 0.034375
0 0.09722222222222222 0.3692708333333333 0.031481481481481485 0.019791666666666666
0 0.11064814814814815 0.42734374999999997 0.030555555555555558 0.021354166666666667
0 0.10185185185185186 0.45989583333333334 0.03518518518518519 0.026041666666666668
0 0.05277777777777778 0.47421874999999997 0.0462962962962963 0.024479166666666666
0 0.01712962962962963 0.12005208333333334 0.030555555555555558 0.0515625
0 0.1476851851851852 0.08776041666666666 0.05092592592592593 0.03697916666666667
0 0.020833333333333336 0.018229166666666668 0.03796296296296296 0.034375
0 0.12268518518518519 0.04895833333333333 0.075 0.053125
0 0.18842592592592594 0.07916666666666666 0.0712962962962963 0.051041666666666666
0 0.24722222222222223 0.06822916666666666 0.06296296296296297 0.04375
0 0.3175925925925926 0.7651041666666667 0.04814814814814815 0.029166666666666667
0 0.2606481481481482 0.6809895833333334 0.036111111111111115 0.0234375
0 0.27361111111111114 0.6122395833333333 0.04351851851851852 0.03177083333333333
0 0.19722222222222224 0.6231770833333333 0.07962962962962963 0.033854166666666664
0 0.28101851851851856 0.4140625 0.03425925925925926 0.014583333333333334
0 0.2611111111111111 0.88828125 0.037037037037037035 0.028645833333333332
0 0.12638888888888888 0.7317708333333334 0.062037037037037036 0.03229166666666666
0 0.03981481481481482 0.12005208333333334 0.06666666666666667 0.049479166666666664
0 0.9009259259259259 0.3177083333333333 0.061111111111111116 0.022916666666666665
