0 0.029166666666666667 0.8065104166666667 0.05648148148148149 0.034895833333333334
0 0.375462962962963 0.73515625 0.06018518518518519 0.0390625
0 0.12407407407407407 0.4692708333333333 0.08333333333333334 0.041666666666666664
0 0.052314814814814814 0.2825520833333333 0.08240740740740742 0.0453125
0 0.1814814814814815 0.278125 0.061111111111111116 0.040625
0 0.24583333333333335 0.51875 0.0787037037037037 0.04375
0 0.28564814814814815 0.4796875 0.08240740740740742 0.05
0 0.30462962962962964 0.5442708333333334 0.04814814814814815 0.029166666666666667
0 0.6300925925925926 0.38776041666666666 0.06574074074074074 0.0359375
0 0.5861111111111111 0.7518229166666667 0.05740740740740741 0.0390625
0 0.46064814814814814 0.8312499999999999 0.04537037037037037 0.04375
0 0.8935185185185186 0.36822916666666666 0.03333333333333333 0.01875
0 0.5990740740740741 0.8976562499999999 0.040740740740740744 0.030729166666666665
0 0.6648148148148149 0.8463541666666666 0.05555555555555556 0.0375
0 0.1388888888888889 0.39010416666666664 0.0462962962962963 0.02395833333333333
0 0.1439814814814815 0.3263020833333333 0.05648148148148149 0.025520833333333333
0 0.26157407407407407 0.7067708333333333 0.058333333333333334 0.036458333333333336
0 0.25833333333333336 0.37578125 0.053703703703703705 0.03697916666666667
0 0.9638888888888889 0.775 0.07222222222222223 0.05416666666666667
0 0.9222222222222223 0.5666666666666667 0.0462962962962963 0.027083333333333334
0 0.7495370370370371 0.38645833333333335 0.06574074074074074 0.041666666666666664
0 0.6925925925925926 0.3494791666666667 0.05555555555555556 0.035416666666666666
0 0.7416666666666667 0.3177083333333333 0.07222222222222223 0.041666666666666664
0 0.8236111111111112 0.2864583333333333 0.062037037037037036 0.040625
0 0.9671296296296297 0.2638020833333333 0.06574074074074074 0.044270833333333336
0 0.8875000000000001 0.33489583333333334 0.04351851851851852 0.03333333333333333
0 0.975925925925926 0.34375 0.04814814814814815 0.035416666666666666
0 0.8837962962962963 0.4270833333333333 0.026851851851851852 0.021875
0 0.8972222222222223 0.45859374999999997 0.04814814814814815 0.025520833333333333
0 0.9398148148148149 0.4734375 0.053703703703703705 0.022916666666666665
0 0.9782407407407407 0.1171875 0.04351851851851852 0.053125
0 0.8388888888888889 0.0859375 0.05185185185185186 0.036458333333333336
0 0.9740740740740741 0.016666666666666666 0.05185185185185186 0.03125
0 0.8662037037037037 0.04609375 0.075 0.0546875
0 0.7990740740740742 0.07682291666666667 0.07037037037037037 0.0515625
0 0.7412037037037037 0.06614583333333333 0.062037037037037036 0.042708333333333334
0 0.6717592592592593 0.7643229166666666 0.04722222222222222 0.028645833333333332
0 0.7305555555555556 0.6799479166666667 0.037037037037037035 0.0234375
0 0.7157407407407408 0.6109375 0.044444444444444446 0.03229166666666666
0 0.7861111111111111 0.6223958333333334 0.07037037037037037 0.03333333333333333
0 0.7101851851851853 0.4125 0.03333333333333333 0.014583333333333334
0 0.7282407407407407 0.8869791666666667 0.03796296296296296 0.029166666666666667
0 0.8592592592592593 0.7302083333333333 0.06296296296296297 0.03229166666666666
0 0.9370370370370371 0.11953124999999999 0.04814814814814815 0.0453125
0 0.08564814814814815 0.3145833333333333 0.058333333333333334 0.025
