0 0.6731481481481482 0.7348958333333333 0.061111111111111116 0.03958333333333333
0 0.938425925925926 0.4671875 0.08425925925925926 0.042708333333333334
0 0.9810185185185185 0.28125 0.03796296296296296 0.046875
0 0.8675925925925926 0.27578125 0.06296296296296297 0.04010416666666666
0 0.8203703703703704 0.5177083333333333 0.07962962962962963 0.04375
0 0.7805555555555556 0.47812499999999997 0.08518518518518518 0.051041666666666666
0 0.7439814814814815 0.5453125 0.06759259259259259 0.035416666666666666
0 0.42083333333333334 0.3854166666666667 0.0638888888888889 0.035416666666666666
0 0.4689814814814815 0.75234375 0.05277777777777778 0.04114583333333333
0 0.5921296296296297 0.83046875 0.04351851851851852 0.043229166666666666
0 0.4439814814814815 0.8971354166666666 0.03796296296296296 0.030729166666666665
0 0.3791666666666667 0.8453125 0.05648148148148149 0.0375
0 0.15925925925925927 0.42682291666666666 0.018518518518518517 0.019270833333333334
0 0.9055555555555556 0.32526041666666666 0.05 0.024479166666666666
0 0.7949074074074074 0.7065104166666667 0.049074074074074076 0.03697916666666667
0 0.8009259259259259 0.37421875 0.05555555555555556 0.03802083333333333
0 0.09861111111111112 0.77578125 0.08611111111111111 0.05364583333333333
0 0.030555555555555558 0.7856770833333333 0.05740740740740741 0.044270833333333336
0 0.13333333333333333 0.56953125 0.05 0.03177083333333333
0 0.03657407407407408 0.5302083333333333 0.0638888888888889 0.030208333333333334
0 0.30324074074074076 0.38567708333333334 0.0638888888888889 0.0421875
0 0.3611111111111111 0.3489583333333333 0.053703703703703705 0.036458333333333336
0 0.312962962962963 0.3169270833333333 0.07037037037037037 0.0421875
0 0.22916666666666669 0.28515625 0.06018518518518519 0.04114583333333333
0 0.08935185185185185 0.2625 0.075 0.04479166666666667
0 0.1564814814814815 0.3328125 0.05185185185185186 0.03854166666666667
0 0.06759259259259259 0.3424479166666667 0.06296296296296297 0.034895833333333334
0 0.13842592592592592 0.45859374999999997 0.05092592592592593 0.024479166666666666
0 0.0976851851851852 0.47161458333333334 0.049074074074074076 0.024479166666666666
0 0.0625 0.11432291666666666 0.08055555555555556 0.05572916666666666
0 0.2189814814814815 0.08385416666666666 0.05092592592592593 0.036458333333333336
0 0.07777777777777778 0.014583333333333334 0.07592592592592592 0.027083333333333334
0 0.19907407407407407 0.04244791666666667 0.07407407407407407 0.05572916666666666
0 0.2611111111111111 0.07421875 0.06851851851851852 0.05260416666666667
0 0.3194444444444445 0.06302083333333333 0.05925925925925926 0.04375
0 0.3680555555555556 0.76640625 0.04722222222222222 0.0234375
0 0.31157407407407406 0.67890625 0.03981481481481482 0.0234375
0 0.3365740740740741 0.6098958333333333 0.04537037037037037 0.03333333333333333
0 0.27222222222222225 0.62265625 0.06666666666666667 0.03177083333333333
0 0.3375 0.41171874999999997 0.032407407407407406 0.015104166666666667
0 0.3125 0.8856770833333333 0.03981481481481482 0.028645833333333332
0 0.20370370370370372 0.7307291666666667 0.06296296296296297 0.034375
0 0.11898148148148148 0.11901041666666666 0.04537037037037037 0.044270833333333336
0 0.9611111111111111 0.3130208333333333 0.07222222222222223 0.027083333333333334
