0 0.27685185185185185 0.73828125 0.061111111111111116 0.04114583333333333
0 0.018518518518518517 0.4752604166666667 0.03518518518518519 0.034895833333333334
0 0.0763888888888889 0.27682291666666664 0.058333333333333334 0.04010416666666666
0 0.11018518518518519 0.5205729166666666 0.08333333333333334 0.044270833333333336
0 0.1476851851851852 0.48020833333333335 0.09166666666666667 0.04895833333333333
0 0.18425925925925926 0.54765625 0.06851851851851852 0.0390625
0 0.525462962962963 0.38619791666666664 0.0638888888888889 0.0359375
0 0.4828703703703704 0.7541666666666667 0.06018518518518519 0.03958333333333333
0 0.3560185185185185 0.83359375 0.04351851851851852 0.0421875
0 0.5157407407407407 0.89921875 0.03333333333333333 0.030729166666666665
0 0.5777777777777778 0.8466145833333333 0.05925925925925926 0.03802083333333333
0 0.03981481481481482 0.33203125 0.03888888888888889 0.025520833333333333
0 0.1425925925925926 0.7091145833333333 0.04814814814814815 0.03697916666666667
0 0.13611111111111113 0.3755208333333333 0.061111111111111116 0.0375
0 0.8347222222222223 0.7752604166666667 0.08425925925925926 0.05260416666666667
0 0.9115740740740741 0.7864583333333334 0.0787037037037037 0.04375
0 0.8143518518518519 0.5671875 0.058333333333333334 0.029166666666666667
0 0.9101851851851852 0.5302083333333333 0.06296296296296297 0.029166666666666667
0 0.6416666666666667 0.38697916666666665 0.06296296296296297 0.041666666666666664
0 0.5861111111111111 0.35 0.05185185185185186 0.034375
0 0.6305555555555555 0.31796875 0.07037037037037037 0.0421875
0 0.7171296296296297 0.2864583333333333 0.062037037037037036 0.040625
0 0.8490740740740741 0.26328125 0.07407407407407407 0.0453125
0 0.7925925925925926 0.33489583333333334 0.05555555555555556 0.035416666666666666
0 0.8805555555555555 0.34348958333333335 0.06296296296296297 0.034895833333333334
0 0.826388888888889 0.4591145833333333 0.04166666666666667 0.024479166666666666
0 0.862962962962963 0.47109375 0.05 0.025520833333333333
0 0.8763888888888889 0.11536458333333333 0.08240740740740742 0.05572916666666666
0 0.7208333333333333 0.08385416666666666 0.049074074074074076 0.0375
0 0.8574074074074074 0.015104166666666667 0.07407407407407407 0.027083333333333334
0 0.7333333333333334 0.043229166666666666 0.07407407407407407 0.057291666666666664
0 0.6763888888888889 0.07552083333333333 0.06574074074074074 0.052083333333333336
0 0.6166666666666667 0.06380208333333333 0.05925925925925926 0.044270833333333336
0 0.1912037037037037 0.25416666666666665 0.05092592592592593 0.03125
0 0.5949074074074074 0.765625 0.04351851851851852 0.028125
0 0.6476851851851853 0.6802083333333333 0.04166666666666667 0.025
0 0.6078703703703704 0.61015625 0.04351851851851852 0.034895833333333334
0 0.6717592592592593 0.6231770833333333 0.06574074074074074 0.0328125
0 0.6138888888888889 0.40859375 0.03333333333333333 0.022395833333333334
0 0.6509259259259259 0.8875 0.040740740740740744 0.028125
0 0.7337962962962963 0.73125 0.058333333333333334 0.03125
0 0.8222222222222223 0.12083333333333333 0.0462962962962963 0.04375
