0 0.2611111111111111 0.7385416666666667 0.06296296296296297 0.040625
0 0.05648148148148149 0.27682291666666664 0.053703703703703705 0.04010416666666666
0 0.08888888888888889 0.52109375 0.08518518518518518 0.044270833333333336
0 0.12453703703703704 0.48046875 0.09537037037037037 0.0484375
0 0.16296296296296298 0.5479166666666666 0.07222222222222223 0.0375
0 0.5101851851851852 0.38567708333333334 0.061111111111111116 0.0359375
0 0.4689814814814815 0.7572916666666667 0.05277777777777778 0.040625
0 0.34074074074074073 0.83359375 0.053703703703703705 0.044270833333333336
0 0.5018518518518519 0.8997395833333334 0.031481481481481485 0.0296875
0 0.5643518518518519 0.8463541666666666 0.058333333333333334 0.036458333333333336
0 0.125 0.7026041666666667 0.05 0.03229166666666666
0 0.11620370370370371 0.3765625 0.0638888888888889 0.03958333333333333
0 0.8143518518518519 0.7755208333333333 0.08425925925925926 0.052083333333333336
0 0.8902777777777778 0.78671875 0.0787037037037037 0.043229166666666666
0 0.8013888888888889 0.5700520833333333 0.05277777777777778 0.0328125
0 0.8939814814814815 0.5302083333333333 0.062037037037037036 0.029166666666666667
0 0.6268518518518519 0.38697916666666665 0.06296296296296297 0.041666666666666664
0 0.5717592592592593 0.3497395833333333 0.05092592592592593 0.034895833333333334
0 0.6138888888888889 0.31796875 0.07037037037037037 0.0421875
0 0.7018518518518518 0.2869791666666667 0.06296296296296297 0.040625
0 0.8319444444444445 0.2638020833333333 0.075 0.0453125
0 0.7800925925925927 0.33489583333333334 0.05277777777777778 0.03333333333333333
0 0.8657407407407408 0.34322916666666664 0.06296296296296297 0.034375
0 0.812962962962963 0.459375 0.0462962962962963 0.026041666666666668
0 0.8537037037037037 0.47109375 0.05185185185185186 0.0265625
0 0.8601851851851852 0.11510416666666666 0.08148148148148149 0.05520833333333333
0 0.7037037037037037 0.084375 0.05 0.0375
0 0.8393518518518519 0.014583333333333334 0.075 0.027083333333333334
0 0.7162037037037037 0.04348958333333333 0.075 0.057812499999999996
0 0.6587962962962963 0.07578125 0.06574074074074074 0.0515625
0 0.5995370370370371 0.06328125 0.06018518518518519 0.0453125
0 0.17500000000000002 0.2552083333333333 0.05555555555555556 0.030208333333333334
0 0.5828703703703704 0.7669270833333334 0.04166666666666667 0.025520833333333333
0 0.6361111111111112 0.6799479166666667 0.040740740740740744 0.024479166666666666
0 0.5902777777777778 0.6098958333333333 0.04166666666666667 0.034375
0 0.6532407407407408 0.6231770833333333 0.0638888888888889 0.0328125
0 0.5976851851851852 0.40781249999999997 0.03425925925925926 0.025
0 0.6402777777777778 0.8880208333333334 0.03981481481481482 0.027083333333333334
0 0.7138888888888889 0.7315104166666666 0.05555555555555556 0.030729166666666665
0 0.8074074074074075 0.12109375 0.0462962962962963 0.043229166666666666
