0 0.7555555555555555 0.73828125 0.06296296296296297 0.04010416666666666
0 0.9606481481481481 0.27630208333333334 0.049074074074074076 0.04010416666666666
0 0.9328703703703705 0.5208333333333334 0.08611111111111111 0.04375
0 0.8990740740740741 0.48020833333333335 0.1 0.04895833333333333
0 0.8587962962962963 0.54765625 0.07314814814814816 0.03802083333333333
0 0.5060185185185185 0.3859375 0.062037037037037036 0.035416666666666666
0 0.5449074074074074 0.759375 0.05092592592592593 0.0375
0 0.6787037037037037 0.8341145833333333 0.03888888888888889 0.0421875
0 0.5143518518518518 0.8997395833333334 0.030555555555555558 0.030729166666666665
0 0.45092592592592595 0.8455729166666667 0.05740740740740741 0.0359375
0 0.8930555555555556 0.7075520833333333 0.049074074074074076 0.0328125
0 0.9023148148148149 0.3755208333333333 0.0638888888888889 0.0375
0 0.20833333333333334 0.7755208333333333 0.08333333333333334 0.052083333333333336
0 0.13194444444444445 0.7869791666666667 0.0787037037037037 0.04375
0 0.21296296296296297 0.5708333333333333 0.05185185185185186 0.034375
0 0.12268518518518519 0.53046875 0.062037037037037036 0.0296875
0 0.3893518518518519 0.38671875 0.0638888888888889 0.0421875
0 0.4444444444444445 0.3497395833333333 0.05 0.034895833333333334
0 0.4027777777777778 0.31744791666666666 0.07037037037037037 0.0421875
0 0.3138888888888889 0.2872395833333333 0.06296296296296297 0.04114583333333333
0 0.18564814814814815 0.2635416666666667 0.07314814814814816 0.04479166666666667
0 0.23564814814814816 0.33541666666666664 0.05092592592592593 0.03333333333333333
0 0.14953703703703705 0.34348958333333335 0.062037037037037036 0.034895833333333334
0 0.2050925925925926 0.42578125 0.03425925925925926 0.022395833333333334
0 0.19953703703703704 0.4591145833333333 0.04722222222222222 0.025520833333333333
0 0.15833333333333333 0.46979166666666666 0.05185185185185186 0.029166666666666667
0 0.1564814814814815 0.11588541666666667 0.08148148148148149 0.05572916666666666
0 0.31203703703703706 0.08463541666666667 0.05 0.03697916666666667
0 0.17824074074074076 0.014583333333333334 0.075 0.027083333333333334
0 0.3027777777777778 0.04296875 0.07407407407407407 0.057812499999999996
0 0.35879629629629634 0.07578125 0.06574074074074074 0.0515625
0 0.4175925925925926 0.06328125 0.061111111111111116 0.0453125
0 0.8342592592592593 0.2552083333333333 0.0462962962962963 0.029166666666666667
0 0.4314814814814815 0.7645833333333333 0.04259259259259259 0.030208333333333334
0 0.37777777777777777 0.6802083333333333 0.040740740740740744 0.025
0 0.42638888888888893 0.6098958333333333 0.03981481481481482 0.034375
0 0.36574074074074076 0.6229166666666667 0.06481481481481481 0.03229166666666666
0 0.41712962962962963 0.40911458333333334 0.032407407407407406 0.021354166666666667
0 0.37453703703703706 0.8880208333333334 0.03981481481481482 0.028125
0 0.3078703703703704 0.7322916666666667 0.05277777777777778 0.030208333333333334
0 0.20925925925925926 0.12109375 0.0462962962962963 0.043229166666666666
