0 0.7722222222222223 0.7377604166666667 0.06481481481481481 0.04010416666666666
0 0.976388888888889 0.2755208333333333 0.04537037037037037 0.03958333333333333
0 0.9518518518518518 0.51953125 0.08703703703703704 0.044270833333333336
0 0.9199074074074074 0.4796875 0.10462962962962963 0.04895833333333333
0 0.8777777777777778 0.5471354166666667 0.07407407407407407 0.0390625
0 0.5194444444444445 0.3854166666666667 0.061111111111111116 0.036458333333333336
0 0.5606481481481481 0.7580729166666667 0.05092592592592593 0.0390625
0 0.24953703703703706 0.33567708333333335 0.05462962962962963 0.030729166666666665
0 0.6962962962962963 0.83359375 0.03888888888888889 0.0421875
0 0.5282407407407408 0.8997395833333334 0.030555555555555558 0.030729166666666665
0 0.4638888888888889 0.8453125 0.05740740740740741 0.035416666666666666
0 0.9083333333333333 0.7052083333333333 0.044444444444444446 0.03333333333333333
0 0.9189814814814815 0.37473958333333335 0.06574074074074074 0.03802083333333333
0 0.22824074074074074 0.775 0.08240740740740742 0.052083333333333336
0 0.1527777777777778 0.7864583333333334 0.07592592592592592 0.04375
0 0.22083333333333335 0.5703125 0.05462962962962963 0.030208333333333334
0 0.1375 0.53046875 0.062037037037037036 0.0296875
0 0.40231481481481485 0.38645833333333335 0.0638888888888889 0.041666666666666664
0 0.45787037037037037 0.3497395833333333 0.049074074074074076 0.034895833333333334
0 0.41712962962962963 0.3171875 0.06944444444444445 0.041666666666666664
0 0.32731481481481484 0.2869791666666667 0.0638888888888889 0.040625
0 0.2013888888888889 0.2635416666666667 0.07314814814814816 0.04479166666666667
0 0.1625 0.34348958333333335 0.062037037037037036 0.034895833333333334
0 0.21666666666666667 0.42604166666666665 0.03888888888888889 0.021875
0 0.2101851851851852 0.459375 0.0462962962962963 0.026041666666666668
0 0.16805555555555557 0.46901041666666665 0.049074074074074076 0.0296875
0 0.17037037037037037 0.11536458333333333 0.08148148148148149 0.05572916666666666
0 0.3263888888888889 0.08359375 0.05092592592592593 0.03697916666666667
0 0.1925925925925926 0.014322916666666666 0.07407407407407407 0.0265625
0 0.3175925925925926 0.04192708333333333 0.07407407407407407 0.057812499999999996
0 0.3731481481481482 0.075 0.06481481481481481 0.052083333333333336
0 0.4324074074074074 0.0625 0.061111111111111116 0.04583333333333333
0 0.85 0.25546875 0.05740740740740741 0.025520833333333333
0 0.4444444444444445 0.7640625 0.044444444444444446 0.03125
0 0.3893518518518519 0.6791666666666667 0.04166666666666667 0.02395833333333333
0 0.44212962962962965 0.609375 0.03981481481481482 0.034375
0 0.3824074074074074 0.62265625 0.06296296296296297 0.0328125
0 0.4300925925925926 0.4067708333333333 0.032407407407407406 0.026041666666666668
0 0.38657407407407407 0.8880208333333334 0.03981481481481482 0.027083333333333334
0 0.32685185185185184 0.7317708333333334 0.05 0.028125
0 0.22268518518518518 0.12135416666666667 0.04537037037037037 0.04375
