0 0.8009259259259259 0.73671875 0.06481481481481481 0.04010416666666666
0 0.9722222222222222 0.51875 0.05555555555555556 0.041666666666666664
0 0.950925925925926 0.4765625 0.09444444444444444 0.04895833333333333
0 0.9300925925925926 0.24583333333333332 0.032407407407407406 0.020833333333333332
0 0.9166666666666667 0.5458333333333333 0.07592592592592592 0.03854166666666667
0 0.5486111111111112 0.3841145833333333 0.062037037037037036 0.03697916666666667
0 0.575925925925926 0.7598958333333333 0.044444444444444446 0.028125
0 0.7263888888888889 0.8325520833333333 0.03981481481481482 0.04114583333333333
0 0.5555555555555556 0.8986979166666667 0.02962962962962963 0.030729166666666665
0 0.4912037037037037 0.8434895833333333 0.05648148148148149 0.033854166666666664
0 0.9430555555555556 0.70234375 0.04351851851851852 0.0296875
0 0.951388888888889 0.3716145833333333 0.06574074074074074 0.03697916666666667
0 0.7930555555555556 0.24973958333333332 0.04537037037037037 0.0359375
0 0.2675925925925926 0.7734375 0.08148148148148149 0.052083333333333336
0 0.19490740740740742 0.7861979166666666 0.075 0.043229166666666666
0 0.028240740740740743 0.7106770833333333 0.05277777777777778 0.0484375
0 0.24537037037037038 0.5697916666666667 0.0462962962962963 0.029166666666666667
0 0.16805555555555557 0.5299479166666666 0.06018518518518519 0.030729166666666665
0 0.4310185185185185 0.3854166666666667 0.0638888888888889 0.041666666666666664
0 0.4861111111111111 0.3484375 0.05 0.035416666666666666
0 0.4449074074074074 0.31614583333333335 0.06944444444444445 0.041666666666666664
0 0.35370370370370374 0.28619791666666666 0.06296296296296297 0.04114583333333333
0 0.23240740740740742 0.26328125 0.07222222222222223 0.044270833333333336
0 0.18842592592592594 0.34348958333333335 0.062037037037037036 0.034895833333333334
0 0.23657407407407408 0.42552083333333335 0.03981481481481482 0.021875
0 0.22916666666666669 0.4591145833333333 0.04537037037037037 0.025520833333333333
0 0.1902777777777778 0.4692708333333333 0.04351851851851852 0.029166666666666667
0 0.19907407407407407 0.11458333333333333 0.07962962962962963 0.05520833333333333
0 0.3541666666666667 0.08229166666666667 0.05092592592592593 0.03854166666666667
0 0.22361111111111112 0.013802083333333333 0.07314814814814816 0.025520833333333333
0 0.34814814814814815 0.04114583333333333 0.07222222222222223 0.058333333333333334
0 0.4027777777777778 0.07369791666666667 0.06481481481481481 0.0515625
0 0.46111111111111114 0.0609375 0.05925925925925926 0.046875
0 0.8736111111111111 0.2526041666666667 0.05277777777777778 0.026041666666666668
0 0.46990740740740744 0.76171875 0.03796296296296296 0.0296875
0 0.4138888888888889 0.6778645833333333 0.04259259259259259 0.021354166666666667
0 0.47361111111111115 0.6080729166666666 0.03796296296296296 0.034895833333333334
0 0.4430555555555556 0.40703125 0.05277777777777778 0.0234375
0 0.4115740740740741 0.8872395833333333 0.03981481481481482 0.027604166666666666
0 0.3652777777777778 0.73125 0.04537037037037037 0.027083333333333334
0 0.24861111111111112 0.1203125 0.04537037037037037 0.04375
0 0.41620370370370374 0.62109375 0.06018518518518519 0.033854166666666664
