0 0.18564814814814815 0.7361979166666667 0.0638888888888889 0.04010416666666666
0 0.01990740740740741 0.5182291666666666 0.03425925925925926 0.03854166666666667
0 0.040740740740740744 0.47604166666666664 0.07962962962962963 0.04791666666666666
0 0.05555555555555556 0.24505208333333334 0.031481481481481485 0.0203125
0 0.06620370370370371 0.5450520833333333 0.0787037037037037 0.0390625
0 0.4388888888888889 0.38385416666666666 0.05925925925925926 0.036458333333333336
0 0.4083333333333333 0.7598958333333333 0.04814814814814815 0.026041666666666668
0 0.2574074074074074 0.8322916666666667 0.040740740740740744 0.041666666666666664
0 0.4328703703703704 0.8984375 0.028703703703703703 0.03125
0 0.49768518518518523 0.8434895833333333 0.05648148148148149 0.033854166666666664
0 0.04166666666666667 0.70078125 0.040740740740740744 0.0265625
0 0.034722222222222224 0.37213541666666666 0.06574074074074074 0.04114583333333333
0 0.19583333333333333 0.24895833333333334 0.04722222222222222 0.036458333333333336
0 0.712962962962963 0.7731770833333333 0.08148148148148149 0.05260416666666667
0 0.7865740740740741 0.7854166666666667 0.075 0.042708333333333334
0 0.9634259259259259 0.7088541666666667 0.0712962962962963 0.046875
0 0.7435185185185186 0.5703125 0.04259259259259259 0.030208333333333334
0 0.8171296296296297 0.5299479166666666 0.06018518518518519 0.0296875
0 0.5555555555555556 0.38515625 0.06296296296296297 0.0421875
0 0.5 0.3481770833333333 0.05 0.034895833333333334
0 0.5407407407407407 0.31614583333333335 0.07037037037037037 0.041666666666666664
0 0.6328703703703704 0.28619791666666666 0.0638888888888889 0.04114583333333333
0 0.7518518518518519 0.26328125 0.07037037037037037 0.044270833333333336
0 0.7981481481481482 0.34375 0.061111111111111116 0.035416666666666666
0 0.7532407407407408 0.42604166666666665 0.03981481481481482 0.021875
0 0.7615740740740741 0.459375 0.04537037037037037 0.026041666666666668
0 0.8018518518518519 0.47161458333333334 0.04814814814814815 0.025520833333333333
0 0.7851851851851852 0.11484375 0.07777777777777778 0.05572916666666666
0 0.6305555555555555 0.08255208333333333 0.05185185185185186 0.03802083333333333
0 0.7597222222222223 0.013802083333333333 0.07314814814814816 0.025520833333333333
0 0.6347222222222223 0.04114583333333333 0.0712962962962963 0.058333333333333334
0 0.5819444444444445 0.07369791666666667 0.0638888888888889 0.0515625
0 0.5231481481481481 0.06067708333333333 0.05925925925925926 0.04635416666666667
0 0.11388888888888889 0.25286458333333334 0.05555555555555556 0.024479166666666666
0 0.5157407407407407 0.7606770833333333 0.03518518518518519 0.028645833333333332
0 0.5750000000000001 0.6783854166666666 0.04259259259259259 0.022395833333333334
0 0.5120370370370371 0.6080729166666666 0.03888888888888889 0.034895833333333334
0 0.5435185185185185 0.4075520833333333 0.05 0.025520833333333333
0 0.576388888888889 0.8872395833333333 0.03981481481481482 0.027604166666666666
0 0.6166666666666667 0.73125 0.040740740740740744 0.025
0 0.737037037037037 0.12083333333333333 0.04259259259259259 0.04479166666666667
0 0.5680555555555555 0.6205729166666667 0.058333333333333334 0.033854166666666664
