0 0.8333333333333334 0.7364583333333333 0.06481481481481481 0.03958333333333333
0 0.7611111111111112 0.8346354166666666 0.03888888888888889 0.0390625
0 0.9712962962962963 0.47578125 0.05740740740740741 0.049479166666666664
0 0.9625 0.24505208333333334 0.030555555555555558 0.0203125
0 0.962037037037037 0.5442708333333334 0.07222222222222223 0.03958333333333333
0 0.5782407407407407 0.38359375 0.05648148148148149 0.0359375
0 0.611574074074074 0.7598958333333333 0.04722222222222222 0.02395833333333333
0 0.5842592592592593 0.8994791666666666 0.02592592592592593 0.03229166666666666
0 0.5199074074074074 0.84453125 0.05648148148148149 0.034895833333333334
0 0.9791666666666667 0.7013020833333333 0.03796296296296296 0.025520833333333333
0 0.9768518518518519 0.3723958333333333 0.0462962962962963 0.042708333333333334
0 0.8175925925925926 0.24817708333333333 0.04814814814814815 0.0359375
0 0.31203703703703706 0.7734375 0.08148148148148149 0.052083333333333336
0 0.2388888888888889 0.7841145833333333 0.07592592592592592 0.0453125
0 0.06157407407407408 0.7072916666666667 0.06944444444444445 0.042708333333333334
0 0.275 0.5700520833333333 0.04259259259259259 0.0296875
0 0.20092592592592592 0.5296875 0.061111111111111116 0.030208333333333334
0 0.46342592592592596 0.3854166666666667 0.0638888888888889 0.041666666666666664
0 0.5194444444444445 0.3481770833333333 0.05 0.034895833333333334
0 0.47870370370370374 0.31666666666666665 0.07037037037037037 0.041666666666666664
0 0.38472222222222224 0.2859375 0.0638888888888889 0.041666666666666664
0 0.26944444444444443 0.2635416666666667 0.07037037037037037 0.04479166666666667
0 0.22083333333333335 0.34348958333333335 0.06018518518518519 0.034895833333333334
0 0.26157407407407407 0.42578125 0.03981481481481482 0.022395833333333334
0 0.2537037037037037 0.459375 0.044444444444444446 0.025
0 0.21157407407407408 0.47265625 0.04722222222222222 0.024479166666666666
0 0.23564814814814816 0.11484375 0.07685185185185185 0.0546875
0 0.3902777777777778 0.08229166666666667 0.05092592592592593 0.03854166666666667
0 0.26296296296296295 0.0140625 0.07222222222222223 0.026041666666666668
0 0.38703703703703707 0.04114583333333333 0.07222222222222223 0.059375
0 0.4393518518518519 0.07395833333333333 0.0638888888888889 0.051041666666666666
0 0.4981481481481482 0.06067708333333333 0.05925925925925926 0.04635416666666667
0 0.9037037037037038 0.253125 0.061111111111111116 0.021875
0 0.500925925925926 0.7611979166666667 0.037037037037037035 0.028645833333333332
0 0.4398148148148148 0.67890625 0.044444444444444446 0.024479166666666666
0 0.5060185185185185 0.6075520833333333 0.03796296296296296 0.034895833333333334
0 0.47500000000000003 0.40703125 0.05 0.027604166666666666
0 0.4388888888888889 0.8877604166666666 0.040740740740740744 0.0265625
0 0.40740740740740744 0.73203125 0.03888888888888889 0.0234375
0 0.28240740740740744 0.12083333333333333 0.040740740740740744 0.04375
0 0.4532407407407408 0.6203125 0.05648148148148149 0.03333333333333333
