0 0.0976851851851852 0.73828125 0.06944444444444445 0.04114583333333333
0 0.3490740740740741 0.3833333333333333 0.05 0.036458333333333336
0 0.32685185185185184 0.7536458333333333 0.0462962962962963 0.036458333333333336
0 0.16527777777777777 0.83671875 0.03981481481481482 0.03697916666666667
0 0.42129629629629634 0.8455729166666667 0.05740740740740741 0.0359375
0 0.12268518518518519 0.24557291666666667 0.058333333333333334 0.03177083333333333
0 0.5967592592592593 0.7723958333333333 0.08055555555555556 0.053125
0 0.6638888888888889 0.7815104166666667 0.06851851851851852 0.0453125
0 0.8467592592592593 0.70234375 0.0712962962962963 0.0359375
0 0.6615740740740741 0.56796875 0.05462962962962963 0.028645833333333332
0 0.7268518518518519 0.5286458333333334 0.05740740740740741 0.029166666666666667
0 0.46620370370370373 0.3848958333333333 0.0638888888888889 0.041666666666666664
0 0.40925925925925927 0.346875 0.053703703703703705 0.03333333333333333
0 0.4481481481481482 0.31588541666666664 0.06851851851851852 0.04114583333333333
0 0.5444444444444445 0.28463541666666664 0.06296296296296297 0.04114583333333333
0 0.6509259259259259 0.26197916666666665 0.06851851851851852 0.04479166666666667
0 0.6439814814814815 0.33098958333333334 0.04351851851851852 0.025520833333333333
0 0.7125 0.3424479166666667 0.058333333333333334 0.034895833333333334
0 0.6893518518518519 0.42526041666666664 0.03981481481481482 0.0234375
0 0.6990740740740741 0.4591145833333333 0.0462962962962963 0.025520833333333333
0 0.7421296296296297 0.47161458333333334 0.04166666666666667 0.024479166666666666
0 0.6870370370370371 0.11302083333333333 0.07592592592592592 0.05416666666666667
0 0.5333333333333333 0.07890625 0.05185185185185186 0.0421875
0 0.6513888888888889 0.01328125 0.0712962962962963 0.0234375
0 0.5273148148148148 0.040625 0.0712962962962963 0.05625
0 0.48194444444444445 0.07291666666666667 0.06759259259259259 0.05
0 0.4226851851851852 0.05963541666666666 0.058333333333333334 0.04635416666666667
0 0.9708333333333333 0.6140625 0.05648148148148149 0.034375
0 0.02592592592592593 0.2552083333333333 0.05 0.022916666666666665
0 0.5060185185185185 0.6786458333333333 0.04351851851851852 0.025
0 0.42314814814814816 0.60390625 0.0462962962962963 0.034895833333333334
0 0.45925925925925926 0.4075520833333333 0.044444444444444446 0.0234375
0 0.5087962962962963 0.8885416666666667 0.03981481481481482 0.026041666666666668
0 0.6425925925925926 0.12083333333333333 0.037037037037037035 0.042708333333333334
0 0.9777777777777779 0.53671875 0.04259259259259259 0.0265625
0 0.46296296296296297 0.6205729166666667 0.05555555555555556 0.0328125
