0 0.9041666666666667 0.73828125 0.06944444444444445 0.04114583333333333
0 0.6527777777777778 0.3833333333333333 0.05 0.036458333333333336
0 0.675 0.7536458333333333 0.0462962962962963 0.036458333333333336
0 0.8365740740740741 0.83671875 0.03981481481481482 0.03697916666666667
0 0.5805555555555556 0.8455729166666667 0.05740740740740741 0.0359375
0 0.8791666666666667 0.24557291666666667 0.058333333333333334 0.03177083333333333
0 0.4050925925925926 0.7723958333333333 0.08055555555555556 0.053125
0 0.33796296296296297 0.7815104166666667 0.06851851851851852 0.0453125
0 0.1550925925925926 0.70234375 0.0712962962962963 0.0359375
0 0.3402777777777778 0.56796875 0.05462962962962963 0.028645833333333332
0 0.275 0.5286458333333334 0.05740740740740741 0.029166666666666667
0 0.5356481481481482 0.3848958333333333 0.0638888888888889 0.041666666666666664
0 0.5925925925925926 0.346875 0.053703703703703705 0.03333333333333333
0 0.5537037037037037 0.31588541666666664 0.06851851851851852 0.04114583333333333
0 0.45740740740740743 0.28463541666666664 0.06296296296296297 0.04114583333333333
0 0.3509259259259259 0.26197916666666665 0.06851851851851852 0.04479166666666667
0 0.3578703703703704 0.33098958333333334 0.04351851851851852 0.025520833333333333
0 0.28935185185185186 0.3424479166666667 0.058333333333333334 0.034895833333333334
0 0.3125 0.42526041666666664 0.03981481481481482 0.0234375
0 0.3027777777777778 0.4591145833333333 0.0462962962962963 0.025520833333333333
0 0.25972222222222224 0.47161458333333334 0.04166666666666667 0.024479166666666666
0 0.3148148148148148 0.11302083333333333 0.07592592592592592 0.05416666666666667
0 0.46851851851851856 0.07890625 0.05185185185185186 0.0421875
0 0.350462962962963 0.01328125 0.0712962962962963 0.0234375
0 0.47453703703703703 0.040625 0.0712962962962963 0.05625
0 0.5199074074074074 0.07291666666666667 0.06759259259259259 0.05
0 0.5791666666666667 0.05963541666666666 0.058333333333333334 0.04635416666666667
0 0.031018518518518518 0.6140625 0.05648148148148149 0.034375
0 0.975462962962963 0.25546875 0.049074074074074076 0.0234375
0 0.49583333333333335 0.6786458333333333 0.04351851851851852 0.025
0 0.5787037037037037 0.60390625 0.0462962962962963 0.034895833333333334
0 0.5425925925925926 0.4075520833333333 0.044444444444444446 0.0234375
0 0.4930555555555556 0.8885416666666667 0.03981481481481482 0.026041666666666668
0 0.3592592592592593 0.12083333333333333 0.037037037037037035 0.042708333333333334
0 0.024074074074074074 0.53671875 0.04259259259259259 0.0265625
0 0.5388888888888889 0.6205729166666667 0.05555555555555556 0.0328125
