0 0.9217592592592593 0.7375 0.06944444444444445 0.040625
0 0.6671296296296296 0.38307291666666665 0.04722222222222222 0.03697916666666667
0 0.6930555555555555 0.7533854166666667 0.04537037037037037 0.03697916666666667
0 0.8541666666666667 0.8356770833333333 0.03796296296296296 0.03697916666666667
0 0.5953703703703704 0.8453125 0.05740740740740741 0.036458333333333336
0 0.8898148148148148 0.24296874999999998 0.05555555555555556 0.03177083333333333
0 0.42638888888888893 0.771875 0.0787037037037037 0.053125
0 0.3625 0.7815104166666667 0.0638888888888889 0.0453125
0 0.17731481481481481 0.70234375 0.06944444444444445 0.03697916666666667
0 0.35370370370370374 0.5674479166666666 0.05185185185185186 0.028645833333333332
0 0.2916666666666667 0.5286458333333334 0.05740740740740741 0.029166666666666667
0 0.5513888888888889 0.384375 0.06574074074074074 0.041666666666666664
0 0.6078703703703704 0.34609375 0.05277777777777778 0.033854166666666664
0 0.5694444444444444 0.3151041666666667 0.06851851851851852 0.041666666666666664
0 0.47175925925925927 0.28411458333333334 0.062037037037037036 0.04114583333333333
0 0.36944444444444446 0.26197916666666665 0.06851851851851852 0.04479166666666667
0 0.3731481481481482 0.3299479166666667 0.04259259259259259 0.028645833333333332
0 0.3037037037037037 0.3424479166666667 0.05740740740740741 0.034895833333333334
0 0.3236111111111111 0.425 0.03981481481481482 0.022916666666666665
0 0.3138888888888889 0.4588541666666667 0.0462962962962963 0.026041666666666668
0 0.27175925925925926 0.471875 0.04166666666666667 0.025
0 0.3314814814814815 0.11223958333333334 0.07592592592592592 0.0546875
0 0.4842592592592593 0.07734375 0.05185185185185186 0.043229166666666666
0 0.3675925925925926 0.0125 0.07037037037037037 0.022916666666666665
0 0.49259259259259264 0.03958333333333333 0.07037037037037037 0.05625
0 0.5365740740740741 0.07239583333333333 0.06759259259259259 0.05
0 0.5962962962962963 0.057812499999999996 0.05925925925925926 0.04791666666666666
0 0.03981481481481482 0.6135416666666667 0.07407407407407407 0.034375
0 0.010648148148148148 0.5981770833333333 0.017592592592592594 0.034895833333333334
0 0.5097222222222222 0.67890625 0.03981481481481482 0.025520833333333333
0 0.5953703703703704 0.6041666666666666 0.0462962962962963 0.036458333333333336
0 0.5518518518518519 0.40781249999999997 0.053703703703703705 0.022916666666666665
0 0.5060185185185185 0.8880208333333334 0.03981481481481482 0.026041666666666668
0 0.37453703703703706 0.1203125 0.03796296296296296 0.041666666666666664
0 0.03333333333333333 0.5364583333333334 0.04814814814814815 0.026041666666666668
0 0.5578703703703703 0.6205729166666667 0.05462962962962963 0.0328125
