0 0.06435185185185185 0.7369791666666666 0.06944444444444445 0.040625
0 0.3175925925925926 0.38229166666666664 0.04814814814814815 0.036458333333333336
0 0.29444444444444445 0.75390625 0.05185185185185186 0.0359375
0 0.13055555555555556 0.8354166666666667 0.03888888888888889 0.0375
0 0.3925925925925926 0.8453125 0.05925925925925926 0.036458333333333336
0 0.1 0.24322916666666666 0.05740740740740741 0.03125
0 0.5569444444444445 0.7713541666666667 0.0787037037037037 0.053125
0 0.6166666666666667 0.7817708333333333 0.06296296296296297 0.04479166666666667
0 0.7990740740740742 0.7026041666666667 0.07222222222222223 0.0375
0 0.6347222222222223 0.5666666666666667 0.05277777777777778 0.027083333333333334
0 0.6949074074074074 0.5286458333333334 0.05648148148148149 0.029166666666666667
0 0.4351851851851852 0.38385416666666666 0.06481481481481481 0.041666666666666664
0 0.3791666666666667 0.34609375 0.05277777777777778 0.0328125
0 0.41620370370370374 0.3145833333333333 0.06944444444444445 0.041666666666666664
0 0.5148148148148148 0.28359375 0.06296296296296297 0.04114583333333333
0 0.6152777777777778 0.26119791666666664 0.06759259259259259 0.0453125
0 0.6148148148148148 0.33046875 0.044444444444444446 0.0265625
0 0.6828703703703703 0.3424479166666667 0.058333333333333334 0.034895833333333334
0 0.6666666666666667 0.4244791666666667 0.03888888888888889 0.022916666666666665
0 0.6777777777777778 0.4588541666666667 0.0462962962962963 0.026041666666666668
0 0.7175925925925927 0.47109375 0.040740740740740744 0.0234375
0 0.6541666666666667 0.11119791666666666 0.075 0.05364583333333333
0 0.6898148148148149 0.08671875 0.06481481481481481 0.0515625
0 0.500925925925926 0.07630208333333333 0.05185185185185186 0.044270833333333336
0 0.6166666666666667 0.01171875 0.07037037037037037 0.021354166666666667
0 0.4902777777777778 0.037760416666666664 0.06944444444444445 0.057812499999999996
0 0.4476851851851852 0.07109375 0.06759259259259259 0.050520833333333334
0 0.38842592592592595 0.05677083333333333 0.058333333333333334 0.04791666666666666
0 0.950462962962963 0.61328125 0.07314814814814816 0.034895833333333334
0 0.9824074074074074 0.5981770833333333 0.03518518518518519 0.0359375
0 0.47685185185185186 0.6786458333333333 0.03888888888888889 0.026041666666666668
0 0.4361111111111111 0.4080729166666667 0.053703703703703705 0.022395833333333334
0 0.4828703703703704 0.8877604166666666 0.04166666666666667 0.025520833333333333
0 0.612037037037037 0.11901041666666666 0.037037037037037035 0.0421875
0 0.9541666666666667 0.53671875 0.04351851851851852 0.025520833333333333
0 0.425462962962963 0.61953125 0.05462962962962963 0.0328125
