0 0.9856481481481482 0.7369791666666666 0.028703703703703703 0.03854166666666667
0 0.7486111111111111 0.3815104166666667 0.062037037037037036 0.03697916666666667
0 0.774537037037037 0.75390625 0.05462962962962963 0.0390625
0 0.9458333333333334 0.8372395833333334 0.036111111111111115 0.03802083333333333
0 0.6694444444444445 0.8479166666666667 0.05925925925925926 0.03854166666666667
0 0.9523148148148148 0.24401041666666667 0.05648148148148149 0.033854166666666664
0 0.5370370370370371 0.77265625 0.07222222222222223 0.0546875
0 0.47222222222222227 0.7864583333333334 0.06851851851851852 0.041666666666666664
0 0.29305555555555557 0.7013020833333333 0.06574074074074074 0.034895833333333334
0 0.4703703703703704 0.5583333333333333 0.037037037037037035 0.021875
0 0.42962962962962964 0.5682291666666667 0.04814814814814815 0.028125
0 0.375462962962963 0.5283854166666666 0.05648148148148149 0.0296875
0 0.6347222222222223 0.3828125 0.06574074074074074 0.041666666666666664
0 0.6907407407407408 0.34479166666666666 0.053703703703703705 0.03229166666666666
0 0.6555555555555556 0.31354166666666666 0.07037037037037037 0.040625
0 0.5513888888888889 0.2830729166666667 0.06574074074074074 0.04010416666666666
0 0.46296296296296297 0.2604166666666667 0.06851851851851852 0.04583333333333333
0 0.45046296296296295 0.3302083333333333 0.04722222222222222 0.026041666666666668
0 0.3824074074074074 0.3424479166666667 0.05925925925925926 0.0359375
0 0.4041666666666667 0.3697916666666667 0.026851851851851852 0.015625
0 0.38333333333333336 0.425 0.037037037037037035 0.021875
0 0.3699074074074074 0.45807291666666666 0.04351851851851852 0.025520833333333333
0 0.33055555555555555 0.4713541666666667 0.0462962962962963 0.025
0 0.42314814814814816 0.10989583333333333 0.07592592592592592 0.052083333333333336
0 0.38472222222222224 0.08671875 0.062037037037037036 0.049479166666666664
0 0.5736111111111112 0.07317708333333334 0.05092592592592593 0.04739583333333333
0 0.46574074074074073 0.0109375 0.06666666666666667 0.019791666666666666
0 0.5916666666666667 0.0359375 0.07037037037037037 0.059375
0 0.6287037037037038 0.06901041666666667 0.06851851851851852 0.050520833333333334
0 0.6898148148148149 0.05416666666666667 0.05555555555555556 0.04791666666666666
0 0.11666666666666667 0.6127604166666667 0.06851851851851852 0.03802083333333333
0 0.07685185185185185 0.5989583333333334 0.061111111111111116 0.0375
0 0.02314814814814815 0.5625 0.040740740740740744 0.029166666666666667
0 0.012962962962962964 0.2908854166666667 0.022222222222222223 0.03697916666666667
0 0.6291666666666667 0.40781249999999997 0.05092592592592593 0.020833333333333332
0 0.45833333333333337 0.11770833333333333 0.03333333333333333 0.041666666666666664
0 0.3995370370370371 0.4010416666666667 0.03981481481481482 0.017708333333333333
0 0.10138888888888889 0.5361979166666666 0.04537037037037037 0.025520833333333333
