0 0.23564814814814816 0.3807291666666667 0.0638888888888889 0.036458333333333336
0 0.21296296296296297 0.7541666666666667 0.05185185185185186 0.03958333333333333
0 0.03796296296296296 0.8380208333333333 0.03333333333333333 0.0375
0 0.3194444444444445 0.8481770833333333 0.05555555555555556 0.0390625
0 0.034722222222222224 0.24427083333333333 0.05462962962962963 0.035416666666666666
0 0.44074074074074077 0.7731770833333333 0.07222222222222223 0.0546875
0 0.5087962962962963 0.7875 0.07314814814814816 0.041666666666666664
0 0.6888888888888889 0.7018229166666666 0.06481481481481481 0.0359375
0 0.5162037037037037 0.5572916666666666 0.03796296296296296 0.020833333333333332
0 0.5597222222222222 0.5666666666666667 0.049074074074074076 0.027083333333333334
0 0.6078703703703704 0.528125 0.05462962962962963 0.029166666666666667
0 0.34953703703703703 0.38255208333333335 0.06574074074074074 0.0421875
0 0.29212962962962963 0.34401041666666665 0.05277777777777778 0.0328125
0 0.3277777777777778 0.31276041666666665 0.07222222222222223 0.04114583333333333
0 0.4328703703703704 0.28229166666666666 0.06574074074074074 0.040625
0 0.5180555555555556 0.2596354166666667 0.06944444444444445 0.04739583333333333
0 0.5324074074074074 0.3286458333333333 0.05 0.026041666666666668
0 0.6032407407407407 0.34140625 0.058333333333333334 0.0359375
0 0.5814814814814815 0.3692708333333333 0.031481481481481485 0.016666666666666666
0 0.6064814814814815 0.42421875 0.037037037037037035 0.021354166666666667
0 0.6189814814814815 0.4578125 0.04537037037037037 0.025
0 0.6569444444444444 0.47109375 0.04722222222222222 0.0234375
0 0.5597222222222222 0.10807291666666667 0.075 0.0515625
0 0.600925925925926 0.08307291666666666 0.07037037037037037 0.05260416666666667
0 0.4078703703703704 0.07161458333333333 0.05092592592592593 0.04739583333333333
0 0.5143518518518518 0.009895833333333333 0.06574074074074074 0.017708333333333333
0 0.38796296296296295 0.033854166666666664 0.07037037037037037 0.059375
0 0.35185185185185186 0.0671875 0.06851851851851852 0.051041666666666666
0 0.29074074074074074 0.05286458333333333 0.05555555555555556 0.0484375
0 0.8685185185185186 0.6135416666666667 0.06666666666666667 0.036458333333333336
0 0.9074074074074074 0.5981770833333333 0.061111111111111116 0.03697916666666667
0 0.9606481481481481 0.5625 0.04166666666666667 0.028125
0 0.9824074074074074 0.2890625 0.03518518518518519 0.03854166666666667
0 0.35555555555555557 0.4075520833333333 0.05185185185185186 0.021354166666666667
0 0.5875 0.4002604166666667 0.03796296296296296 0.018229166666666668
0 0.888888888888889 0.53515625 0.05185185185185186 0.025520833333333333
