0 0.7865740740740741 0.3807291666666667 0.0638888888888889 0.036458333333333336
0 0.8050925925925926 0.7544270833333333 0.05277777777777778 0.04010416666666666
0 0.9833333333333334 0.8388020833333333 0.03333333333333333 0.03697916666666667
0 0.6986111111111112 0.8481770833333333 0.058333333333333334 0.04010416666666666
0 0.9773148148148149 0.24401041666666667 0.04351851851851852 0.034895833333333334
0 0.5851851851851853 0.7736979166666667 0.07222222222222223 0.0546875
0 0.5175925925925926 0.7880208333333333 0.07407407407407407 0.040625
0 0.3388888888888889 0.7013020833333333 0.06481481481481481 0.0359375
0 0.5023148148148149 0.5565104166666667 0.03796296296296296 0.0203125
0 0.45925925925925926 0.5651041666666666 0.05 0.025
0 0.41203703703703703 0.5276041666666667 0.05555555555555556 0.029166666666666667
0 0.6717592592592593 0.3815104166666667 0.06574074074074074 0.0421875
0 0.7300925925925926 0.34322916666666664 0.05462962962962963 0.03229166666666666
0 0.6944444444444444 0.3109375 0.07222222222222223 0.040625
0 0.5888888888888889 0.28125 0.06481481481481481 0.040625
0 0.5050925925925926 0.25885416666666666 0.06944444444444445 0.04791666666666666
0 0.4861111111111111 0.328125 0.05185185185185186 0.026041666666666668
0 0.4166666666666667 0.340625 0.05740740740740741 0.035416666666666666
0 0.41064814814814815 0.8880208333333334 0.03425925925925926 0.029166666666666667
0 0.437962962962963 0.3684895833333333 0.037037037037037035 0.01614583333333333
0 0.40925925925925927 0.4236979166666667 0.037037037037037035 0.021354166666666667
0 0.39675925925925926 0.4575520833333333 0.04351851851851852 0.025520833333333333
0 0.3601851851851852 0.46953125 0.05 0.0234375
0 0.4638888888888889 0.10755208333333333 0.07407407407407407 0.05364583333333333
0 0.42129629629629634 0.08098958333333334 0.07222222222222223 0.05364583333333333
0 0.6152777777777778 0.06953125 0.05092592592592593 0.04739583333333333
0 0.5115740740740741 0.008854166666666666 0.06574074074074074 0.015625
0 0.6375000000000001 0.031510416666666666 0.0712962962962963 0.057812499999999996
0 0.6726851851851852 0.06536458333333334 0.06944444444444445 0.050520833333333334
0 0.7337962962962963 0.050520833333333334 0.05648148148148149 0.04791666666666666
0 0.14907407407407408 0.6135416666666667 0.06481481481481481 0.035416666666666666
0 0.11296296296296297 0.5971354166666667 0.061111111111111116 0.03697916666666667
0 0.058333333333333334 0.56171875 0.040740740740740744 0.0296875
0 0.026851851851851852 0.28802083333333334 0.05 0.03854166666666667
0 0.662962962962963 0.4075520833333333 0.05185185185185186 0.0203125
0 0.4287037037037037 0.3989583333333333 0.03333333333333333 0.01875
0 0.1300925925925926 0.5338541666666666 0.05092592592592593 0.026041666666666668
0 0.020833333333333336 0.75859375 0.03796296296296296 0.04114583333333333
