0 0.2152777777777778 0.3807291666666667 0.0638888888888889 0.036458333333333336
0 0.19675925925925927 0.7544270833333333 0.05277777777777778 0.04010416666666666
0 0.018518518518518517 0.8388020833333333 0.03333333333333333 0.03697916666666667
0 0.30324074074074076 0.8481770833333333 0.058333333333333334 0.04010416666666666
0 0.024537037037037038 0.24401041666666667 0.04351851851851852 0.034895833333333334
0 0.4166666666666667 0.7736979166666667 0.07222222222222223 0.0546875
0 0.4842592592592593 0.7880208333333333 0.07407407407407407 0.040625
0 0.662962962962963 0.7013020833333333 0.06481481481481481 0.0359375
0 0.49953703703703706 0.5565104166666667 0.03796296296296296 0.0203125
0 0.5425925925925926 0.5651041666666666 0.05 0.025
0 0.5898148148148148 0.5276041666666667 0.05555555555555556 0.029166666666666667
0 0.3300925925925926 0.3815104166666667 0.06574074074074074 0.0421875
0 0.27175925925925926 0.34322916666666664 0.05462962962962963 0.03229166666666666
0 0.3074074074074074 0.3109375 0.07222222222222223 0.040625
0 0.412962962962963 0.28125 0.06481481481481481 0.040625
0 0.4967592592592593 0.25885416666666666 0.06944444444444445 0.04791666666666666
0 0.5157407407407407 0.328125 0.05185185185185186 0.026041666666666668
0 0.5851851851851853 0.340625 0.05740740740740741 0.035416666666666666
0 0.5912037037037037 0.8880208333333334 0.03425925925925926 0.029166666666666667
0 0.5638888888888889 0.3684895833333333 0.037037037037037035 0.01614583333333333
0 0.5925925925925926 0.4236979166666667 0.037037037037037035 0.021354166666666667
0 0.6050925925925926 0.4575520833333333 0.04351851851851852 0.025520833333333333
0 0.6416666666666667 0.46953125 0.05 0.0234375
0 0.537962962962963 0.10755208333333333 0.07407407407407407 0.05364583333333333
0 0.5805555555555556 0.08098958333333334 0.07222222222222223 0.05364583333333333
0 0.38657407407407407 0.06953125 0.05092592592592593 0.04739583333333333
0 0.4902777777777778 0.008854166666666666 0.06574074074074074 0.015625
0 0.36435185185185187 0.031510416666666666 0.0712962962962963 0.057812499999999996
0 0.32916666666666666 0.06536458333333334 0.06944444444444445 0.050520833333333334
0 0.26805555555555555 0.050520833333333334 0.05648148148148149 0.04791666666666666
0 0.8527777777777779 0.6135416666666667 0.06481481481481481 0.035416666666666666
0 0.888888888888889 0.5971354166666667 0.061111111111111116 0.03697916666666667
0 0.9435185185185185 0.56171875 0.040740740740740744 0.0296875
0 0.9750000000000001 0.28802083333333334 0.05 0.03854166666666667
0 0.3388888888888889 0.4075520833333333 0.05185185185185186 0.0203125
0 0.5731481481481482 0.3989583333333333 0.03333333333333333 0.01875
0 0.8717592592592593 0.5338541666666666 0.05092592592592593 0.026041666666666668
0 0.9810185185185185 0.75859375 0.03796296296296296 0.04114583333333333
