0 0.19675925925925927 0.37994791666666666 0.06759259259259259 0.03697916666666667
0 0.1787037037037037 0.7546875 0.05555555555555556 0.040625
0 0.28611111111111115 0.84921875 0.05925925925925926 0.04010416666666666
0 0.016666666666666666 0.24166666666666667 0.02962962962962963 0.0375
0 0.3893518518518519 0.7739583333333333 0.0712962962962963 0.05520833333333333
0 0.45416666666666666 0.7880208333333333 0.06759259259259259 0.03854166666666667
0 0.637962962962963 0.7036458333333333 0.06666666666666667 0.03854166666666667
0 0.48194444444444445 0.55703125 0.03981481481481482 0.0203125
0 0.525462962962963 0.5661458333333333 0.05092592592592593 0.027083333333333334
0 0.5703703703703704 0.52734375 0.05555555555555556 0.0296875
0 0.3101851851851852 0.38125 0.06666666666666667 0.042708333333333334
0 0.2513888888888889 0.3424479166666667 0.05462962962962963 0.0328125
0 0.28703703703703703 0.3104166666666667 0.07222222222222223 0.040625
0 0.39305555555555555 0.28020833333333334 0.06574074074074074 0.040625
0 0.47453703703703703 0.2578125 0.06944444444444445 0.04791666666666666
0 0.4967592592592593 0.328125 0.05277777777777778 0.028125
0 0.5671296296296297 0.34010416666666665 0.058333333333333334 0.035416666666666666
0 0.5467592592592593 0.36796875 0.03425925925925926 0.01614583333333333
0 0.5787037037037037 0.42291666666666666 0.037037037037037035 0.020833333333333332
0 0.9731481481481482 0.7901041666666666 0.04814814814814815 0.027083333333333334
0 0.5921296296296297 0.45677083333333335 0.04537037037037037 0.026041666666666668
0 0.9291666666666667 0.75625 0.03981481481481482 0.029166666666666667
0 0.6324074074074074 0.4692708333333333 0.04259259259259259 0.022916666666666665
0 0.5162037037037037 0.10651041666666666 0.07314814814814816 0.0546875
0 0.5587962962962963 0.0796875 0.06944444444444445 0.05520833333333333
0 0.36342592592592593 0.06796875 0.05092592592592593 0.0484375
0 0.46620370370370373 0.008072916666666666 0.062037037037037036 0.0140625
0 0.33935185185185185 0.03046875 0.0712962962962963 0.057812499999999996
0 0.3055555555555556 0.06380208333333333 0.07037037037037037 0.050520833333333334
0 0.2439814814814815 0.04921875 0.05648148148148149 0.04739583333333333
0 0.8351851851851853 0.6125 0.06481481481481481 0.035416666666666666
0 0.8703703703703703 0.596875 0.061111111111111116 0.0375
0 0.925462962962963 0.5598958333333334 0.04166666666666667 0.029166666666666667
0 0.9643518518518519 0.2864583333333333 0.05648148148148149 0.03854166666666667
0 0.32083333333333336 0.40651041666666665 0.05277777777777778 0.021354166666666667
0 0.5574074074074075 0.39791666666666664 0.02962962962962963 0.019791666666666666
0 0.8555555555555556 0.5338541666666666 0.05185185185185186 0.025
0 0.5694444444444444 0.8895833333333333 0.03518518518518519 0.029166666666666667
0 0.9731481481481482 0.7557291666666667 0.053703703703703705 0.0375
