0 0.8268518518518518 0.37916666666666665 0.06666666666666667 0.036458333333333336
0 0.8416666666666667 0.7546875 0.05740740740740741 0.042708333333333334
0 0.7310185185185185 0.8489583333333334 0.06018518518518519 0.03958333333333333
0 0.6356481481481482 0.7747395833333334 0.06944444444444445 0.0546875
0 0.5675925925925926 0.78671875 0.07777777777777778 0.043229166666666666
0 0.38703703703703707 0.7046875 0.06481481481481481 0.040625
0 0.5365740740740741 0.55625 0.04166666666666667 0.019791666666666666
0 0.49259259259259264 0.565625 0.05 0.026041666666666668
0 0.45 0.5270833333333333 0.053703703703703705 0.029166666666666667
0 0.7115740740740741 0.3807291666666667 0.06759259259259259 0.042708333333333334
0 0.7694444444444445 0.3419270833333333 0.053703703703703705 0.0328125
0 0.7356481481481482 0.3098958333333333 0.07314814814814816 0.040625
0 0.6268518518518519 0.2794270833333333 0.06481481481481481 0.04114583333333333
0 0.5481481481481482 0.2565104166666667 0.06851851851851852 0.04635416666666667
0 0.5231481481481481 0.32734375 0.053703703703703705 0.0265625
0 0.45231481481481484 0.33984375 0.058333333333333334 0.0359375
0 0.4712962962962963 0.36796875 0.03518518518518519 0.01614583333333333
0 0.43703703703703706 0.4231770833333333 0.037037037037037035 0.021354166666666667
0 0.4217592592592593 0.45546875 0.04537037037037037 0.024479166666666666
0 0.3805555555555556 0.46901041666666665 0.03888888888888889 0.022395833333333334
0 0.5069444444444444 0.10520833333333333 0.07314814814814816 0.05520833333333333
0 0.4638888888888889 0.07838541666666667 0.07037037037037037 0.0546875
0 0.6587962962962963 0.06614583333333333 0.05092592592592593 0.04895833333333333
0 0.5578703703703703 0.007291666666666667 0.058333333333333334 0.0125
0 0.6851851851851852 0.0296875 0.07222222222222223 0.05625
0 0.7185185185185186 0.06197916666666667 0.06851851851851852 0.05
0 0.7805555555555556 0.04739583333333333 0.05555555555555556 0.04791666666666666
0 0.18333333333333335 0.61171875 0.06481481481481481 0.034895833333333334
0 0.15046296296296297 0.5958333333333333 0.06018518518518519 0.0375
0 0.09212962962962963 0.5596354166666666 0.04351851851851852 0.030729166666666665
0 0.051388888888888894 0.28619791666666666 0.05648148148148149 0.03802083333333333
0 0.6976851851851852 0.40651041666666665 0.05092592592592593 0.022395833333333334
0 0.4615740740740741 0.39817708333333335 0.028703703703703703 0.018229166666666668
0 0.15972222222222224 0.5325520833333334 0.049074074074074076 0.024479166666666666
0 0.45416666666666666 0.8908854166666667 0.03796296296296296 0.028645833333333332
0 0.038425925925925926 0.75625 0.06759259259259259 0.03854166666666667
0 0.047685185185185185 0.7890625 0.049074074074074076 0.026041666666666668
0 0.09074074074074075 0.7557291666666667 0.037037037037037035 0.029166666666666667
