0 0.09722222222222222 0.3802083333333333 0.06851851851851852 0.042708333333333334
0 0.07777777777777778 0.7546875 0.06851851851851852 0.04583333333333333
0 0.1925925925925926 0.8497395833333333 0.0462962962962963 0.0390625
0 0.2537037037037037 0.77578125 0.05925925925925926 0.05572916666666666
0 0.32407407407407407 0.7888020833333333 0.06481481481481481 0.03802083333333333
0 0.5106481481481482 0.7072916666666667 0.05648148148148149 0.04583333333333333
0 0.287962962962963 0.6135416666666667 0.02777777777777778 0.026041666666666668
0 0.31527777777777777 0.62265625 0.036111111111111115 0.0171875
0 0.39490740740740743 0.5591145833333333 0.04351851851851852 0.0234375
0 0.4416666666666667 0.5669270833333333 0.05 0.0265625
0 0.47175925925925927 0.5278645833333333 0.05462962962962963 0.0296875
0 0.21064814814814817 0.3802083333333333 0.0712962962962963 0.041666666666666664
0 0.15231481481481482 0.3411458333333333 0.05277777777777778 0.03125
0 0.1837962962962963 0.31015625 0.075 0.04010416666666666
0 0.2986111111111111 0.2796875 0.06574074074074074 0.041666666666666664
0 0.36574074074074076 0.25703125 0.06851851851851852 0.04635416666666667
0 0.4087962962962963 0.32916666666666666 0.05092592592592593 0.028125
0 0.47731481481481486 0.34088541666666666 0.06018518518518519 0.034895833333333334
0 0.4726851851851852 0.36822916666666666 0.036111111111111115 0.01875
0 0.5106481481481482 0.4244791666666667 0.036111111111111115 0.020833333333333332
0 0.5268518518518519 0.45807291666666666 0.044444444444444446 0.025520833333333333
0 0.5657407407407408 0.47109375 0.040740740740740744 0.0234375
0 0.41435185185185186 0.10729166666666666 0.07314814814814816 0.053125
0 0.4537037037037037 0.08177083333333333 0.07037037037037037 0.05625
0 0.2611111111111111 0.06666666666666667 0.053703703703703705 0.05
0 0.35555555555555557 0.008072916666666666 0.06666666666666667 0.0140625
0 0.2263888888888889 0.030989583333333334 0.075 0.058854166666666666
0 0.19907407407407407 0.06276041666666667 0.07037037037037037 0.050520833333333334
0 0.13564814814814816 0.04869791666666667 0.05462962962962963 0.04739583333333333
0 0.7425925925925926 0.6143229166666666 0.061111111111111116 0.0328125
0 0.7699074074074075 0.5979166666666667 0.058333333333333334 0.036458333333333336
0 0.8287037037037037 0.5614583333333333 0.044444444444444446 0.03125
0 0.9925925925925926 0.56796875 0.014814814814814815 0.027604166666666666
0 0.8907407407407407 0.2895833333333333 0.05740740740740741 0.03854166666666667
0 0.9768518518518519 0.24947916666666667 0.0462962962962963 0.0375
0 0.22685185185185186 0.40729166666666666 0.044444444444444446 0.022916666666666665
0 0.312962962962963 0.8916666666666666 0.03518518518518519 0.026041666666666668
0 0.1902777777777778 0.61796875 0.062037037037037036 0.03177083333333333
0 0.4449074074074074 0.89609375 0.04166666666666667 0.024479166666666666
0 0.8773148148148149 0.7606770833333333 0.0638888888888889 0.0421875
0 0.8675925925925926 0.790625 0.0462962962962963 0.026041666666666668
0 0.8300925925925926 0.75703125 0.03425925925925926 0.028645833333333332
