0 0.9203703703703704 0.38046875 0.06851851851851852 0.0421875
0 0.9439814814814815 0.7565104166666666 0.06574074074074074 0.0421875
0 0.8268518518518518 0.8468749999999999 0.040740740740740744 0.03229166666666666
0 0.7717592592592593 0.7763020833333333 0.058333333333333334 0.05572916666666666
0 0.700925925925926 0.7893229166666667 0.06296296296296297 0.0390625
0 0.513888888888889 0.7083333333333334 0.05740740740740741 0.04583333333333333
0 0.7328703703703704 0.6138020833333333 0.030555555555555558 0.025520833333333333
0 0.7041666666666667 0.6231770833333333 0.03425925925925926 0.018229166666666668
0 0.6212962962962963 0.5611979166666666 0.04259259259259259 0.0265625
0 0.575462962962963 0.56796875 0.049074074074074076 0.0265625
0 0.5458333333333334 0.5283854166666666 0.05462962962962963 0.0296875
0 0.8069444444444445 0.3809895833333333 0.0712962962962963 0.0421875
0 0.8662037037037037 0.3419270833333333 0.05277777777777778 0.030729166666666665
0 0.8342592592592593 0.3109375 0.07407407407407407 0.040625
0 0.7180555555555556 0.2799479166666667 0.06574074074074074 0.04010416666666666
0 0.6537037037037037 0.25859375 0.06851851851851852 0.04635416666666667
0 0.6074074074074074 0.3302083333333333 0.04814814814814815 0.029166666666666667
0 0.5388888888888889 0.3416666666666667 0.05925925925925926 0.034375
0 0.5430555555555556 0.3692708333333333 0.03796296296296296 0.019791666666666666
0 0.5027777777777778 0.42526041666666664 0.03518518518518519 0.019270833333333334
0 0.48703703703703705 0.45859374999999997 0.044444444444444446 0.025520833333333333
0 0.4467592592592593 0.47161458333333334 0.03981481481481482 0.0234375
0 0.6050925925925926 0.10859375 0.0712962962962963 0.05364583333333333
0 0.5643518518518519 0.08307291666666666 0.0712962962962963 0.05572916666666666
0 0.7578703703703704 0.06848958333333333 0.05462962962962963 0.049479166666666664
0 0.6652777777777779 0.008854166666666666 0.06574074074074074 0.015625
0 0.7944444444444445 0.029947916666666668 0.07407407407407407 0.0546875
0 0.8208333333333334 0.06458333333333333 0.06944444444444445 0.05
0 0.8837962962962963 0.05026041666666667 0.05277777777777778 0.04739583333333333
0 0.27546296296296297 0.6145833333333334 0.06018518518518519 0.03229166666666666
0 0.2490740740740741 0.5981770833333333 0.05740740740740741 0.03697916666666667
0 0.7078703703703704 0.8927083333333333 0.036111111111111115 0.026041666666666668
0 0.18888888888888888 0.56171875 0.044444444444444446 0.03177083333333333
0 0.01712962962962963 0.5684895833333333 0.030555555555555558 0.03177083333333333
0 0.12407407407407407 0.2911458333333333 0.05555555555555556 0.03854166666666667
0 0.03981481481481482 0.24947916666666667 0.05555555555555556 0.0375
0 0.02314814814814815 0.23828125 0.04259259259259259 0.044270833333333336
0 0.020833333333333336 0.1109375 0.03796296296296296 0.05520833333333333
0 0.7893518518518519 0.40729166666666666 0.04537037037037037 0.022916666666666665
0 0.8305555555555556 0.61796875 0.05925925925925926 0.03177083333333333
0 0.14212962962962963 0.7583333333333333 0.06018518518518519 0.036458333333333336
0 0.15185185185185185 0.7901041666666666 0.044444444444444446 0.02395833333333333
0 0.1875 0.75703125 0.03425925925925926 0.027604166666666666
