0 0.9805555555555556 0.3833333333333333 0.03888888888888889 0.046875
0 0.8703703703703703 0.7807291666666667 0.0462962962962963 0.05416666666666667
0 0.8027777777777778 0.7911458333333333 0.07407407407407407 0.040625
0 0.6129629629629629 0.71171875 0.06851851851851852 0.04739583333333333
0 0.8148148148148149 0.6190104166666667 0.03333333333333333 0.0265625
0 0.7805555555555556 0.6283854166666667 0.044444444444444446 0.018229166666666668
0 0.6865740740740741 0.5640625 0.049074074074074076 0.027083333333333334
0 0.6375000000000001 0.5708333333333333 0.05092592592592593 0.028125
0 0.6194444444444445 0.5317708333333333 0.05555555555555556 0.029166666666666667
0 0.8810185185185185 0.3848958333333333 0.07314814814814816 0.041666666666666664
0 0.9402777777777778 0.3458333333333333 0.05092592592592593 0.03125
0 0.9101851851851852 0.3145833333333333 0.07592592592592592 0.041666666666666664
0 0.7912037037037037 0.284375 0.06574074074074074 0.040625
0 0.7393518518518519 0.26328125 0.06944444444444445 0.04635416666666667
0 0.6759259259259259 0.33307291666666666 0.05 0.028645833333333332
0 0.6069444444444445 0.3450520833333333 0.062037037037037036 0.034895833333333334
0 0.6060185185185185 0.3736979166666667 0.04537037037037037 0.021354166666666667
0 0.5546296296296297 0.4276041666666667 0.03518518518518519 0.020833333333333332
0 0.5370370370370371 0.4609375 0.0462962962962963 0.026041666666666668
0 0.4981481481481482 0.47369791666666666 0.040740740740740744 0.0234375
0 0.6893518518518519 0.11536458333333333 0.07314814814814816 0.05364583333333333
0 0.6509259259259259 0.09427083333333333 0.07222222222222223 0.03958333333333333
0 0.8384259259259259 0.07473958333333333 0.05648148148148149 0.050520833333333334
0 0.7564814814814815 0.013020833333333334 0.07037037037037037 0.02395833333333333
0 0.8842592592592593 0.03723958333333333 0.07962962962962963 0.0546875
0 0.9037037037037038 0.07109375 0.07037037037037037 0.0484375
0 0.9657407407407408 0.05807291666666667 0.05185185185185186 0.044270833333333336
0 0.34444444444444444 0.6145833333333334 0.05925925925925926 0.035416666666666666
0 0.3231481481481482 0.6002604166666666 0.05555555555555556 0.03697916666666667
0 0.2611111111111111 0.56328125 0.04814814814814815 0.030729166666666665
0 0.08101851851851852 0.5700520833333333 0.04351851851851852 0.03177083333333333
0 0.18564814814814815 0.29322916666666665 0.05462962962962963 0.03854166666666667
0 0.12361111111111112 0.2546875 0.05462962962962963 0.035416666666666666
0 0.10138888888888889 0.2421875 0.07314814814814816 0.04375
0 0.09583333333333334 0.11484375 0.06944444444444445 0.05677083333333333
0 0.5601851851851852 0.7893229166666667 0.044444444444444446 0.0328125
0 0.04398148148148148 0.79453125 0.07685185185185185 0.0546875
0 0.21851851851851853 0.7609375 0.061111111111111116 0.036458333333333336
0 0.2564814814814815 0.75390625 0.03518518518518519 0.021354166666666667
