0 0.05925925925925926 0.7856770833333333 0.03888888888888889 0.050520833333333334
0 0.13101851851851853 0.79375 0.07685185185185185 0.040625
0 0.325 0.7140625 0.07407407407407407 0.046875
0 0.13564814814814816 0.6200520833333333 0.04166666666666667 0.022395833333333334
0 0.16990740740740742 0.63046875 0.05092592592592593 0.018229166666666668
0 0.274537037037037 0.5658854166666667 0.05092592592592593 0.027604166666666666
0 0.3226851851851852 0.5739583333333333 0.05092592592592593 0.030208333333333334
0 0.33564814814814814 0.5338541666666666 0.05648148148148149 0.029166666666666667
0 0.07546296296296297 0.3880208333333333 0.075 0.041666666666666664
0 0.019444444444444445 0.3489583333333333 0.037037037037037035 0.030208333333333334
0 0.04351851851851852 0.3182291666666667 0.07592592592592592 0.040625
0 0.16435185185185186 0.2877604166666667 0.0638888888888889 0.04114583333333333
0 0.2125 0.2671875 0.0712962962962963 0.04583333333333333
0 0.2851851851851852 0.33619791666666665 0.0462962962962963 0.024479166666666666
0 0.3523148148148148 0.34869791666666666 0.06574074074074074 0.034895833333333334
0 0.35879629629629634 0.3765625 0.04537037037037037 0.021875
0 0.41435185185185186 0.4296875 0.03796296296296296 0.019791666666666666
0 0.43333333333333335 0.4630208333333333 0.0462962962962963 0.025
0 0.47222222222222227 0.47578125 0.040740740740740744 0.0234375
0 0.2638888888888889 0.12057291666666667 0.07407407407407407 0.05364583333333333
0 0.3013888888888889 0.10052083333333334 0.06759259259259259 0.040625
0 0.11620370370370371 0.08046875 0.06018518518518519 0.050520833333333334
0 0.1925925925925926 0.01614583333333333 0.07222222222222223 0.030208333333333334
0 0.06712962962962964 0.04479166666666667 0.0787037037037037 0.053125
0 0.04861111111111111 0.078125 0.0712962962962963 0.04791666666666666
0 0.6138888888888889 0.6169270833333333 0.06296296296296297 0.034895833333333334
0 0.6314814814814815 0.6020833333333333 0.05555555555555556 0.036458333333333336
0 0.3944444444444445 0.40208333333333335 0.037037037037037035 0.027083333333333334
0 0.6981481481481482 0.565625 0.05 0.03125
0 0.8773148148148149 0.5729166666666666 0.04166666666666667 0.030208333333333334
0 0.7824074074074074 0.2973958333333333 0.053703703703703705 0.036458333333333336
0 0.32592592592592595 0.8973958333333333 0.05185185185185186 0.035416666666666666
0 0.8319444444444445 0.25807291666666665 0.058333333333333334 0.0359375
0 0.851388888888889 0.24713541666666666 0.0712962962962963 0.044270833333333336
0 0.8569444444444445 0.12057291666666667 0.0712962962962963 0.057812499999999996
0 0.0587962962962963 0.7861979166666666 0.04166666666666667 0.0515625
0 0.1962962962962963 0.6026041666666666 0.03333333333333333 0.029166666666666667
0 0.4027777777777778 0.7903645833333334 0.0462962962962963 0.0328125
0 0.25324074074074077 0.4015625 0.032407407407407406 0.019791666666666666
0 0.9745370370370371 0.46848958333333335 0.05092592592592593 0.030729166666666665
0 0.9731481481481482 0.9080729166666667 0.053703703703703705 0.0484375
0 0.8990740740740741 0.79609375 0.07962962962962963 0.05572916666666666
0 0.9782407407407407 0.17890625 0.04351851851851852 0.0390625
0 0.9671296296296297 0.5484375 0.06574074074074074 0.034375
0 0.8787037037037038 0.9223958333333333 0.04814814814814815 0.04479166666666667
0 0.7314814814814815 0.76328125 0.061111111111111116 0.04010416666666666
0 0.6972222222222223 0.7588541666666666 0.03518518518518519 0.027083333333333334
