0 0.038425925925925926 0.7846354166666667 0.036111111111111115 0.050520833333333334
0 0.11203703703703705 0.7932291666666667 0.07777777777777778 0.040625
0 0.3055555555555556 0.7138020833333333 0.07592592592592592 0.04739583333333333
0 0.11898148148148148 0.6200520833333333 0.04537037037037037 0.022395833333333334
0 0.15416666666666667 0.63125 0.049074074074074076 0.017708333333333333
0 0.26203703703703707 0.5653645833333333 0.053703703703703705 0.0265625
0 0.3101851851851852 0.5736979166666667 0.05185185185185186 0.0296875
0 0.3212962962962963 0.5341145833333333 0.05555555555555556 0.0296875
0 0.0625 0.38776041666666666 0.075 0.0421875
0 0.012962962962962964 0.34869791666666666 0.024074074074074074 0.0296875
0 0.034722222222222224 0.31796875 0.06759259259259259 0.04114583333333333
0 0.15185185185185185 0.28828125 0.06296296296296297 0.04114583333333333
0 0.19722222222222224 0.26666666666666666 0.07222222222222223 0.04583333333333333
0 0.27361111111111114 0.3364583333333333 0.05277777777777778 0.022916666666666665
0 0.3402777777777778 0.3484375 0.06574074074074074 0.035416666666666666
0 0.3490740740740741 0.3768229166666667 0.0462962962962963 0.022395833333333334
0 0.4046296296296297 0.42942708333333335 0.037037037037037035 0.021354166666666667
0 0.42453703703703705 0.46328125 0.04537037037037037 0.025520833333333333
0 0.4625 0.47604166666666664 0.03981481481481482 0.02395833333333333
0 0.250462962962963 0.12083333333333333 0.075 0.053125
0 0.2884259259259259 0.10104166666666667 0.06944444444444445 0.03958333333333333
0 0.10277777777777779 0.08046875 0.061111111111111116 0.0515625
0 0.17824074074074076 0.016927083333333332 0.07314814814814816 0.030729166666666665
0 0.05324074074074074 0.0453125 0.0787037037037037 0.053125
0 0.03657407407407408 0.07838541666666667 0.06759259259259259 0.0484375
0 0.600462962962963 0.6174479166666667 0.06018518518518519 0.034895833333333334
0 0.6180555555555556 0.6015625 0.05462962962962963 0.036458333333333336
0 0.6842592592592592 0.5643229166666667 0.05 0.0328125
0 0.8634259259259259 0.5734375 0.04166666666666667 0.029166666666666667
0 0.7717592592592593 0.2984375 0.05277777777777778 0.036458333333333336
0 0.8185185185185185 0.259375 0.05740740740740741 0.035416666666666666
0 0.8365740740740741 0.24817708333333333 0.0712962962962963 0.0453125
0 0.8430555555555556 0.12135416666666667 0.06944444444444445 0.057291666666666664
0 0.38333333333333336 0.40234375 0.044444444444444446 0.022395833333333334
0 0.18194444444444446 0.6018229166666667 0.036111111111111115 0.027604166666666666
0 0.3902777777777778 0.790625 0.04722222222222222 0.03333333333333333
0 0.3060185185185185 0.8963541666666667 0.05092592592592593 0.035416666666666666
0 0.24166666666666667 0.40182291666666664 0.03518518518518519 0.021354166666666667
0 0.9611111111111111 0.46979166666666666 0.061111111111111116 0.026041666666666668
0 0.9819444444444445 0.4453125 0.036111111111111115 0.04479166666666667
0 0.9638888888888889 0.9119791666666667 0.07222222222222223 0.06041666666666667
0 0.8837962962962963 0.7953125 0.07685185185185185 0.057291666666666664
0 0.9726851851851852 0.17786458333333333 0.05462962962962963 0.0421875
0 0.9546296296296297 0.5484375 0.07222222222222223 0.035416666666666666
0 0.8606481481481482 0.9200520833333333 0.05092592592592593 0.044270833333333336
0 0.712037037037037 0.7638020833333333 0.07037037037037037 0.04114583333333333
0 0.6828703703703703 0.7596354166666667 0.03425925925925926 0.028645833333333332
