0 0.020370370370370372 0.8596354166666667 0.037037037037037035 0.03697916666666667
0 0.03425925925925926 0.7924479166666667 0.06666666666666667 0.04010416666666666
0 0.2240740740740741 0.7138020833333333 0.07962962962962963 0.04739583333333333
0 0.04861111111111111 0.621875 0.04722222222222222 0.02395833333333333
0 0.21064814814814817 0.5658854166666667 0.049074074074074076 0.0265625
0 0.2564814814814815 0.5734375 0.05555555555555556 0.028125
0 0.25925925925925924 0.53515625 0.061111111111111116 0.0296875
0 0.022222222222222223 0.3888020833333333 0.04259259259259259 0.0421875
0 0.09305555555555556 0.2903645833333333 0.058333333333333334 0.043229166666666666
0 0.1300925925925926 0.26953125 0.07314814814814816 0.0453125
0 0.21851851851851853 0.3375 0.0462962962962963 0.029166666666666667
0 0.2796296296296296 0.35052083333333334 0.061111111111111116 0.034375
0 0.2986111111111111 0.378125 0.05092592592592593 0.022916666666666665
0 0.36064814814814816 0.4315104166666667 0.03796296296296296 0.022395833333333334
0 0.3819444444444445 0.46458333333333335 0.04537037037037037 0.025
0 0.41944444444444445 0.4770833333333333 0.03888888888888889 0.02395833333333333
0 0.18564814814814815 0.125 0.07685185185185185 0.053125
0 0.22268518518518518 0.10390624999999999 0.06944444444444445 0.0421875
0 0.04212962962962963 0.08567708333333333 0.062037037037037036 0.049479166666666664
0 0.11064814814814815 0.01953125 0.075 0.0359375
0 0.5412037037037037 0.6174479166666667 0.062037037037037036 0.033854166666666664
0 0.5537037037037037 0.6028645833333334 0.053703703703703705 0.0359375
0 0.6222222222222222 0.56640625 0.04814814814814815 0.03177083333333333
0 0.8 0.5747395833333333 0.03333333333333333 0.027604166666666666
0 0.7208333333333333 0.30052083333333335 0.049074074074074076 0.0375
0 0.75 0.26588541666666665 0.06296296296296297 0.0296875
0 0.7611111111111112 0.25390625 0.06481481481481481 0.04635416666666667
0 0.7689814814814815 0.1265625 0.06759259259259259 0.057291666666666664
0 0.33333333333333337 0.403125 0.04814814814814815 0.02395833333333333
0 0.6203703703703703 0.5390625 0.03333333333333333 0.019791666666666666
0 0.12361111111111112 0.6002604166666666 0.03796296296296296 0.018229166666666668
0 0.3388888888888889 0.7908854166666667 0.04814814814814815 0.03177083333333333
0 0.24120370370370373 0.8898437499999999 0.06759259259259259 0.0453125
0 0.1865740740740741 0.40234375 0.04537037037037037 0.021354166666666667
0 0.9703703703703704 0.6330729166666667 0.05925925925925926 0.0328125
0 0.9476851851851852 0.5880208333333333 0.0712962962962963 0.035416666666666666
0 0.9745370370370371 0.46380208333333334 0.036111111111111115 0.025520833333333333
0 0.8847222222222223 0.47239583333333335 0.05648148148148149 0.029166666666666667
0 0.9199074074074074 0.4484375 0.06944444444444445 0.04479166666666667
0 0.9189814814814815 0.7328125 0.036111111111111115 0.01875
0 0.8893518518518518 0.91171875 0.08425925925925926 0.059895833333333336
0 0.8032407407407408 0.7947916666666667 0.07685185185185185 0.05625
0 0.9032407407407408 0.1828125 0.06574074074074074 0.041666666666666664
0 0.8810185185185185 0.55 0.06759259259259259 0.034375
0 0.9523148148148148 0.5049479166666666 0.06018518518518519 0.03177083333333333
0 0.775 0.9216145833333333 0.05185185185185186 0.0359375
0 0.6486111111111111 0.7645833333333333 0.06018518518518519 0.03958333333333333
0 0.6166666666666667 0.7614583333333333 0.02777777777777778 0.026041666666666668
