0 0.8773148148148149 0.7171875 0.075 0.046875
0 0.8541666666666667 0.5692708333333333 0.049074074074074076 0.03125
0 0.8083333333333333 0.5765625 0.05740740740740741 0.029166666666666667
0 0.8171296296296297 0.5380208333333333 0.06018518518518519 0.029166666666666667
0 0.976388888888889 0.2934895833333333 0.04537037037037037 0.043229166666666666
0 0.9541666666666667 0.27265625 0.075 0.0453125
0 0.85 0.3403645833333333 0.0462962962962963 0.028645833333333332
0 0.7893518518518519 0.3528645833333333 0.06574074074074074 0.034895833333333334
0 0.7597222222222223 0.3776041666666667 0.05277777777777778 0.026041666666666668
0 0.6935185185185185 0.43385416666666665 0.03888888888888889 0.022916666666666665
0 0.6703703703703704 0.4666666666666667 0.0462962962962963 0.025
0 0.6319444444444444 0.4791666666666667 0.04166666666666667 0.02395833333333333
0 0.8967592592592593 0.12838541666666667 0.0787037037037037 0.0515625
0 0.8476851851851852 0.10677083333333333 0.08055555555555556 0.04895833333333333
0 0.9680555555555556 0.02265625 0.06018518518518519 0.043229166666666666
0 0.4310185185185185 0.765625 0.05462962962962963 0.036458333333333336
0 0.5273148148148148 0.6190104166666667 0.0638888888888889 0.0359375
0 0.5212962962962964 0.6052083333333333 0.053703703703703705 0.036458333333333336
0 0.44537037037037036 0.56640625 0.04814814814814815 0.034895833333333334
0 0.27175925925925926 0.5760416666666667 0.026851851851851852 0.026041666666666668
0 0.3375 0.3028645833333333 0.049074074074074076 0.034895833333333334
0 0.32916666666666666 0.26666666666666666 0.06018518518518519 0.03229166666666666
0 0.3236111111111111 0.2546875 0.0638888888888889 0.04375
0 0.31574074074074077 0.12890625 0.06481481481481481 0.05677083333333333
0 0.7268518518518519 0.4044270833333333 0.05185185185185186 0.024479166666666666
0 0.4393518518518519 0.5416666666666666 0.036111111111111115 0.017708333333333333
0 0.9490740740740741 0.60703125 0.031481481481481485 0.015104166666666667
0 0.7226851851851852 0.7934895833333333 0.049074074074074076 0.03177083333333333
0 0.8328703703703704 0.8947916666666667 0.0638888888888889 0.04583333333333333
0 0.8805555555555555 0.4041666666666667 0.05185185185185186 0.02395833333333333
0 0.03194444444444445 0.7895833333333333 0.06018518518518519 0.03229166666666666
0 0.03888888888888889 0.8223958333333333 0.05925925925925926 0.03854166666666667
0 0.10277777777777779 0.6330729166666667 0.06666666666666667 0.033854166666666664
0 0.13240740740740742 0.5875 0.06666666666666667 0.035416666666666666
0 0.06666666666666667 0.43515624999999997 0.07407407407407407 0.04010416666666666
0 0.12407407407407407 0.46380208333333334 0.05185185185185186 0.024479166666666666
0 0.19768518518518519 0.4744791666666667 0.05648148148148149 0.03229166666666666
0 0.16527777777777777 0.44947916666666665 0.0787037037037037 0.04583333333333333
0 0.1615740740740741 0.734375 0.04351851851851852 0.019791666666666666
0 0.1851851851851852 0.7598958333333333 0.03333333333333333 0.0375
0 0.20092592592592592 0.9122395833333333 0.07407407407407407 0.059895833333333336
0 0.28425925925925927 0.7958333333333333 0.07407407407407407 0.05625
0 0.31666666666666665 0.9013020833333333 0.04259259259259259 0.018229166666666668
0 0.1763888888888889 0.18411458333333333 0.0638888888888889 0.0421875
0 0.05 0.134375 0.06481481481481481 0.040625
0 0.015740740740740743 0.1640625 0.02777777777777778 0.04583333333333333
0 0.20092592592592592 0.5494791666666666 0.06666666666666667 0.036458333333333336
0 0.1277777777777778 0.5059895833333333 0.06296296296296297 0.0328125
0 0.30694444444444446 0.92578125 0.03981481481481482 0.0359375
