0 0.034722222222222224 0.7192708333333333 0.0638888888888889 0.046875
0 0.0837962962962963 0.5700520833333333 0.04722222222222222 0.03177083333333333
0 0.12916666666666668 0.57578125 0.06018518518518519 0.028645833333333332
0 0.11018518518518519 0.53828125 0.061111111111111116 0.0296875
0 0.08333333333333334 0.3375 0.04814814814814815 0.030208333333333334
0 0.1425925925925926 0.35130208333333335 0.06851851851851852 0.034895833333333334
0 0.18425925925925926 0.3765625 0.053703703703703705 0.027083333333333334
0 0.25787037037037036 0.43255208333333334 0.03425925925925926 0.022395833333333334
0 0.28194444444444444 0.46510416666666665 0.04722222222222222 0.022916666666666665
0 0.3231481481481482 0.4783854166666667 0.044444444444444446 0.0234375
0 0.03333333333333333 0.12473958333333333 0.06481481481481481 0.049479166666666664
0 0.07175925925925926 0.1046875 0.08425925925925926 0.04791666666666666
0 0.5018518518518519 0.7651041666666667 0.053703703703703705 0.041666666666666664
0 0.40694444444444444 0.6205729166666667 0.06759259259259259 0.0328125
0 0.4115740740740741 0.6057291666666667 0.05648148148148149 0.0375
0 0.4930555555555556 0.56875 0.04166666666666667 0.029166666666666667
0 0.6648148148148149 0.5770833333333333 0.022222222222222223 0.021875
0 0.611574074074074 0.30078125 0.04722222222222222 0.03697916666666667
0 0.6037037037037037 0.25390625 0.05925925925925926 0.0453125
0 0.6087962962962963 0.12682291666666667 0.06574074074074074 0.057812499999999996
0 0.2212962962962963 0.4028645833333333 0.053703703703703705 0.025520833333333333
0 0.2240740740740741 0.79375 0.053703703703703705 0.03125
0 0.09675925925925927 0.8924479166666667 0.062037037037037036 0.043229166666666666
0 0.06481481481481481 0.40078125 0.05 0.022395833333333334
0 0.16435185185185186 0.6455729166666666 0.049074074074074076 0.0234375
0 0.9888888888888889 0.5434895833333333 0.022222222222222223 0.028645833333333332
0 0.9634259259259259 0.4440104166666667 0.07314814814814816 0.049479166666666664
0 0.9157407407407407 0.7901041666666666 0.06481481481481481 0.029166666666666667
0 0.8819444444444445 0.8234374999999999 0.06018518518518519 0.042708333333333334
0 0.8351851851851853 0.6317708333333333 0.05 0.03333333333333333
0 0.7967592592592593 0.5872395833333334 0.06759259259259259 0.0359375
0 0.8490740740740741 0.4354166666666667 0.07407407407407407 0.041666666666666664
0 0.7972222222222223 0.46380208333333334 0.05 0.024479166666666666
0 0.7277777777777779 0.4744791666666667 0.05740740740740741 0.03125
0 0.7560185185185185 0.4484375 0.06944444444444445 0.04479166666666667
0 0.7643518518518518 0.7333333333333333 0.04722222222222222 0.021875
0 0.7337962962962963 0.7598958333333333 0.036111111111111115 0.03958333333333333
0 0.7166666666666667 0.9122395833333333 0.07037037037037037 0.05572916666666666
0 0.6365740740740741 0.7958333333333333 0.075 0.05625
0 0.6064814814814815 0.9015624999999999 0.03888888888888889 0.01875
0 0.6018518518518519 0.72890625 0.06851851851851852 0.0328125
0 0.7555555555555555 0.18229166666666666 0.061111111111111116 0.04375
0 0.8819444444444445 0.13203125 0.0638888888888889 0.04114583333333333
0 0.9444444444444445 0.16015625 0.07407407407407407 0.0484375
0 0.7337962962962963 0.54921875 0.06018518518518519 0.033854166666666664
0 0.8046296296296297 0.5052083333333334 0.061111111111111116 0.03333333333333333
0 0.5842592592592593 0.80234375 0.040740740740740744 0.04114583333333333
0 0.6185185185185186 0.9255208333333333 0.037037037037037035 0.03333333333333333
