0 0.024537037037037038 0.7197916666666666 0.04537037037037037 0.04791666666666666
0 0.06944444444444445 0.5697916666666667 0.04814814814814815 0.03125
0 0.11712962962962964 0.5768229166666666 0.058333333333333334 0.028645833333333332
0 0.09351851851851853 0.5385416666666667 0.061111111111111116 0.030208333333333334
0 0.06944444444444445 0.33880208333333334 0.04814814814814815 0.028645833333333332
0 0.12731481481481483 0.35130208333333335 0.06944444444444445 0.034895833333333334
0 0.1712962962962963 0.3770833333333333 0.053703703703703705 0.028125
0 0.24629629629629632 0.43385416666666665 0.040740740740740744 0.020833333333333332
0 0.26851851851851855 0.465625 0.0462962962962963 0.022916666666666665
0 0.31157407407407406 0.47890625 0.04537037037037037 0.0234375
0 0.025 0.12421875 0.04814814814814815 0.0484375
0 0.05601851851851852 0.10494791666666667 0.08425925925925926 0.0453125
0 0.48703703703703705 0.7643229166666666 0.05 0.0390625
0 0.39351851851851855 0.6205729166666667 0.06296296296296297 0.03177083333333333
0 0.39675925925925926 0.60546875 0.05648148148148149 0.0359375
0 0.47824074074074074 0.5692708333333333 0.03981481481481482 0.029166666666666667
0 0.650462962962963 0.5765625 0.019444444444444445 0.022916666666666665
0 0.6 0.3013020833333333 0.0462962962962963 0.03697916666666667
0 0.5865740740740741 0.25364583333333335 0.062037037037037036 0.041666666666666664
0 0.5916666666666667 0.12786458333333334 0.06666666666666667 0.05677083333333333
0 0.20740740740740743 0.4028645833333333 0.05740740740740741 0.0265625
0 0.20925925925925926 0.7942708333333334 0.053703703703703705 0.03125
0 0.07731481481481482 0.8919270833333334 0.06018518518518519 0.0421875
0 0.05 0.40078125 0.04814814814814815 0.0234375
0 0.14814814814814814 0.64609375 0.053703703703703705 0.025520833333333333
0 0.9810185185185185 0.5421875 0.03796296296296296 0.034375
0 0.9500000000000001 0.44505208333333335 0.08888888888888889 0.050520833333333334
0 0.8939814814814815 0.7911458333333333 0.06574074074074074 0.03125
0 0.862962962962963 0.825 0.05925925925925926 0.04479166666666667
0 0.8180555555555555 0.6328125 0.05092592592592593 0.03333333333333333
0 0.7805555555555556 0.58828125 0.06666666666666667 0.0359375
0 0.8296296296296297 0.43671875 0.07407407407407407 0.04114583333333333
0 0.7921296296296296 0.45677083333333335 0.05277777777777778 0.03854166666666667
0 0.7097222222222223 0.4752604166666667 0.05648148148148149 0.030729166666666665
0 0.7328703703703704 0.44895833333333335 0.07685185185185185 0.040625
0 0.7421296296296297 0.734375 0.05462962962962963 0.022916666666666665
0 0.7138888888888889 0.7609375 0.03518518518518519 0.03958333333333333
0 0.6958333333333334 0.9130208333333333 0.06944444444444445 0.05520833333333333
0 0.6166666666666667 0.796875 0.07407407407407407 0.05520833333333333
0 0.5865740740740741 0.9020833333333333 0.03796296296296296 0.019791666666666666
0 0.5833333333333334 0.7296875 0.07037037037037037 0.03125
0 0.7393518518518519 0.18333333333333332 0.062037037037037036 0.04375
0 0.8662037037037037 0.13333333333333333 0.062037037037037036 0.041666666666666664
0 0.9296296296296297 0.16119791666666666 0.07407407407407407 0.0484375
0 0.7175925925925927 0.5502604166666667 0.05925925925925926 0.033854166666666664
0 0.788425925925926 0.5059895833333333 0.06018518518518519 0.033854166666666664
0 0.5638888888888889 0.8018229166666666 0.04259259259259259 0.043229166666666666
0 0.5986111111111111 0.9270833333333334 0.036111111111111115 0.03229166666666666
