0 0.018518518518518517 0.56640625 0.03333333333333333 0.025520833333333333
0 0.05648148148148149 0.5776041666666667 0.061111111111111116 0.028125
0 0.029166666666666667 0.5377604166666666 0.05462962962962963 0.030729166666666665
0 0.016666666666666666 0.33489583333333334 0.031481481481481485 0.026041666666666668
0 0.06481481481481481 0.3497395833333333 0.06851851851851852 0.0359375
0 0.11898148148148148 0.37604166666666666 0.05648148148148149 0.029166666666666667
0 0.19907407407407407 0.43255208333333334 0.044444444444444446 0.021354166666666667
0 0.2240740740740741 0.46432291666666664 0.05 0.022395833333333334
0 0.26712962962962966 0.4783854166666667 0.04537037037037037 0.0234375
0 0.017592592592592594 0.10260416666666666 0.03333333333333333 0.04791666666666666
0 0.41620370370370374 0.7653645833333333 0.04351851851851852 0.04010416666666666
0 0.32916666666666666 0.6216145833333333 0.062037037037037036 0.03177083333333333
0 0.33055555555555555 0.6088541666666667 0.05740740740740741 0.03958333333333333
0 0.41712962962962963 0.5700520833333333 0.03796296296296296 0.030729166666666665
0 0.5523148148148148 0.3 0.04722222222222222 0.0375
0 0.5194444444444445 0.25416666666666665 0.06481481481481481 0.04375
0 0.5240740740740741 0.12552083333333333 0.06666666666666667 0.05625
0 0.1574074074074074 0.40130208333333334 0.05740740740740741 0.0234375
0 0.1527777777777778 0.7950520833333333 0.053703703703703705 0.030729166666666665
0 0.011111111111111112 0.4002604166666667 0.020370370370370372 0.024479166666666666
0 0.10046296296296296 0.64375 0.04166666666666667 0.028125
0 0.9111111111111111 0.5427083333333333 0.04259259259259259 0.034375
0 0.8675925925925926 0.4453125 0.08703703703703704 0.05
0 0.8490740740740741 0.73359375 0.0462962962962963 0.0234375
0 0.8277777777777778 0.7921875 0.05925925925925926 0.034375
0 0.7837962962962963 0.82421875 0.05462962962962963 0.04114583333333333
0 0.7476851851851852 0.6330729166666667 0.05092592592592593 0.0328125
0 0.712037037037037 0.5880208333333333 0.06296296296296297 0.035416666666666666
0 0.7550925925925926 0.43723958333333335 0.06759259259259259 0.04114583333333333
0 0.7087962962962964 0.46041666666666664 0.049074074074074076 0.03125
0 0.6486111111111111 0.48046875 0.04166666666666667 0.024479166666666666
0 0.6625 0.44817708333333334 0.058333333333333334 0.043229166666666666
0 0.6351851851851852 0.615625 0.04259259259259259 0.029166666666666667
0 0.674074074074074 0.7364583333333333 0.05740740740740741 0.020833333333333332
0 0.638425925925926 0.7591145833333334 0.05462962962962963 0.0421875
0 0.6087962962962963 0.9145833333333333 0.0712962962962963 0.05520833333333333
0 0.537962962962963 0.7986979166666667 0.07222222222222223 0.0546875
0 0.5115740740740741 0.9018229166666667 0.04722222222222222 0.021354166666666667
0 0.513425925925926 0.7268229166666667 0.0712962962962963 0.04010416666666666
0 0.674074074074074 0.18203125 0.061111111111111116 0.044270833333333336
0 0.8078703703703703 0.12890625 0.05648148148148149 0.043229166666666666
0 0.8680555555555556 0.16041666666666665 0.0712962962962963 0.04895833333333333
0 0.65 0.5505208333333333 0.05925925925925926 0.03333333333333333
0 0.7180555555555556 0.50625 0.05277777777777778 0.03229166666666666
0 0.48888888888888893 0.8044270833333333 0.03888888888888889 0.0390625
