0 0.038425925925925926 0.578125 0.0638888888888889 0.029166666666666667
0 0.020370370370370372 0.5388020833333333 0.037037037037037035 0.030729166666666665
0 0.04583333333333334 0.35 0.06759259259259259 0.035416666666666666
0 0.10277777777777779 0.37604166666666666 0.05740740740740741 0.029166666666666667
0 0.18425925925925926 0.4328125 0.0462962962962963 0.021875
0 0.2111111111111111 0.46458333333333335 0.05 0.022916666666666665
0 0.25416666666666665 0.47890625 0.04722222222222222 0.0234375
0 0.39583333333333337 0.7658854166666667 0.03981481481481482 0.04114583333333333
0 0.31342592592592594 0.6221354166666666 0.058333333333333334 0.03177083333333333
0 0.31203703703703706 0.6106770833333334 0.05740740740740741 0.04010416666666666
0 0.4 0.5703125 0.037037037037037035 0.030208333333333334
0 0.5375 0.3 0.04722222222222222 0.0375
0 0.4986111111111111 0.25546875 0.06574074074074074 0.0453125
0 0.5027777777777778 0.12552083333333333 0.06481481481481481 0.057291666666666664
0 0.14583333333333334 0.40182291666666664 0.05462962962962963 0.0234375
0 0.1375 0.7958333333333333 0.05092592592592593 0.030208333333333334
0 0.08240740740740742 0.6442708333333333 0.04814814814814815 0.029166666666666667
0 0.888425925925926 0.54296875 0.04166666666666667 0.033854166666666664
0 0.8425925925925927 0.44557291666666665 0.08703703703703704 0.049479166666666664
0 0.8319444444444445 0.7338541666666667 0.04722222222222222 0.022916666666666665
0 0.8069444444444445 0.7921875 0.06018518518518519 0.035416666666666666
0 0.7625000000000001 0.8234374999999999 0.05277777777777778 0.042708333333333334
0 0.7282407407407407 0.6333333333333333 0.05092592592592593 0.03333333333333333
0 0.6907407407407408 0.5893229166666667 0.06296296296296297 0.033854166666666664
0 0.7300925925925926 0.43723958333333335 0.0712962962962963 0.04114583333333333
0 0.688425925925926 0.45703125 0.03796296296296296 0.04010416666666666
0 0.6287037037037038 0.48072916666666665 0.04259259259259259 0.025
0 0.6435185185185185 0.4484375 0.06296296296296297 0.04479166666666667
0 0.6180555555555556 0.6153645833333333 0.04537037037037037 0.028645833333333332
0 0.6532407407407408 0.7369791666666666 0.05462962962962963 0.021875
0 0.6152777777777778 0.759375 0.05277777777777778 0.041666666666666664
0 0.5865740740740741 0.91484375 0.07685185185185185 0.05364583333333333
0 0.5166666666666667 0.7994791666666666 0.07037037037037037 0.05416666666666667
0 0.4912037037037037 0.9026041666666667 0.04537037037037037 0.021875
0 0.4949074074074074 0.7270833333333333 0.0638888888888889 0.03958333333333333
0 0.6532407407407408 0.18203125 0.06018518518518519 0.044270833333333336
0 0.7856481481481482 0.12942708333333333 0.05648148148148149 0.044270833333333336
0 0.8481481481481482 0.16067708333333333 0.07222222222222223 0.0484375
0 0.6296296296296297 0.5515625 0.05925925925925926 0.03333333333333333
0 0.6962962962962963 0.5065104166666666 0.04814814814814815 0.03177083333333333
0 0.46851851851851856 0.8044270833333333 0.03888888888888889 0.04010416666666666
