0 0.04814814814814815 0.3763020833333333 0.05740740740740741 0.027604166666666666
0 0.13611111111111113 0.4341145833333333 0.05 0.021354166666666667
0 0.16435185185185186 0.4653645833333333 0.05277777777777778 0.022395833333333334
0 0.20925925925925926 0.4796875 0.0462962962962963 0.02395833333333333
0 0.33333333333333337 0.7708333333333334 0.044444444444444446 0.03958333333333333
0 0.25416666666666665 0.625 0.05648148148148149 0.030208333333333334
0 0.25 0.61015625 0.05555555555555556 0.03697916666666667
0 0.34305555555555556 0.5713541666666666 0.03796296296296296 0.030208333333333334
0 0.49074074074074076 0.29791666666666666 0.05 0.040625
0 0.4310185185185185 0.25234375 0.06944444444444445 0.043229166666666666
0 0.4342592592592593 0.12447916666666667 0.06666666666666667 0.057291666666666664
0 0.0925925925925926 0.40260416666666665 0.05740740740740741 0.02395833333333333
0 0.08518518518518518 0.7997395833333333 0.053703703703703705 0.030729166666666665
0 0.02777777777777778 0.6479166666666667 0.05185185185185186 0.030208333333333334
0 0.9828703703703704 0.6302083333333334 0.03425925925925926 0.014583333333333334
0 0.9675925925925927 0.7315104166666666 0.053703703703703705 0.033854166666666664
0 0.4027777777777778 0.8065104166666667 0.040740740740740744 0.03802083333333333
0 0.9837962962962963 0.85390625 0.032407407407407406 0.0484375
0 0.9712962962962963 0.80546875 0.05740740740740741 0.044270833333333336
0 0.8203703703703704 0.5419270833333333 0.040740740740740744 0.034895833333333334
0 0.7685185185185186 0.44453125 0.08518518518518518 0.049479166666666664
0 0.7685185185185186 0.7354166666666666 0.05740740740740741 0.02395833333333333
0 0.7476851851851852 0.7895833333333333 0.06018518518518519 0.041666666666666664
0 0.6935185185185185 0.8236979166666667 0.04814814814814815 0.0390625
0 0.6675925925925926 0.6325520833333333 0.05 0.033854166666666664
0 0.6296296296296297 0.5888020833333333 0.05925925925925926 0.033854166666666664
0 0.6615740740740741 0.43645833333333334 0.06759259259259259 0.041666666666666664
0 0.6162037037037037 0.45859374999999997 0.04722222222222222 0.033854166666666664
0 0.563425925925926 0.48020833333333335 0.04537037037037037 0.027083333333333334
0 0.5675925925925926 0.4466145833333333 0.061111111111111116 0.0453125
0 0.5652777777777778 0.6158854166666666 0.04722222222222222 0.028645833333333332
0 0.5898148148148148 0.7380208333333333 0.0462962962962963 0.029166666666666667
0 0.5458333333333334 0.76171875 0.05277777777777778 0.03802083333333333
0 0.5217592592592593 0.91640625 0.07314814814814816 0.0546875
0 0.45092592592592595 0.803125 0.07777777777777778 0.05
0 0.4226851851851852 0.9059895833333333 0.04722222222222222 0.025520833333333333
0 0.42685185185185187 0.7255208333333333 0.06481481481481481 0.04479166666666667
0 0.5925925925925926 0.18125 0.05740740740740741 0.04375
0 0.725462962962963 0.12942708333333333 0.05462962962962963 0.044270833333333336
0 0.7898148148148149 0.16041666666666665 0.07037037037037037 0.04791666666666666
0 0.5699074074074074 0.5515625 0.05648148148148149 0.03125
0 0.6310185185185185 0.50625 0.03425925925925926 0.03229166666666666
