0 0.03287037037037037 0.3763020833333333 0.06018518518518519 0.027604166666666666
0 0.12453703703703704 0.43307291666666664 0.04537037037037037 0.022395833333333334
0 0.15462962962962964 0.46510416666666665 0.0462962962962963 0.021875
0 0.1962962962962963 0.4791666666666667 0.04814814814814815 0.02395833333333333
0 0.31712962962962965 0.7716145833333333 0.049074074074074076 0.04114583333333333
0 0.23750000000000002 0.6252604166666667 0.05462962962962963 0.0296875
0 0.23287037037037037 0.60859375 0.05648148148148149 0.0390625
0 0.32685185185185184 0.5708333333333333 0.037037037037037035 0.029166666666666667
0 0.4777777777777778 0.2981770833333333 0.05 0.04114583333333333
0 0.41574074074074074 0.2526041666666667 0.07222222222222223 0.04479166666666667
0 0.41712962962962963 0.12369791666666667 0.06759259259259259 0.05677083333333333
0 0.07777777777777778 0.40234375 0.05740740740740741 0.024479166666666666
0 0.06944444444444445 0.8 0.053703703703703705 0.030208333333333334
0 0.01990740740740741 0.64765625 0.036111111111111115 0.030729166666666665
0 0.976388888888889 0.6330729166666667 0.04722222222222222 0.018229166666666668
0 0.9615740740740741 0.7278645833333334 0.05462962962962963 0.03697916666666667
0 0.9731481481481482 0.8544270833333333 0.053703703703703705 0.044270833333333336
0 0.9597222222222223 0.80546875 0.0712962962962963 0.043229166666666666
0 0.8023148148148148 0.54140625 0.04166666666666667 0.034895833333333334
0 0.7481481481481482 0.44427083333333334 0.08333333333333334 0.05
0 0.7486111111111111 0.73515625 0.05648148148148149 0.0234375
0 0.7305555555555556 0.7903645833333334 0.05740740740740741 0.0390625
0 0.6736111111111112 0.82578125 0.04722222222222222 0.0359375
0 0.6490740740740741 0.6325520833333333 0.05 0.033854166666666664
0 0.6138888888888889 0.5888020833333333 0.05925925925925926 0.033854166666666664
0 0.6449074074074075 0.4361979166666667 0.06018518518518519 0.0421875
0 0.6092592592592593 0.4583333333333333 0.044444444444444446 0.036458333333333336
0 0.5453703703703704 0.4796875 0.04814814814814815 0.027083333333333334
0 0.5523148148148148 0.44869791666666664 0.06944444444444445 0.044270833333333336
0 0.549074074074074 0.6151041666666667 0.0462962962962963 0.029166666666666667
0 0.576388888888889 0.73671875 0.05648148148148149 0.025520833333333333
0 0.524537037037037 0.7619791666666667 0.05277777777777778 0.036458333333333336
0 0.4986111111111111 0.9161458333333333 0.075 0.05520833333333333
0 0.4300925925925926 0.8036458333333333 0.07685185185185185 0.05
0 0.4041666666666667 0.9057291666666667 0.04722222222222222 0.027083333333333334
0 0.40694444444444444 0.7252604166666666 0.06944444444444445 0.043229166666666666
0 0.576388888888889 0.18098958333333334 0.05648148148148149 0.043229166666666666
0 0.7097222222222223 0.12942708333333333 0.05462962962962963 0.044270833333333336
0 0.775462962962963 0.15989583333333332 0.06944444444444445 0.04791666666666666
0 0.5532407407407408 0.5513020833333333 0.05648148148148149 0.03177083333333333
0 0.6125 0.5065104166666666 0.030555555555555558 0.03177083333333333
