0 0.07731481481481482 0.4317708333333333 0.05277777777777778 0.022916666666666665
0 0.1087962962962963 0.4627604166666667 0.05092592592592593 0.0203125
0 0.15324074074074073 0.4783854166666667 0.049074074074074076 0.0234375
0 0.2537037037037037 0.7682291666666666 0.05925925925925926 0.041666666666666664
0 0.1736111111111111 0.6283854166666667 0.04351851851851852 0.022395833333333334
0 0.16481481481481483 0.6091145833333333 0.05185185185185186 0.0359375
0 0.2652777777777778 0.5697916666666667 0.03796296296296296 0.030208333333333334
0 0.4337962962962963 0.2986979166666667 0.05462962962962963 0.03802083333333333
0 0.3601851851851852 0.26015625 0.05925925925925926 0.03697916666666667
0 0.3453703703703704 0.2520833333333333 0.07222222222222223 0.046875
0 0.35000000000000003 0.12343749999999999 0.06851851851851852 0.057291666666666664
0 0.030092592592592594 0.4005208333333333 0.058333333333333334 0.025
0 0.020370370370370372 0.7963541666666667 0.03888888888888889 0.027083333333333334
0 0.9861111111111112 0.625 0.02777777777777778 0.025
0 0.925462962962963 0.6377604166666666 0.062037037037037036 0.024479166666666666
0 0.8939814814814815 0.728125 0.05462962962962963 0.036458333333333336
0 0.9101851851851852 0.8546874999999999 0.07407407407407407 0.042708333333333334
0 0.8824074074074074 0.8057291666666666 0.07222222222222223 0.04375
0 0.725 0.5421875 0.03888888888888889 0.034375
0 0.6657407407407407 0.44505208333333335 0.08148148148148149 0.0484375
0 0.6731481481481482 0.7359375 0.053703703703703705 0.021875
0 0.6597222222222222 0.78984375 0.05462962962962963 0.034895833333333334
0 0.5935185185185186 0.8265625 0.037037037037037035 0.03229166666666666
0 0.5800925925925926 0.6328125 0.04722222222222222 0.03333333333333333
0 0.5453703703703704 0.5890625 0.05925925925925926 0.03333333333333333
0 0.5666666666666667 0.43671875 0.061111111111111116 0.0421875
0 0.5296296296296297 0.4583333333333333 0.05185185185185186 0.035416666666666666
0 0.47500000000000003 0.48046875 0.053703703703703705 0.027604166666666666
0 0.4759259259259259 0.44947916666666665 0.06851851851851852 0.042708333333333334
0 0.4953703703703704 0.6153645833333333 0.03518518518518519 0.0296875
0 0.5032407407407408 0.7369791666666666 0.05462962962962963 0.025
0 0.44583333333333336 0.7619791666666667 0.05648148148148149 0.034375
0 0.41250000000000003 0.9158854166666667 0.0787037037037037 0.0546875
0 0.350462962962963 0.8020833333333334 0.07314814814814816 0.052083333333333336
0 0.32222222222222224 0.9026041666666667 0.040740740740740744 0.027083333333333334
0 0.32916666666666666 0.7252604166666666 0.075 0.04114583333333333
0 0.5120370370370371 0.18125 0.05555555555555556 0.04375
0 0.650462962962963 0.13098958333333333 0.05277777777777778 0.043229166666666666
0 0.7162037037037037 0.16171875 0.06574074074074074 0.04739583333333333
0 0.4847222222222222 0.5515625 0.05648148148148149 0.03229166666666666
