0 0.26805555555555555 0.58984375 0.04722222222222222 0.0296875
0 0.13425925925925927 0.6895833333333333 0.020370370370370372 0.017708333333333333
0 0.1439814814814815 0.6669270833333333 0.03981481481481482 0.01614583333333333
0 0.3263888888888889 0.578125 0.032407407407407406 0.026041666666666668
0 0.3236111111111111 0.46588541666666666 0.03796296296296296 0.030729166666666665
0 0.46851851851851856 0.6596354166666667 0.03333333333333333 0.021354166666666667
0 0.5583333333333333 0.7161458333333334 0.020370370370370372 0.013541666666666667
0 0.5046296296296297 0.5390625 0.02777777777777778 0.01875
0 0.5847222222222223 0.5497395833333333 0.030555555555555558 0.021354166666666667
0 0.5310185185185186 0.5067708333333333 0.028703703703703703 0.014583333333333334
0 0.3893518518518519 0.48515625 0.05462962962962963 0.034895833333333334
0 0.5476851851851852 0.4466145833333333 0.04537037037037037 0.027604166666666666
0 0.2953703703703704 0.39791666666666664 0.024074074074074074 0.020833333333333332
0 0.23055555555555557 0.35260416666666666 0.03518518518518519 0.022916666666666665
0 0.2851851851851852 0.28854166666666664 0.03888888888888889 0.02395833333333333
0 0.27685185185185185 0.24895833333333334 0.044444444444444446 0.03125
0 0.19675925925925927 0.2825520833333333 0.032407407407407406 0.01614583333333333
0 0.05648148148148149 0.22005208333333334 0.02592592592592593 0.0140625
0 0.06851851851851852 0.25885416666666666 0.022222222222222223 0.0125
0 0.07361111111111111 0.25026041666666665 0.02314814814814815 0.013020833333333334
0 0.4902777777777778 0.32734375 0.03796296296296296 0.0296875
0 0.4625 0.32760416666666664 0.02314814814814815 0.020833333333333332
0 0.5018518518518519 0.2171875 0.02592592592592593 0.015625
0 0.4740740740740741 0.21614583333333334 0.020370370370370372 0.0125
0 0.36712962962962964 0.25286458333333334 0.04166666666666667 0.0296875
0 0.3439814814814815 0.27317708333333335 0.02314814814814815 0.019270833333333334
0 0.43842592592592594 0.2778645833333333 0.028703703703703703 0.01614583333333333
0 0.8837962962962963 0.8088541666666667 0.04351851851851852 0.016666666666666666
0 0.9842592592592593 0.8052083333333333 0.031481481481481485 0.021875
0 0.9310185185185186 0.7153645833333333 0.049074074074074076 0.027604166666666666
0 0.8990740740740741 0.6872395833333333 0.0462962962962963 0.027604166666666666
0 0.9319444444444445 0.6174479166666667 0.036111111111111115 0.0265625
0 0.9087962962962963 0.4421875 0.03981481481481482 0.026041666666666668
0 0.8898148148148148 0.41484375 0.04814814814814815 0.025520833333333333
0 0.9657407407407408 0.3697916666666667 0.040740740740740744 0.020833333333333332
0 0.8740740740740741 0.353125 0.037037037037037035 0.021875
0 0.8120370370370371 0.34322916666666664 0.0462962962962963 0.028125
0 0.8638888888888889 0.32109375 0.04259259259259259 0.025520833333333333
0 0.9893518518518519 0.2830729166666667 0.021296296296296296 0.013020833333333334
0 0.925462962962963 0.26067708333333334 0.032407407407407406 0.0140625
0 0.8731481481481482 0.24921875 0.044444444444444446 0.027604166666666666
0 0.8819444444444445 0.22421875 0.04537037037037037 0.022395833333333334
0 0.9398148148148149 0.19453125 0.05740740740740741 0.0390625
0 0.8402777777777778 0.24661458333333333 0.021296296296296296 0.0140625
0 0.8796296296296297 0.09765625 0.044444444444444446 0.028645833333333332
0 0.9555555555555556 0.00625 0.03518518518518519 0.010416666666666666
0 0.18333333333333335 0.12109375 0.053703703703703705 0.0453125
0 0.20370370370370372 0.3302083333333333 0.04259259259259259 0.019791666666666666
0 0.29444444444444445 0.46249999999999997 0.03518518518518519 0.019791666666666666
0 0.6837962962962963 0.6450520833333333 0.03425925925925926 0.015104166666666667
0 0.7291666666666667 0.60546875 0.036111111111111115 0.015104166666666667
0 0.6421296296296296 0.43906249999999997 0.025 0.013541666666666667
0 0.6615740740740741 0.42421875 0.03981481481481482 0.0234375
0 0.6671296296296296 0.39375 0.03796296296296296 0.019791666666666666
0 0.7337962962962963 0.37916666666666665 0.03981481481481482 0.02395833333333333
0 0.775 0.37526041666666665 0.03518518518518519 0.0171875
0 0.7782407407407408 0.36432291666666666 0.03981481481481482 0.0171875
0 0.21481481481481482 0.10182291666666667 0.037037037037037035 0.024479166666666666
0 0.1486111111111111 0.55 0.026851851851851852 0.011458333333333333
0 0.48055555555555557 0.40338541666666666 0.02962962962962963 0.019270833333333334
0 0.8523148148148149 0.84453125 0.030555555555555558 0.0203125
0 0.9435185185185185 0.5861979166666667 0.018518518518518517 0.018229166666666668
0 0.8796296296296297 0.4671875 0.03888888888888889 0.02395833333333333
