0 0.23796296296296296 0.5903645833333333 0.0462962962962963 0.030729166666666665
0 0.10092592592592593 0.6903645833333333 0.020370370370370372 0.0171875
0 0.11064814814814815 0.6666666666666666 0.04166666666666667 0.016666666666666666
0 0.2967592592592593 0.578125 0.036111111111111115 0.026041666666666668
0 0.28564814814814815 0.4661458333333333 0.036111111111111115 0.03125
0 0.4467592592592593 0.659375 0.036111111111111115 0.020833333333333332
0 0.48194444444444445 0.53828125 0.025 0.019270833333333334
0 0.5606481481481481 0.55 0.030555555555555558 0.021875
0 0.5078703703703704 0.50703125 0.026851851851851852 0.01614583333333333
0 0.350462962962963 0.48515625 0.05462962962962963 0.03697916666666667
0 0.5208333333333334 0.4466145833333333 0.04722222222222222 0.027604166666666666
0 0.4564814814814815 0.40208333333333335 0.02962962962962963 0.017708333333333333
0 0.2611111111111111 0.3984375 0.02962962962962963 0.016666666666666666
0 0.20185185185185187 0.3520833333333333 0.02962962962962963 0.02395833333333333
0 0.2537037037037037 0.2875 0.037037037037037035 0.025
0 0.23287037037037037 0.24895833333333334 0.04351851851851852 0.03229166666666666
0 0.16712962962962963 0.28151041666666665 0.03425925925925926 0.011979166666666666
0 0.029166666666666667 0.21875 0.026851851851851852 0.013541666666666667
0 0.04212962962962963 0.25755208333333335 0.02314814814814815 0.011979166666666666
0 0.04166666666666667 0.24687499999999998 0.03518518518518519 0.014583333333333334
0 0.46064814814814814 0.32708333333333334 0.03981481481481482 0.029166666666666667
0 0.4337962962962963 0.32786458333333335 0.019444444444444445 0.021354166666666667
0 0.4763888888888889 0.21640625 0.025 0.015104166666666667
0 0.4486111111111111 0.21614583333333334 0.021296296296296296 0.011458333333333333
0 0.33240740740740743 0.25364583333333335 0.0462962962962963 0.03125
0 0.30648148148148147 0.27109375 0.02592592592592593 0.022395833333333334
0 0.40601851851851856 0.2778645833333333 0.028703703703703703 0.01614583333333333
0 0.8550925925925926 0.8109375 0.03796296296296296 0.017708333333333333
0 0.9597222222222223 0.8057291666666666 0.032407407407407406 0.021875
0 0.9046296296296297 0.7153645833333333 0.05 0.025520833333333333
0 0.8745370370370371 0.6869791666666667 0.036111111111111115 0.034375
0 0.9032407407407408 0.6184895833333334 0.03981481481481482 0.0234375
0 0.8828703703703704 0.4432291666666667 0.03981481481481482 0.026041666666666668
0 0.8638888888888889 0.41510416666666666 0.04814814814814815 0.025
0 0.9453703703703704 0.36640625 0.04259259259259259 0.019270833333333334
0 0.850462962962963 0.3536458333333333 0.03425925925925926 0.021875
0 0.7870370370370371 0.34348958333333335 0.0462962962962963 0.027604166666666666
0 0.8393518518518519 0.32109375 0.04166666666666667 0.025520833333333333
0 0.9726851851851852 0.2830729166666667 0.04537037037037037 0.009895833333333333
0 0.9032407407407408 0.2609375 0.030555555555555558 0.014583333333333334
0 0.8495370370370371 0.24895833333333334 0.04722222222222222 0.027083333333333334
0 0.8550925925925926 0.22395833333333334 0.04166666666666667 0.026041666666666668
0 0.9092592592592593 0.19557291666666665 0.05555555555555556 0.0390625
0 0.8171296296296297 0.24661458333333333 0.019444444444444445 0.0140625
0 0.8541666666666667 0.09739583333333333 0.04722222222222222 0.027083333333333334
0 0.1398148148148148 0.12057291666666667 0.04814814814814815 0.044270833333333336
0 0.1851851851851852 0.3296875 0.02777777777777778 0.020833333333333332
0 0.2587962962962963 0.4614583333333333 0.032407407407407406 0.017708333333333333
0 0.6532407407407408 0.6455729166666666 0.03981481481481482 0.01614583333333333
0 0.7055555555555556 0.6059895833333333 0.037037037037037035 0.0140625
0 0.6162037037037037 0.43906249999999997 0.032407407407407406 0.0125
0 0.6365740740740741 0.4236979166666667 0.04166666666666667 0.0234375
0 0.6416666666666667 0.39427083333333335 0.03518518518518519 0.020833333333333332
0 0.7060185185185186 0.3794270833333333 0.03796296296296296 0.024479166666666666
0 0.7481481481481482 0.3755208333333333 0.03518518518518519 0.016666666666666666
0 0.7527777777777778 0.36484375 0.044444444444444446 0.01614583333333333
0 0.1212962962962963 0.5494791666666666 0.031481481481481485 0.009375
0 0.8240740740740741 0.84453125 0.031481481481481485 0.021354166666666667
0 0.9143518518518519 0.5877604166666667 0.019444444444444445 0.0203125
0 0.8532407407407407 0.4669270833333333 0.03796296296296296 0.0234375
