0 0.7861111111111111 0.5911458333333334 0.0462962962962963 0.030208333333333334
0 0.9240740740740742 0.6919270833333333 0.018518518518518517 0.0171875
0 0.9143518518518519 0.6682291666666667 0.04166666666666667 0.017708333333333333
0 0.725 0.57890625 0.03518518518518519 0.025520833333333333
0 0.7449074074074075 0.4669270833333333 0.03425925925925926 0.030729166666666665
0 0.5694444444444444 0.6598958333333333 0.037037037037037035 0.020833333333333332
0 0.5361111111111111 0.5393229166666667 0.024074074074074074 0.018229166666666668
0 0.45833333333333337 0.55 0.02962962962962963 0.021875
0 0.5111111111111112 0.5075520833333333 0.02777777777777778 0.01614583333333333
0 0.6810185185185186 0.4861979166666667 0.05648148148148149 0.0359375
0 0.500462962962963 0.4473958333333333 0.04722222222222222 0.028125
0 0.5638888888888889 0.40338541666666666 0.02962962962962963 0.01614583333333333
0 0.7652777777777778 0.39791666666666664 0.028703703703703703 0.017708333333333333
0 0.8245370370370371 0.35234375 0.032407407407407406 0.0234375
0 0.7726851851851853 0.28671875 0.036111111111111115 0.027604166666666666
0 0.799537037037037 0.24921875 0.04537037037037037 0.03177083333333333
0 0.8555555555555556 0.28151041666666665 0.02962962962962963 0.011979166666666666
0 0.9898148148148148 0.21901041666666665 0.020370370370370372 0.015104166666666667
0 0.9810185185185185 0.25859375 0.02314814814814815 0.011979166666666666
0 0.9791666666666667 0.24791666666666667 0.030555555555555558 0.013541666666666667
0 0.5625 0.32734375 0.03981481481481482 0.028645833333333332
0 0.5893518518518519 0.32838541666666665 0.019444444444444445 0.021354166666666667
0 0.5439814814814815 0.21614583333333334 0.025 0.014583333333333334
0 0.5726851851851852 0.21588541666666666 0.021296296296296296 0.011979166666666666
0 0.6953703703703704 0.25390625 0.04814814814814815 0.03177083333333333
0 0.7226851851851852 0.2716145833333333 0.026851851851851852 0.0203125
0 0.6180555555555556 0.27838541666666666 0.028703703703703703 0.01614583333333333
0 0.16527777777777777 0.8130208333333333 0.036111111111111115 0.016666666666666666
0 0.06018518518518519 0.8052083333333333 0.03333333333333333 0.021875
0 0.11481481481481481 0.7153645833333333 0.05 0.025520833333333333
0 0.14351851851851852 0.6869791666666667 0.040740740740740744 0.03229166666666666
0 0.11805555555555557 0.6182291666666666 0.03981481481481482 0.02395833333333333
0 0.13703703703703704 0.4427083333333333 0.03888888888888889 0.026041666666666668
0 0.1564814814814815 0.41510416666666666 0.04814814814814815 0.025
0 0.07083333333333333 0.3671875 0.04166666666666667 0.015625
0 0.1675925925925926 0.3533854166666667 0.03333333333333333 0.022395833333333334
0 0.2337962962962963 0.34375 0.04537037037037037 0.028125
0 0.17962962962962964 0.3216145833333333 0.040740740740740744 0.025520833333333333
0 0.047685185185185185 0.2828125 0.04166666666666667 0.010416666666666666
0 0.11388888888888889 0.26067708333333334 0.02962962962962963 0.0140625
0 0.17083333333333334 0.24895833333333334 0.04537037037037037 0.027083333333333334
0 0.16620370370370371 0.22291666666666665 0.04351851851851852 0.028125
0 0.11527777777777778 0.19505208333333332 0.05648148148148149 0.0390625
0 0.20185185185185187 0.24687499999999998 0.020370370370370372 0.013541666666666667
0 0.16620370370370371 0.09765625 0.04722222222222222 0.027604166666666666
0 0.8953703703703704 0.12135416666666667 0.04814814814814815 0.042708333333333334
0 0.8398148148148148 0.33046875 0.02777777777777778 0.0203125
0 0.7694444444444445 0.4630208333333333 0.02777777777777778 0.017708333333333333
0 0.36342592592592593 0.64609375 0.03981481481481482 0.018229166666666668
0 0.312962962962963 0.6059895833333333 0.037037037037037035 0.0140625
0 0.40324074074074073 0.4393229166666667 0.032407407407407406 0.013020833333333334
0 0.3837962962962963 0.4239583333333333 0.04166666666666667 0.022916666666666665
0 0.3787037037037037 0.39453125 0.03333333333333333 0.0203125
0 0.31574074074074077 0.3794270833333333 0.037037037037037035 0.024479166666666666
0 0.27314814814814814 0.37578125 0.037037037037037035 0.0171875
0 0.26851851851851855 0.3653645833333333 0.0462962962962963 0.0171875
0 0.899537037037037 0.55 0.032407407407407406 0.010416666666666666
0 0.1962962962962963 0.8442708333333333 0.031481481481481485 0.022916666666666665
0 0.10601851851851853 0.5885416666666666 0.021296296296296296 0.021875
0 0.1675925925925926 0.4671875 0.03888888888888889 0.025
0 0.014351851851851852 0.74453125 0.025 0.0234375
0 0.020370370370370372 0.25703125 0.02962962962962963 0.021354166666666667
0 0.6800925925925926 0.31927083333333334 0.02314814814814815 0.014583333333333334
