0 0.7953703703703704 0.5916666666666667 0.0462962962962963 0.030208333333333334
0 0.925462962962963 0.66875 0.03981481481481482 0.017708333333333333
0 0.7342592592592593 0.57890625 0.03518518518518519 0.0265625
0 0.7583333333333334 0.4671875 0.03333333333333333 0.03125
0 0.576388888888889 0.66015625 0.036111111111111115 0.021354166666666667
0 0.5439814814814815 0.5390625 0.02314814814814815 0.01875
0 0.46620370370370373 0.5502604166666667 0.030555555555555558 0.021354166666666667
0 0.5194444444444445 0.5072916666666667 0.02962962962962963 0.015625
0 0.6939814814814815 0.48593749999999997 0.058333333333333334 0.035416666666666666
0 0.5087962962962963 0.4473958333333333 0.04722222222222222 0.028125
0 0.775462962962963 0.39817708333333335 0.026851851851851852 0.019270833333333334
0 0.8351851851851853 0.35260416666666666 0.03333333333333333 0.02395833333333333
0 0.7837962962962963 0.2869791666666667 0.036111111111111115 0.028125
0 0.8162037037037038 0.24947916666666667 0.04537037037037037 0.03125
0 0.8666666666666667 0.2817708333333333 0.02777777777777778 0.011458333333333333
0 0.9893518518518519 0.25807291666666665 0.021296296296296296 0.013020833333333334
0 0.987037037037037 0.25104166666666666 0.02592592592592593 0.017708333333333333
0 0.5726851851851852 0.32760416666666664 0.03981481481481482 0.028125
0 0.5990740740740741 0.32786458333333335 0.020370370370370372 0.0203125
0 0.5532407407407408 0.21692708333333333 0.026851851851851852 0.015104166666666667
0 0.5805555555555556 0.21614583333333334 0.020370370370370372 0.011458333333333333
0 0.7074074074074075 0.2546875 0.05 0.028125
0 0.7356481481481482 0.271875 0.025 0.021875
0 0.6296296296296297 0.2791666666666667 0.02592592592592593 0.016666666666666666
0 0.17407407407407408 0.81328125 0.037037037037037035 0.018229166666666668
0 0.06898148148148149 0.8057291666666666 0.03425925925925926 0.022916666666666665
0 0.12314814814814816 0.715625 0.04814814814814815 0.026041666666666668
0 0.15185185185185185 0.6869791666666667 0.040740740740740744 0.03229166666666666
0 0.12731481481481483 0.61875 0.04166666666666667 0.02395833333333333
0 0.14537037037037037 0.4432291666666667 0.040740740740740744 0.026041666666666668
0 0.1638888888888889 0.41510416666666666 0.04814814814814815 0.025
0 0.07685185185185185 0.36796875 0.04259259259259259 0.015104166666666667
0 0.17546296296296296 0.353125 0.032407407407407406 0.022916666666666665
0 0.24212962962962964 0.34401041666666665 0.04537037037037037 0.027604166666666666
0 0.18842592592592594 0.3216145833333333 0.04166666666666667 0.025520833333333333
0 0.05555555555555556 0.2825520833333333 0.04259259259259259 0.0109375
0 0.11990740740740741 0.2604166666666667 0.028703703703703703 0.014583333333333334
0 0.1787037037037037 0.24921875 0.0462962962962963 0.0265625
0 0.1736111111111111 0.22291666666666665 0.04351851851851852 0.028125
0 0.125 0.1953125 0.05555555555555556 0.03854166666666667
0 0.20925925925925926 0.24661458333333333 0.020370370370370372 0.015104166666666667
0 0.17500000000000002 0.09869791666666666 0.04814814814814815 0.027604166666666666
0 0.9120370370370371 0.12265625 0.04814814814814815 0.0421875
0 0.850925925925926 0.3307291666666667 0.02777777777777778 0.020833333333333332
0 0.7828703703703704 0.4630208333333333 0.026851851851851852 0.015625
0 0.3689814814814815 0.6466145833333333 0.03981481481481482 0.019270833333333334
0 0.32083333333333336 0.60625 0.03796296296296296 0.014583333333333334
0 0.018518518518518517 0.7432291666666666 0.03333333333333333 0.026041666666666668
0 0.41250000000000003 0.43906249999999997 0.032407407407407406 0.0125
0 0.39166666666666666 0.42473958333333334 0.04259259259259259 0.0234375
0 0.38796296296296295 0.39453125 0.03333333333333333 0.0203125
0 0.32453703703703707 0.37994791666666666 0.03796296296296296 0.024479166666666666
0 0.2814814814814815 0.37578125 0.037037037037037035 0.0171875
0 0.27685185185185185 0.36484375 0.04814814814814815 0.0171875
0 0.9074074074074074 0.5494791666666666 0.03333333333333333 0.009375
0 0.20601851851851852 0.8440104166666667 0.032407407407407406 0.0234375
0 0.11527777777777778 0.5888020833333333 0.021296296296296296 0.022395833333333334
0 0.17546296296296296 0.4674479166666667 0.03796296296296296 0.024479166666666666
0 0.02777777777777778 0.25729166666666664 0.02962962962962963 0.021875
0 0.6907407407407408 0.31927083333333334 0.02592592592592593 0.014583333333333334
