0 0.2064814814814815 0.5916666666666667 0.0462962962962963 0.030208333333333334
0 0.0763888888888889 0.66875 0.03981481481481482 0.017708333333333333
0 0.2675925925925926 0.57890625 0.03518518518518519 0.0265625
0 0.24351851851851852 0.4671875 0.03333333333333333 0.03125
0 0.425462962962963 0.66015625 0.036111111111111115 0.021354166666666667
0 0.45787037037037037 0.5390625 0.02314814814814815 0.01875
0 0.5356481481481482 0.5502604166666667 0.030555555555555558 0.021354166666666667
0 0.48240740740740745 0.5072916666666667 0.02962962962962963 0.015625
0 0.3078703703703704 0.48593749999999997 0.058333333333333334 0.035416666666666666
0 0.4930555555555556 0.4473958333333333 0.04722222222222222 0.028125
0 0.2263888888888889 0.39817708333333335 0.026851851851851852 0.019270833333333334
0 0.16666666666666669 0.35260416666666666 0.03333333333333333 0.02395833333333333
0 0.21805555555555556 0.2869791666666667 0.036111111111111115 0.028125
0 0.18564814814814815 0.24947916666666667 0.04537037037037037 0.03125
0 0.13518518518518519 0.2817708333333333 0.02777777777777778 0.011458333333333333
0 0.0125 0.25807291666666665 0.021296296296296296 0.013020833333333334
0 0.014814814814814815 0.25104166666666666 0.02592592592592593 0.017708333333333333
0 0.4291666666666667 0.32760416666666664 0.03981481481481482 0.028125
0 0.4027777777777778 0.32786458333333335 0.020370370370370372 0.0203125
0 0.4486111111111111 0.21692708333333333 0.026851851851851852 0.015104166666666667
0 0.42129629629629634 0.21614583333333334 0.020370370370370372 0.011458333333333333
0 0.29444444444444445 0.2546875 0.05 0.028125
0 0.2662037037037037 0.271875 0.025 0.021875
0 0.37222222222222223 0.2791666666666667 0.02592592592592593 0.016666666666666666
0 0.8277777777777778 0.81328125 0.037037037037037035 0.018229166666666668
0 0.9328703703703705 0.8057291666666666 0.03425925925925926 0.022916666666666665
0 0.8787037037037038 0.715625 0.04814814814814815 0.026041666666666668
0 0.85 0.6869791666666667 0.040740740740740744 0.03229166666666666
0 0.8745370370370371 0.61875 0.04166666666666667 0.02395833333333333
0 0.8564814814814815 0.4432291666666667 0.040740740740740744 0.026041666666666668
0 0.837962962962963 0.41510416666666666 0.04814814814814815 0.025
0 0.925 0.36796875 0.04259259259259259 0.015104166666666667
0 0.826388888888889 0.353125 0.032407407407407406 0.022916666666666665
0 0.7597222222222223 0.34401041666666665 0.04537037037037037 0.027604166666666666
0 0.813425925925926 0.3216145833333333 0.04166666666666667 0.025520833333333333
0 0.9462962962962963 0.2825520833333333 0.04259259259259259 0.0109375
0 0.8819444444444445 0.2604166666666667 0.028703703703703703 0.014583333333333334
0 0.8231481481481482 0.24921875 0.0462962962962963 0.0265625
0 0.8282407407407407 0.22291666666666665 0.04351851851851852 0.028125
0 0.8768518518518519 0.1953125 0.05555555555555556 0.03854166666666667
0 0.7925925925925926 0.24661458333333333 0.020370370370370372 0.015104166666666667
0 0.8268518518518518 0.09869791666666666 0.04814814814814815 0.027604166666666666
0 0.08981481481481482 0.12265625 0.04814814814814815 0.0421875
0 0.15092592592592594 0.3307291666666667 0.02777777777777778 0.020833333333333332
0 0.2189814814814815 0.4630208333333333 0.026851851851851852 0.015625
0 0.6328703703703704 0.6466145833333333 0.03981481481481482 0.019270833333333334
0 0.6810185185185186 0.60625 0.03796296296296296 0.014583333333333334
0 0.9833333333333334 0.7432291666666666 0.03333333333333333 0.026041666666666668
0 0.5893518518518519 0.43906249999999997 0.032407407407407406 0.0125
0 0.6101851851851852 0.42473958333333334 0.04259259259259259 0.0234375
0 0.6138888888888889 0.39453125 0.03333333333333333 0.0203125
0 0.6773148148148148 0.37994791666666666 0.03796296296296296 0.024479166666666666
0 0.7203703703703704 0.37578125 0.037037037037037035 0.0171875
0 0.725 0.36484375 0.04814814814814815 0.0171875
0 0.09444444444444444 0.5494791666666666 0.03333333333333333 0.009375
0 0.7958333333333334 0.8440104166666667 0.032407407407407406 0.0234375
0 0.8865740740740741 0.5888020833333333 0.021296296296296296 0.022395833333333334
0 0.826388888888889 0.4674479166666667 0.03796296296296296 0.024479166666666666
0 0.9740740740740741 0.25729166666666664 0.02962962962962963 0.021875
0 0.3111111111111111 0.31927083333333334 0.02592592592592593 0.014583333333333334
