0 0.1962962962962963 0.5921875 0.0462962962962963 0.030208333333333334
0 0.06574074074074074 0.66875 0.040740740740740744 0.017708333333333333
0 0.25787037037037036 0.5791666666666666 0.036111111111111115 0.026041666666666668
0 0.23194444444444445 0.4669270833333333 0.032407407407407406 0.030729166666666665
0 0.4189814814814815 0.6596354166666667 0.03796296296296296 0.021354166666666667
0 0.45092592592592595 0.5393229166666667 0.022222222222222223 0.018229166666666668
0 0.5277777777777778 0.5502604166666667 0.02962962962962963 0.021354166666666667
0 0.47500000000000003 0.5075520833333333 0.02962962962962963 0.01614583333333333
0 0.2949074074074074 0.48593749999999997 0.058333333333333334 0.035416666666666666
0 0.48379629629629634 0.4473958333333333 0.04722222222222222 0.028125
0 0.2152777777777778 0.39817708333333335 0.026851851851851852 0.0203125
0 0.15787037037037038 0.3528645833333333 0.030555555555555558 0.024479166666666666
0 0.20601851851851852 0.28671875 0.036111111111111115 0.028645833333333332
0 0.17175925925925928 0.24921875 0.04537037037037037 0.030729166666666665
0 0.12592592592592594 0.2817708333333333 0.02592592592592593 0.011458333333333333
0 0.010185185185185186 0.25026041666666665 0.018518518518518517 0.0171875
0 0.4189814814814815 0.32734375 0.03981481481481482 0.028645833333333332
0 0.3939814814814815 0.328125 0.019444444444444445 0.019791666666666666
0 0.44212962962962965 0.21640625 0.026851851851851852 0.0140625
0 0.412962962962963 0.21588541666666666 0.020370370370370372 0.0109375
0 0.2935185185185185 0.2544270833333333 0.03888888888888889 0.0265625
0 0.25462962962962965 0.27239583333333334 0.02592592592592593 0.022916666666666665
0 0.3615740740740741 0.2786458333333333 0.021296296296296296 0.015625
0 0.8199074074074074 0.8143229166666667 0.03796296296296296 0.018229166666666668
0 0.924537037037037 0.80625 0.03425925925925926 0.022916666666666665
0 0.8703703703703703 0.7153645833333333 0.04814814814814815 0.025520833333333333
0 0.8421296296296297 0.6872395833333333 0.04351851851851852 0.030729166666666665
0 0.8652777777777778 0.61875 0.04166666666666667 0.02395833333333333
0 0.8486111111111111 0.4432291666666667 0.03981481481481482 0.026041666666666668
0 0.8305555555555556 0.4153645833333333 0.04814814814814815 0.024479166666666666
0 0.9199074074074074 0.3684895833333333 0.04351851851851852 0.0171875
0 0.8203703703703704 0.3533854166666667 0.03333333333333333 0.022395833333333334
0 0.7523148148148149 0.3442708333333333 0.04537037037037037 0.028125
0 0.8064814814814815 0.3216145833333333 0.04259259259259259 0.025520833333333333
0 0.9375 0.2828125 0.03796296296296296 0.011458333333333333
0 0.8745370370370371 0.26015625 0.028703703703703703 0.0140625
0 0.8166666666666667 0.24921875 0.0462962962962963 0.0265625
0 0.8208333333333334 0.22239583333333332 0.04166666666666667 0.028125
0 0.8685185185185186 0.19557291666666665 0.05555555555555556 0.03802083333333333
0 0.7856481481481482 0.24661458333333333 0.021296296296296296 0.015104166666666667
0 0.8194444444444445 0.09895833333333333 0.04814814814814815 0.028125
0 0.0787037037037037 0.12369791666666667 0.05185185185185186 0.0390625
0 0.14074074074074075 0.33125 0.02777777777777778 0.020833333333333332
0 0.20740740740740743 0.46380208333333334 0.02592592592592593 0.01614583333333333
0 0.625 0.6466145833333333 0.03888888888888889 0.019270833333333334
0 0.674074074074074 0.60625 0.03888888888888889 0.014583333333333334
0 0.5814814814814815 0.4395833333333333 0.03518518518518519 0.0125
0 0.6023148148148149 0.42421875 0.04166666666666667 0.0234375
0 0.6064814814814815 0.39479166666666665 0.03333333333333333 0.019791666666666666
0 0.6689814814814815 0.37994791666666666 0.03796296296296296 0.024479166666666666
0 0.7115740740740741 0.37604166666666666 0.036111111111111115 0.017708333333333333
0 0.7162037037037037 0.3653645833333333 0.049074074074074076 0.0171875
0 0.08703703703703704 0.5489583333333333 0.02962962962962963 0.009375
0 0.7870370370370371 0.8442708333333333 0.03333333333333333 0.02395833333333333
0 0.8773148148148149 0.5888020833333333 0.02314814814814815 0.022395833333333334
0 0.8185185185185185 0.4674479166666667 0.03888888888888889 0.024479166666666666
0 0.9671296296296297 0.25729166666666664 0.028703703703703703 0.021875
0 0.30092592592592593 0.31875 0.02777777777777778 0.014583333333333334
0 0.9773148148148149 0.7432291666666666 0.04351851851851852 0.027083333333333334
