0 0.825925925925926 0.5919270833333333 0.0462962962962963 0.0296875
0 0.9587962962962964 0.6684895833333333 0.04166666666666667 0.0171875
0 0.763888888888889 0.57890625 0.037037037037037035 0.025520833333333333
0 0.7962962962962963 0.4666666666666667 0.031481481481481485 0.030208333333333334
0 0.5981481481481482 0.6596354166666667 0.037037037037037035 0.021354166666666667
0 0.5666666666666667 0.5390625 0.022222222222222223 0.016666666666666666
0 0.4902777777777778 0.5505208333333333 0.028703703703703703 0.021875
0 0.5425925925925926 0.5072916666666667 0.02962962962962963 0.015625
0 0.7337962962962963 0.48593749999999997 0.062037037037037036 0.036458333333333336
0 0.5347222222222222 0.44687499999999997 0.04722222222222222 0.028125
0 0.8101851851851852 0.39817708333333335 0.02962962962962963 0.0203125
0 0.8657407407407408 0.3520833333333333 0.02962962962962963 0.02395833333333333
0 0.8175925925925926 0.28619791666666666 0.02962962962962963 0.028645833333333332
0 0.8587962962962963 0.24869791666666666 0.03981481481481482 0.030729166666666665
0 0.8958333333333334 0.28151041666666665 0.02314814814814815 0.011979166666666666
0 0.6018518518518519 0.32734375 0.040740740740740744 0.028645833333333332
0 0.6263888888888889 0.32838541666666665 0.019444444444444445 0.0203125
0 0.5782407407407407 0.21796875 0.025 0.018229166666666668
0 0.6050925925925926 0.21562499999999998 0.019444444444444445 0.011458333333333333
0 0.7393518518518519 0.2544270833333333 0.05092592592592593 0.028645833333333332
0 0.7722222222222223 0.2703125 0.024074074074074074 0.01875
0 0.6592592592592593 0.27890625 0.018518518518518517 0.015104166666666667
0 0.2013888888888889 0.8158854166666667 0.03796296296296296 0.019270833333333334
0 0.0962962962962963 0.8067708333333333 0.03333333333333333 0.021875
0 0.1486111111111111 0.7158854166666666 0.049074074074074076 0.025520833333333333
0 0.17685185185185187 0.6872395833333333 0.044444444444444446 0.030729166666666665
0 0.15555555555555556 0.6190104166666667 0.04259259259259259 0.0234375
0 0.17083333333333334 0.44375 0.03981481481481482 0.026041666666666668
0 0.1875 0.41562499999999997 0.04722222222222222 0.025
0 0.09537037037037037 0.36875 0.044444444444444446 0.016666666666666666
0 0.19675925925925927 0.3533854166666667 0.030555555555555558 0.0234375
0 0.26666666666666666 0.34401041666666665 0.044444444444444446 0.027604166666666666
0 0.2111111111111111 0.3221354166666667 0.04259259259259259 0.025520833333333333
0 0.07685185185185185 0.2825520833333333 0.037037037037037035 0.011979166666666666
0 0.14027777777777778 0.2609375 0.028703703703703703 0.014583333333333334
0 0.20046296296296298 0.24947916666666667 0.04537037037037037 0.027083333333333334
0 0.19675925925925927 0.22291666666666665 0.04351851851851852 0.028125
0 0.15324074074074073 0.19557291666666665 0.05462962962962963 0.03802083333333333
0 0.23148148148148148 0.24609375 0.020370370370370372 0.01614583333333333
0 0.19722222222222224 0.09921875 0.044444444444444446 0.028645833333333332
0 0.9458333333333334 0.12005208333333334 0.05462962962962963 0.043229166666666666
0 0.8828703703703704 0.33098958333333334 0.032407407407407406 0.022395833333333334
0 0.8189814814814815 0.46380208333333334 0.021296296296296296 0.0140625
0 0.3925925925925926 0.6471354166666666 0.040740740740740744 0.019270833333333334
0 0.34351851851851856 0.6059895833333333 0.037037037037037035 0.0140625
0 0.43703703703703706 0.4388020833333333 0.03518518518518519 0.013020833333333334
0 0.4166666666666667 0.4244791666666667 0.04259259259259259 0.022916666666666665
0 0.41203703703703703 0.39479166666666665 0.03333333333333333 0.019791666666666666
0 0.350462962962963 0.3802083333333333 0.03981481481481482 0.02395833333333333
0 0.30694444444444446 0.37604166666666666 0.03796296296296296 0.017708333333333333
0 0.30092592592592593 0.365625 0.053703703703703705 0.017708333333333333
0 0.9273148148148148 0.5502604166666667 0.032407407407407406 0.0109375
0 0.23425925925925928 0.8440104166666667 0.03333333333333333 0.024479166666666666
0 0.14351851851851852 0.5895833333333333 0.024074074074074074 0.022916666666666665
0 0.20231481481481484 0.46875 0.04166666666666667 0.027083333333333334
0 0.1287037037037037 0.20703125 0.022222222222222223 0.018229166666666668
0 0.015277777777777779 0.0734375 0.026851851851851852 0.040625
0 0.7611111111111112 0.19557291666666665 0.020370370370370372 0.01614583333333333
0 0.04953703703703704 0.2583333333333333 0.028703703703703703 0.020833333333333332
0 0.7208333333333333 0.3184895833333333 0.028703703703703703 0.015104166666666667
0 0.043055555555555555 0.74296875 0.04722222222222222 0.027604166666666666
