0 0.16574074074074074 0.5916666666666667 0.0462962962962963 0.030208333333333334
0 0.032407407407407406 0.6684895833333333 0.040740740740740744 0.0171875
0 0.22962962962962963 0.5791666666666666 0.037037037037037035 0.025
0 0.1925925925925926 0.4666666666666667 0.02962962962962963 0.030208333333333334
0 0.3962962962962963 0.66015625 0.037037037037037035 0.021354166666666667
0 0.4273148148148148 0.5390625 0.019444444444444445 0.016666666666666666
0 0.5032407407407408 0.55078125 0.028703703703703703 0.021354166666666667
0 0.45231481481481484 0.5078125 0.028703703703703703 0.015625
0 0.25601851851851853 0.4856770833333333 0.0638888888888889 0.0359375
0 0.45787037037037037 0.4473958333333333 0.04722222222222222 0.028125
0 0.18055555555555555 0.39765625 0.02777777777777778 0.021354166666666667
0 0.12731481481481483 0.3515625 0.028703703703703703 0.02395833333333333
0 0.17222222222222222 0.28671875 0.02777777777777778 0.0265625
0 0.12731481481481483 0.24895833333333334 0.03796296296296296 0.030208333333333334
0 0.09444444444444444 0.2817708333333333 0.022222222222222223 0.0125
0 0.3893518518518519 0.32708333333333334 0.03981481481481482 0.028125
0 0.3652777777777778 0.32734375 0.019444444444444445 0.018229166666666668
0 0.41435185185185186 0.21848958333333332 0.025 0.0203125
0 0.3888888888888889 0.21744791666666666 0.020370370370370372 0.015104166666666667
0 0.25 0.25494791666666666 0.05185185185185186 0.027604166666666666
0 0.21712962962962964 0.26927083333333335 0.02314814814814815 0.016666666666666666
0 0.33472222222222225 0.2791666666666667 0.021296296296296296 0.014583333333333334
0 0.7935185185185185 0.8171875 0.037037037037037035 0.020833333333333332
0 0.8958333333333334 0.8065104166666667 0.032407407407407406 0.022395833333333334
0 0.8449074074074074 0.7158854166666666 0.049074074074074076 0.025520833333333333
0 0.8171296296296297 0.6875 0.04537037037037037 0.030208333333333334
0 0.8365740740740741 0.61875 0.04166666666666667 0.02395833333333333
0 0.8231481481481482 0.4434895833333333 0.040740740740740744 0.0265625
0 0.8055555555555556 0.41562499999999997 0.04814814814814815 0.025
0 0.899537037037037 0.3692708333333333 0.04537037037037037 0.017708333333333333
0 0.7981481481481482 0.3533854166666667 0.031481481481481485 0.0234375
0 0.7273148148148149 0.34453125 0.04537037037037037 0.027604166666666666
0 0.7819444444444444 0.3221354166666667 0.04166666666666667 0.025520833333333333
0 0.9175925925925926 0.2830729166666667 0.04259259259259259 0.011979166666666666
0 0.8541666666666667 0.26067708333333334 0.026851851851851852 0.015104166666666667
0 0.7930555555555556 0.24973958333333332 0.04537037037037037 0.0265625
0 0.7958333333333334 0.22343749999999998 0.04351851851851852 0.028125
0 0.8388888888888889 0.19557291666666665 0.05555555555555556 0.03802083333333333
0 0.762962962962963 0.24635416666666665 0.020370370370370372 0.016666666666666666
0 0.07731481481481482 0.10286458333333333 0.05462962962962963 0.025520833333333333
0 0.7967592592592593 0.0984375 0.04537037037037037 0.03125
0 0.04814814814814815 0.11692708333333333 0.06481481481481481 0.044270833333333336
0 0.1087962962962963 0.33046875 0.032407407407407406 0.022395833333333334
0 0.17175925925925928 0.46380208333333334 0.019444444444444445 0.013020833333333334
0 0.22916666666666669 0.1953125 0.02314814814814815 0.016666666666666666
0 0.6018518518518519 0.6471354166666666 0.03888888888888889 0.019270833333333334
0 0.65 0.60625 0.037037037037037035 0.013541666666666667
0 0.5569444444444445 0.43906249999999997 0.03425925925925926 0.0125
0 0.5777777777777778 0.4244791666666667 0.04259259259259259 0.022916666666666665
0 0.5800925925925926 0.3950520833333333 0.032407407407407406 0.0203125
0 0.6421296296296296 0.3802083333333333 0.036111111111111115 0.02395833333333333
0 0.6856481481481482 0.3763020833333333 0.03796296296296296 0.018229166666666668
0 0.6925925925925926 0.365625 0.053703703703703705 0.017708333333333333
0 0.06712962962962964 0.5505208333333333 0.03425925925925926 0.011458333333333333
0 0.7583333333333334 0.84375 0.03333333333333333 0.025
0 0.8490740740740741 0.58984375 0.024074074074074074 0.0234375
0 0.7916666666666667 0.46901041666666665 0.040740740740740744 0.0265625
0 0.862962962962963 0.20703125 0.024074074074074074 0.019270833333333334
0 0.9810185185185185 0.07317708333333334 0.03796296296296296 0.043229166666666666
0 0.9449074074074074 0.25859375 0.030555555555555558 0.0203125
0 0.2726851851851852 0.3184895833333333 0.026851851851851852 0.015104166666666667
0 0.9495370370370371 0.7421875 0.049074074074074076 0.030208333333333334
