0 0.8981481481481481 0.5919270833333333 0.044444444444444446 0.0296875
0 0.8328703703703704 0.5794270833333334 0.04166666666666667 0.0265625
0 0.887962962962963 0.46640624999999997 0.02592592592592593 0.028645833333333332
0 0.5472222222222223 0.55078125 0.02777777777777778 0.021354166666666667
0 0.5962962962962963 0.5075520833333333 0.031481481481481485 0.01614583333333333
0 0.8231481481481482 0.48541666666666666 0.06666666666666667 0.035416666666666666
0 0.5976851851851852 0.4473958333333333 0.04722222222222222 0.028125
0 0.8893518518518518 0.3997395833333333 0.028703703703703703 0.018229166666666668
0 0.9361111111111111 0.35104166666666664 0.02962962962962963 0.022916666666666665
0 0.9537037037037037 0.24739583333333334 0.04814814814814815 0.029166666666666667
0 0.9699074074074074 0.28151041666666665 0.015740740740740743 0.009895833333333333
0 0.6726851851851852 0.32760416666666664 0.04166666666666667 0.029166666666666667
0 0.6638888888888889 0.2171875 0.022222222222222223 0.013541666666666667
0 0.8074074074074075 0.253125 0.05 0.028125
0 0.8574074074074074 0.271875 0.031481481481481485 0.013541666666666667
0 0.2574074074074074 0.8182291666666667 0.04259259259259259 0.025
0 0.15833333333333333 0.80703125 0.031481481481481485 0.021354166666666667
0 0.2087962962962963 0.7151041666666667 0.04722222222222222 0.022916666666666665
0 0.2351851851851852 0.6875 0.0462962962962963 0.03125
0 0.22175925925925927 0.6184895833333334 0.04166666666666667 0.0234375
0 0.23055555555555557 0.44427083333333334 0.040740740740740744 0.026041666666666668
0 0.2449074074074074 0.4161458333333333 0.04722222222222222 0.025
0 0.14305555555555557 0.3703125 0.03981481481481482 0.01875
0 0.24861111111111112 0.35494791666666664 0.028703703703703703 0.022395833333333334
0 0.32546296296296295 0.3442708333333333 0.04537037037037037 0.027083333333333334
0 0.010185185185185186 0.3380208333333333 0.016666666666666666 0.030208333333333334
0 0.2689814814814815 0.3221354166666667 0.03981481481481482 0.025520833333333333
0 0.13148148148148148 0.28463541666666664 0.02962962962962963 0.015104166666666667
0 0.18935185185185185 0.2609375 0.025 0.0125
0 0.25601851851851853 0.24973958333333332 0.04537037037037037 0.0265625
0 0.25277777777777777 0.22552083333333334 0.04259259259259259 0.025
0 0.22361111111111112 0.19609375 0.05277777777777778 0.03802083333333333
0 0.2851851851851852 0.24661458333333333 0.020370370370370372 0.01614583333333333
0 0.2513888888888889 0.09817708333333333 0.04537037037037037 0.0328125
0 0.9574074074074075 0.3294270833333333 0.040740740740740744 0.022395833333333334
0 0.44583333333333336 0.64765625 0.04537037037037037 0.019270833333333334
0 0.3976851851851852 0.60625 0.03796296296296296 0.014583333333333334
0 0.49259259259259264 0.43906249999999997 0.040740740740740744 0.0125
0 0.47453703703703703 0.4244791666666667 0.04166666666666667 0.022916666666666665
0 0.4712962962962963 0.39557291666666666 0.031481481481481485 0.019270833333333334
0 0.41203703703703703 0.3796875 0.03518518518518519 0.02395833333333333
0 0.3689814814814815 0.3765625 0.03981481481481482 0.01875
0 0.36203703703703705 0.365625 0.05740740740740741 0.01875
0 0.9824074074074074 0.553125 0.03518518518518519 0.009375
0 0.29953703703703705 0.8434895833333333 0.036111111111111115 0.025520833333333333
0 0.04166666666666667 0.7822916666666666 0.04814814814814815 0.026041666666666668
0 0.022685185185185187 0.8799479166666666 0.04166666666666667 0.022395833333333334
0 0.04490740740740741 0.5549479166666667 0.032407407407407406 0.0234375
0 0.20925925925925926 0.5895833333333333 0.02962962962962963 0.021875
0 0.25787037037037036 0.46822916666666664 0.03981481481481482 0.022916666666666665
0 0.1865740740740741 0.20781249999999998 0.026851851851851852 0.020833333333333332
0 0.07824074074074075 0.07213541666666666 0.058333333333333334 0.044270833333333336
0 0.021296296296296296 0.04505208333333333 0.03888888888888889 0.03177083333333333
0 0.015277777777777779 0.022395833333333334 0.026851851851851852 0.040625
0 0.10185185185185186 0.2596354166666667 0.02962962962962963 0.0203125
0 0.8356481481481481 0.19505208333333332 0.030555555555555558 0.0171875
0 0.7898148148148149 0.3182291666666667 0.02962962962962963 0.015625
0 0.11111111111111112 0.7411458333333333 0.05555555555555556 0.034375
