0 0.09537037037037037 0.59140625 0.044444444444444446 0.0296875
0 0.16018518518518518 0.5791666666666666 0.04259259259259259 0.026041666666666668
0 0.10277777777777779 0.46588541666666666 0.02592592592592593 0.028645833333333332
0 0.4476851851851852 0.55078125 0.028703703703703703 0.021354166666666667
0 0.39861111111111114 0.5080729166666667 0.030555555555555558 0.01614583333333333
0 0.16805555555555557 0.4848958333333333 0.06759259259259259 0.035416666666666666
0 0.3962962962962963 0.4473958333333333 0.0462962962962963 0.028125
0 0.10370370370370371 0.4002604166666667 0.02962962962962963 0.018229166666666668
0 0.05925925925925926 0.3515625 0.02777777777777778 0.022916666666666665
0 0.03564814814814815 0.24739583333333334 0.04722222222222222 0.029166666666666667
0 0.02314814814814815 0.28151041666666665 0.014814814814814815 0.009895833333333333
0 0.3199074074074074 0.32708333333333334 0.04351851851851852 0.029166666666666667
0 0.32962962962962966 0.21770833333333334 0.022222222222222223 0.014583333333333334
0 0.18425925925925926 0.253125 0.05185185185185186 0.028125
0 0.7356481481481482 0.81796875 0.04351851851851852 0.024479166666666666
0 0.8356481481481481 0.8078124999999999 0.032407407407407406 0.022916666666666665
0 0.7851851851851852 0.7153645833333333 0.04814814814814815 0.0234375
0 0.7587962962962963 0.6877604166666667 0.04537037037037037 0.03177083333333333
0 0.7703703703703704 0.6184895833333334 0.04259259259259259 0.024479166666666666
0 0.763425925925926 0.44427083333333334 0.04166666666666667 0.026041666666666668
0 0.7490740740740741 0.4166666666666667 0.0462962962962963 0.025
0 0.8523148148148149 0.3703125 0.04166666666666667 0.01875
0 0.7453703703703703 0.35520833333333335 0.02777777777777778 0.021875
0 0.9851851851851853 0.33828125 0.02962962962962963 0.028645833333333332
0 0.6685185185185185 0.34479166666666666 0.044444444444444446 0.027083333333333334
0 0.7240740740740741 0.32265625 0.03888888888888889 0.025520833333333333
0 0.8634259259259259 0.28489583333333335 0.03425925925925926 0.015625
0 0.8060185185185186 0.26171875 0.02314814814814815 0.011979166666666666
0 0.7388888888888889 0.25026041666666665 0.044444444444444446 0.0265625
0 0.7412037037037037 0.22604166666666667 0.04166666666666667 0.02395833333333333
0 0.7685185185185186 0.19661458333333334 0.053703703703703705 0.03802083333333333
0 0.7101851851851853 0.24739583333333334 0.020370370370370372 0.015625
0 0.7430555555555556 0.09921875 0.04351851851851852 0.0328125
0 0.0375 0.3296875 0.03796296296296296 0.020833333333333332
0 0.5481481481481482 0.6479166666666667 0.044444444444444446 0.020833333333333332
0 0.5967592592592593 0.60625 0.03796296296296296 0.014583333333333334
0 0.5018518518518519 0.4393229166666667 0.03888888888888889 0.013020833333333334
0 0.5203703703703704 0.425 0.04259259259259259 0.022916666666666665
0 0.5222222222222223 0.3963541666666667 0.02962962962962963 0.01875
0 0.5819444444444445 0.3807291666666667 0.03425925925925926 0.022916666666666665
0 0.6245370370370371 0.3770833333333333 0.03981481481481482 0.01875
0 0.6296296296296297 0.3658854166666667 0.053703703703703705 0.018229166666666668
0 0.016203703703703703 0.5528645833333333 0.028703703703703703 0.008854166666666666
0 0.6939814814814815 0.84375 0.036111111111111115 0.026041666666666668
0 0.9495370370370371 0.7825520833333334 0.049074074074074076 0.0265625
0 0.9671296296296297 0.8783854166666667 0.04722222222222222 0.019270833333333334
0 0.9481481481481482 0.5557291666666666 0.03518518518518519 0.021875
0 0.7837962962962963 0.58984375 0.030555555555555558 0.022395833333333334
0 0.7356481481481482 0.46901041666666665 0.03981481481481482 0.022395833333333334
0 0.8074074074074075 0.20859375 0.02777777777777778 0.0203125
0 0.9125000000000001 0.07317708333333334 0.058333333333333334 0.044270833333333336
0 0.9750000000000001 0.046875 0.05 0.030208333333333334
0 0.9810185185185185 0.022135416666666668 0.03796296296296296 0.0421875
0 0.8921296296296297 0.2604166666666667 0.030555555555555558 0.019791666666666666
0 0.1574074074074074 0.19479166666666667 0.031481481481481485 0.017708333333333333
0 0.20277777777777778 0.31796875 0.02962962962962963 0.01614583333333333
0 0.8805555555555555 0.7419270833333333 0.05740740740740741 0.0359375
