0 0.06527777777777778 0.5947916666666666 0.04351851851851852 0.030208333333333334
0 0.13101851851851853 0.5817708333333333 0.04166666666666667 0.026041666666666668
0 0.06342592592592593 0.4692708333333333 0.02314814814814815 0.028125
0 0.4222222222222222 0.5541666666666667 0.02962962962962963 0.020833333333333332
0 0.3736111111111111 0.5109375 0.030555555555555558 0.016666666666666666
0 0.1287037037037037 0.48828125 0.07037037037037037 0.0359375
0 0.36712962962962964 0.45078124999999997 0.04722222222222222 0.0265625
0 0.07175925925925926 0.4036458333333333 0.032407407407407406 0.016666666666666666
0 0.03287037037037037 0.35520833333333335 0.030555555555555558 0.02395833333333333
0 0.2884259259259259 0.33151041666666664 0.04351851851851852 0.028645833333333332
0 0.30324074074074076 0.225 0.02314814814814815 0.017708333333333333
0 0.15046296296296297 0.2578125 0.05462962962962963 0.029166666666666667
0 0.7064814814814815 0.8203125 0.040740740740740744 0.027083333333333334
0 0.8069444444444445 0.8098958333333334 0.030555555555555558 0.021875
0 0.7578703703703704 0.7171875 0.04351851851851852 0.021875
0 0.7319444444444445 0.6908854166666667 0.04722222222222222 0.030729166666666665
0 0.7398148148148148 0.6203125 0.040740740740740744 0.022916666666666665
0 0.7342592592592593 0.44765625 0.04259259259259259 0.025520833333333333
0 0.7212962962962963 0.4203125 0.0462962962962963 0.025
0 0.8282407407407407 0.37395833333333334 0.03981481481481482 0.01875
0 0.7194444444444444 0.35833333333333334 0.02592592592592593 0.020833333333333332
0 0.6398148148148148 0.3489583333333333 0.044444444444444446 0.027083333333333334
0 0.6949074074074074 0.32734375 0.03796296296296296 0.0265625
0 0.8347222222222223 0.2921875 0.028703703703703703 0.015625
0 0.7097222222222223 0.25546875 0.04351851851851852 0.025520833333333333
0 0.7111111111111111 0.23203125 0.040740740740740744 0.0234375
0 0.7314814814814815 0.20260416666666667 0.05 0.03854166666666667
0 0.6819444444444445 0.2518229166666667 0.019444444444444445 0.01614583333333333
0 0.7115740740740741 0.10572916666666667 0.04166666666666667 0.03229166666666666
0 0.013425925925925926 0.33359375 0.025 0.0203125
0 0.5263888888888889 0.6502604166666667 0.03796296296296296 0.0203125
0 0.5708333333333333 0.609375 0.03796296296296296 0.014583333333333334
0 0.4712962962962963 0.4432291666666667 0.03333333333333333 0.011458333333333333
0 0.49212962962962964 0.42864583333333334 0.04351851851851852 0.022916666666666665
0 0.4953703703703704 0.39947916666666666 0.02962962962962963 0.019791666666666666
0 0.5509259259259259 0.384375 0.031481481481481485 0.022916666666666665
0 0.5962962962962963 0.38125 0.037037037037037035 0.01875
0 0.6101851851851852 0.37083333333333335 0.0462962962962963 0.021875
0 0.6643518518518519 0.8455729166666667 0.036111111111111115 0.025520833333333333
0 0.9148148148148149 0.784375 0.05 0.027083333333333334
0 0.9861111111111112 0.85546875 0.02777777777777778 0.01614583333333333
0 0.9185185185185185 0.559375 0.037037037037037035 0.022916666666666665
0 0.7532407407407408 0.59296875 0.032407407407407406 0.022395833333333334
0 0.7055555555555556 0.4713541666666667 0.040740740740740744 0.022916666666666665
0 0.9652777777777778 0.3424479166666667 0.05462962962962963 0.03177083333333333
0 0.9736111111111111 0.3059895833333333 0.04722222222222222 0.034895833333333334
0 0.7759259259259259 0.21432291666666667 0.02777777777777778 0.018229166666666668
0 0.9856481481481482 0.7440104166666667 0.028703703703703703 0.011979166666666666
0 0.8685185185185186 0.08072916666666667 0.05740740740740741 0.04479166666666667
0 0.9324074074074075 0.05364583333333333 0.05925925925925926 0.03125
0 0.9425925925925926 0.028385416666666666 0.06296296296296297 0.0421875
0 0.8638888888888889 0.26458333333333334 0.02962962962962963 0.019791666666666666
0 0.12731481481481483 0.2 0.032407407407407406 0.01875
0 0.1736111111111111 0.3221354166666667 0.028703703703703703 0.01614583333333333
0 0.8486111111111111 0.7434895833333334 0.05462962962962963 0.034895833333333334
