0 0.04490740740740741 0.5973958333333333 0.04166666666666667 0.030208333333333334
0 0.11157407407407408 0.5838541666666667 0.04351851851851852 0.025
0 0.03657407407407408 0.471875 0.021296296296296296 0.027083333333333334
0 0.4046296296296297 0.5557291666666666 0.02777777777777778 0.021875
0 0.3574074074074074 0.5130208333333334 0.031481481481481485 0.016666666666666666
0 0.10231481481481482 0.490625 0.06944444444444445 0.035416666666666666
0 0.34814814814814815 0.453125 0.0462962962962963 0.027083333333333334
0 0.047685185185185185 0.40703125 0.02314814814814815 0.01614583333333333
0 0.014814814814814815 0.3580729166666667 0.02777777777777778 0.019270833333333334
0 0.3162037037037037 0.22864583333333333 0.021296296296296296 0.016666666666666666
0 0.26805555555555555 0.33489583333333334 0.04351851851851852 0.028125
0 0.28425925925925927 0.22916666666666666 0.018518518518518517 0.016666666666666666
0 0.1300925925925926 0.26119791666666664 0.05092592592592593 0.028645833333333332
0 0.688425925925926 0.821875 0.04166666666666667 0.029166666666666667
0 0.787962962962963 0.8119791666666667 0.02962962962962963 0.020833333333333332
0 0.7416666666666667 0.7184895833333333 0.04814814814814815 0.0203125
0 0.7148148148148148 0.6919270833333333 0.0462962962962963 0.0296875
0 0.7199074074074074 0.621875 0.03981481481481482 0.022916666666666665
0 0.7162037037037037 0.4497395833333333 0.04351851851851852 0.025520833333333333
0 0.7037037037037037 0.42265625 0.044444444444444446 0.025520833333333333
0 0.813425925925926 0.37734375 0.03981481481481482 0.0203125
0 0.7027777777777778 0.3606770833333333 0.024074074074074074 0.0203125
0 0.6217592592592592 0.3520833333333333 0.04351851851851852 0.027083333333333334
0 0.6768518518518519 0.3296875 0.037037037037037035 0.025
0 0.8185185185185185 0.29583333333333334 0.02592592592592593 0.016666666666666666
0 0.6916666666666667 0.25859375 0.04259259259259259 0.025520833333333333
0 0.6930555555555555 0.23567708333333334 0.03981481481481482 0.022395833333333334
0 0.7106481481481481 0.20677083333333332 0.05092592592592593 0.03854166666666667
0 0.6648148148148149 0.2552083333333333 0.018518518518518517 0.015625
0 0.6935185185185185 0.1109375 0.03888888888888889 0.03229166666666666
0 0.5092592592592593 0.6520833333333333 0.037037037037037035 0.020833333333333332
0 0.5555555555555556 0.6109375 0.037037037037037035 0.014583333333333334
0 0.45416666666666666 0.44479166666666664 0.032407407407407406 0.013541666666666667
0 0.475462962962963 0.43046875 0.04351851851851852 0.022395833333333334
0 0.4777777777777778 0.40208333333333335 0.02962962962962963 0.01875
0 0.5319444444444444 0.38671875 0.028703703703703703 0.0234375
0 0.5782407407407407 0.38359375 0.03796296296296296 0.019270833333333334
0 0.5930555555555556 0.3734375 0.049074074074074076 0.021875
0 0.6444444444444445 0.8473958333333333 0.03518518518518519 0.026041666666666668
0 0.8930555555555556 0.7859375 0.049074074074074076 0.027083333333333334
0 0.9875 0.7927083333333333 0.025 0.022916666666666665
0 0.9009259259259259 0.5604166666666667 0.03888888888888889 0.02395833333333333
0 0.7333333333333334 0.5942708333333333 0.03333333333333333 0.022916666666666665
0 0.8490740740740741 0.26588541666666665 0.03333333333333333 0.025520833333333333
0 0.687962962962963 0.4739583333333333 0.040740740740740744 0.021875
0 0.9449074074074074 0.34375 0.05277777777777778 0.029166666666666667
0 0.9527777777777778 0.30963541666666666 0.04814814814814815 0.034895833333333334
0 0.7578703703703704 0.21822916666666667 0.030555555555555558 0.015625
0 0.9861111111111112 0.2015625 0.020370370370370372 0.013541666666666667
0 0.9768518518518519 0.7442708333333333 0.03518518518518519 0.015625
0 0.8430555555555556 0.08567708333333333 0.05648148148148149 0.044270833333333336
0 0.9064814814814816 0.05963541666666666 0.05925925925925926 0.028645833333333332
0 0.9175925925925926 0.03411458333333333 0.06296296296296297 0.0421875
0 0.10833333333333334 0.20442708333333334 0.031481481481481485 0.018229166666666668
0 0.15416666666666667 0.3255208333333333 0.028703703703703703 0.016666666666666666
0 0.8305555555555556 0.7447916666666666 0.053703703703703705 0.036458333333333336
