0 0.9740740740740741 0.58359375 0.04814814814814815 0.0265625
0 0.7574074074074074 0.6653645833333334 0.02592592592592593 0.019270833333333334
0 0.662962962962963 0.5544270833333333 0.02962962962962963 0.022395833333333334
0 0.7106481481481481 0.5109375 0.032407407407407406 0.016666666666666666
0 0.9861111111111112 0.48723958333333334 0.02777777777777778 0.03697916666666667
0 0.7300925925925926 0.4515625 0.04537037037037037 0.027083333333333334
0 0.7611111111111112 0.40651041666666665 0.03518518518518519 0.015104166666666667
0 0.7842592592592593 0.22265625 0.024074074074074074 0.019270833333333334
0 0.8203703703703704 0.33046875 0.0462962962962963 0.027604166666666666
0 0.7578703703703704 0.221875 0.026851851851851852 0.015625
0 0.9685185185185186 0.25364583333333335 0.0462962962962963 0.021875
0 0.38657407407407407 0.8190104166666666 0.04351851851851852 0.028645833333333332
0 0.28750000000000003 0.8111979166666666 0.025 0.019270833333333334
0 0.32916666666666666 0.7171875 0.04722222222222222 0.019791666666666666
0 0.35324074074074074 0.6903645833333333 0.04722222222222222 0.030729166666666665
0 0.35879629629629634 0.6200520833333333 0.04351851851851852 0.0234375
0 0.3527777777777778 0.4471354166666667 0.044444444444444446 0.025520833333333333
0 0.36435185185185187 0.4192708333333333 0.04537037037037037 0.026041666666666668
0 0.24074074074074076 0.3736979166666667 0.03888888888888889 0.022395833333333334
0 0.3597222222222222 0.35625 0.021296296296296296 0.019791666666666666
0 0.4486111111111111 0.3481770833333333 0.04351851851851852 0.027604166666666666
0 0.39212962962962966 0.32526041666666666 0.036111111111111115 0.025520833333333333
0 0.24305555555555555 0.2895833333333333 0.026851851851851852 0.017708333333333333
0 0.3736111111111111 0.25338541666666664 0.04166666666666667 0.025520833333333333
0 0.3731481481481482 0.22916666666666666 0.040740740740740744 0.022916666666666665
0 0.3726851851851852 0.19947916666666665 0.05092592592592593 0.03958333333333333
0 0.40046296296296297 0.24973958333333332 0.017592592592592594 0.01614583333333333
0 0.37453703703703706 0.10234375 0.03796296296296296 0.03177083333333333
0 0.30185185185185187 0.0046875 0.03333333333333333 0.007291666666666667
0 0.5541666666666667 0.6510416666666666 0.03796296296296296 0.020833333333333332
0 0.5115740740740741 0.6096354166666667 0.036111111111111115 0.015104166666666667
0 0.6129629629629629 0.4419270833333333 0.044444444444444446 0.0140625
0 0.5976851851851852 0.4278645833333333 0.04351851851851852 0.022395833333333334
0 0.5967592592592593 0.39791666666666664 0.025 0.021875
0 0.5462962962962963 0.38307291666666665 0.02592592592592593 0.021354166666666667
0 0.49768518518518523 0.38125 0.04351851851851852 0.021875
0 0.47824074074074074 0.37057291666666664 0.05277777777777778 0.0234375
0 0.4328703703703704 0.8458333333333333 0.036111111111111115 0.029166666666666667
0 0.1953703703703704 0.7859375 0.044444444444444446 0.027083333333333334
0 0.07175925925925926 0.82265625 0.036111111111111115 0.013020833333333334
0 0.08333333333333334 0.7864583333333334 0.03333333333333333 0.030208333333333334
0 0.19814814814814816 0.6174479166666667 0.031481481481481485 0.018229166666666668
0 0.19861111111111113 0.6169270833333333 0.030555555555555558 0.0171875
0 0.16620370370370371 0.55703125 0.04537037037037037 0.025520833333333333
0 0.34120370370370373 0.5927083333333333 0.03425925925925926 0.02395833333333333
0 0.38101851851851853 0.4713541666666667 0.04166666666666667 0.021875
0 0.12962962962962962 0.33880208333333334 0.053703703703703705 0.0296875
0 0.12546296296296297 0.30390625 0.05092592592592593 0.0359375
0 0.3037037037037037 0.20989583333333334 0.03518518518518519 0.020833333333333332
0 0.0125 0.30442708333333335 0.021296296296296296 0.0265625
0 0.0763888888888889 0.19453125 0.021296296296296296 0.015104166666666667
0 0.04351851851851852 0.38958333333333334 0.018518518518518517 0.0125
0 0.07777777777777778 0.7380208333333333 0.03518518518518519 0.021875
0 0.25092592592592594 0.07473958333333333 0.05555555555555556 0.04635416666666667
0 0.18842592592592594 0.046614583333333334 0.05648148148148149 0.030729166666666665
0 0.1837962962962963 0.022916666666666665 0.058333333333333334 0.03958333333333333
0 0.9837962962962963 0.19895833333333332 0.030555555555555558 0.01875
0 0.9328703703703705 0.3216145833333333 0.026851851851851852 0.01614583333333333
0 0.24861111111111112 0.74453125 0.04722222222222222 0.033854166666666664
0 0.8333333333333334 0.14817708333333332 0.024074074074074074 0.013020833333333334
0 0.2125 0.2598958333333333 0.03425925925925926 0.025
0 0.0587962962962963 0.3520833333333333 0.04351851851851852 0.025
