0 0.02777777777777778 0.58359375 0.04814814814814815 0.0265625
0 0.24444444444444446 0.6653645833333334 0.02592592592592593 0.019270833333333334
0 0.3388888888888889 0.5544270833333333 0.02962962962962963 0.022395833333333334
0 0.29120370370370374 0.5109375 0.032407407407407406 0.016666666666666666
0 0.015740740740740743 0.48723958333333334 0.02777777777777778 0.03697916666666667
0 0.27175925925925926 0.4515625 0.04537037037037037 0.027083333333333334
0 0.24074074074074076 0.40651041666666665 0.03518518518518519 0.015104166666666667
0 0.2175925925925926 0.22265625 0.024074074074074074 0.019270833333333334
0 0.1814814814814815 0.33046875 0.0462962962962963 0.027604166666666666
0 0.2439814814814815 0.221875 0.026851851851851852 0.015625
0 0.03333333333333333 0.25364583333333335 0.0462962962962963 0.021875
0 0.6152777777777778 0.8190104166666666 0.04351851851851852 0.028645833333333332
0 0.7143518518518519 0.8111979166666666 0.025 0.019270833333333334
0 0.6726851851851852 0.7171875 0.04722222222222222 0.019791666666666666
0 0.6486111111111111 0.6903645833333333 0.04722222222222222 0.030729166666666665
0 0.6430555555555556 0.6200520833333333 0.04351851851851852 0.0234375
0 0.6490740740740741 0.4471354166666667 0.044444444444444446 0.025520833333333333
0 0.6375000000000001 0.4192708333333333 0.04537037037037037 0.026041666666666668
0 0.7611111111111112 0.3736979166666667 0.03888888888888889 0.022395833333333334
0 0.6421296296296296 0.35625 0.021296296296296296 0.019791666666666666
0 0.5532407407407408 0.3481770833333333 0.04351851851851852 0.027604166666666666
0 0.6097222222222223 0.32526041666666666 0.036111111111111115 0.025520833333333333
0 0.7587962962962963 0.2895833333333333 0.026851851851851852 0.017708333333333333
0 0.6282407407407408 0.25338541666666664 0.04166666666666667 0.025520833333333333
0 0.6287037037037038 0.22916666666666666 0.040740740740740744 0.022916666666666665
0 0.6291666666666667 0.19947916666666665 0.05092592592592593 0.03958333333333333
0 0.6013888888888889 0.24973958333333332 0.017592592592592594 0.01614583333333333
0 0.6273148148148149 0.10234375 0.03796296296296296 0.03177083333333333
0 0.7000000000000001 0.0046875 0.03333333333333333 0.007291666666666667
0 0.4476851851851852 0.6510416666666666 0.03796296296296296 0.020833333333333332
0 0.4902777777777778 0.6096354166666667 0.036111111111111115 0.015104166666666667
0 0.3888888888888889 0.4419270833333333 0.044444444444444446 0.0140625
0 0.4041666666666667 0.4278645833333333 0.04351851851851852 0.022395833333333334
0 0.4050925925925926 0.39791666666666664 0.025 0.021875
0 0.45555555555555555 0.38307291666666665 0.02592592592592593 0.021354166666666667
0 0.5041666666666667 0.38125 0.04351851851851852 0.021875
0 0.5236111111111111 0.37057291666666664 0.05277777777777778 0.0234375
0 0.5689814814814815 0.8458333333333333 0.036111111111111115 0.029166666666666667
0 0.8064814814814815 0.7859375 0.044444444444444446 0.027083333333333334
0 0.9300925925925926 0.82265625 0.036111111111111115 0.013020833333333334
0 0.9185185185185185 0.7864583333333334 0.03333333333333333 0.030208333333333334
0 0.8037037037037037 0.6174479166666667 0.031481481481481485 0.018229166666666668
0 0.8032407407407408 0.6169270833333333 0.030555555555555558 0.0171875
0 0.8356481481481481 0.55703125 0.04537037037037037 0.025520833333333333
0 0.6606481481481482 0.5927083333333333 0.03425925925925926 0.02395833333333333
0 0.6208333333333333 0.4713541666666667 0.04166666666666667 0.021875
0 0.8722222222222222 0.33880208333333334 0.053703703703703705 0.0296875
0 0.8763888888888889 0.30390625 0.05092592592592593 0.0359375
0 0.6981481481481482 0.20989583333333334 0.03518518518518519 0.020833333333333332
0 0.9893518518518519 0.30442708333333335 0.021296296296296296 0.0265625
0 0.925462962962963 0.19453125 0.021296296296296296 0.015104166666666667
0 0.9583333333333334 0.38958333333333334 0.018518518518518517 0.0125
0 0.9240740740740742 0.7380208333333333 0.03518518518518519 0.021875
0 0.750925925925926 0.07473958333333333 0.05555555555555556 0.04635416666666667
0 0.813425925925926 0.046614583333333334 0.05648148148148149 0.030729166666666665
0 0.8180555555555555 0.022916666666666665 0.058333333333333334 0.03958333333333333
0 0.018055555555555557 0.19895833333333332 0.030555555555555558 0.01875
0 0.06898148148148149 0.3216145833333333 0.026851851851851852 0.01614583333333333
0 0.7532407407407408 0.74453125 0.04722222222222222 0.033854166666666664
0 0.1685185185185185 0.14817708333333332 0.024074074074074074 0.013020833333333334
0 0.7893518518518519 0.2598958333333333 0.03425925925925926 0.025
0 0.9430555555555556 0.3520833333333333 0.04351851851851852 0.025
