0 0.9861111111111112 0.5825520833333333 0.02777777777777778 0.0265625
0 0.7680555555555556 0.66328125 0.032407407407407406 0.018229166666666668
0 0.6796296296296297 0.5536458333333333 0.031481481481481485 0.022916666666666665
0 0.7287037037037037 0.5096354166666667 0.03333333333333333 0.01614583333333333
0 0.7513888888888889 0.44947916666666665 0.04351851851851852 0.027083333333333334
0 0.7810185185185186 0.40390624999999997 0.03425925925925926 0.015104166666666667
0 0.8439814814814816 0.32786458333333335 0.049074074074074076 0.028645833333333332
0 0.7777777777777778 0.21953124999999998 0.02777777777777778 0.018229166666666668
0 0.8050925925925926 0.21848958333333332 0.028703703703703703 0.018229166666666668
0 0.9856481481481482 0.25 0.028703703703703703 0.021875
0 0.4041666666666667 0.81875 0.04351851851851852 0.030208333333333334
0 0.3055555555555556 0.8111979166666666 0.024074074074074074 0.019270833333333334
0 0.34490740740740744 0.71640625 0.049074074074074076 0.019270833333333334
0 0.3689814814814815 0.6893229166666667 0.04537037037037037 0.0296875
0 0.3773148148148148 0.6192708333333333 0.04351851851851852 0.02395833333333333
0 0.36944444444444446 0.44557291666666665 0.044444444444444446 0.025520833333333333
0 0.3805555555555556 0.41744791666666664 0.0462962962962963 0.0265625
0 0.25462962962962965 0.37109375 0.03888888888888889 0.022395833333333334
0 0.375462962962963 0.35390625 0.019444444444444445 0.019270833333333334
0 0.46620370370370373 0.3455729166666667 0.04351851851851852 0.027604166666666666
0 0.40925925925925927 0.3223958333333333 0.037037037037037035 0.025
0 0.25787037037037036 0.28619791666666666 0.026851851851851852 0.0171875
0 0.3893518518518519 0.2505208333333333 0.04166666666666667 0.026041666666666668
0 0.3907407407407408 0.22630208333333332 0.040740740740740744 0.0234375
0 0.39305555555555555 0.19583333333333333 0.05092592592592593 0.040625
0 0.4166666666666667 0.24661458333333333 0.016666666666666666 0.01614583333333333
0 0.39166666666666666 0.09791666666666667 0.037037037037037035 0.03229166666666666
0 0.5699074074074074 0.6505208333333333 0.03796296296296296 0.020833333333333332
0 0.5268518518518519 0.60859375 0.03518518518518519 0.015104166666666667
0 0.6319444444444444 0.44036458333333334 0.04351851851851852 0.015104166666666667
0 0.6143518518518519 0.4265625 0.04351851851851852 0.022916666666666665
0 0.6162037037037037 0.39609375 0.025 0.022395833333333334
0 0.5652777777777778 0.3815104166666667 0.025 0.021354166666666667
0 0.5166666666666667 0.3794270833333333 0.044444444444444446 0.022395833333333334
0 0.49583333333333335 0.36822916666666666 0.05462962962962963 0.022916666666666665
0 0.44953703703703707 0.8450520833333334 0.036111111111111115 0.028645833333333332
0 0.21203703703703705 0.7848958333333333 0.04814814814814815 0.027083333333333334
0 0.08750000000000001 0.8216145833333334 0.03425925925925926 0.0140625
0 0.09907407407407408 0.7859375 0.03333333333333333 0.03125
0 0.21435185185185185 0.61640625 0.032407407407407406 0.018229166666666668
0 0.21435185185185185 0.61640625 0.030555555555555558 0.0171875
0 0.17962962962962964 0.5559895833333334 0.044444444444444446 0.025520833333333333
0 0.35879629629629634 0.5911458333333334 0.03425925925925926 0.026041666666666668
0 0.39722222222222225 0.46979166666666666 0.04259259259259259 0.021875
0 0.017592592592592594 0.5403645833333334 0.031481481481481485 0.022395833333333334
0 0.1476851851851852 0.33671875 0.05462962962962963 0.0296875
0 0.14305555555555557 0.3015625 0.05092592592592593 0.036458333333333336
0 0.3194444444444445 0.20651041666666667 0.03518518518518519 0.021354166666666667
0 0.020833333333333336 0.30078125 0.03796296296296296 0.025520833333333333
0 0.09074074074074075 0.19140625 0.022222222222222223 0.01614583333333333
0 0.053703703703703705 0.38828125 0.024074074074074074 0.0109375
0 0.0925925925925926 0.7372395833333333 0.037037037037037035 0.022395833333333334
0 0.2740740740740741 0.06953125 0.05555555555555556 0.04635416666666667
0 0.21064814814814817 0.040364583333333336 0.05648148148148149 0.03177083333333333
0 0.20833333333333334 0.01875 0.05555555555555556 0.035416666666666666
0 0.9569444444444445 0.31875 0.026851851851851852 0.016666666666666666
0 0.2657407407407408 0.74375 0.0462962962962963 0.034375
0 0.850925925925926 0.14401041666666667 0.02592592592592593 0.013020833333333334
0 0.22731481481481483 0.25677083333333334 0.03425925925925926 0.025
0 0.07777777777777778 0.3494791666666667 0.04259259259259259 0.025
