0 0.7736111111111111 0.6578125 0.025 0.0125
0 0.6921296296296297 0.5526041666666667 0.03796296296296296 0.022916666666666665
0 0.7444444444444445 0.50859375 0.03333333333333333 0.01614583333333333
0 0.7694444444444445 0.44817708333333334 0.04259259259259259 0.027604166666666666
0 0.7972222222222223 0.4028645833333333 0.031481481481481485 0.015104166666666667
0 0.8648148148148148 0.3268229166666667 0.04814814814814815 0.0296875
0 0.7949074074074074 0.2171875 0.028703703703703703 0.017708333333333333
0 0.8226851851851852 0.21614583333333334 0.028703703703703703 0.017708333333333333
0 0.4203703703703704 0.8182291666666667 0.04259259259259259 0.029166666666666667
0 0.32222222222222224 0.8104166666666667 0.024074074074074074 0.01875
0 0.3601851851851852 0.7153645833333333 0.04814814814814815 0.019270833333333334
0 0.3856481481481482 0.6885416666666666 0.04722222222222222 0.030208333333333334
0 0.39583333333333337 0.6184895833333334 0.04351851851851852 0.024479166666666666
0 0.38472222222222224 0.44479166666666664 0.04351851851851852 0.026041666666666668
0 0.39675925925925926 0.41640625 0.04537037037037037 0.0265625
0 0.26666666666666666 0.37005208333333334 0.03888888888888889 0.022395833333333334
0 0.38842592592592595 0.35234375 0.017592592592592594 0.018229166666666668
0 0.48194444444444445 0.34401041666666665 0.04351851851851852 0.027604166666666666
0 0.425 0.3208333333333333 0.03518518518518519 0.025
0 0.2712962962962963 0.2833333333333333 0.02592592592592593 0.014583333333333334
0 0.40370370370370373 0.24869791666666666 0.04259259259259259 0.0265625
0 0.40555555555555556 0.22421875 0.040740740740740744 0.0234375
0 0.41111111111111115 0.19427083333333334 0.05185185185185186 0.040625
0 0.4305555555555556 0.24505208333333334 0.016666666666666666 0.01614583333333333
0 0.40694444444444444 0.10078125 0.036111111111111115 0.021354166666666667
0 0.5847222222222223 0.65 0.03796296296296296 0.020833333333333332
0 0.5416666666666667 0.6078125 0.03518518518518519 0.015625
0 0.6453703703703704 0.4395833333333333 0.0462962962962963 0.014583333333333334
0 0.6305555555555555 0.42552083333333335 0.044444444444444446 0.022916666666666665
0 0.6319444444444444 0.3953125 0.025 0.022916666666666665
0 0.5814814814814815 0.37994791666666666 0.024074074074074074 0.022395833333333334
0 0.5328703703703704 0.378125 0.04537037037037037 0.022916666666666665
0 0.5125000000000001 0.36614583333333334 0.05648148148148149 0.022916666666666665
0 0.46805555555555556 0.84453125 0.036111111111111115 0.028645833333333332
0 0.23101851851851854 0.784375 0.05092592592592593 0.027083333333333334
0 0.10324074074074074 0.8216145833333334 0.03796296296296296 0.015104166666666667
0 0.11574074074074074 0.78515625 0.03518518518518519 0.030729166666666665
0 0.22916666666666669 0.6145833333333334 0.03425925925925926 0.01875
0 0.22916666666666669 0.6143229166666666 0.03425925925925926 0.018229166666666668
0 0.1953703703703704 0.5552083333333333 0.0462962962962963 0.026041666666666668
0 0.37592592592592594 0.5895833333333333 0.037037037037037035 0.028125
0 0.4175925925925926 0.46822916666666664 0.040740740740740744 0.02395833333333333
0 0.02592592592592593 0.5395833333333333 0.0462962962962963 0.021875
0 0.16296296296296298 0.33541666666666664 0.053703703703703705 0.030208333333333334
0 0.16111111111111112 0.3 0.05185185185185186 0.036458333333333336
0 0.33472222222222225 0.20520833333333333 0.03796296296296296 0.020833333333333332
0 0.03287037037037037 0.29921875 0.05462962962962963 0.024479166666666666
0 0.10462962962962963 0.18984375 0.022222222222222223 0.01614583333333333
0 0.06805555555555556 0.38619791666666664 0.025 0.013020833333333334
0 0.10601851851851853 0.73671875 0.03425925925925926 0.022395833333333334
0 0.29583333333333334 0.06692708333333333 0.05462962962962963 0.04635416666666667
0 0.23240740740740742 0.037760416666666664 0.05740740740740741 0.0328125
0 0.23101851851851854 0.017447916666666667 0.05648148148148149 0.0328125
0 0.9787037037037037 0.3169270833333333 0.02592592592592593 0.0171875
0 0.2847222222222222 0.7427083333333333 0.04722222222222222 0.034375
0 0.8680555555555556 0.14244791666666667 0.028703703703703703 0.0140625
0 0.24120370370370373 0.2552083333333333 0.036111111111111115 0.025
0 0.09537037037037037 0.34869791666666666 0.04259259259259259 0.025520833333333333
