0 0.007870370370370371 0.57734375 0.01388888888888889 0.015104166666666667
0 0.21435185185185185 0.65859375 0.02314814814814815 0.015104166666666667
0 0.2949074074074074 0.5518229166666666 0.036111111111111115 0.0234375
0 0.24351851851851852 0.5080729166666667 0.03333333333333333 0.01614583333333333
0 0.21574074074074076 0.44765625 0.04259259259259259 0.0265625
0 0.18981481481481483 0.40234375 0.02962962962962963 0.015104166666666667
0 0.11944444444444445 0.32526041666666666 0.04814814814814815 0.028645833333333332
0 0.19212962962962965 0.21640625 0.028703703703703703 0.018229166666666668
0 0.16435185185185186 0.21458333333333332 0.028703703703703703 0.017708333333333333
0 0.562962962962963 0.8171875 0.044444444444444446 0.029166666666666667
0 0.6615740740740741 0.8098958333333334 0.02314814814814815 0.017708333333333333
0 0.625462962962963 0.7151041666666667 0.04722222222222222 0.019791666666666666
0 0.6023148148148149 0.68828125 0.04537037037037037 0.0296875
0 0.5893518518518519 0.6182291666666666 0.04351851851851852 0.02395833333333333
0 0.6032407407407407 0.44375 0.04351851851851852 0.026041666666666668
0 0.5916666666666667 0.4161458333333333 0.0462962962962963 0.026041666666666668
0 0.725 0.37057291666666664 0.03888888888888889 0.022395833333333334
0 0.6078703703703704 0.3520833333333333 0.03425925925925926 0.01875
0 0.5050925925925926 0.34348958333333335 0.04351851851851852 0.027604166666666666
0 0.562962962962963 0.32057291666666665 0.037037037037037035 0.024479166666666666
0 0.7175925925925927 0.2830729166666667 0.02592592592592593 0.0140625
0 0.5842592592592593 0.24817708333333333 0.04259259259259259 0.0265625
0 0.5819444444444445 0.22369791666666666 0.04166666666666667 0.024479166666666666
0 0.5717592592592593 0.19348958333333333 0.05277777777777778 0.04010416666666666
0 0.5583333333333333 0.24479166666666666 0.016666666666666666 0.015625
0 0.5833333333333334 0.09973958333333333 0.03518518518518519 0.0234375
0 0.40231481481481485 0.6494791666666666 0.03796296296296296 0.020833333333333332
0 0.4439814814814815 0.6072916666666667 0.03796296296296296 0.015625
0 0.34444444444444444 0.43906249999999997 0.0462962962962963 0.015625
0 0.35555555555555557 0.4244791666666667 0.044444444444444446 0.022916666666666665
0 0.3550925925925926 0.39427083333333335 0.026851851851851852 0.022916666666666665
0 0.4041666666666667 0.37916666666666665 0.02314814814814815 0.021875
0 0.4527777777777778 0.37786458333333334 0.0462962962962963 0.0234375
0 0.475462962962963 0.3658854166666667 0.05648148148148149 0.0234375
0 0.5162037037037037 0.8440104166666667 0.036111111111111115 0.028645833333333332
0 0.750462962962963 0.78359375 0.049074074074074076 0.0265625
0 0.8810185185185185 0.8221354166666667 0.036111111111111115 0.01614583333333333
0 0.8703703703703703 0.7848958333333333 0.037037037037037035 0.030208333333333334
0 0.7597222222222223 0.6138020833333333 0.030555555555555558 0.018229166666666668
0 0.7925925925925926 0.55546875 0.044444444444444446 0.025520833333333333
0 0.6106481481481482 0.5893229166666667 0.036111111111111115 0.0265625
0 0.5708333333333333 0.46822916666666664 0.03981481481481482 0.02395833333333333
0 0.9611111111111111 0.5395833333333333 0.044444444444444446 0.021875
0 0.8226851851851852 0.33541666666666664 0.05092592592592593 0.030208333333333334
0 0.8236111111111112 0.30078125 0.05277777777777778 0.03697916666666667
0 0.6541666666666667 0.20520833333333333 0.03425925925925926 0.021875
0 0.950925925925926 0.29921875 0.05185185185185186 0.025520833333333333
0 0.9861111111111112 0.2986979166666667 0.02777777777777778 0.03177083333333333
0 0.8837962962962963 0.19140625 0.02314814814814815 0.018229166666666668
0 0.9212962962962963 0.38619791666666664 0.022222222222222223 0.015104166666666667
0 0.8856481481481482 0.73671875 0.036111111111111115 0.0203125
0 0.6870370370370371 0.06666666666666667 0.05555555555555556 0.046875
0 0.7495370370370371 0.0375 0.05648148148148149 0.03333333333333333
0 0.7490740740740741 0.0171875 0.05555555555555556 0.03229166666666666
0 0.009722222222222222 0.315625 0.017592592592592594 0.016666666666666666
0 0.6995370370370371 0.7421875 0.04722222222222222 0.034375
0 0.12175925925925926 0.140625 0.028703703703703703 0.013541666666666667
0 0.7481481481481482 0.2552083333333333 0.037037037037037035 0.025
0 0.888888888888889 0.3484375 0.04259259259259259 0.025
0 0.9851851851851853 0.7760416666666666 0.02962962962962963 0.01875
