0 0.20740740740740743 0.6588541666666666 0.022222222222222223 0.014583333333333334
0 0.2884259259259259 0.5520833333333334 0.036111111111111115 0.02395833333333333
0 0.23703703703703705 0.5075520833333333 0.03333333333333333 0.01614583333333333
0 0.20833333333333334 0.44687499999999997 0.04259259259259259 0.028125
0 0.18287037037037038 0.4028645833333333 0.030555555555555558 0.015104166666666667
0 0.1125 0.32526041666666666 0.049074074074074076 0.0296875
0 0.18703703703703706 0.21614583333333334 0.02777777777777778 0.01875
0 0.15972222222222224 0.21484375 0.028703703703703703 0.0171875
0 0.5555555555555556 0.8174479166666666 0.044444444444444446 0.0296875
0 0.6541666666666667 0.8098958333333334 0.02314814814814815 0.019791666666666666
0 0.6175925925925926 0.7151041666666667 0.04814814814814815 0.01875
0 0.5939814814814816 0.68828125 0.04722222222222222 0.0296875
0 0.5800925925925926 0.6182291666666666 0.04351851851851852 0.02395833333333333
0 0.5962962962962963 0.44375 0.04259259259259259 0.026041666666666668
0 0.5847222222222223 0.41562499999999997 0.04537037037037037 0.026041666666666668
0 0.7185185185185186 0.37109375 0.037037037037037035 0.021354166666666667
0 0.6023148148148149 0.35234375 0.032407407407407406 0.0203125
0 0.4986111111111111 0.34401041666666665 0.04351851851851852 0.027604166666666666
0 0.5564814814814815 0.32109375 0.03518518518518519 0.024479166666666666
0 0.712037037037037 0.2838541666666667 0.02592592592592593 0.013541666666666667
0 0.5782407407407407 0.2484375 0.04166666666666667 0.026041666666666668
0 0.575925925925926 0.22369791666666666 0.04259259259259259 0.025520833333333333
0 0.5643518518518519 0.19401041666666666 0.05277777777777778 0.0390625
0 0.5518518518518519 0.24505208333333334 0.016666666666666666 0.01614583333333333
0 0.5782407407407407 0.09973958333333333 0.03796296296296296 0.0234375
0 0.39583333333333337 0.6497395833333334 0.03981481481481482 0.0203125
0 0.437962962962963 0.60703125 0.037037037037037035 0.015104166666666667
0 0.33935185185185185 0.44479166666666664 0.04537037037037037 0.019791666666666666
0 0.34861111111111115 0.4239583333333333 0.04351851851851852 0.022916666666666665
0 0.3490740740740741 0.39401041666666664 0.02592592592592593 0.022395833333333334
0 0.39722222222222225 0.37864583333333335 0.022222222222222223 0.021875
0 0.4462962962962963 0.37734375 0.0462962962962963 0.022395833333333334
0 0.46944444444444444 0.365625 0.05740740740740741 0.022916666666666665
0 0.5074074074074074 0.8434895833333333 0.037037037037037035 0.0296875
0 0.7416666666666667 0.7833333333333333 0.05 0.026041666666666668
0 0.8736111111111111 0.8229166666666666 0.03796296296296296 0.015625
0 0.862037037037037 0.7854166666666667 0.037037037037037035 0.030208333333333334
0 0.7532407407407408 0.61328125 0.028703703703703703 0.018229166666666668
0 0.7861111111111111 0.55546875 0.044444444444444446 0.025520833333333333
0 0.6027777777777777 0.58984375 0.03518518518518519 0.0265625
0 0.5625 0.46796875 0.03796296296296296 0.024479166666666666
0 0.9546296296296297 0.53984375 0.044444444444444446 0.021354166666666667
0 0.8148148148148149 0.33619791666666665 0.05 0.030729166666666665
0 0.8157407407407408 0.3015625 0.053703703703703705 0.0375
0 0.6476851851851853 0.20625 0.03796296296296296 0.020833333333333332
0 0.9430555555555556 0.2994791666666667 0.05092592592592593 0.025
0 0.9824074074074074 0.2989583333333333 0.03518518518518519 0.03333333333333333
0 0.8763888888888889 0.19244791666666666 0.02314814814814815 0.018229166666666668
0 0.9148148148148149 0.38645833333333335 0.022222222222222223 0.014583333333333334
0 0.8796296296296297 0.7372395833333333 0.037037037037037035 0.019270833333333334
0 0.9564814814814815 0.8903645833333333 0.020370370370370372 0.018229166666666668
0 0.6777777777777778 0.06770833333333333 0.053703703703703705 0.046875
0 0.7398148148148148 0.03802083333333333 0.05555555555555556 0.03333333333333333
0 0.7388888888888889 0.017708333333333333 0.05555555555555556 0.03333333333333333
0 0.6902777777777778 0.7421875 0.04722222222222222 0.034375
0 0.1175925925925926 0.140625 0.02777777777777778 0.013541666666666667
0 0.7425925925925926 0.2557291666666667 0.03518518518518519 0.025
0 0.8810185185185185 0.3489583333333333 0.04166666666666667 0.025
0 0.9814814814814815 0.77578125 0.03333333333333333 0.018229166666666668
