0 0.7944444444444445 0.6588541666666666 0.022222222222222223 0.014583333333333334
0 0.7134259259259259 0.5520833333333334 0.036111111111111115 0.02395833333333333
0 0.7648148148148148 0.5075520833333333 0.03333333333333333 0.01614583333333333
0 0.7935185185185185 0.44687499999999997 0.04259259259259259 0.028125
0 0.8189814814814815 0.4028645833333333 0.030555555555555558 0.015104166666666667
0 0.8893518518518518 0.32526041666666666 0.049074074074074076 0.0296875
0 0.8148148148148149 0.21614583333333334 0.02777777777777778 0.01875
0 0.8421296296296297 0.21484375 0.028703703703703703 0.0171875
0 0.4462962962962963 0.8174479166666666 0.044444444444444446 0.0296875
0 0.3476851851851852 0.8098958333333334 0.02314814814814815 0.019791666666666666
0 0.3842592592592593 0.7151041666666667 0.04814814814814815 0.01875
0 0.4078703703703704 0.68828125 0.04722222222222222 0.0296875
0 0.4217592592592593 0.6182291666666666 0.04351851851851852 0.02395833333333333
0 0.40555555555555556 0.44375 0.04259259259259259 0.026041666666666668
0 0.41712962962962963 0.41562499999999997 0.04537037037037037 0.026041666666666668
0 0.2833333333333333 0.37109375 0.037037037037037035 0.021354166666666667
0 0.3995370370370371 0.35234375 0.032407407407407406 0.0203125
0 0.5032407407407408 0.34401041666666665 0.04351851851851852 0.027604166666666666
0 0.44537037037037036 0.32109375 0.03518518518518519 0.024479166666666666
0 0.2898148148148148 0.2838541666666667 0.02592592592592593 0.013541666666666667
0 0.4236111111111111 0.2484375 0.04166666666666667 0.026041666666666668
0 0.42592592592592593 0.22369791666666666 0.04259259259259259 0.025520833333333333
0 0.4375 0.19401041666666666 0.05277777777777778 0.0390625
0 0.45 0.24505208333333334 0.016666666666666666 0.01614583333333333
0 0.4236111111111111 0.09973958333333333 0.03796296296296296 0.0234375
0 0.6060185185185185 0.6497395833333334 0.03981481481481482 0.0203125
0 0.5638888888888889 0.60703125 0.037037037037037035 0.015104166666666667
0 0.6625 0.44479166666666664 0.04537037037037037 0.019791666666666666
0 0.6532407407407408 0.4239583333333333 0.04351851851851852 0.022916666666666665
0 0.6527777777777778 0.39401041666666664 0.02592592592592593 0.022395833333333334
0 0.6046296296296296 0.37864583333333335 0.022222222222222223 0.021875
0 0.5555555555555556 0.37734375 0.0462962962962963 0.022395833333333334
0 0.5324074074074074 0.365625 0.05740740740740741 0.022916666666666665
0 0.49444444444444446 0.8434895833333333 0.037037037037037035 0.0296875
0 0.2601851851851852 0.7833333333333333 0.05 0.026041666666666668
0 0.12824074074074074 0.8229166666666666 0.03796296296296296 0.015625
0 0.1398148148148148 0.7854166666666667 0.037037037037037035 0.030208333333333334
0 0.24861111111111112 0.61328125 0.028703703703703703 0.018229166666666668
0 0.21574074074074076 0.55546875 0.044444444444444446 0.025520833333333333
0 0.3990740740740741 0.58984375 0.03518518518518519 0.0265625
0 0.4393518518518519 0.46796875 0.03796296296296296 0.024479166666666666
0 0.04722222222222222 0.53984375 0.044444444444444446 0.021354166666666667
0 0.18703703703703706 0.33619791666666665 0.05 0.030729166666666665
0 0.18611111111111112 0.3015625 0.053703703703703705 0.0375
0 0.3541666666666667 0.20625 0.03796296296296296 0.020833333333333332
0 0.0587962962962963 0.2994791666666667 0.05092592592592593 0.025
0 0.019444444444444445 0.2989583333333333 0.03518518518518519 0.03333333333333333
0 0.12546296296296297 0.19244791666666666 0.02314814814814815 0.018229166666666668
0 0.08703703703703704 0.38645833333333335 0.022222222222222223 0.014583333333333334
0 0.12222222222222223 0.7372395833333333 0.037037037037037035 0.019270833333333334
0 0.04537037037037037 0.8903645833333333 0.020370370370370372 0.018229166666666668
0 0.32407407407407407 0.06770833333333333 0.053703703703703705 0.046875
0 0.26203703703703707 0.03802083333333333 0.05555555555555556 0.03333333333333333
0 0.26296296296296295 0.017708333333333333 0.05555555555555556 0.03333333333333333
0 0.31157407407407406 0.7421875 0.04722222222222222 0.034375
0 0.8842592592592593 0.140625 0.02777777777777778 0.013541666666666667
0 0.25925925925925924 0.2557291666666667 0.03518518518518519 0.025
0 0.12083333333333333 0.3489583333333333 0.04166666666666667 0.025
0 0.020370370370370372 0.77578125 0.03333333333333333 0.018229166666666668
