0 0.20046296296296298 0.659375 0.02314814814814815 0.013541666666666667
0 0.28194444444444444 0.5518229166666666 0.036111111111111115 0.0234375
0 0.2300925925925926 0.5072916666666667 0.03425925925925926 0.015625
0 0.20092592592592592 0.44687499999999997 0.04259259259259259 0.028125
0 0.17731481481481481 0.4036458333333333 0.030555555555555558 0.016666666666666666
0 0.10416666666666667 0.325 0.049074074074074076 0.029166666666666667
0 0.1800925925925926 0.21614583333333334 0.028703703703703703 0.017708333333333333
0 0.1537037037037037 0.21562499999999998 0.02962962962962963 0.017708333333333333
0 0.5467592592592593 0.8177083333333334 0.04351851851851852 0.030208333333333334
0 0.6472222222222223 0.8098958333333334 0.02777777777777778 0.01875
0 0.6092592592592593 0.7151041666666667 0.0462962962962963 0.01875
0 0.5861111111111111 0.6885416666666666 0.0462962962962963 0.030208333333333334
0 0.5722222222222223 0.61875 0.044444444444444446 0.025
0 0.5888888888888889 0.44427083333333334 0.04259259259259259 0.026041666666666668
0 0.5768518518518518 0.4158854166666667 0.044444444444444446 0.0265625
0 0.7125 0.3716145833333333 0.03796296296296296 0.021354166666666667
0 0.5944444444444444 0.353125 0.031481481481481485 0.019791666666666666
0 0.4916666666666667 0.34375 0.044444444444444446 0.027083333333333334
0 0.549537037037037 0.3216145833333333 0.036111111111111115 0.024479166666666666
0 0.7046296296296296 0.2838541666666667 0.02592592592592593 0.013541666666666667
0 0.5717592592592593 0.24895833333333334 0.04166666666666667 0.026041666666666668
0 0.5699074074074074 0.22369791666666666 0.04166666666666667 0.025520833333333333
0 0.5560185185185186 0.19479166666666667 0.05092592592592593 0.03854166666666667
0 0.5462962962962963 0.24557291666666667 0.016666666666666666 0.01614583333333333
0 0.5708333333333333 0.10078125 0.03796296296296296 0.0234375
0 0.3893518518518519 0.6494791666666666 0.03981481481481482 0.020833333333333332
0 0.4328703703703704 0.6067708333333334 0.03425925925925926 0.015625
0 0.33333333333333337 0.4471354166666667 0.04814814814814815 0.015104166666666667
0 0.3416666666666667 0.4236979166666667 0.044444444444444446 0.022395833333333334
0 0.34120370370370373 0.39453125 0.025 0.022395833333333334
0 0.38981481481481484 0.3794270833333333 0.022222222222222223 0.021354166666666667
0 0.43842592592592594 0.3776041666666667 0.04722222222222222 0.022916666666666665
0 0.4625 0.365625 0.058333333333333334 0.022916666666666665
0 0.4986111111111111 0.84375 0.036111111111111115 0.029166666666666667
0 0.7310185185185185 0.7833333333333333 0.049074074074074076 0.026041666666666668
0 0.8675925925925926 0.8234374999999999 0.040740740740740744 0.014583333333333334
0 0.8537037037037037 0.7854166666666667 0.037037037037037035 0.030208333333333334
0 0.7458333333333333 0.6138020833333333 0.026851851851851852 0.018229166666666668
0 0.7777777777777778 0.55625 0.044444444444444446 0.025
0 0.5939814814814816 0.58984375 0.036111111111111115 0.0265625
0 0.5564814814814815 0.46848958333333335 0.040740740740740744 0.024479166666666666
0 0.9472222222222223 0.5403645833333334 0.044444444444444446 0.021354166666666667
0 0.8069444444444445 0.33671875 0.049074074074074076 0.03177083333333333
0 0.8069444444444445 0.3026041666666667 0.05277777777777778 0.0375
0 0.6412037037037037 0.20677083333333332 0.03425925925925926 0.021875
0 0.9324074074074075 0.30104166666666665 0.05185185185185186 0.025
0 0.9768518518518519 0.3 0.0462962962962963 0.03229166666666666
0 0.8699074074074075 0.19322916666666667 0.02314814814814815 0.01875
0 0.9064814814814816 0.38776041666666666 0.02592592592592593 0.015104166666666667
0 0.8717592592592593 0.7380208333333333 0.03425925925925926 0.01875
0 0.9467592592592593 0.890625 0.02314814814814815 0.019791666666666666
0 0.5837962962962964 0.3296875 0.028703703703703703 0.01875
0 0.6680555555555556 0.06848958333333333 0.05277777777777778 0.04635416666666667
0 0.7296296296296296 0.0390625 0.05555555555555556 0.03333333333333333
0 0.7287037037037037 0.018489583333333334 0.05555555555555556 0.034895833333333334
0 0.22268518518518518 0.7182291666666667 0.03425925925925926 0.02395833333333333
0 0.6805555555555556 0.7427083333333333 0.0462962962962963 0.03333333333333333
0 0.11388888888888889 0.14114583333333333 0.02777777777777778 0.013541666666666667
0 0.736574074074074 0.25625 0.03425925925925926 0.02395833333333333
0 0.8703703703703703 0.3494791666666667 0.040740740740740744 0.025
0 0.975462962962963 0.7763020833333333 0.036111111111111115 0.018229166666666668
