0 0.18425925925925926 0.6596354166666667 0.024074074074074074 0.01614583333333333
0 0.2657407407407408 0.55234375 0.037037037037037035 0.024479166666666666
0 0.21574074074074076 0.5075520833333333 0.03333333333333333 0.015104166666666667
0 0.1837962962962963 0.4473958333333333 0.04166666666666667 0.028125
0 0.16111111111111112 0.40572916666666664 0.031481481481481485 0.020833333333333332
0 0.08657407407407408 0.3263020833333333 0.05092592592592593 0.0296875
0 0.16574074074074074 0.21796875 0.02777777777777778 0.018229166666666668
0 0.1398148148148148 0.21744791666666666 0.02962962962962963 0.018229166666666668
0 0.5291666666666667 0.81875 0.04166666666666667 0.030208333333333334
0 0.6273148148148149 0.8114583333333333 0.032407407407407406 0.021875
0 0.5925925925925926 0.7153645833333333 0.04814814814814815 0.018229166666666668
0 0.5694444444444444 0.68984375 0.0462962962962963 0.0296875
0 0.5550925925925926 0.6205729166666667 0.03981481481481482 0.0234375
0 0.5708333333333333 0.4458333333333333 0.04166666666666667 0.026041666666666668
0 0.5606481481481481 0.41770833333333335 0.04537037037037037 0.026041666666666668
0 0.6990740740740741 0.3734375 0.037037037037037035 0.020833333333333332
0 0.5800925925925926 0.35442708333333334 0.030555555555555558 0.0203125
0 0.47500000000000003 0.3450520833333333 0.044444444444444446 0.0265625
0 0.5328703703703704 0.32317708333333334 0.03425925925925926 0.024479166666666666
0 0.6870370370370371 0.28619791666666666 0.02777777777777778 0.013020833333333334
0 0.5555555555555556 0.2505208333333333 0.040740740740740744 0.026041666666666668
0 0.5527777777777778 0.2265625 0.040740740740740744 0.026041666666666668
0 0.5361111111111111 0.19713541666666667 0.05185185185185186 0.04010416666666666
0 0.5310185185185186 0.24687499999999998 0.015740740740740743 0.016666666666666666
0 0.5546296296296297 0.10390624999999999 0.037037037037037035 0.022395833333333334
0 0.3726851851851852 0.65 0.03981481481481482 0.019791666666666666
0 0.4166666666666667 0.6078125 0.03333333333333333 0.015625
0 0.31712962962962965 0.4473958333333333 0.04722222222222222 0.015625
0 0.325 0.42682291666666666 0.044444444444444446 0.024479166666666666
0 0.33240740740740743 0.39557291666666666 0.037037037037037035 0.022395833333333334
0 0.38101851851851853 0.37890625 0.03981481481481482 0.0234375
0 0.8907407407407407 0.39010416666666664 0.02592592592592593 0.015625
0 0.4217592592592593 0.37890625 0.04537037037037037 0.0234375
0 0.44537037037037036 0.36744791666666665 0.05925925925925926 0.022395833333333334
0 0.47870370370370374 0.8442708333333333 0.037037037037037035 0.029166666666666667
0 0.7083333333333334 0.78359375 0.04814814814814815 0.0265625
0 0.8481481481481482 0.8244791666666667 0.03888888888888889 0.015625
0 0.8365740740740741 0.7869791666666667 0.03796296296296296 0.030208333333333334
0 0.7282407407407407 0.615625 0.028703703703703703 0.017708333333333333
0 0.7606481481481482 0.5572916666666666 0.04722222222222222 0.025
0 0.575462962962963 0.5908854166666666 0.036111111111111115 0.027604166666666666
0 0.5370370370370371 0.4700520833333333 0.03888888888888889 0.024479166666666666
0 0.9287037037037037 0.5416666666666666 0.044444444444444446 0.021875
0 0.7842592592592593 0.3390625 0.05 0.03229166666666666
0 0.7865740740740741 0.30416666666666664 0.05092592592592593 0.03854166666666667
0 0.6273148148148149 0.20755208333333333 0.036111111111111115 0.0203125
0 0.9115740740740741 0.3028645833333333 0.05277777777777778 0.025520833333333333
0 0.9611111111111111 0.3026041666666667 0.053703703703703705 0.03333333333333333
0 0.8523148148148149 0.19583333333333333 0.02314814814814815 0.01875
0 0.8574074074074074 0.7393229166666666 0.03333333333333333 0.019270833333333334
0 0.9263888888888889 0.8927083333333333 0.026851851851851852 0.021875
0 0.5685185185185185 0.33046875 0.02962962962962963 0.018229166666666668
0 0.6439814814814815 0.07135416666666666 0.05277777777777778 0.046875
0 0.7041666666666667 0.042708333333333334 0.05462962962962963 0.034375
0 0.7018518518518518 0.02005208333333333 0.05555555555555556 0.03802083333333333
0 0.20277777777777778 0.7182291666666667 0.03518518518518519 0.026041666666666668
0 0.6611111111111111 0.74375 0.044444444444444446 0.03333333333333333
0 0.1 0.14322916666666666 0.02962962962962963 0.013541666666666667
0 0.7157407407407408 0.25859375 0.031481481481481485 0.024479166666666666
0 0.8490740740740741 0.3515625 0.03888888888888889 0.025
0 0.9625 0.77734375 0.036111111111111115 0.019270833333333334
