0 0.17453703703703705 0.66015625 0.028703703703703703 0.01614583333333333
0 0.25833333333333336 0.5533854166666666 0.037037037037037035 0.024479166666666666
0 0.2064814814814815 0.5083333333333333 0.03333333333333333 0.015625
0 0.17407407407407408 0.4484375 0.040740740740740744 0.028125
0 0.1513888888888889 0.40703125 0.032407407407407406 0.022395833333333334
0 0.0763888888888889 0.32734375 0.049074074074074076 0.0296875
0 0.15833333333333333 0.21927083333333333 0.02962962962962963 0.017708333333333333
0 0.13194444444444445 0.21901041666666665 0.028703703703703703 0.019270833333333334
0 0.5194444444444445 0.8197916666666667 0.04259259259259259 0.030208333333333334
0 0.5824074074074075 0.715625 0.04814814814814815 0.017708333333333333
0 0.5606481481481481 0.6901041666666666 0.04537037037037037 0.030208333333333334
0 0.5444444444444445 0.6213541666666667 0.044444444444444446 0.020833333333333332
0 0.5625 0.44687499999999997 0.04166666666666667 0.026041666666666668
0 0.5523148148148148 0.41875 0.04537037037037037 0.026041666666666668
0 0.6921296296296297 0.37447916666666664 0.036111111111111115 0.020833333333333332
0 0.5717592592592593 0.35572916666666665 0.028703703703703703 0.019791666666666666
0 0.4652777777777778 0.3463541666666667 0.04351851851851852 0.027083333333333334
0 0.5240740740740741 0.32447916666666665 0.03333333333333333 0.02395833333333333
0 0.5462962962962963 0.2520833333333333 0.040740740740740744 0.026041666666666668
0 0.5435185185185185 0.22760416666666666 0.040740740740740744 0.026041666666666668
0 0.5240740740740741 0.1984375 0.05185185185185186 0.03958333333333333
0 0.3652777777777778 0.6510416666666666 0.04166666666666667 0.019791666666666666
0 0.4087962962962963 0.6083333333333333 0.032407407407407406 0.015625
0 0.3087962962962963 0.44765625 0.04537037037037037 0.0203125
0 0.31527777777777777 0.4270833333333333 0.04351851851851852 0.025
0 0.3231481481481482 0.39609375 0.04259259259259259 0.019270833333333334
0 0.3703703703703704 0.38125 0.037037037037037035 0.019791666666666666
0 0.4134259259259259 0.3796875 0.04537037037037037 0.02395833333333333
0 0.4361111111111111 0.36796875 0.06296296296296297 0.021354166666666667
0 0.46851851851851856 0.8453125 0.03518518518518519 0.030208333333333334
0 0.701388888888889 0.7846354166666667 0.05462962962962963 0.0265625
0 0.8412037037037038 0.8263020833333333 0.04166666666666667 0.01614583333333333
0 0.8282407407407407 0.7875 0.03796296296296296 0.030208333333333334
0 0.7189814814814816 0.6161458333333333 0.030555555555555558 0.017708333333333333
0 0.7527777777777778 0.5580729166666667 0.04814814814814815 0.025520833333333333
0 0.5657407407407408 0.59140625 0.03518518518518519 0.027604166666666666
0 0.5296296296296297 0.4700520833333333 0.03888888888888889 0.024479166666666666
0 0.9194444444444445 0.5427083333333333 0.044444444444444446 0.021875
0 0.775 0.3403645833333333 0.05185185185185186 0.0328125
0 0.775 0.3046875 0.05185185185185186 0.0375
0 0.6203703703703703 0.209375 0.03333333333333333 0.019791666666666666
0 0.9 0.3046875 0.05185185185185186 0.025
0 0.9476851851851852 0.3033854166666667 0.05648148148148149 0.0328125
0 0.8430555555555556 0.19713541666666667 0.02314814814814815 0.018229166666666668
0 0.85 0.7395833333333334 0.03333333333333333 0.01875
0 0.9175925925925926 0.89296875 0.02962962962962963 0.0234375
0 0.5587962962962963 0.33177083333333335 0.028703703703703703 0.016666666666666666
0 0.6310185185185185 0.07395833333333333 0.05277777777777778 0.046875
0 0.6898148148148149 0.044270833333333336 0.05555555555555556 0.034375
0 0.6907407407407408 0.021354166666666667 0.06296296296296297 0.03958333333333333
0 0.19212962962962965 0.71953125 0.036111111111111115 0.025520833333333333
0 0.650462962962963 0.74375 0.04537037037037037 0.034375
0 0.09351851851851853 0.14479166666666665 0.02962962962962963 0.013541666666666667
0 0.7074074074074075 0.2596354166666667 0.02777777777777778 0.024479166666666666
0 0.837962962962963 0.35260416666666666 0.03888888888888889 0.025
0 0.9560185185185186 0.778125 0.036111111111111115 0.01875
