0 0.16435185185185186 0.6604166666666667 0.032407407407407406 0.016666666666666666
0 0.24861111111111112 0.5536458333333333 0.03796296296296296 0.02395833333333333
0 0.19814814814814816 0.5091145833333334 0.03333333333333333 0.015104166666666667
0 0.16481481481481483 0.44921875 0.040740740740740744 0.027604166666666666
0 0.1425925925925926 0.40781249999999997 0.02962962962962963 0.020833333333333332
0 0.06666666666666667 0.32838541666666665 0.05 0.0296875
0 0.15 0.22109375 0.02962962962962963 0.018229166666666668
0 0.12175925925925926 0.21979166666666666 0.028703703703703703 0.019791666666666666
0 0.5111111111111112 0.8200520833333333 0.04259259259259259 0.0296875
0 0.5736111111111112 0.71640625 0.04722222222222222 0.0171875
0 0.5523148148148148 0.6911458333333333 0.04537037037037037 0.029166666666666667
0 0.5347222222222222 0.6221354166666666 0.04537037037037037 0.021354166666666667
0 0.5527777777777778 0.4471354166666667 0.040740740740740744 0.025520833333333333
0 0.5430555555555556 0.4192708333333333 0.04537037037037037 0.026041666666666668
0 0.6842592592592592 0.37473958333333335 0.037037037037037035 0.0203125
0 0.563425925925926 0.35651041666666666 0.028703703703703703 0.019270833333333334
0 0.45555555555555555 0.34713541666666664 0.04259259259259259 0.0265625
0 0.5143518518518518 0.3255208333333333 0.03425925925925926 0.02395833333333333
0 0.537962962962963 0.2526041666666667 0.040740740740740744 0.026041666666666668
0 0.5342592592592593 0.228125 0.040740740740740744 0.026041666666666668
0 0.512962962962963 0.2 0.05185185185185186 0.03958333333333333
0 0.35694444444444445 0.6515625 0.04166666666666667 0.019791666666666666
0 0.4 0.6091145833333333 0.031481481481481485 0.01614583333333333
0 0.300462962962963 0.4484375 0.04351851851851852 0.021875
0 0.30694444444444446 0.4278645833333333 0.04351851851851852 0.024479166666666666
0 0.3143518518518519 0.39791666666666664 0.04166666666666667 0.019791666666666666
0 0.36064814814814816 0.38229166666666664 0.036111111111111115 0.019791666666666666
0 0.4046296296296297 0.38046875 0.044444444444444446 0.0234375
0 0.4273148148148148 0.3690104166666667 0.062037037037037036 0.022395833333333334
0 0.45925925925925926 0.84609375 0.03518518518518519 0.0296875
0 0.6907407407407408 0.7859375 0.0462962962962963 0.027083333333333334
0 0.8324074074074075 0.8268229166666666 0.03888888888888889 0.0171875
0 0.8189814814814815 0.7880208333333333 0.03796296296296296 0.030208333333333334
0 0.7087962962962964 0.6166666666666667 0.032407407407407406 0.017708333333333333
0 0.7435185185185186 0.5583333333333333 0.0462962962962963 0.026041666666666668
0 0.5569444444444445 0.5919270833333333 0.036111111111111115 0.027604166666666666
0 0.5212962962962964 0.4705729166666667 0.040740740740740744 0.024479166666666666
0 0.9106481481481482 0.54296875 0.04351851851851852 0.021354166666666667
0 0.7657407407407407 0.34140625 0.05185185185185186 0.033854166666666664
0 0.7643518518518518 0.30625 0.05277777777777778 0.03854166666666667
0 0.6111111111111112 0.21041666666666667 0.031481481481481485 0.020833333333333332
0 0.8875000000000001 0.3052083333333333 0.04722222222222222 0.025
0 0.9365740740740741 0.30390625 0.05462962962962963 0.0328125
0 0.8337962962962964 0.19817708333333334 0.02314814814814815 0.018229166666666668
0 0.8439814814814816 0.7395833333333334 0.032407407407407406 0.016666666666666666
0 0.9074074074074074 0.8934895833333333 0.031481481481481485 0.024479166666666666
0 0.549074074074074 0.33177083333333335 0.02962962962962963 0.015625
0 0.6180555555555556 0.07552083333333333 0.05277777777777778 0.046875
0 0.6763888888888889 0.04583333333333333 0.05648148148148149 0.034375
0 0.6773148148148148 0.022135416666666668 0.06574074074074074 0.04114583333333333
0 0.1814814814814815 0.7205729166666667 0.03518518518518519 0.025520833333333333
0 0.6402777777777778 0.7447916666666666 0.04351851851851852 0.034375
0 0.08657407407407408 0.14635416666666667 0.028703703703703703 0.013541666666666667
0 0.6972222222222223 0.2598958333333333 0.02592592592592593 0.02395833333333333
0 0.826388888888889 0.3533854166666667 0.03796296296296296 0.024479166666666666
0 0.9490740740740741 0.7783854166666666 0.037037037037037035 0.019270833333333334
