0 0.8467592592592593 0.6609375 0.03425925925925926 0.017708333333333333
0 0.7620370370370371 0.5544270833333333 0.037037037037037035 0.024479166666666666
0 0.8125 0.5098958333333333 0.03425925925925926 0.015625
0 0.8472222222222222 0.4497395833333333 0.040740740740740744 0.027604166666666666
0 0.8685185185185186 0.40911458333333334 0.02962962962962963 0.0203125
0 0.9472222222222223 0.3294270833333333 0.05 0.0296875
0 0.862037037037037 0.22213541666666667 0.02962962962962963 0.0171875
0 0.888425925925926 0.22109375 0.028703703703703703 0.019270833333333334
0 0.500925925925926 0.8203125 0.04259259259259259 0.029166666666666667
0 0.4375 0.7166666666666667 0.04722222222222222 0.016666666666666666
0 0.45833333333333337 0.6911458333333333 0.0462962962962963 0.029166666666666667
0 0.47824074074074074 0.6223958333333334 0.04537037037037037 0.020833333333333332
0 0.4587962962962963 0.4473958333333333 0.04166666666666667 0.026041666666666668
0 0.46805555555555556 0.41953124999999997 0.04537037037037037 0.025520833333333333
0 0.32407407407407407 0.37578125 0.03518518518518519 0.0203125
0 0.4476851851851852 0.35703125 0.028703703703703703 0.0203125
0 0.5560185185185186 0.34765625 0.04351851851851852 0.0265625
0 0.4962962962962963 0.3260416666666667 0.03333333333333333 0.02395833333333333
0 0.4726851851851852 0.25338541666666664 0.04166666666666667 0.025520833333333333
0 0.47685185185185186 0.22890625 0.040740740740740744 0.0265625
0 0.5 0.20078125 0.05185185185185186 0.0390625
0 0.6537037037037037 0.6526041666666667 0.04259259259259259 0.019791666666666666
0 0.6101851851851852 0.609375 0.031481481481481485 0.015625
0 0.7111111111111111 0.44947916666666665 0.044444444444444446 0.022916666666666665
0 0.7046296296296296 0.4283854166666667 0.044444444444444446 0.024479166666666666
0 0.6967592592592593 0.39817708333333335 0.04166666666666667 0.019270833333333334
0 0.6523148148148148 0.38255208333333335 0.03425925925925926 0.0203125
0 0.6083333333333334 0.3809895833333333 0.044444444444444446 0.0234375
0 0.5745370370370371 0.3703125 0.04351851851851852 0.020833333333333332
0 0.5527777777777778 0.8466145833333333 0.03518518518518519 0.0296875
0 0.3231481481481482 0.7856770833333333 0.04814814814814815 0.028645833333333332
0 0.1814814814814815 0.8273437499999999 0.03518518518518519 0.0171875
0 0.19166666666666668 0.78828125 0.037037037037037035 0.030729166666666665
0 0.3013888888888889 0.6169270833333333 0.030555555555555558 0.018229166666666668
0 0.2675925925925926 0.55859375 0.04814814814814815 0.025520833333333333
0 0.45555555555555555 0.5924479166666666 0.03518518518518519 0.027604166666666666
0 0.4898148148148148 0.47109375 0.040740740740740744 0.024479166666666666
0 0.10046296296296296 0.5432291666666667 0.04351851851851852 0.021875
0 0.24675925925925926 0.3411458333333333 0.05092592592592593 0.03333333333333333
0 0.24953703703703706 0.3067708333333333 0.05277777777777778 0.03854166666666667
0 0.40046296296296297 0.21067708333333332 0.032407407407407406 0.021354166666666667
0 0.12546296296296297 0.3052083333333333 0.04722222222222222 0.025
0 0.0763888888888889 0.30416666666666664 0.05462962962962963 0.03125
0 0.17777777777777778 0.19895833333333332 0.022222222222222223 0.017708333333333333
0 0.08425925925925926 0.3421875 0.024074074074074074 0.010416666666666666
0 0.1615740740740741 0.7372395833333333 0.02314814814814815 0.0171875
0 0.10370370370370371 0.8937499999999999 0.03333333333333333 0.02395833333333333
0 0.46111111111111114 0.33229166666666665 0.02962962962962963 0.015625
0 0.39861111111111114 0.0765625 0.05277777777777778 0.046875
0 0.3388888888888889 0.046614583333333334 0.05740740740740741 0.034895833333333334
0 0.33796296296296297 0.02265625 0.06851851851851852 0.0421875
0 0.8319444444444445 0.72109375 0.036111111111111115 0.0265625
0 0.3717592592592593 0.7442708333333333 0.04166666666666667 0.035416666666666666
0 0.9231481481481482 0.14791666666666667 0.02962962962962963 0.013541666666666667
0 0.1875 0.35390625 0.03796296296296296 0.024479166666666666
0 0.06064814814814815 0.77890625 0.03796296296296296 0.019270833333333334
