0 0.11898148148148148 0.6619791666666667 0.032407407407407406 0.01875
0 0.19675925925925927 0.55234375 0.03981481481481482 0.025520833333333333
0 0.1462962962962963 0.5075520833333333 0.03518518518518519 0.015104166666666667
0 0.10416666666666667 0.44609375 0.03796296296296296 0.0265625
0 0.08425925925925926 0.40703125 0.031481481481481485 0.018229166666666668
0 0.015740740740740743 0.328125 0.02777777777777778 0.03333333333333333
0 0.09722222222222222 0.21953124999999998 0.02962962962962963 0.0171875
0 0.06944444444444445 0.21770833333333334 0.02962962962962963 0.01875
0 0.4532407407407408 0.8182291666666667 0.04351851851851852 0.028125
0 0.5189814814814815 0.71484375 0.04722222222222222 0.01614583333333333
0 0.4981481481481482 0.6901041666666666 0.0462962962962963 0.029166666666666667
0 0.47824074074074074 0.6216145833333333 0.03425925925925926 0.019270833333333334
0 0.49768518518518523 0.44557291666666665 0.03981481481481482 0.0265625
0 0.4902777777777778 0.41744791666666664 0.04537037037037037 0.0265625
0 0.6435185185185185 0.37395833333333334 0.03518518518518519 0.019791666666666666
0 0.5152777777777778 0.3572916666666667 0.026851851851851852 0.022916666666666665
0 0.40231481481481485 0.3455729166666667 0.04351851851851852 0.0265625
0 0.4601851851851852 0.32265625 0.03333333333333333 0.022395833333333334
0 0.487962962962963 0.25078125 0.040740740740740744 0.025520833333333333
0 0.48194444444444445 0.22552083333333334 0.04166666666666667 0.028125
0 0.44953703703703707 0.19765625 0.05092592592592593 0.04010416666666666
0 0.30648148148148147 0.6510416666666666 0.044444444444444446 0.01875
0 0.34861111111111115 0.6078125 0.030555555555555558 0.015625
0 0.24675925925925926 0.4471354166666667 0.04722222222222222 0.022395833333333334
0 0.2523148148148148 0.4265625 0.04537037037037037 0.02395833333333333
0 0.25972222222222224 0.39479166666666665 0.04537037037037037 0.020833333333333332
0 0.3041666666666667 0.38046875 0.03981481481481482 0.021354166666666667
0 0.34814814814814815 0.37838541666666664 0.0462962962962963 0.022395833333333334
0 0.3824074074074074 0.36744791666666665 0.05185185185185186 0.021354166666666667
0 0.3976851851851852 0.8447916666666666 0.03425925925925926 0.029166666666666667
0 0.6231481481481481 0.7838541666666666 0.0462962962962963 0.029166666666666667
0 0.688425925925926 0.7684895833333333 0.036111111111111115 0.025520833333333333
0 0.7736111111111111 0.8265625 0.028703703703703703 0.015625
0 0.7648148148148148 0.7869791666666667 0.037037037037037035 0.03125
0 0.6592592592592593 0.6158854166666666 0.03333333333333333 0.019270833333333334
0 0.6935185185185185 0.5578125 0.0462962962962963 0.025
0 0.49722222222222223 0.5903645833333333 0.03518518518518519 0.027604166666666666
0 0.46805555555555556 0.4692708333333333 0.03981481481481482 0.025
0 0.8587962962962963 0.5416666666666666 0.04351851851851852 0.021875
0 0.7069444444444445 0.33984375 0.04722222222222222 0.033854166666666664
0 0.7037037037037037 0.30442708333333335 0.05185185185185186 0.0390625
0 0.5578703703703703 0.20833333333333334 0.03425925925925926 0.025
0 0.8287037037037037 0.3033854166666667 0.04814814814814815 0.025520833333333333
0 0.8731481481481482 0.3020833333333333 0.053703703703703705 0.03333333333333333
0 0.7842592592592593 0.19635416666666666 0.022222222222222223 0.017708333333333333
0 0.8768518518518519 0.34140625 0.03333333333333333 0.0140625
0 0.9875 0.43906249999999997 0.025 0.02395833333333333
0 0.9745370370370371 0.49557291666666664 0.03981481481481482 0.0171875
0 0.8009259259259259 0.7356770833333334 0.02777777777777778 0.0171875
0 0.9833333333333334 0.7419270833333333 0.03333333333333333 0.033854166666666664
0 0.8476851851851852 0.8919270833333334 0.030555555555555558 0.025520833333333333
0 0.4986111111111111 0.3286458333333333 0.03425925925925926 0.014583333333333334
0 0.5435185185185185 0.07265625 0.053703703703703705 0.04739583333333333
0 0.6 0.0421875 0.05740740740740741 0.035416666666666666
0 0.5953703703703704 0.020572916666666666 0.06296296296296297 0.03802083333333333
0 0.5777777777777778 0.74453125 0.040740740740740744 0.03177083333333333
0 0.04259259259259259 0.14453125 0.02777777777777778 0.0140625
0 0.7615740740740741 0.35130208333333335 0.03796296296296296 0.022395833333333334
0 0.11435185185185186 0.7192708333333333 0.04166666666666667 0.028125
0 0.9078703703703704 0.7778645833333333 0.03796296296296296 0.0203125
