0 0.09166666666666667 0.6611979166666666 0.037037037037037035 0.021354166666666667
0 0.1685185185185185 0.5515625 0.04259259259259259 0.026041666666666668
0 0.11805555555555557 0.5067708333333333 0.036111111111111115 0.015625
0 0.06944444444444445 0.44505208333333335 0.037037037037037035 0.0265625
0 0.050462962962962966 0.40651041666666665 0.028703703703703703 0.018229166666666668
0 0.06620370370370371 0.21770833333333334 0.030555555555555558 0.016666666666666666
0 0.03796296296296296 0.21614583333333334 0.02592592592592593 0.019791666666666666
0 0.4236111111111111 0.8177083333333334 0.04351851851851852 0.029166666666666667
0 0.5342592592592593 0.8083333333333333 0.02592592592592593 0.02395833333333333
0 0.48888888888888893 0.7140625 0.0462962962962963 0.015625
0 0.4703703703703704 0.6893229166666667 0.0462962962962963 0.028645833333333332
0 0.4462962962962963 0.6223958333333334 0.03518518518518519 0.017708333333333333
0 0.46851851851851856 0.44479166666666664 0.03888888888888889 0.027083333333333334
0 0.4625 0.4171875 0.04537037037037037 0.026041666666666668
0 0.6212962962962963 0.3734375 0.03518518518518519 0.019791666666666666
0 0.48935185185185187 0.35572916666666665 0.030555555555555558 0.02395833333333333
0 0.3731481481481482 0.34401041666666665 0.044444444444444446 0.0265625
0 0.4324074074074074 0.3221354166666667 0.03333333333333333 0.022395833333333334
0 0.4601851851851852 0.24973958333333332 0.04259259259259259 0.025520833333333333
0 0.45462962962962966 0.22395833333333334 0.04259259259259259 0.028125
0 0.41481481481481486 0.19661458333333334 0.05185185185185186 0.04010416666666666
0 0.2800925925925926 0.6505208333333333 0.04351851851851852 0.019791666666666666
0 0.2162037037037037 0.44557291666666665 0.049074074074074076 0.021354166666666667
0 0.22314814814814815 0.42526041666666664 0.0462962962962963 0.024479166666666666
0 0.2300925925925926 0.39348958333333334 0.04537037037037037 0.022395833333333334
0 0.27222222222222225 0.37890625 0.037037037037037035 0.0203125
0 0.3175925925925926 0.37734375 0.044444444444444446 0.0234375
0 0.35324074074074074 0.36875 0.05648148148148149 0.026041666666666668
0 0.3662037037037037 0.8442708333333333 0.03425925925925926 0.029166666666666667
0 0.5851851851851853 0.7833333333333333 0.05185185185185186 0.029166666666666667
0 0.6583333333333333 0.7713541666666667 0.04259259259259259 0.029166666666666667
0 0.7439814814814815 0.8260416666666667 0.025 0.015625
0 0.737962962962963 0.7861979166666666 0.037037037037037035 0.030729166666666665
0 0.6319444444444444 0.6151041666666667 0.032407407407407406 0.01875
0 0.6675925925925926 0.5575520833333333 0.044444444444444446 0.0234375
0 0.4666666666666667 0.5901041666666667 0.037037037037037035 0.028125
0 0.8324074074074075 0.5408854166666667 0.040740740740740744 0.021354166666666667
0 0.6759259259259259 0.33958333333333335 0.04814814814814815 0.034375
0 0.6699074074074074 0.3033854166666667 0.049074074074074076 0.0390625
0 0.5296296296296297 0.20729166666666665 0.03888888888888889 0.025
0 0.7962962962962963 0.3028645833333333 0.0462962962962963 0.025520833333333333
0 0.8398148148148148 0.3013020833333333 0.05185185185185186 0.0328125
0 0.7583333333333334 0.19505208333333332 0.022222222222222223 0.018229166666666668
0 0.8550925925925926 0.3424479166666667 0.032407407407407406 0.01614583333333333
0 0.9865740740740742 0.2950520833333333 0.026851851851851852 0.025520833333333333
0 0.9884259259259259 0.3359375 0.02314814814814815 0.027083333333333334
0 0.9717592592592593 0.4388020833333333 0.049074074074074076 0.025520833333333333
0 0.9467592592592593 0.49505208333333334 0.03981481481481482 0.018229166666666668
0 0.9865740740740742 0.52578125 0.026851851851851852 0.021354166666666667
0 0.7773148148148148 0.7361979166666667 0.030555555555555558 0.018229166666666668
0 0.962037037037037 0.7411458333333333 0.05 0.03333333333333333
0 0.8199074074074074 0.8921875 0.030555555555555558 0.02395833333333333
0 0.4703703703703704 0.328125 0.03518518518518519 0.014583333333333334
0 0.5032407407407408 0.0703125 0.05277777777777778 0.046875
0 0.5583333333333333 0.039322916666666666 0.05555555555555556 0.0359375
0 0.5509259259259259 0.01875 0.05925925925925926 0.035416666666666666
0 0.5439814814814815 0.7440104166666667 0.03981481481481482 0.030729166666666665
0 0.015740740740740743 0.14296875 0.02592592592592593 0.0140625
0 0.7291666666666667 0.35 0.03425925925925926 0.020833333333333332
0 0.07962962962962963 0.71875 0.044444444444444446 0.028125
0 0.8861111111111112 0.77734375 0.037037037037037035 0.0203125
