0 0.9356481481481482 0.6604166666666667 0.03796296296296296 0.020833333333333332
0 0.8587962962962963 0.55 0.04166666666666667 0.02395833333333333
0 0.9092592592592593 0.50625 0.037037037037037035 0.015625
0 0.9611111111111111 0.44453125 0.037037037037037035 0.027604166666666666
0 0.9782407407407407 0.4044270833333333 0.025 0.01614583333333333
0 0.9601851851851853 0.21796875 0.02962962962962963 0.01614583333333333
0 0.9875 0.21510416666666665 0.025 0.019791666666666666
0 0.6078703703703704 0.81796875 0.04351851851851852 0.028645833333333332
0 0.4986111111111111 0.8080729166666667 0.026851851851851852 0.024479166666666666
0 0.5416666666666667 0.7130208333333333 0.044444444444444446 0.015625
0 0.5583333333333333 0.6895833333333333 0.044444444444444446 0.028125
0 0.587962962962963 0.6213541666666667 0.03518518518518519 0.01875
0 0.5615740740740741 0.44453125 0.03796296296296296 0.0265625
0 0.5662037037037038 0.4166666666666667 0.04537037037037037 0.026041666666666668
0 0.40185185185185185 0.3731770833333333 0.03518518518518519 0.0203125
0 0.5300925925925926 0.3528645833333333 0.03425925925925926 0.0234375
0 0.6546296296296297 0.34348958333333335 0.044444444444444446 0.0265625
0 0.5958333333333333 0.321875 0.032407407407407406 0.02395833333333333
0 0.5657407407407408 0.25 0.04259259259259259 0.025
0 0.5726851851851852 0.22369791666666666 0.04351851851851852 0.028645833333333332
0 0.6185185185185186 0.19609375 0.05185185185185186 0.04010416666666666
0 0.7467592592592592 0.6505208333333333 0.04351851851851852 0.01875
0 0.8125 0.44557291666666665 0.04722222222222222 0.022395833333333334
0 0.8060185185185186 0.4244791666666667 0.04537037037037037 0.025
0 0.7981481481481482 0.39348958333333334 0.04259259259259259 0.0234375
0 0.7564814814814815 0.378125 0.04259259259259259 0.021875
0 0.7125 0.3770833333333333 0.04537037037037037 0.02395833333333333
0 0.675462962962963 0.36796875 0.06018518518518519 0.024479166666666666
0 0.6662037037037037 0.8440104166666667 0.03425925925925926 0.028645833333333332
0 0.4467592592592593 0.7828125 0.04166666666666667 0.029166666666666667
0 0.3726851851851852 0.7723958333333333 0.04166666666666667 0.030208333333333334
0 0.28611111111111115 0.8265625 0.02777777777777778 0.015625
0 0.29212962962962963 0.7869791666666667 0.03796296296296296 0.03125
0 0.3962962962962963 0.6153645833333333 0.031481481481481485 0.018229166666666668
0 0.3592592592592593 0.5583333333333333 0.044444444444444446 0.022916666666666665
0 0.5648148148148149 0.5885416666666666 0.03888888888888889 0.029166666666666667
0 0.1962962962962963 0.5411458333333333 0.040740740740740744 0.021875
0 0.35555555555555557 0.3380208333333333 0.0462962962962963 0.03125
0 0.3625 0.3028645833333333 0.04722222222222222 0.03802083333333333
0 0.49074074074074076 0.20703125 0.02777777777777778 0.024479166666666666
0 0.23796296296296296 0.3033854166666667 0.044444444444444446 0.0265625
0 0.1953703703703704 0.30104166666666665 0.05 0.03229166666666666
0 0.26944444444444443 0.19505208333333332 0.020370370370370372 0.018229166666666668
0 0.1712962962962963 0.34401041666666665 0.031481481481481485 0.0171875
0 0.03888888888888889 0.29635416666666664 0.04259259259259259 0.027083333333333334
0 0.02638888888888889 0.33359375 0.049074074074074076 0.030729166666666665
0 0.02361111111111111 0.22317708333333333 0.025 0.011979166666666666
0 0.05787037037037037 0.4393229166666667 0.049074074074074076 0.025520833333333333
0 0.08425925925925926 0.4953125 0.03888888888888889 0.017708333333333333
0 0.03935185185185185 0.5260416666666666 0.036111111111111115 0.020833333333333332
0 0.014351851851851852 0.5197916666666667 0.025 0.022916666666666665
0 0.24629629629629632 0.73828125 0.03333333333333333 0.021354166666666667
0 0.06851851851851852 0.7419270833333333 0.05 0.033854166666666664
0 0.20787037037037037 0.89296875 0.03425925925925926 0.022395833333333334
0 0.5578703703703703 0.32760416666666664 0.03425925925925926 0.015625
0 0.5351851851851852 0.07057291666666667 0.053703703703703705 0.04635416666666667
0 0.48194444444444445 0.039322916666666666 0.05277777777777778 0.034895833333333334
0 0.49212962962962964 0.01875 0.05648148148148149 0.035416666666666666
0 0.49074074074074076 0.7434895833333334 0.03888888888888889 0.030729166666666665
0 0.3050925925925926 0.3502604166666667 0.032407407407407406 0.0203125
0 0.9546296296296297 0.7177083333333333 0.04814814814814815 0.028125
0 0.14351851851851852 0.778125 0.022222222222222223 0.019791666666666666
