0 0.05740740740740741 0.6606770833333333 0.03888888888888889 0.0203125
0 0.1328703703703704 0.5513020833333333 0.04351851851851852 0.024479166666666666
0 0.08287037037037037 0.5065104166666666 0.036111111111111115 0.015104166666666667
0 0.030092592592592594 0.44453125 0.03796296296296296 0.0265625
0 0.012962962962962964 0.4044270833333333 0.022222222222222223 0.018229166666666668
0 0.030555555555555558 0.21744791666666666 0.031481481481481485 0.01614583333333333
0 0.009259259259259259 0.21562499999999998 0.016666666666666666 0.01875
0 0.38287037037037036 0.81796875 0.04351851851851852 0.028645833333333332
0 0.49212962962962964 0.8083333333333333 0.028703703703703703 0.02395833333333333
0 0.45092592592592595 0.7138020833333333 0.044444444444444446 0.01614583333333333
0 0.4337962962962963 0.6890625 0.04537037037037037 0.028125
0 0.40185185185185185 0.621875 0.037037037037037035 0.017708333333333333
0 0.4300925925925926 0.44427083333333334 0.03981481481481482 0.026041666666666668
0 0.42592592592592593 0.41692708333333334 0.0462962962962963 0.025520833333333333
0 0.5921296296296297 0.3723958333333333 0.036111111111111115 0.021875
0 0.46620370370370373 0.35625 0.032407407407407406 0.022916666666666665
0 0.33611111111111114 0.34375 0.044444444444444446 0.027083333333333334
0 0.39537037037037037 0.321875 0.031481481481481485 0.02395833333333333
0 0.425462962962963 0.24973958333333332 0.04351851851851852 0.025520833333333333
0 0.4175925925925926 0.22317708333333333 0.04259259259259259 0.028645833333333332
0 0.3699074074074074 0.19583333333333333 0.05277777777777778 0.03958333333333333
0 0.24537037037037038 0.6505208333333333 0.044444444444444446 0.01875
0 0.18101851851851852 0.44427083333333334 0.05092592592592593 0.020833333333333332
0 0.18564814814814815 0.42421875 0.04537037037037037 0.024479166666666666
0 0.19305555555555556 0.3927083333333333 0.04537037037037037 0.022916666666666665
0 0.23472222222222222 0.37838541666666664 0.04351851851851852 0.021354166666666667
0 0.27870370370370373 0.3770833333333333 0.0462962962962963 0.02395833333333333
0 0.31666666666666665 0.36796875 0.06296296296296297 0.024479166666666666
0 0.325 0.8440104166666667 0.03518518518518519 0.028645833333333332
0 0.5421296296296296 0.7830729166666667 0.04166666666666667 0.0296875
0 0.6185185185185186 0.77265625 0.04259259259259259 0.0296875
0 0.7069444444444445 0.8268229166666666 0.028703703703703703 0.0171875
0 0.700462962962963 0.7869791666666667 0.03796296296296296 0.03125
0 0.5967592592592593 0.615625 0.032407407407407406 0.01875
0 0.6333333333333333 0.5588541666666667 0.044444444444444446 0.021875
0 0.42638888888888893 0.5885416666666666 0.03796296296296296 0.029166666666666667
0 0.538425925925926 0.5174479166666667 0.028703703703703703 0.0140625
0 0.7958333333333334 0.5411458333333333 0.04166666666666667 0.021875
0 0.6342592592592593 0.33828125 0.044444444444444446 0.03177083333333333
0 0.6277777777777778 0.3026041666666667 0.0462962962962963 0.0375
0 0.500925925925926 0.20651041666666667 0.02777777777777778 0.024479166666666666
0 0.750925925925926 0.303125 0.040740740740740744 0.026041666666666668
0 0.7944444444444445 0.30078125 0.05 0.03177083333333333
0 0.7226851851851852 0.19505208333333332 0.021296296296296296 0.018229166666666668
0 0.8226851851851852 0.34375 0.032407407407407406 0.016666666666666666
0 0.950925925925926 0.29635416666666664 0.044444444444444446 0.027083333333333334
0 0.9634259259259259 0.3341145833333333 0.049074074074074076 0.028645833333333332
0 0.9675925925925927 0.22265625 0.024074074074074074 0.011979166666666666
0 0.9337962962962963 0.43906249999999997 0.049074074074074076 0.026041666666666668
0 0.9087962962962963 0.4953125 0.03796296296296296 0.017708333333333333
0 0.9541666666666667 0.5260416666666666 0.03796296296296296 0.020833333333333332
0 0.9837962962962963 0.5200520833333333 0.032407407407407406 0.022395833333333334
0 0.7490740740740741 0.7385416666666667 0.03518518518518519 0.022916666666666665
0 0.9231481481481482 0.74140625 0.05 0.033854166666666664
0 0.7907407407407407 0.89453125 0.02777777777777778 0.022395833333333334
0 0.43333333333333335 0.3286458333333333 0.040740740740740744 0.01875
0 0.4518518518518519 0.06953125 0.053703703703703705 0.04635416666666667
0 0.5046296296296297 0.038802083333333334 0.053703703703703705 0.034895833333333334
0 0.4930555555555556 0.018489583333333334 0.05648148148148149 0.034895833333333334
0 0.5023148148148149 0.7432291666666666 0.04166666666666667 0.030208333333333334
0 0.6851851851851852 0.3494791666666667 0.031481481481481485 0.019791666666666666
0 0.03564814814814815 0.71796875 0.04722222222222222 0.028645833333333332
0 0.8490740740740741 0.7778645833333333 0.016666666666666666 0.018229166666666668
