0 0.9532407407407407 0.6606770833333333 0.03796296296296296 0.0203125
0 0.8782407407407408 0.5513020833333333 0.04351851851851852 0.0234375
0 0.9282407407407408 0.5065104166666666 0.036111111111111115 0.015104166666666667
0 0.9828703703703704 0.44557291666666665 0.03425925925925926 0.027604166666666666
0 0.9819444444444445 0.21744791666666666 0.032407407407407406 0.01614583333333333
0 0.6291666666666667 0.81796875 0.04351851851851852 0.028645833333333332
0 0.5194444444444445 0.8080729166666667 0.031481481481481485 0.0234375
0 0.5601851851851852 0.71328125 0.044444444444444446 0.015104166666666667
0 0.5777777777777778 0.6890625 0.044444444444444446 0.028125
0 0.6106481481481482 0.6216145833333333 0.03425925925925926 0.018229166666666668
0 0.5833333333333334 0.4440104166666667 0.03888888888888889 0.027604166666666666
0 0.5861111111111111 0.41640625 0.0462962962962963 0.025520833333333333
0 0.4166666666666667 0.37213541666666666 0.037037037037037035 0.022395833333333334
0 0.5444444444444445 0.35625 0.03333333333333333 0.022916666666666665
0 0.6759259259259259 0.34375 0.044444444444444446 0.027083333333333334
0 0.6175925925925926 0.32109375 0.031481481481481485 0.0234375
0 0.587962962962963 0.24921875 0.044444444444444446 0.025520833333333333
0 0.5944444444444444 0.22317708333333333 0.040740740740740744 0.028645833333333332
0 0.6439814814814815 0.19583333333333333 0.05277777777777778 0.03958333333333333
0 0.7648148148148148 0.65078125 0.044444444444444446 0.019270833333333334
0 0.8291666666666667 0.44635416666666666 0.049074074074074076 0.02395833333333333
0 0.8277777777777778 0.42421875 0.0462962962962963 0.024479166666666666
0 0.8189814814814815 0.3924479166666667 0.04351851851851852 0.022395833333333334
0 0.3037037037037037 0.8273437499999999 0.02777777777777778 0.019270833333333334
0 0.7787037037037038 0.378125 0.044444444444444446 0.020833333333333332
0 0.7337962962962963 0.37734375 0.04537037037037037 0.024479166666666666
0 0.6953703703703704 0.3671875 0.06296296296296297 0.025
0 0.6875 0.8440104166666667 0.03425925925925926 0.028645833333333332
0 0.47222222222222227 0.7833333333333333 0.04259259259259259 0.030208333333333334
0 0.39305555555555555 0.7721354166666666 0.04351851851851852 0.0296875
0 0.3111111111111111 0.78671875 0.03888888888888889 0.030729166666666665
0 0.41435185185185186 0.6151041666666667 0.032407407407407406 0.01875
0 0.37824074074074077 0.5583333333333333 0.04537037037037037 0.021875
0 0.5861111111111111 0.5885416666666666 0.03888888888888889 0.029166666666666667
0 0.4703703703703704 0.51640625 0.02777777777777778 0.01614583333333333
0 0.2152777777777778 0.5411458333333333 0.04166666666666667 0.021875
0 0.37962962962962965 0.33828125 0.04259259259259259 0.03177083333333333
0 0.38703703703703707 0.30234375 0.0462962962962963 0.03802083333333333
0 0.5106481481481482 0.20598958333333334 0.028703703703703703 0.024479166666666666
0 0.25833333333333336 0.3020833333333333 0.0462962962962963 0.028125
0 0.22083333333333335 0.30052083333333335 0.049074074074074076 0.03229166666666666
0 0.28935185185185186 0.19401041666666666 0.021296296296296296 0.018229166666666668
0 0.18796296296296297 0.34348958333333335 0.031481481481481485 0.018229166666666668
0 0.0625 0.2955729166666667 0.04351851851851852 0.0265625
0 0.04861111111111111 0.33541666666666664 0.04722222222222222 0.029166666666666667
0 0.044444444444444446 0.22239583333333332 0.024074074074074074 0.0125
0 0.07777777777777778 0.43906249999999997 0.04814814814814815 0.026041666666666668
0 0.10277777777777779 0.4947916666666667 0.037037037037037035 0.017708333333333333
0 0.05740740740740741 0.52578125 0.040740740740740744 0.0203125
0 0.02175925925925926 0.51953125 0.03981481481481482 0.022395833333333334
0 0.2601851851851852 0.73828125 0.03518518518518519 0.0234375
0 0.08750000000000001 0.74140625 0.049074074074074076 0.033854166666666664
0 0.2189814814814815 0.8942708333333333 0.028703703703703703 0.021875
0 0.5773148148148148 0.32838541666666665 0.04166666666666667 0.019270833333333334
0 0.5652777777777778 0.06901041666666667 0.05277777777777778 0.04635416666666667
0 0.5120370370370371 0.03854166666666667 0.053703703703703705 0.035416666666666666
0 0.525462962962963 0.018229166666666668 0.05462962962962963 0.034375
0 0.5101851851851852 0.7447916666666666 0.044444444444444446 0.029166666666666667
0 0.3300925925925926 0.3494791666666667 0.030555555555555558 0.019791666666666666
0 0.976388888888889 0.7177083333333333 0.04722222222222222 0.029166666666666667
