0 0.04166666666666667 0.6614583333333334 0.037037037037037035 0.019791666666666666
0 0.11388888888888889 0.5518229166666666 0.04259259259259259 0.024479166666666666
0 0.0638888888888889 0.50703125 0.037037037037037035 0.015104166666666667
0 0.014351851851851852 0.44557291666666665 0.026851851851851852 0.027604166666666666
0 0.013425925925925926 0.21692708333333333 0.02314814814814815 0.0171875
0 0.36388888888888893 0.8177083333333334 0.04259259259259259 0.028125
0 0.47361111111111115 0.8088541666666667 0.032407407407407406 0.022916666666666665
0 0.43194444444444446 0.7140625 0.04537037037037037 0.015625
0 0.4152777777777778 0.6890625 0.04351851851851852 0.028125
0 0.38101851851851853 0.6200520833333333 0.03425925925925926 0.022395833333333334
0 0.4115740740740741 0.4427083333333333 0.04166666666666667 0.025
0 0.4050925925925926 0.4166666666666667 0.04722222222222222 0.025
0 0.5768518518518518 0.37213541666666666 0.03518518518518519 0.021354166666666667
0 0.4481481481481482 0.35572916666666665 0.03333333333333333 0.025
0 0.31527777777777777 0.34401041666666665 0.04537037037037037 0.027604166666666666
0 0.37453703703703706 0.32135416666666666 0.030555555555555558 0.022916666666666665
0 0.4050925925925926 0.24921875 0.04166666666666667 0.025520833333333333
0 0.3962962962962963 0.22291666666666665 0.040740740740740744 0.029166666666666667
0 0.34490740740740744 0.19583333333333333 0.05277777777777778 0.03958333333333333
0 0.22777777777777777 0.6510416666666666 0.04259259259259259 0.019791666666666666
0 0.16203703703703703 0.44505208333333335 0.05 0.022395833333333334
0 0.16481481481481483 0.4244791666666667 0.0462962962962963 0.02395833333333333
0 0.1736111111111111 0.39296875 0.04351851851851852 0.0234375
0 0.2125 0.37838541666666664 0.04351851851851852 0.021354166666666667
0 0.2564814814814815 0.3768229166666667 0.0462962962962963 0.024479166666666666
0 0.29583333333333334 0.3671875 0.06574074074074074 0.025
0 0.3041666666666667 0.84453125 0.032407407407407406 0.028645833333333332
0 0.5171296296296296 0.7830729166666667 0.04351851851851852 0.0296875
0 0.5990740740740741 0.77265625 0.044444444444444446 0.0296875
0 0.6824074074074075 0.7869791666666667 0.037037037037037035 0.03125
0 0.5787037037037037 0.6153645833333333 0.031481481481481485 0.018229166666666668
0 0.6143518518518519 0.5580729166666667 0.04537037037037037 0.022395833333333334
0 0.4041666666666667 0.5885416666666666 0.03796296296296296 0.029166666666666667
0 0.5268518518518519 0.5166666666666666 0.03333333333333333 0.015625
0 0.7768518518518519 0.540625 0.040740740740740744 0.021875
0 0.6101851851851852 0.33828125 0.04259259259259259 0.030729166666666665
0 0.6041666666666667 0.303125 0.04537037037037037 0.03854166666666667
0 0.47962962962962963 0.20572916666666666 0.02962962962962963 0.025
0 0.7310185185185185 0.3026041666666667 0.04537037037037037 0.027083333333333334
0 0.7685185185185186 0.30078125 0.04814814814814815 0.0328125
0 0.7023148148148148 0.19375 0.021296296296296296 0.017708333333333333
0 0.8050925925925926 0.34401041666666665 0.030555555555555558 0.019270833333333334
0 0.9296296296296297 0.2950520833333333 0.044444444444444446 0.0265625
0 0.9435185185185185 0.33307291666666666 0.0462962962962963 0.028645833333333332
0 0.9467592592592593 0.22135416666666666 0.025 0.0125
0 0.913425925925926 0.43828125 0.04722222222222222 0.025520833333333333
0 0.888888888888889 0.4942708333333333 0.037037037037037035 0.017708333333333333
0 0.9351851851851852 0.52578125 0.04259259259259259 0.019270833333333334
0 0.9722222222222222 0.51953125 0.044444444444444446 0.022395833333333334
0 0.9810185185185185 0.54375 0.030555555555555558 0.016666666666666666
0 0.7351851851851852 0.7385416666666667 0.03518518518518519 0.02395833333333333
0 0.9046296296296297 0.7411458333333333 0.05 0.03333333333333333
0 0.7736111111111111 0.89453125 0.026851851851851852 0.021354166666666667
0 0.41435185185185186 0.32838541666666665 0.04166666666666667 0.019270833333333334
0 0.42083333333333334 0.06822916666666666 0.05277777777777778 0.046875
0 0.47314814814814815 0.037760416666666664 0.053703703703703705 0.0359375
0 0.45925925925925926 0.017708333333333333 0.05555555555555556 0.03333333333333333
0 0.4800925925925926 0.7458333333333333 0.04537037037037037 0.029166666666666667
0 0.6597222222222222 0.3497395833333333 0.030555555555555558 0.019270833333333334
0 0.01990740740740741 0.7190104166666667 0.036111111111111115 0.028645833333333332
