0 0.9601851851851853 0.6614583333333334 0.037037037037037035 0.019791666666666666
0 0.887962962962963 0.5518229166666666 0.04259259259259259 0.024479166666666666
0 0.937962962962963 0.50703125 0.037037037037037035 0.015104166666666667
0 0.987037037037037 0.4458333333333333 0.02592592592592593 0.028125
0 0.9884259259259259 0.21692708333333333 0.02314814814814815 0.0171875
0 0.637962962962963 0.8177083333333334 0.04259259259259259 0.028125
0 0.5282407407407408 0.8088541666666667 0.032407407407407406 0.022916666666666665
0 0.5699074074074074 0.7140625 0.04537037037037037 0.015625
0 0.5865740740740741 0.6890625 0.04351851851851852 0.028125
0 0.6208333333333333 0.6200520833333333 0.03425925925925926 0.022395833333333334
0 0.5902777777777778 0.4427083333333333 0.04166666666666667 0.025
0 0.5967592592592593 0.4166666666666667 0.04722222222222222 0.025
0 0.425 0.37213541666666666 0.03518518518518519 0.021354166666666667
0 0.5537037037037037 0.35572916666666665 0.03333333333333333 0.025
0 0.6865740740740741 0.34401041666666665 0.04537037037037037 0.027604166666666666
0 0.6273148148148149 0.32135416666666666 0.030555555555555558 0.022916666666666665
0 0.5967592592592593 0.24921875 0.04166666666666667 0.025520833333333333
0 0.6055555555555556 0.22291666666666665 0.040740740740740744 0.029166666666666667
0 0.6569444444444444 0.19583333333333333 0.05277777777777778 0.03958333333333333
0 0.7740740740740741 0.6510416666666666 0.04259259259259259 0.019791666666666666
0 0.8398148148148148 0.44505208333333335 0.05 0.022395833333333334
0 0.837037037037037 0.4244791666666667 0.0462962962962963 0.02395833333333333
0 0.8282407407407407 0.39296875 0.04351851851851852 0.0234375
0 0.7893518518518519 0.37838541666666664 0.04351851851851852 0.021354166666666667
0 0.7453703703703703 0.3768229166666667 0.0462962962962963 0.024479166666666666
0 0.7060185185185186 0.3671875 0.06574074074074074 0.025
0 0.6976851851851852 0.84453125 0.032407407407407406 0.028645833333333332
0 0.4847222222222222 0.7830729166666667 0.04351851851851852 0.0296875
0 0.4027777777777778 0.77265625 0.044444444444444446 0.0296875
0 0.3194444444444445 0.7869791666666667 0.037037037037037035 0.03125
0 0.42314814814814816 0.6153645833333333 0.031481481481481485 0.018229166666666668
0 0.3875 0.5580729166666667 0.04537037037037037 0.022395833333333334
0 0.5976851851851852 0.5885416666666666 0.03796296296296296 0.029166666666666667
0 0.47500000000000003 0.5166666666666666 0.03333333333333333 0.015625
0 0.225 0.540625 0.040740740740740744 0.021875
0 0.39166666666666666 0.33828125 0.04259259259259259 0.030729166666666665
0 0.3976851851851852 0.303125 0.04537037037037037 0.03854166666666667
0 0.5222222222222223 0.20572916666666666 0.02962962962962963 0.025
0 0.27083333333333337 0.3026041666666667 0.04537037037037037 0.027083333333333334
0 0.23333333333333334 0.30078125 0.04814814814814815 0.0328125
0 0.29953703703703705 0.19375 0.021296296296296296 0.017708333333333333
0 0.19675925925925927 0.34401041666666665 0.030555555555555558 0.019270833333333334
0 0.07222222222222223 0.2950520833333333 0.044444444444444446 0.0265625
0 0.058333333333333334 0.33307291666666666 0.0462962962962963 0.028645833333333332
0 0.055092592592592596 0.22135416666666666 0.025 0.0125
0 0.08842592592592594 0.43828125 0.04722222222222222 0.025520833333333333
0 0.11296296296296297 0.4942708333333333 0.037037037037037035 0.017708333333333333
0 0.06666666666666667 0.52578125 0.04259259259259259 0.019270833333333334
0 0.02962962962962963 0.51953125 0.044444444444444446 0.022395833333333334
0 0.020833333333333336 0.54375 0.030555555555555558 0.016666666666666666
0 0.26666666666666666 0.7385416666666667 0.03518518518518519 0.02395833333333333
0 0.09722222222222222 0.7411458333333333 0.05 0.03333333333333333
0 0.22824074074074074 0.89453125 0.026851851851851852 0.021354166666666667
0 0.5875 0.32838541666666665 0.04166666666666667 0.019270833333333334
0 0.5810185185185185 0.06822916666666666 0.05277777777777778 0.046875
0 0.5287037037037037 0.037760416666666664 0.053703703703703705 0.0359375
0 0.5425925925925926 0.017708333333333333 0.05555555555555556 0.03333333333333333
0 0.5217592592592593 0.7458333333333333 0.04537037037037037 0.029166666666666667
0 0.3421296296296296 0.3497395833333333 0.030555555555555558 0.019270833333333334
0 0.9819444444444445 0.7190104166666667 0.036111111111111115 0.028645833333333332
