0 0.9689814814814816 0.66171875 0.03796296296296296 0.0203125
0 0.8981481481481481 0.5520833333333334 0.04259259259259259 0.02395833333333333
0 0.9467592592592593 0.5072916666666667 0.036111111111111115 0.014583333333333334
0 0.6481481481481481 0.8182291666666667 0.04259259259259259 0.028125
0 0.5388888888888889 0.81015625 0.03333333333333333 0.0234375
0 0.5796296296296296 0.7138020833333333 0.044444444444444446 0.01614583333333333
0 0.5958333333333333 0.6893229166666667 0.04351851851851852 0.027604166666666666
0 0.6319444444444444 0.6216145833333333 0.036111111111111115 0.019270833333333334
0 0.5990740740740741 0.44453125 0.040740740740740744 0.0265625
0 0.6060185185185185 0.41692708333333334 0.04722222222222222 0.025520833333333333
0 0.43333333333333335 0.371875 0.03518518518518519 0.021875
0 0.5625 0.35520833333333335 0.03425925925925926 0.025
0 0.6976851851851852 0.34375 0.04537037037037037 0.027083333333333334
0 0.6370370370370371 0.32135416666666666 0.031481481481481485 0.02395833333333333
0 0.6078703703703704 0.24921875 0.04537037037037037 0.025520833333333333
0 0.6152777777777778 0.22317708333333333 0.03981481481481482 0.028645833333333332
0 0.6685185185185185 0.19557291666666665 0.053703703703703705 0.04010416666666666
0 0.7833333333333333 0.6513020833333333 0.044444444444444446 0.019270833333333334
0 0.8541666666666667 0.4484375 0.05092592592592593 0.01875
0 0.8481481481481482 0.42473958333333334 0.0462962962962963 0.024479166666666666
0 0.8398148148148148 0.39557291666666666 0.03888888888888889 0.019270833333333334
0 0.8018518518518519 0.37786458333333334 0.044444444444444446 0.0203125
0 0.7564814814814815 0.3768229166666667 0.0462962962962963 0.024479166666666666
0 0.7111111111111111 0.36875 0.05 0.027083333333333334
0 0.7074074074074075 0.84453125 0.03333333333333333 0.028645833333333332
0 0.4967592592592593 0.7838541666666666 0.04351851851851852 0.030208333333333334
0 0.412962962962963 0.7729166666666667 0.044444444444444446 0.029166666666666667
0 0.32962962962962966 0.7869791666666667 0.03888888888888889 0.03125
0 0.4328703703703704 0.6153645833333333 0.032407407407407406 0.018229166666666668
0 0.39583333333333337 0.5580729166666667 0.04537037037037037 0.022395833333333334
0 0.6074074074074074 0.5885416666666666 0.03888888888888889 0.029166666666666667
0 0.4861111111111111 0.5166666666666666 0.02962962962962963 0.016666666666666666
0 0.2337962962962963 0.5403645833333334 0.03981481481481482 0.021354166666666667
0 0.40185185185185185 0.33828125 0.04259259259259259 0.030729166666666665
0 0.40972222222222227 0.3028645833333333 0.04537037037037037 0.0390625
0 0.5319444444444444 0.20546875 0.030555555555555558 0.024479166666666666
0 0.2828703703703704 0.30234375 0.04351851851851852 0.0265625
0 0.24537037037037038 0.30078125 0.04814814814814815 0.0328125
0 0.3087962962962963 0.19322916666666667 0.021296296296296296 0.017708333333333333
0 0.20555555555555557 0.34401041666666665 0.031481481481481485 0.0203125
0 0.08333333333333334 0.2947916666666667 0.044444444444444446 0.027083333333333334
0 0.06851851851851852 0.33359375 0.04259259259259259 0.027604166666666666
0 0.06435185185185185 0.22135416666666666 0.025 0.0125
0 0.09814814814814815 0.43828125 0.0462962962962963 0.025520833333333333
0 0.12222222222222223 0.4947916666666667 0.037037037037037035 0.017708333333333333
0 0.07314814814814816 0.52421875 0.044444444444444446 0.019270833333333334
0 0.040740740740740744 0.5192708333333333 0.0462962962962963 0.022916666666666665
0 0.030555555555555558 0.5434895833333333 0.02777777777777778 0.01614583333333333
0 0.2740740740740741 0.73828125 0.03518518518518519 0.024479166666666666
0 0.10787037037037038 0.7411458333333333 0.05092592592592593 0.03333333333333333
0 0.23703703703703705 0.8942708333333333 0.02777777777777778 0.021875
0 0.5976851851851852 0.32838541666666665 0.04166666666666667 0.0203125
0 0.5953703703703704 0.06770833333333333 0.053703703703703705 0.046875
0 0.5439814814814815 0.03802083333333333 0.05462962962962963 0.035416666666666666
0 0.5592592592592592 0.017708333333333333 0.05555555555555556 0.03333333333333333
0 0.5319444444444444 0.74609375 0.049074074074074076 0.027604166666666666
0 0.35370370370370374 0.3497395833333333 0.02962962962962963 0.019270833333333334
0 0.9875 0.7190104166666667 0.025 0.028645833333333332
