0 0.03287037037037037 0.66171875 0.03796296296296296 0.0203125
0 0.10370370370370371 0.5520833333333334 0.04259259259259259 0.02395833333333333
0 0.055092592592592596 0.5072916666666667 0.036111111111111115 0.014583333333333334
0 0.35370370370370374 0.8182291666666667 0.04259259259259259 0.028125
0 0.46296296296296297 0.81015625 0.03333333333333333 0.0234375
0 0.4222222222222222 0.7138020833333333 0.044444444444444446 0.01614583333333333
0 0.40601851851851856 0.6893229166666667 0.04351851851851852 0.027604166666666666
0 0.3699074074074074 0.6216145833333333 0.036111111111111115 0.019270833333333334
0 0.4027777777777778 0.44453125 0.040740740740740744 0.0265625
0 0.39583333333333337 0.41692708333333334 0.04722222222222222 0.025520833333333333
0 0.5685185185185185 0.371875 0.03518518518518519 0.021875
0 0.4393518518518519 0.35520833333333335 0.03425925925925926 0.025
0 0.3041666666666667 0.34375 0.04537037037037037 0.027083333333333334
0 0.3648148148148148 0.32135416666666666 0.031481481481481485 0.02395833333333333
0 0.3939814814814815 0.24921875 0.04537037037037037 0.025520833333333333
0 0.38657407407407407 0.22317708333333333 0.03981481481481482 0.028645833333333332
0 0.33333333333333337 0.19557291666666665 0.053703703703703705 0.04010416666666666
0 0.21851851851851853 0.6513020833333333 0.044444444444444446 0.019270833333333334
0 0.1476851851851852 0.4484375 0.05092592592592593 0.01875
0 0.1537037037037037 0.42473958333333334 0.0462962962962963 0.024479166666666666
0 0.16203703703703703 0.39557291666666666 0.03888888888888889 0.019270833333333334
0 0.2 0.37786458333333334 0.044444444444444446 0.0203125
0 0.24537037037037038 0.3768229166666667 0.0462962962962963 0.024479166666666666
0 0.29074074074074074 0.36875 0.05 0.027083333333333334
0 0.29444444444444445 0.84453125 0.03333333333333333 0.028645833333333332
0 0.5050925925925926 0.7838541666666666 0.04351851851851852 0.030208333333333334
0 0.5888888888888889 0.7729166666666667 0.044444444444444446 0.029166666666666667
0 0.6722222222222223 0.7869791666666667 0.03888888888888889 0.03125
0 0.5689814814814815 0.6153645833333333 0.032407407407407406 0.018229166666666668
0 0.6060185185185185 0.5580729166666667 0.04537037037037037 0.022395833333333334
0 0.3944444444444445 0.5885416666666666 0.03888888888888889 0.029166666666666667
0 0.5157407407407407 0.5166666666666666 0.02962962962962963 0.016666666666666666
0 0.7680555555555556 0.5403645833333334 0.03981481481481482 0.021354166666666667
0 0.6 0.33828125 0.04259259259259259 0.030729166666666665
0 0.5921296296296297 0.3028645833333333 0.04537037037037037 0.0390625
0 0.46990740740740744 0.20546875 0.030555555555555558 0.024479166666666666
0 0.7189814814814816 0.30234375 0.04351851851851852 0.0265625
0 0.7564814814814815 0.30078125 0.04814814814814815 0.0328125
0 0.6930555555555555 0.19322916666666667 0.021296296296296296 0.017708333333333333
0 0.7962962962962963 0.34401041666666665 0.031481481481481485 0.0203125
0 0.9185185185185185 0.2947916666666667 0.044444444444444446 0.027083333333333334
0 0.9333333333333333 0.33359375 0.04259259259259259 0.027604166666666666
0 0.9375 0.22135416666666666 0.025 0.0125
0 0.9037037037037038 0.43828125 0.0462962962962963 0.025520833333333333
0 0.8796296296296297 0.4947916666666667 0.037037037037037035 0.017708333333333333
0 0.9287037037037037 0.52421875 0.044444444444444446 0.019270833333333334
0 0.9611111111111111 0.5192708333333333 0.0462962962962963 0.022916666666666665
0 0.9712962962962963 0.5434895833333333 0.02777777777777778 0.01614583333333333
0 0.7277777777777779 0.73828125 0.03518518518518519 0.024479166666666666
0 0.8939814814814815 0.7411458333333333 0.05092592592592593 0.03333333333333333
0 0.7648148148148148 0.8942708333333333 0.02777777777777778 0.021875
0 0.4041666666666667 0.32838541666666665 0.04166666666666667 0.0203125
0 0.4064814814814815 0.06770833333333333 0.053703703703703705 0.046875
0 0.45787037037037037 0.03802083333333333 0.05462962962962963 0.035416666666666666
0 0.4425925925925926 0.017708333333333333 0.05555555555555556 0.03333333333333333
0 0.46990740740740744 0.74609375 0.049074074074074076 0.027604166666666666
0 0.6481481481481481 0.3497395833333333 0.02962962962962963 0.019270833333333334
0 0.01388888888888889 0.71875 0.02592592592592593 0.028125
