0 0.9828703703703704 0.6611979166666666 0.03425925925925926 0.0203125
0 0.9166666666666667 0.5515625 0.04259259259259259 0.02395833333333333
0 0.9657407407407408 0.5065104166666666 0.03518518518518519 0.015104166666666667
0 0.6675925925925926 0.8177083333333334 0.04259259259259259 0.028125
0 0.5587962962962963 0.8091145833333333 0.03425925925925926 0.0234375
0 0.600462962962963 0.7138020833333333 0.03981481481481482 0.01614583333333333
0 0.6134259259259259 0.6890625 0.04166666666666667 0.028125
0 0.6532407407407408 0.6200520833333333 0.03796296296296296 0.021354166666666667
0 0.6194444444444445 0.4440104166666667 0.03888888888888889 0.0265625
0 0.6240740740740741 0.4161458333333333 0.04814814814814815 0.025
0 0.4476851851851852 0.37213541666666666 0.036111111111111115 0.0203125
0 0.5791666666666667 0.3546875 0.036111111111111115 0.025
0 0.7157407407407408 0.34296875 0.0462962962962963 0.027604166666666666
0 0.6560185185185186 0.3208333333333333 0.030555555555555558 0.02395833333333333
0 0.625 0.24817708333333333 0.044444444444444446 0.025520833333333333
0 0.6328703703703704 0.221875 0.04166666666666667 0.028125
0 0.6921296296296297 0.19479166666666667 0.05277777777777778 0.040625
0 0.7981481481481482 0.6510416666666666 0.03888888888888889 0.019791666666666666
0 0.8689814814814815 0.4471354166666667 0.05277777777777778 0.021354166666666667
0 0.8675925925925926 0.4244791666666667 0.0462962962962963 0.025
0 0.8611111111111112 0.39427083333333335 0.037037037037037035 0.020833333333333332
0 0.8212962962962963 0.3768229166666667 0.044444444444444446 0.0203125
0 0.775462962962963 0.3763020833333333 0.04722222222222222 0.025520833333333333
0 0.7296296296296296 0.36692708333333335 0.05 0.0265625
0 0.7263888888888889 0.84453125 0.036111111111111115 0.028645833333333332
0 0.5208333333333334 0.7822916666666666 0.04537037037037037 0.03125
0 0.4314814814814815 0.82421875 0.022222222222222223 0.011979166666666666
0 0.4314814814814815 0.82421875 0.022222222222222223 0.011979166666666666
0 0.43194444444444446 0.7723958333333333 0.04537037037037037 0.030208333333333334
0 0.32685185185185184 0.8385416666666666 0.022222222222222223 0.011458333333333333
0 0.3476851851851852 0.7864583333333334 0.03981481481481482 0.03125
0 0.45046296296296295 0.6145833333333334 0.030555555555555558 0.01875
0 0.41250000000000003 0.5575520833333333 0.04537037037037037 0.0234375
0 0.6273148148148149 0.5877604166666667 0.04166666666666667 0.0296875
0 0.5023148148148149 0.5171875 0.028703703703703703 0.016666666666666666
0 0.2518518518518519 0.540625 0.040740740740740744 0.022916666666666665
0 0.41805555555555557 0.3372395833333333 0.05092592592592593 0.030729166666666665
0 0.4291666666666667 0.30182291666666666 0.049074074074074076 0.03802083333333333
0 0.5513888888888889 0.20546875 0.03796296296296296 0.0234375
0 0.3027777777777778 0.3 0.0462962962962963 0.028125
0 0.2657407407407408 0.30026041666666664 0.04814814814814815 0.0328125
0 0.32453703703703707 0.19270833333333334 0.021296296296296296 0.017708333333333333
0 0.22037037037037038 0.34375 0.031481481481481485 0.020833333333333332
0 0.10231481481481482 0.29401041666666666 0.04537037037037037 0.0265625
0 0.08657407407407408 0.33307291666666666 0.04166666666666667 0.0265625
0 0.08148148148148149 0.22161458333333334 0.02592592592592593 0.013020833333333334
0 0.020833333333333336 0.23411458333333332 0.025 0.021354166666666667
0 0.009722222222222222 0.3690104166666667 0.015740740740740743 0.0203125
0 0.11574074074074074 0.43828125 0.04814814814814815 0.025520833333333333
0 0.14027777777777778 0.49453125 0.036111111111111115 0.018229166666666668
0 0.09305555555555556 0.52421875 0.04166666666666667 0.018229166666666668
0 0.05925925925925926 0.5192708333333333 0.0462962962962963 0.022916666666666665
0 0.049074074074074076 0.5440104166666666 0.02592592592592593 0.015104166666666667
0 0.015277777777777779 0.4864583333333333 0.015740740740740743 0.014583333333333334
0 0.0125 0.57421875 0.021296296296296296 0.011979166666666666
0 0.009722222222222222 0.5388020833333333 0.015740740740740743 0.025520833333333333
0 0.2898148148148148 0.7380208333333333 0.03518518518518519 0.02395833333333333
0 0.12685185185185185 0.7408854166666666 0.05 0.0328125
0 0.010648148148148148 0.8565104166666666 0.017592592592592594 0.03177083333333333
0 0.2564814814814815 0.8942708333333333 0.02962962962962963 0.020833333333333332
0 0.6148148148148148 0.32708333333333334 0.040740740740740744 0.019791666666666666
0 0.6203703703703703 0.06614583333333333 0.053703703703703705 0.046875
0 0.5694444444444444 0.03671875 0.05740740740740741 0.0359375
0 0.5861111111111111 0.016666666666666666 0.05555555555555556 0.03125
0 0.5550925925925926 0.74609375 0.04722222222222222 0.024479166666666666
0 0.375 0.34869791666666666 0.02962962962962963 0.018229166666666668
