0 0.01898148148148148 0.6611979166666666 0.03425925925925926 0.0203125
0 0.08518518518518518 0.5515625 0.04259259259259259 0.02395833333333333
0 0.036111111111111115 0.5065104166666666 0.03518518518518519 0.015104166666666667
0 0.33425925925925926 0.8177083333333334 0.04259259259259259 0.028125
0 0.4430555555555556 0.8091145833333333 0.03425925925925926 0.0234375
0 0.4013888888888889 0.7138020833333333 0.03981481481481482 0.01614583333333333
0 0.38842592592592595 0.6890625 0.04166666666666667 0.028125
0 0.34861111111111115 0.6200520833333333 0.03796296296296296 0.021354166666666667
0 0.3824074074074074 0.4440104166666667 0.03888888888888889 0.0265625
0 0.37777777777777777 0.4161458333333333 0.04814814814814815 0.025
0 0.5541666666666667 0.37213541666666666 0.036111111111111115 0.0203125
0 0.4226851851851852 0.3546875 0.036111111111111115 0.025
0 0.28611111111111115 0.34296875 0.0462962962962963 0.027604166666666666
0 0.3458333333333333 0.3208333333333333 0.030555555555555558 0.02395833333333333
0 0.3768518518518519 0.24817708333333333 0.044444444444444446 0.025520833333333333
0 0.3689814814814815 0.221875 0.04166666666666667 0.028125
0 0.30972222222222223 0.19479166666666667 0.05277777777777778 0.040625
0 0.20370370370370372 0.6510416666666666 0.03888888888888889 0.019791666666666666
0 0.1328703703703704 0.4471354166666667 0.05277777777777778 0.021354166666666667
0 0.13425925925925927 0.4244791666666667 0.0462962962962963 0.025
0 0.14074074074074075 0.39427083333333335 0.037037037037037035 0.020833333333333332
0 0.18055555555555555 0.3768229166666667 0.044444444444444446 0.0203125
0 0.2263888888888889 0.3763020833333333 0.04722222222222222 0.025520833333333333
0 0.27222222222222225 0.36692708333333335 0.05 0.0265625
0 0.27546296296296297 0.84453125 0.036111111111111115 0.028645833333333332
0 0.4810185185185185 0.7822916666666666 0.04537037037037037 0.03125
0 0.5703703703703704 0.82421875 0.022222222222222223 0.011979166666666666
0 0.5703703703703704 0.82421875 0.022222222222222223 0.011979166666666666
0 0.5699074074074074 0.7723958333333333 0.04537037037037037 0.030208333333333334
0 0.675 0.8385416666666666 0.022222222222222223 0.011458333333333333
0 0.6541666666666667 0.7864583333333334 0.03981481481481482 0.03125
0 0.5513888888888889 0.6145833333333334 0.030555555555555558 0.01875
0 0.5893518518518519 0.5575520833333333 0.04537037037037037 0.0234375
0 0.37453703703703706 0.5877604166666667 0.04166666666666667 0.0296875
0 0.49953703703703706 0.5171875 0.028703703703703703 0.016666666666666666
0 0.75 0.540625 0.040740740740740744 0.022916666666666665
0 0.5837962962962964 0.3372395833333333 0.05092592592592593 0.030729166666666665
0 0.5726851851851852 0.30182291666666666 0.049074074074074076 0.03802083333333333
0 0.45046296296296295 0.20546875 0.03796296296296296 0.0234375
0 0.6990740740740741 0.3 0.0462962962962963 0.028125
0 0.7361111111111112 0.30026041666666664 0.04814814814814815 0.0328125
0 0.6773148148148148 0.19270833333333334 0.021296296296296296 0.017708333333333333
0 0.7814814814814816 0.34375 0.031481481481481485 0.020833333333333332
0 0.899537037037037 0.29401041666666666 0.04537037037037037 0.0265625
0 0.9152777777777779 0.33307291666666666 0.04166666666666667 0.0265625
0 0.9203703703703704 0.22161458333333334 0.02592592592592593 0.013020833333333334
0 0.9810185185185185 0.23411458333333332 0.025 0.021354166666666667
0 0.9921296296296297 0.3690104166666667 0.015740740740740743 0.0203125
0 0.8861111111111112 0.43828125 0.04814814814814815 0.025520833333333333
0 0.8615740740740742 0.49453125 0.036111111111111115 0.018229166666666668
0 0.9087962962962963 0.52421875 0.04166666666666667 0.018229166666666668
0 0.9425925925925926 0.5192708333333333 0.0462962962962963 0.022916666666666665
0 0.9527777777777778 0.5440104166666666 0.02592592592592593 0.015104166666666667
0 0.9865740740740742 0.4864583333333333 0.015740740740740743 0.014583333333333334
0 0.9893518518518519 0.57421875 0.021296296296296296 0.011979166666666666
0 0.9921296296296297 0.5388020833333333 0.015740740740740743 0.025520833333333333
0 0.712037037037037 0.7380208333333333 0.03518518518518519 0.02395833333333333
0 0.875 0.7408854166666666 0.05 0.0328125
0 0.9912037037037037 0.8565104166666666 0.017592592592592594 0.03177083333333333
0 0.7453703703703703 0.8942708333333333 0.02962962962962963 0.020833333333333332
0 0.38703703703703707 0.32708333333333334 0.040740740740740744 0.019791666666666666
0 0.3814814814814815 0.06614583333333333 0.053703703703703705 0.046875
0 0.4324074074074074 0.03671875 0.05740740740740741 0.0359375
0 0.41574074074074074 0.016666666666666666 0.05555555555555556 0.03125
0 0.4467592592592593 0.74609375 0.04722222222222222 0.024479166666666666
0 0.6268518518518519 0.34869791666666666 0.02962962962962963 0.018229166666666668
