0 0.987037037037037 0.6604166666666667 0.02592592592592593 0.020833333333333332
0 0.925 0.55 0.04259259259259259 0.02395833333333333
0 0.9745370370370371 0.5057291666666667 0.03425925925925926 0.014583333333333334
0 0.6777777777777778 0.8171875 0.04259259259259259 0.028125
0 0.5699074074074074 0.8078124999999999 0.036111111111111115 0.02395833333333333
0 0.611574074074074 0.7135416666666666 0.036111111111111115 0.014583333333333334
0 0.6240740740740741 0.6885416666666666 0.04259259259259259 0.027083333333333334
0 0.6625 0.6190104166666667 0.03796296296296296 0.022395833333333334
0 0.6291666666666667 0.4432291666666667 0.03981481481481482 0.026041666666666668
0 0.6319444444444444 0.4158854166666667 0.04722222222222222 0.024479166666666666
0 0.4527777777777778 0.371875 0.03518518518518519 0.019791666666666666
0 0.5861111111111111 0.35442708333333334 0.037037037037037035 0.024479166666666666
0 0.7245370370370371 0.3424479166666667 0.04537037037037037 0.027604166666666666
0 0.6638888888888889 0.3208333333333333 0.02962962962962963 0.02395833333333333
0 0.6328703703703704 0.24791666666666667 0.04537037037037037 0.025
0 0.6398148148148148 0.22161458333333334 0.040740740740740744 0.028645833333333332
0 0.700925925925926 0.19479166666666667 0.05185185185185186 0.040625
0 0.8074074074074075 0.65078125 0.03888888888888889 0.019270833333333334
0 0.875462962962963 0.44427083333333334 0.049074074074074076 0.020833333333333332
0 0.875925925925926 0.42343749999999997 0.04814814814814815 0.02395833333333333
0 0.8694444444444445 0.3932291666666667 0.037037037037037035 0.020833333333333332
0 0.8310185185185186 0.3763020833333333 0.04537037037037037 0.0203125
0 0.7842592592592593 0.37526041666666665 0.0462962962962963 0.025520833333333333
0 0.7384259259259259 0.3658854166666667 0.05092592592592593 0.0265625
0 0.737037037037037 0.8442708333333333 0.03518518518518519 0.028125
0 0.5333333333333333 0.7822916666666666 0.0462962962962963 0.030208333333333334
0 0.44212962962962965 0.82421875 0.02314814814814815 0.013020833333333334
0 0.44212962962962965 0.82421875 0.02314814814814815 0.013020833333333334
0 0.4412037037037037 0.7721354166666666 0.04537037037037037 0.030729166666666665
0 0.337037037037037 0.8390624999999999 0.024074074074074074 0.011458333333333333
0 0.3574074074074074 0.7859375 0.040740740740740744 0.03125
0 0.45787037037037037 0.6143229166666666 0.032407407407407406 0.019270833333333334
0 0.4203703703703704 0.5567708333333333 0.044444444444444446 0.02395833333333333
0 0.6361111111111112 0.5877604166666667 0.04259259259259259 0.028645833333333332
0 0.5101851851851852 0.5171875 0.02962962962962963 0.015625
0 0.25925925925925924 0.540625 0.040740740740740744 0.021875
0 0.4273148148148148 0.3372395833333333 0.05092592592592593 0.030729166666666665
0 0.43842592592592594 0.30104166666666665 0.049074074074074076 0.036458333333333336
0 0.5564814814814815 0.2046875 0.03518518518518519 0.025
0 0.3125 0.30052083333333335 0.04537037037037037 0.028125
0 0.27592592592592596 0.30026041666666664 0.04814814814814815 0.0328125
0 0.3314814814814815 0.19270833333333334 0.020370370370370372 0.017708333333333333
0 0.22685185185185186 0.34401041666666665 0.031481481481481485 0.021354166666666667
0 0.11018518518518519 0.29453125 0.04259259259259259 0.0265625
0 0.09444444444444444 0.33359375 0.040740740740740744 0.0265625
0 0.08935185185185185 0.221875 0.025 0.013541666666666667
0 0.21435185185185185 0.17083333333333334 0.02314814814814815 0.020833333333333332
0 0.02777777777777778 0.23515624999999998 0.024074074074074074 0.01614583333333333
0 0.012962962962962964 0.3690104166666667 0.022222222222222223 0.021354166666666667
0 0.12361111111111112 0.43854166666666666 0.04722222222222222 0.026041666666666668
0 0.14907407407407408 0.49453125 0.03518518518518519 0.0171875
0 0.10092592592592593 0.52421875 0.03888888888888889 0.019270833333333334
0 0.06481481481481481 0.5190104166666667 0.0462962962962963 0.0234375
0 0.05740740740740741 0.5432291666666667 0.02592592592592593 0.016666666666666666
0 0.011574074074074075 0.5390625 0.019444444444444445 0.02395833333333333
0 0.02361111111111111 0.48593749999999997 0.015740740740740743 0.014583333333333334
0 0.016203703703703703 0.5755208333333334 0.028703703703703703 0.0125
0 0.0125 0.53828125 0.021296296296296296 0.0265625
0 0.2976851851851852 0.7385416666666667 0.03425925925925926 0.02395833333333333
0 0.13611111111111113 0.7411458333333333 0.05 0.03229166666666666
0 0.016203703703703703 0.8578125 0.028703703703703703 0.03333333333333333
0 0.2657407407407408 0.8937499999999999 0.02962962962962963 0.021875
0 0.6212962962962963 0.3265625 0.037037037037037035 0.01875
0 0.6300925925925926 0.06614583333333333 0.05462962962962963 0.046875
0 0.5787037037037037 0.03671875 0.05740740740740741 0.034895833333333334
0 0.5981481481481482 0.016666666666666666 0.053703703703703705 0.03125
0 0.5652777777777778 0.7458333333333333 0.04722222222222222 0.022916666666666665
0 0.37592592592592594 0.346875 0.0462962962962963 0.020833333333333332
