0 0.014814814814814815 0.6604166666666667 0.02592592592592593 0.020833333333333332
0 0.07685185185185185 0.55 0.04259259259259259 0.02395833333333333
0 0.027314814814814816 0.5057291666666667 0.03425925925925926 0.014583333333333334
0 0.32407407407407407 0.8171875 0.04259259259259259 0.028125
0 0.43194444444444446 0.8078124999999999 0.036111111111111115 0.02395833333333333
0 0.3902777777777778 0.7135416666666666 0.036111111111111115 0.014583333333333334
0 0.37777777777777777 0.6885416666666666 0.04259259259259259 0.027083333333333334
0 0.33935185185185185 0.6190104166666667 0.03796296296296296 0.022395833333333334
0 0.3726851851851852 0.4432291666666667 0.03981481481481482 0.026041666666666668
0 0.3699074074074074 0.4158854166666667 0.04722222222222222 0.024479166666666666
0 0.549074074074074 0.371875 0.03518518518518519 0.019791666666666666
0 0.41574074074074074 0.35442708333333334 0.037037037037037035 0.024479166666666666
0 0.27731481481481485 0.3424479166666667 0.04537037037037037 0.027604166666666666
0 0.33796296296296297 0.3208333333333333 0.02962962962962963 0.02395833333333333
0 0.3689814814814815 0.24791666666666667 0.04537037037037037 0.025
0 0.36203703703703705 0.22161458333333334 0.040740740740740744 0.028645833333333332
0 0.30092592592592593 0.19479166666666667 0.05185185185185186 0.040625
0 0.19444444444444445 0.65078125 0.03888888888888889 0.019270833333333334
0 0.12638888888888888 0.44427083333333334 0.049074074074074076 0.020833333333333332
0 0.12592592592592594 0.42343749999999997 0.04814814814814815 0.02395833333333333
0 0.13240740740740742 0.3932291666666667 0.037037037037037035 0.020833333333333332
0 0.17083333333333334 0.3763020833333333 0.04537037037037037 0.0203125
0 0.2175925925925926 0.37526041666666665 0.0462962962962963 0.025520833333333333
0 0.26342592592592595 0.3658854166666667 0.05092592592592593 0.0265625
0 0.26481481481481484 0.8442708333333333 0.03518518518518519 0.028125
0 0.46851851851851856 0.7822916666666666 0.0462962962962963 0.030208333333333334
0 0.5597222222222222 0.82421875 0.02314814814814815 0.013020833333333334
0 0.5597222222222222 0.82421875 0.02314814814814815 0.013020833333333334
0 0.5606481481481481 0.7721354166666666 0.04537037037037037 0.030729166666666665
0 0.6648148148148149 0.8390624999999999 0.024074074074074074 0.011458333333333333
0 0.6444444444444445 0.7859375 0.040740740740740744 0.03125
0 0.5439814814814815 0.6143229166666666 0.032407407407407406 0.019270833333333334
0 0.5814814814814815 0.5567708333333333 0.044444444444444446 0.02395833333333333
0 0.36574074074074076 0.5877604166666667 0.04259259259259259 0.028645833333333332
0 0.4916666666666667 0.5171875 0.02962962962962963 0.015625
0 0.7425925925925926 0.540625 0.040740740740740744 0.021875
0 0.5745370370370371 0.3372395833333333 0.05092592592592593 0.030729166666666665
0 0.563425925925926 0.30104166666666665 0.049074074074074076 0.036458333333333336
0 0.44537037037037036 0.2046875 0.03518518518518519 0.025
0 0.6893518518518519 0.30052083333333335 0.04537037037037037 0.028125
0 0.725925925925926 0.30026041666666664 0.04814814814814815 0.0328125
0 0.6703703703703704 0.19270833333333334 0.020370370370370372 0.017708333333333333
0 0.775 0.34401041666666665 0.031481481481481485 0.021354166666666667
0 0.8916666666666667 0.29453125 0.04259259259259259 0.0265625
0 0.9074074074074074 0.33359375 0.040740740740740744 0.0265625
0 0.9125000000000001 0.221875 0.025 0.013541666666666667
0 0.7875 0.17083333333333334 0.02314814814814815 0.020833333333333332
0 0.9740740740740741 0.23515624999999998 0.024074074074074074 0.01614583333333333
0 0.9888888888888889 0.3690104166666667 0.022222222222222223 0.021354166666666667
0 0.8782407407407408 0.43854166666666666 0.04722222222222222 0.026041666666666668
0 0.8527777777777779 0.49453125 0.03518518518518519 0.0171875
0 0.9009259259259259 0.52421875 0.03888888888888889 0.019270833333333334
0 0.9370370370370371 0.5190104166666667 0.0462962962962963 0.0234375
0 0.9444444444444445 0.5432291666666667 0.02592592592592593 0.016666666666666666
0 0.9902777777777778 0.5390625 0.019444444444444445 0.02395833333333333
0 0.9782407407407407 0.48593749999999997 0.015740740740740743 0.014583333333333334
0 0.9856481481481482 0.5755208333333334 0.028703703703703703 0.0125
0 0.9893518518518519 0.53828125 0.021296296296296296 0.0265625
0 0.7041666666666667 0.7385416666666667 0.03425925925925926 0.02395833333333333
0 0.8657407407407408 0.7411458333333333 0.05 0.03229166666666666
0 0.9856481481481482 0.8578125 0.028703703703703703 0.03333333333333333
0 0.7361111111111112 0.8937499999999999 0.02962962962962963 0.021875
0 0.3805555555555556 0.3265625 0.037037037037037035 0.01875
0 0.3717592592592593 0.06614583333333333 0.05462962962962963 0.046875
0 0.42314814814814816 0.03671875 0.05740740740740741 0.034895833333333334
0 0.40370370370370373 0.016666666666666666 0.053703703703703705 0.03125
0 0.4365740740740741 0.7458333333333333 0.04722222222222222 0.022916666666666665
0 0.625925925925926 0.346875 0.0462962962962963 0.020833333333333332
