0 0.052314814814814814 0.5489583333333333 0.04166666666666667 0.02395833333333333
0 0.011111111111111112 0.50390625 0.020370370370370372 0.015104166666666667
0 0.2953703703703704 0.81640625 0.04259259259259259 0.027604166666666666
0 0.40046296296296297 0.8067708333333333 0.036111111111111115 0.02395833333333333
0 0.36203703703703705 0.7127604166666667 0.03518518518518519 0.0140625
0 0.3523148148148148 0.6877604166666667 0.04166666666666667 0.0265625
0 0.3092592592592593 0.6174479166666667 0.03888888888888889 0.024479166666666666
0 0.3462962962962963 0.44296874999999997 0.03888888888888889 0.025520833333333333
0 0.34444444444444444 0.4145833333333333 0.04814814814814815 0.02395833333333333
0 0.5287037037037037 0.3716145833333333 0.03518518518518519 0.021354166666666667
0 0.39305555555555555 0.35390625 0.03796296296296296 0.025520833333333333
0 0.2523148148148148 0.3416666666666667 0.04722222222222222 0.027083333333333334
0 0.312962962962963 0.31979166666666664 0.02777777777777778 0.02395833333333333
0 0.34675925925925927 0.24739583333333334 0.04351851851851852 0.026041666666666668
0 0.3375 0.22135416666666666 0.04166666666666667 0.028125
0 0.2712962962962963 0.19375 0.053703703703703705 0.040625
0 0.17083333333333334 0.64921875 0.03981481481481482 0.019270833333333334
0 0.10138888888888889 0.44296874999999997 0.05462962962962963 0.019270833333333334
0 0.10092592592592593 0.421875 0.04814814814814815 0.02395833333333333
0 0.10555555555555556 0.39166666666666666 0.037037037037037035 0.021875
0 0.14444444444444446 0.375 0.044444444444444446 0.020833333333333332
0 0.19212962962962965 0.37447916666666664 0.04722222222222222 0.025
0 0.2388888888888889 0.365625 0.05185185185185186 0.027083333333333334
0 0.23425925925925928 0.8427083333333333 0.03518518518518519 0.028125
0 0.43472222222222223 0.7809895833333333 0.04722222222222222 0.03177083333333333
0 0.5277777777777778 0.8239583333333333 0.02592592592592593 0.014583333333333334
0 0.5277777777777778 0.8239583333333333 0.02592592592592593 0.014583333333333334
0 0.5328703703703704 0.771875 0.04537037037037037 0.030208333333333334
0 0.6342592592592593 0.8375 0.02962962962962963 0.0125
0 0.6180555555555556 0.7859375 0.03981481481481482 0.03125
0 0.5199074074074074 0.6140625 0.032407407407407406 0.01875
0 0.5574074074074075 0.5565104166666667 0.044444444444444446 0.024479166666666666
0 0.3388888888888889 0.5861979166666667 0.0462962962962963 0.028645833333333332
0 0.46944444444444444 0.5169270833333334 0.03333333333333333 0.01614583333333333
0 0.7171296296296297 0.5403645833333334 0.03981481481481482 0.021354166666666667
0 0.5453703703703704 0.33697916666666666 0.05 0.03125
0 0.5342592592592593 0.30104166666666665 0.05 0.035416666666666666
0 0.4217592592592593 0.20520833333333333 0.03425925925925926 0.026041666666666668
0 0.6592592592592593 0.30182291666666666 0.044444444444444446 0.025520833333333333
0 0.6949074074074074 0.3 0.04537037037037037 0.03229166666666666
0 0.6458333333333334 0.19270833333333334 0.021296296296296296 0.017708333333333333
0 0.725 0.34609375 0.02777777777777778 0.019270833333333334
0 0.7527777777777778 0.3450520833333333 0.031481481481481485 0.0203125
0 0.8638888888888889 0.2947916666666667 0.040740740740740744 0.025
0 0.8814814814814815 0.33125 0.0462962962962963 0.030208333333333334
0 0.8842592592592593 0.22213541666666667 0.02592592592592593 0.013020833333333334
0 0.9726851851851852 0.08125 0.028703703703703703 0.020833333333333332
0 0.7606481481481482 0.171875 0.02314814814814815 0.022916666666666665
0 0.9486111111111112 0.23723958333333334 0.025 0.0171875
0 0.9861111111111112 0.3067708333333333 0.02777777777777778 0.026041666666666668
0 0.9712962962962963 0.3690104166666667 0.03888888888888889 0.021354166666666667
0 0.9921296296296297 0.37864583333333335 0.015740740740740743 0.019791666666666666
0 0.850925925925926 0.43854166666666666 0.0462962962962963 0.026041666666666668
0 0.825925925925926 0.49166666666666664 0.03518518518518519 0.011458333333333333
0 0.8768518518518519 0.5263020833333333 0.03518518518518519 0.018229166666666668
0 0.9078703703703704 0.51875 0.04722222222222222 0.022916666666666665
0 0.9152777777777779 0.5427083333333333 0.025 0.016666666666666666
0 0.9726851851851852 0.5393229166666667 0.04166666666666667 0.0234375
0 0.9518518518518518 0.48723958333333334 0.016666666666666666 0.015104166666666667
0 0.962962962962963 0.5763020833333333 0.03333333333333333 0.0140625
0 0.9726851851851852 0.5393229166666667 0.03981481481481482 0.0234375
0 0.6833333333333333 0.7385416666666667 0.03518518518518519 0.02395833333333333
0 0.837037037037037 0.7408854166666666 0.04814814814814815 0.03177083333333333
0 0.9634259259259259 0.8572916666666667 0.05092592592592593 0.034375
0 0.7097222222222223 0.8934895833333333 0.028703703703703703 0.021354166666666667
0 0.3578703703703704 0.3255208333333333 0.03425925925925926 0.016666666666666666
0 0.33611111111111114 0.06614583333333333 0.053703703703703705 0.046875
0 0.38472222222222224 0.0359375 0.05648148148148149 0.036458333333333336
0 0.3648148148148148 0.01640625 0.05925925925925926 0.030729166666666665
0 0.4041666666666667 0.7440104166666667 0.04166666666666667 0.0203125
0 0.5916666666666667 0.3489583333333333 0.044444444444444446 0.022916666666666665
