0 0.9587962962962964 0.55 0.04166666666666667 0.02395833333333333
0 0.7162037037037037 0.8166666666666667 0.04351851851851852 0.028125
0 0.6111111111111112 0.8078124999999999 0.03518518518518519 0.022916666666666665
0 0.649537037037037 0.7138020833333333 0.03425925925925926 0.0140625
0 0.6587962962962963 0.6885416666666666 0.04166666666666667 0.027083333333333334
0 0.7046296296296296 0.6182291666666666 0.040740740740740744 0.02395833333333333
0 0.6680555555555556 0.4432291666666667 0.04166666666666667 0.025
0 0.6666666666666667 0.4158854166666667 0.04814814814814815 0.024479166666666666
0 0.48240740740740745 0.3723958333333333 0.03518518518518519 0.020833333333333332
0 0.6180555555555556 0.35442708333333334 0.03796296296296296 0.025520833333333333
0 0.7597222222222223 0.34296875 0.04722222222222222 0.027604166666666666
0 0.700925925925926 0.3203125 0.02777777777777778 0.022916666666666665
0 0.6657407407407407 0.24791666666666667 0.04259259259259259 0.026041666666666668
0 0.675462962962963 0.22239583333333332 0.04166666666666667 0.028125
0 0.7435185185185186 0.19557291666666665 0.053703703703703705 0.04010416666666666
0 0.8398148148148148 0.65 0.03888888888888889 0.01875
0 0.9092592592592593 0.4440104166666667 0.053703703703703705 0.0203125
0 0.9106481481481482 0.42265625 0.04722222222222222 0.0234375
0 0.9074074074074074 0.39296875 0.037037037037037035 0.022395833333333334
0 0.8694444444444445 0.37526041666666665 0.0462962962962963 0.019270833333333334
0 0.8208333333333334 0.3755208333333333 0.04722222222222222 0.025
0 0.7736111111111111 0.36666666666666664 0.05277777777777778 0.027083333333333334
0 0.7768518518518519 0.8434895833333333 0.03518518518518519 0.028645833333333332
0 0.5796296296296296 0.7817708333333333 0.0462962962962963 0.03125
0 0.4865740740740741 0.8244791666666667 0.026851851851851852 0.014583333333333334
0 0.4865740740740741 0.8244791666666667 0.026851851851851852 0.014583333333333334
0 0.47824074074074074 0.77265625 0.04537037037037037 0.0296875
0 0.37777777777777777 0.8372395833333334 0.031481481481481485 0.0140625
0 0.3944444444444445 0.7859375 0.040740740740740744 0.03125
0 0.4916666666666667 0.6143229166666666 0.031481481481481485 0.019270833333333334
0 0.4537037037037037 0.55703125 0.044444444444444446 0.024479166666666666
0 0.674074074074074 0.5875 0.0462962962962963 0.029166666666666667
0 0.5425925925925926 0.51796875 0.03518518518518519 0.01614583333333333
0 0.2949074074074074 0.5411458333333333 0.03981481481481482 0.021875
0 0.4703703703703704 0.3380208333333333 0.04814814814814815 0.03125
0 0.4814814814814815 0.30234375 0.05185185185185186 0.03697916666666667
0 0.5902777777777778 0.20598958333333334 0.03425925925925926 0.025520833333333333
0 0.3564814814814815 0.3015625 0.04259259259259259 0.028125
0 0.32222222222222224 0.3013020833333333 0.044444444444444446 0.03177083333333333
0 0.3675925925925926 0.19375 0.020370370370370372 0.017708333333333333
0 0.287962962962963 0.34713541666666664 0.02962962962962963 0.019270833333333334
0 0.25972222222222224 0.3458333333333333 0.030555555555555558 0.020833333333333332
0 0.15092592592592594 0.2955729166666667 0.040740740740740744 0.025520833333333333
0 0.13425925925925927 0.33229166666666665 0.0462962962962963 0.030208333333333334
0 0.1300925925925926 0.22265625 0.025 0.013020833333333334
0 0.044444444444444446 0.08203125 0.02962962962962963 0.021354166666666667
0 0.020370370370370372 0.0328125 0.037037037037037035 0.03229166666666666
0 0.20925925925925926 0.7765625 0.03333333333333333 0.01875
0 0.25462962962962965 0.171875 0.020370370370370372 0.020833333333333332
0 0.06481481481481481 0.23854166666666665 0.024074074074074074 0.017708333333333333
0 0.024074074074074074 0.30703125 0.040740740740740744 0.0265625
0 0.04120370370370371 0.37005208333333334 0.03981481481481482 0.022395833333333334
0 0.014814814814814815 0.3796875 0.02592592592592593 0.020833333333333332
0 0.16342592592592592 0.4388020833333333 0.04722222222222222 0.025520833333333333
0 0.1865740740740741 0.49192708333333335 0.03425925925925926 0.0109375
0 0.13703703703703704 0.5263020833333333 0.03333333333333333 0.019270833333333334
0 0.10555555555555556 0.5192708333333333 0.04814814814814815 0.022916666666666665
0 0.09722222222222222 0.5432291666666667 0.024074074074074074 0.016666666666666666
0 0.040740740740740744 0.5390625 0.040740740740740744 0.022916666666666665
0 0.06157407407407408 0.48776041666666664 0.015740740740740743 0.015104166666666667
0 0.04861111111111111 0.5770833333333333 0.03425925925925926 0.015625
0 0.03981481481481482 0.5395833333333333 0.040740740740740744 0.022916666666666665
0 0.32685185185185184 0.7385416666666667 0.03333333333333333 0.02395833333333333
0 0.17546296296296296 0.7416666666666667 0.04722222222222222 0.03229166666666666
0 0.050462962962962966 0.8580729166666666 0.05092592592592593 0.033854166666666664
0 0.30185185185185187 0.8940104166666667 0.02777777777777778 0.021354166666666667
0 0.6537037037037037 0.3265625 0.03518518518518519 0.017708333333333333
0 0.6824074074074075 0.06796875 0.053703703703703705 0.04635416666666667
0 0.6324074074074074 0.037760416666666664 0.05740740740740741 0.03697916666666667
0 0.6518518518518519 0.017708333333333333 0.06296296296296297 0.03333333333333333
0 0.6087962962962963 0.7455729166666667 0.03981481481481482 0.0203125
0 0.42314814814814816 0.3497395833333333 0.04259259259259259 0.022395833333333334
