0 0.9893518518518519 0.5544270833333333 0.021296296296296296 0.0234375
0 0.7592592592592593 0.82109375 0.044444444444444446 0.028645833333333332
0 0.6587962962962963 0.8119791666666667 0.028703703703703703 0.020833333333333332
0 0.6939814814814815 0.7177083333333333 0.030555555555555558 0.0125
0 0.700462962962963 0.6924479166666666 0.04166666666666667 0.0265625
0 0.7532407407407408 0.6213541666666667 0.03796296296296296 0.026041666666666668
0 0.7083333333333334 0.4466145833333333 0.03518518518518519 0.0234375
0 0.7092592592592593 0.41953124999999997 0.04814814814814815 0.024479166666666666
0 0.5166666666666667 0.3763020833333333 0.03518518518518519 0.0203125
0 0.6569444444444444 0.35911458333333335 0.04166666666666667 0.0265625
0 0.8032407407407408 0.34713541666666664 0.04722222222222222 0.027604166666666666
0 0.7430555555555556 0.32447916666666665 0.026851851851851852 0.021875
0 0.7064814814814815 0.25286458333333334 0.04259259259259259 0.025520833333333333
0 0.7171296296296297 0.22760416666666666 0.04166666666666667 0.028125
0 0.7949074074074074 0.20052083333333334 0.05462962962962963 0.03958333333333333
0 0.8800925925925926 0.6541666666666667 0.03981481481481482 0.019791666666666666
0 0.9527777777777778 0.44869791666666664 0.05555555555555556 0.021354166666666667
0 0.9550925925925926 0.4270833333333333 0.04722222222222222 0.02395833333333333
0 0.9532407407407407 0.396875 0.03796296296296296 0.022916666666666665
0 0.912962962962963 0.38125 0.044444444444444446 0.025
0 0.8657407407407408 0.37994791666666666 0.04814814814814815 0.024479166666666666
0 0.8138888888888889 0.37083333333333335 0.05 0.028125
0 0.8231481481481482 0.84765625 0.03518518518518519 0.028645833333333332
0 0.6314814814814815 0.7846354166666667 0.0462962962962963 0.0328125
0 0.5361111111111111 0.8291666666666666 0.02777777777777778 0.016666666666666666
0 0.5361111111111111 0.8291666666666666 0.02777777777777778 0.016666666666666666
0 0.5194444444444445 0.7760416666666666 0.044444444444444446 0.030208333333333334
0 0.4203703703703704 0.8390624999999999 0.03333333333333333 0.01875
0 0.4361111111111111 0.7895833333333333 0.040740740740740744 0.03125
0 0.5319444444444444 0.6171875 0.032407407407407406 0.01875
0 0.4930555555555556 0.5596354166666666 0.04537037037037037 0.024479166666666666
0 0.7199074074074074 0.5911458333333334 0.04537037037037037 0.028125
0 0.5777777777777778 0.5208333333333334 0.040740740740740744 0.017708333333333333
0 0.33611111111111114 0.5440104166666666 0.03888888888888889 0.021354166666666667
0 0.5083333333333333 0.34348958333333335 0.044444444444444446 0.0265625
0 0.5287037037037037 0.30703125 0.05 0.0359375
0 0.6319444444444444 0.21067708333333332 0.03796296296296296 0.024479166666666666
0 0.4083333333333333 0.3052083333333333 0.040740740740740744 0.029166666666666667
0 0.37453703703703706 0.30546875 0.04351851851851852 0.0328125
0 0.40972222222222227 0.19895833333333332 0.021296296296296296 0.017708333333333333
0 0.32407407407407407 0.3515625 0.02777777777777778 0.017708333333333333
0 0.29814814814814816 0.3497395833333333 0.02777777777777778 0.019270833333333334
0 0.19768518518518519 0.29973958333333334 0.03981481481481482 0.025520833333333333
0 0.1787037037037037 0.33697916666666666 0.0462962962962963 0.027083333333333334
0 0.17500000000000002 0.22760416666666666 0.02592592592592593 0.013541666666666667
0 0.09537037037037037 0.08828125 0.02962962962962963 0.0203125
0 0.06435185185185185 0.0390625 0.04537037037037037 0.03333333333333333
0 0.29814814814814816 0.17708333333333334 0.020370370370370372 0.019791666666666666
0 0.10370370370370371 0.24244791666666665 0.02592592592592593 0.0171875
0 0.07222222222222223 0.31171875 0.040740740740740744 0.0265625
0 0.04490740740740741 0.25703125 0.032407407407407406 0.01614583333333333
0 0.009259259259259259 0.290625 0.014814814814814815 0.016666666666666666
0 0.08333333333333334 0.3731770833333333 0.037037037037037035 0.021354166666666667
0 0.05416666666666667 0.38229166666666664 0.028703703703703703 0.01875
0 0.20740740740740743 0.4427083333333333 0.044444444444444446 0.026041666666666668
0 0.2300925925925926 0.4947916666666667 0.032407407407407406 0.011458333333333333
0 0.18333333333333335 0.52890625 0.037037037037037035 0.0203125
0 0.14907407407407408 0.521875 0.0462962962962963 0.022916666666666665
0 0.16620370370370371 0.54609375 0.028703703703703703 0.01614583333333333
0 0.0837962962962963 0.5419270833333333 0.04166666666666667 0.022395833333333334
0 0.10277777777777779 0.4895833333333333 0.016666666666666666 0.017708333333333333
0 0.08611111111111111 0.58046875 0.031481481481481485 0.015104166666666667
0 0.007407407407407408 0.5450520833333333 0.011111111111111112 0.0234375
0 0.3611111111111111 0.74140625 0.03333333333333333 0.0234375
0 0.2189814814814815 0.7434895833333334 0.04537037037037037 0.03177083333333333
0 0.09953703703703703 0.86015625 0.05277777777777778 0.033854166666666664
0 0.03287037037037037 0.775 0.025 0.01875
0 0.3421296296296296 0.8963541666666667 0.028703703703703703 0.022916666666666665
0 0.6939814814814815 0.33046875 0.03425925925925926 0.01614583333333333
0 0.7412037037037037 0.075 0.05648148148148149 0.04479166666666667
0 0.6939814814814815 0.04583333333333333 0.05648148148148149 0.03333333333333333
0 0.7157407407407408 0.02265625 0.06296296296296297 0.0421875
0 0.47314814814814815 0.3533854166666667 0.03888888888888889 0.021354166666666667
0 0.2449074074074074 0.77890625 0.028703703703703703 0.0171875
