0 0.7694444444444445 0.82109375 0.044444444444444446 0.028645833333333332
0 0.6680555555555556 0.8117187499999999 0.028703703703703703 0.0203125
0 0.7037037037037037 0.71796875 0.02962962962962963 0.013020833333333334
0 0.7097222222222223 0.6924479166666666 0.04351851851851852 0.0265625
0 0.763888888888889 0.6213541666666667 0.037037037037037035 0.026041666666666668
0 0.7166666666666667 0.4473958333333333 0.037037037037037035 0.025
0 0.7175925925925927 0.41953124999999997 0.04814814814814815 0.024479166666666666
0 0.5226851851851853 0.3763020833333333 0.03425925925925926 0.0203125
0 0.6652777777777779 0.35911458333333335 0.04166666666666667 0.025520833333333333
0 0.8120370370370371 0.34713541666666664 0.04814814814814815 0.027604166666666666
0 0.7513888888888889 0.32447916666666665 0.026851851851851852 0.021875
0 0.7134259259259259 0.253125 0.04351851851851852 0.026041666666666668
0 0.725462962962963 0.22786458333333334 0.04166666666666667 0.027604166666666666
0 0.8041666666666667 0.20104166666666667 0.05277777777777778 0.03958333333333333
0 0.887962962962963 0.6541666666666667 0.040740740740740744 0.019791666666666666
0 0.9615740740740741 0.44869791666666664 0.05648148148148149 0.0203125
0 0.962962962962963 0.4270833333333333 0.04814814814814815 0.02395833333333333
0 0.9615740740740741 0.3963541666666667 0.03796296296296296 0.022916666666666665
0 0.9222222222222223 0.3815104166666667 0.044444444444444446 0.025520833333333333
0 0.8740740740740741 0.38046875 0.04814814814814815 0.024479166666666666
0 0.8222222222222223 0.37109375 0.05 0.027604166666666666
0 0.8333333333333334 0.8479166666666667 0.03518518518518519 0.029166666666666667
0 0.6425925925925926 0.7848958333333333 0.04814814814814815 0.03229166666666666
0 0.5467592592592593 0.8296875 0.028703703703703703 0.017708333333333333
0 0.5467592592592593 0.8296875 0.028703703703703703 0.017708333333333333
0 0.5287037037037037 0.7760416666666666 0.044444444444444446 0.030208333333333334
0 0.42962962962962964 0.8390624999999999 0.03518518518518519 0.01875
0 0.4444444444444445 0.7903645833333334 0.040740740740740744 0.030729166666666665
0 0.5402777777777777 0.6171875 0.032407407407407406 0.01875
0 0.5018518518518519 0.5598958333333334 0.044444444444444446 0.025
0 0.7291666666666667 0.5919270833333333 0.04722222222222222 0.028645833333333332
0 0.7287037037037037 0.4705729166666667 0.03518518518518519 0.019270833333333334
0 0.5847222222222223 0.5216145833333333 0.03981481481481482 0.0171875
0 0.34444444444444444 0.5442708333333334 0.03888888888888889 0.020833333333333332
0 0.5194444444444445 0.34348958333333335 0.044444444444444446 0.0265625
0 0.5393518518518519 0.3072916666666667 0.04722222222222222 0.036458333333333336
0 0.6393518518518518 0.2125 0.03796296296296296 0.022916666666666665
0 0.4175925925925926 0.3059895833333333 0.03888888888888889 0.0296875
0 0.38472222222222224 0.30625 0.04166666666666667 0.03333333333333333
0 0.4175925925925926 0.19947916666666665 0.020370370370370372 0.017708333333333333
0 0.33287037037037037 0.35078125 0.030555555555555558 0.019270833333333334
0 0.3023148148148148 0.35078125 0.036111111111111115 0.0203125
0 0.20694444444444446 0.30026041666666664 0.03981481481481482 0.025520833333333333
0 0.1875 0.3377604166666667 0.04537037037037037 0.028645833333333332
0 0.18425925925925926 0.228125 0.02777777777777778 0.013541666666666667
0 0.10462962962962963 0.08854166666666667 0.02962962962962963 0.020833333333333332
0 0.07222222222222223 0.03854166666666667 0.0462962962962963 0.03229166666666666
0 0.3055555555555556 0.17864583333333334 0.022222222222222223 0.019791666666666666
0 0.11157407407407408 0.24270833333333333 0.026851851851851852 0.017708333333333333
0 0.08287037037037037 0.31171875 0.03981481481481482 0.0265625
0 0.05416666666666667 0.25755208333333335 0.032407407407407406 0.01614583333333333
0 0.014814814814814815 0.29140625 0.024074074074074074 0.015104166666666667
0 0.09166666666666667 0.3736979166666667 0.03518518518518519 0.021354166666666667
0 0.061111111111111116 0.38229166666666664 0.02777777777777778 0.01875
0 0.010185185185185186 0.3953125 0.016666666666666666 0.013541666666666667
0 0.2162037037037037 0.4427083333333333 0.04537037037037037 0.026041666666666668
0 0.23842592592592593 0.49505208333333334 0.032407407407407406 0.0109375
0 0.19212962962962965 0.5294270833333333 0.03796296296296296 0.021354166666666667
0 0.15833333333333333 0.52265625 0.0462962962962963 0.0234375
0 0.17500000000000002 0.5463541666666667 0.02962962962962963 0.015625
0 0.09351851851851853 0.5421875 0.040740740740740744 0.022916666666666665
0 0.11157407407407408 0.48932291666666666 0.017592592592592594 0.018229166666666668
0 0.09351851851851853 0.58046875 0.031481481481481485 0.015104166666666667
0 0.007407407407407408 0.5424479166666667 0.011111111111111112 0.022395833333333334
0 0.0125 0.6705729166666666 0.021296296296296296 0.0203125
0 0.3685185185185185 0.74140625 0.03333333333333333 0.0234375
0 0.22870370370370371 0.74453125 0.0462962962962963 0.03177083333333333
0 0.11018518518518519 0.8604166666666666 0.053703703703703705 0.035416666666666666
0 0.04259259259259259 0.7752604166666667 0.02592592592592593 0.018229166666666668
0 0.350462962962963 0.8966145833333333 0.028703703703703703 0.0234375
0 0.7018518518518518 0.3307291666666667 0.03518518518518519 0.016666666666666666
0 0.7532407407407408 0.07578125 0.05648148148148149 0.0453125
0 0.7055555555555556 0.04765625 0.05740740740740741 0.0328125
0 0.7282407407407407 0.023177083333333334 0.0638888888888889 0.043229166666666666
0 0.48333333333333334 0.35390625 0.03888888888888889 0.021354166666666667
0 0.25092592592592594 0.7783854166666666 0.02777777777777778 0.015104166666666667
