0 0.7791666666666667 0.8213541666666666 0.04537037037037037 0.028125
0 0.6796296296296297 0.8122395833333333 0.02592592592592593 0.0203125
0 0.7134259259259259 0.7182291666666667 0.028703703703703703 0.0125
0 0.7185185185185186 0.6924479166666666 0.044444444444444446 0.027604166666666666
0 0.775 0.6213541666666667 0.037037037037037035 0.026041666666666668
0 0.7263888888888889 0.44765625 0.03796296296296296 0.025520833333333333
0 0.7268518518518519 0.4197916666666667 0.04814814814814815 0.02395833333333333
0 0.5305555555555556 0.3763020833333333 0.03518518518518519 0.0203125
0 0.6731481481481482 0.35885416666666664 0.04259259259259259 0.025
0 0.8212962962962963 0.34713541666666664 0.04814814814814815 0.027604166666666666
0 0.7601851851851852 0.32447916666666665 0.02592592592592593 0.021875
0 0.7222222222222222 0.25364583333333335 0.04259259259259259 0.026041666666666668
0 0.7337962962962963 0.22786458333333334 0.04166666666666667 0.027604166666666666
0 0.8152777777777778 0.20104166666666667 0.05462962962962963 0.03958333333333333
0 0.8967592592592593 0.65390625 0.03981481481481482 0.0203125
0 0.9694444444444444 0.4484375 0.05555555555555556 0.020833333333333332
0 0.9717592592592593 0.4270833333333333 0.04722222222222222 0.02395833333333333
0 0.9717592592592593 0.3963541666666667 0.03796296296296296 0.022916666666666665
0 0.9305555555555556 0.38125 0.044444444444444446 0.026041666666666668
0 0.8837962962962963 0.37994791666666666 0.049074074074074076 0.024479166666666666
0 0.8310185185185186 0.37109375 0.049074074074074076 0.027604166666666666
0 0.8439814814814816 0.8481770833333333 0.03425925925925926 0.028645833333333332
0 0.6541666666666667 0.7848958333333333 0.04722222222222222 0.03333333333333333
0 0.5592592592592592 0.8299479166666667 0.02962962962962963 0.018229166666666668
0 0.5592592592592592 0.8299479166666667 0.02962962962962963 0.018229166666666668
0 0.538425925925926 0.7760416666666666 0.04537037037037037 0.030208333333333334
0 0.43842592592592594 0.8390624999999999 0.03425925925925926 0.020833333333333332
0 0.45416666666666666 0.78984375 0.04166666666666667 0.030729166666666665
0 0.6175925925925926 0.7567708333333333 0.020370370370370372 0.015625
0 0.549537037037037 0.6177083333333333 0.032407407407407406 0.01875
0 0.5106481481481482 0.5598958333333334 0.04537037037037037 0.025
0 0.7388888888888889 0.59609375 0.05 0.0328125
0 0.7402777777777778 0.47031249999999997 0.036111111111111115 0.01875
0 0.5893518518518519 0.521875 0.036111111111111115 0.017708333333333333
0 0.35462962962962963 0.54453125 0.03888888888888889 0.021354166666666667
0 0.5296296296296297 0.34296875 0.04259259259259259 0.027604166666666666
0 0.55 0.30833333333333335 0.0462962962962963 0.035416666666666666
0 0.6481481481481481 0.21276041666666667 0.03888888888888889 0.022395833333333334
0 0.4287037037037037 0.30546875 0.03888888888888889 0.0296875
0 0.39583333333333337 0.30703125 0.04166666666666667 0.03177083333333333
0 0.42638888888888893 0.2 0.021296296296296296 0.017708333333333333
0 0.34120370370370373 0.35 0.030555555555555558 0.01875
0 0.31342592592592594 0.3502604166666667 0.03425925925925926 0.019270833333333334
0 0.2175925925925926 0.30052083333333335 0.03888888888888889 0.026041666666666668
0 0.19907407407407407 0.3377604166666667 0.044444444444444446 0.0265625
0 0.19490740740740742 0.228125 0.028703703703703703 0.013541666666666667
0 0.11666666666666667 0.0890625 0.02962962962962963 0.020833333333333332
0 0.08333333333333334 0.03854166666666667 0.04259259259259259 0.03229166666666666
0 0.31574074074074077 0.178125 0.022222222222222223 0.019791666666666666
0 0.11990740740740741 0.24296874999999998 0.028703703703703703 0.0171875
0 0.09398148148148149 0.31223958333333335 0.03981481481481482 0.0265625
0 0.06481481481481481 0.25755208333333335 0.031481481481481485 0.01614583333333333
0 0.02777777777777778 0.29140625 0.02592592592592593 0.01614583333333333
0 0.014814814814814815 0.2877604166666667 0.014814814814814815 0.01614583333333333
0 0.010185185185185186 0.41822916666666665 0.016666666666666666 0.014583333333333334
0 0.10138888888888889 0.3734375 0.03425925925925926 0.021875
0 0.07222222222222223 0.38255208333333335 0.02962962962962963 0.018229166666666668
0 0.01712962962962963 0.3953125 0.02314814814814815 0.013541666666666667
0 0.22685185185185186 0.44244791666666666 0.0462962962962963 0.025520833333333333
0 0.24861111111111112 0.49505208333333334 0.032407407407407406 0.0109375
0 0.20370370370370372 0.5296875 0.03888888888888889 0.020833333333333332
0 0.16898148148148148 0.5223958333333333 0.04537037037037037 0.022916666666666665
0 0.18564814814814815 0.5458333333333333 0.030555555555555558 0.016666666666666666
0 0.10370370370370371 0.5427083333333333 0.040740740740740744 0.022916666666666665
0 0.12175925925925926 0.4901041666666667 0.017592592592592594 0.017708333333333333
0 0.12453703703703704 0.603125 0.028703703703703703 0.008333333333333333
0 0.10231481481481482 0.5809895833333333 0.030555555555555558 0.015104166666666667
0 0.007407407407407408 0.5546875 0.011111111111111112 0.01875
0 0.013425925925925926 0.6252604166666667 0.02314814814814815 0.022395833333333334
0 0.017592592592592594 0.6705729166666666 0.02962962962962963 0.0203125
0 0.3763888888888889 0.7421875 0.032407407407407406 0.022916666666666665
0 0.23842592592592593 0.74453125 0.04537037037037037 0.03177083333333333
0 0.1212962962962963 0.8611979166666667 0.053703703703703705 0.034895833333333334
0 0.05277777777777778 0.77578125 0.02592592592592593 0.018229166666666668
0 0.36064814814814816 0.8973958333333333 0.028703703703703703 0.022916666666666665
0 0.7101851851851853 0.33098958333333334 0.03518518518518519 0.01614583333333333
0 0.7657407407407407 0.07630208333333333 0.05555555555555556 0.0453125
0 0.7175925925925927 0.04765625 0.05740740740740741 0.03177083333333333
0 0.7425925925925926 0.02265625 0.06296296296296297 0.043229166666666666
0 0.4949074074074074 0.3546875 0.03796296296296296 0.021875
0 0.2601851851851852 0.778125 0.020370370370370372 0.014583333333333334
