0 0.1787037037037037 0.82265625 0.044444444444444446 0.028645833333333332
0 0.2740740740740741 0.8125 0.018518518518518517 0.019791666666666666
0 0.24675925925925926 0.715625 0.032407407407407406 0.015625
0 0.24166666666666667 0.69453125 0.044444444444444446 0.027604166666666666
0 0.1763888888888889 0.6221354166666666 0.036111111111111115 0.025520833333333333
0 0.23055555555555557 0.4484375 0.03518518518518519 0.026041666666666668
0 0.23055555555555557 0.4197916666666667 0.04814814814814815 0.02395833333333333
0 0.4361111111111111 0.3763020833333333 0.03518518518518519 0.0203125
0 0.2949074074074074 0.35911458333333335 0.030555555555555558 0.0234375
0 0.13425925925925927 0.34739583333333335 0.04814814814814815 0.027083333333333334
0 0.19907407407407407 0.32421875 0.031481481481481485 0.022395833333333334
0 0.23657407407407408 0.253125 0.04351851851851852 0.026041666666666668
0 0.22361111111111112 0.228125 0.04166666666666667 0.027083333333333334
0 0.13194444444444445 0.20078125 0.05648148148148149 0.0390625
0 0.06527777777777778 0.65546875 0.03981481481481482 0.0203125
0 0.02314814814814815 0.38177083333333334 0.044444444444444446 0.026041666666666668
0 0.07037037037037037 0.3807291666666667 0.04814814814814815 0.02395833333333333
0 0.12824074074074074 0.37135416666666665 0.049074074074074076 0.027083333333333334
0 0.11203703703703705 0.8497395833333333 0.03333333333333333 0.028645833333333332
0 0.2935185185185185 0.78671875 0.04259259259259259 0.03177083333333333
0 0.39305555555555555 0.8328125 0.030555555555555558 0.021875
0 0.42083333333333334 0.7765625 0.04537037037037037 0.030208333333333334
0 0.5208333333333334 0.840625 0.03425925925925926 0.017708333333333333
0 0.5055555555555555 0.7901041666666666 0.04259259259259259 0.03125
0 0.3472222222222222 0.7575520833333333 0.024074074074074074 0.019270833333333334
0 0.41203703703703703 0.61796875 0.031481481481481485 0.018229166666666668
0 0.4513888888888889 0.5598958333333334 0.04537037037037037 0.025
0 0.21666666666666667 0.5919270833333333 0.04814814814814815 0.0265625
0 0.21666666666666667 0.4708333333333333 0.037037037037037035 0.02395833333333333
0 0.3768518518518519 0.5221354166666666 0.037037037037037035 0.018229166666666668
0 0.6069444444444445 0.5442708333333334 0.03796296296296296 0.021875
0 0.4222222222222222 0.3419270833333333 0.040740740740740744 0.027604166666666666
0 0.40231481481481485 0.3067708333333333 0.04537037037037037 0.036458333333333336
0 0.3101851851851852 0.21276041666666667 0.03888888888888889 0.021354166666666667
0 0.5185185185185185 0.3059895833333333 0.03888888888888889 0.0265625
0 0.5523148148148148 0.30625 0.03981481481481482 0.03229166666666666
0 0.5328703703703704 0.19921875 0.021296296296296296 0.01614583333333333
0 0.6245370370370371 0.3890625 0.017592592592592594 0.010416666666666666
0 0.6263888888888889 0.3502604166666667 0.025 0.018229166666666668
0 0.6546296296296297 0.35078125 0.04259259259259259 0.019270833333333334
0 0.737962962962963 0.30026041666666664 0.037037037037037035 0.0265625
0 0.7587962962962963 0.33619791666666665 0.04166666666666667 0.0265625
0 0.763425925925926 0.22734374999999998 0.026851851851851852 0.0140625
0 0.8375 0.08776041666666666 0.030555555555555558 0.022395833333333334
0 0.850925925925926 0.05520833333333333 0.031481481481481485 0.025
0 0.8712962962962963 0.03515625 0.03888888888888889 0.0328125
0 0.6416666666666667 0.1765625 0.022222222222222223 0.020833333333333332
0 0.8430555555555556 0.24114583333333334 0.028703703703703703 0.017708333333333333
0 0.8592592592592593 0.3104166666666667 0.03888888888888889 0.027083333333333334
0 0.887962962962963 0.25677083333333334 0.031481481481481485 0.017708333333333333
0 0.9185185185185185 0.28932291666666665 0.02592592592592593 0.015104166666666667
0 0.9375 0.28619791666666666 0.017592592592592594 0.0171875
0 0.9939814814814815 0.3533854166666667 0.012037037037037037 0.0140625
0 0.9541666666666667 0.41744791666666664 0.028703703703703703 0.015104166666666667
0 0.8569444444444445 0.37265625 0.03425925925925926 0.021354166666666667
0 0.8875000000000001 0.38177083333333334 0.030555555555555558 0.01875
0 0.9439814814814815 0.3950520833333333 0.026851851851851852 0.013020833333333334
0 0.7328703703703704 0.4427083333333333 0.04351851851851852 0.026041666666666668
0 0.7106481481481481 0.49505208333333334 0.030555555555555558 0.009895833333333333
0 0.7541666666666667 0.52890625 0.03981481481481482 0.0203125
0 0.7898148148148149 0.521875 0.044444444444444446 0.02395833333333333
0 0.775 0.54375 0.031481481481481485 0.020833333333333332
0 0.8148148148148149 0.5484375 0.020370370370370372 0.0125
0 0.8550925925925926 0.54140625 0.03981481481481482 0.022395833333333334
0 0.8384259259259259 0.4888020833333333 0.019444444444444445 0.018229166666666668
0 0.8388888888888889 0.6005208333333333 0.024074074074074074 0.014583333333333334
0 0.8615740740740742 0.5796875 0.030555555555555558 0.015625
0 0.9875 0.63515625 0.025 0.021354166666666667
0 0.987962962962963 0.6026041666666666 0.024074074074074074 0.025
0 0.9560185185185186 0.6236979166666666 0.03981481481481482 0.022395833333333334
0 0.9444444444444445 0.6697916666666667 0.03333333333333333 0.020833333333333332
0 0.9370370370370371 0.6442708333333333 0.02592592592592593 0.0125
0 0.5921296296296297 0.7411458333333333 0.032407407407407406 0.021875
0 0.7189814814814816 0.7434895833333334 0.04351851851851852 0.030729166666666665
0 0.8328703703703704 0.8604166666666666 0.05277777777777778 0.035416666666666666
0 0.9597222222222223 0.9408854166666667 0.04722222222222222 0.033854166666666664
0 0.9055555555555556 0.7755208333333333 0.02592592592592593 0.017708333333333333
0 0.6 0.8976562499999999 0.03333333333333333 0.022395833333333334
0 0.25 0.3302083333333333 0.03518518518518519 0.016666666666666666
0 0.17222222222222222 0.07552083333333333 0.053703703703703705 0.04479166666666667
0 0.2175925925925926 0.04635416666666667 0.05740740740740741 0.03333333333333333
0 0.18703703703703706 0.02265625 0.061111111111111116 0.043229166666666666
0 0.45416666666666666 0.353125 0.03796296296296296 0.020833333333333332
