0 0.15555555555555556 0.8221354166666667 0.044444444444444446 0.028645833333333332
0 0.22592592592592595 0.7153645833333333 0.03518518518518519 0.013020833333333334
0 0.22175925925925927 0.6934895833333333 0.04722222222222222 0.027604166666666666
0 0.1527777777777778 0.6213541666666667 0.037037037037037035 0.025
0 0.2152777777777778 0.4466145833333333 0.04537037037037037 0.025520833333333333
0 0.21203703703703705 0.4184895833333333 0.05 0.024479166666666666
0 0.4203703703703704 0.37473958333333335 0.031481481481481485 0.0203125
0 0.27685185185185185 0.3572916666666667 0.031481481481481485 0.022916666666666665
0 0.11435185185185186 0.3450520833333333 0.049074074074074076 0.027604166666666666
0 0.1787037037037037 0.321875 0.031481481481481485 0.021875
0 0.2189814814814815 0.25078125 0.04351851851851852 0.0265625
0 0.20462962962962963 0.22578125 0.04259259259259259 0.027604166666666666
0 0.10833333333333334 0.19765625 0.05925925925925926 0.0390625
0 0.04537037037037037 0.6541666666666667 0.040740740740740744 0.019791666666666666
0 0.013425925925925926 0.3796875 0.025 0.02395833333333333
0 0.05 0.37864583333333335 0.05 0.02395833333333333
0 0.1087962962962963 0.3697916666666667 0.05092592592592593 0.028125
0 0.08842592592592594 0.8486979166666666 0.032407407407407406 0.028645833333333332
0 0.2662037037037037 0.7861979166666666 0.03981481481481482 0.03177083333333333
0 0.36944444444444446 0.8317708333333333 0.031481481481481485 0.021875
0 0.40046296296296297 0.7760416666666666 0.04537037037037037 0.030208333333333334
0 0.500462962962963 0.8401041666666667 0.03425925925925926 0.016666666666666666
0 0.4861111111111111 0.7895833333333333 0.04259259259259259 0.03125
0 0.3282407407407408 0.7567708333333333 0.02314814814814815 0.019791666666666666
0 0.39351851851851855 0.6171875 0.031481481481481485 0.01875
0 0.4337962962962963 0.5591145833333333 0.04537037037037037 0.024479166666666666
0 0.19490740740740742 0.5911458333333334 0.049074074074074076 0.027083333333333334
0 0.1962962962962963 0.46953125 0.03888888888888889 0.024479166666666666
0 0.3601851851851852 0.52109375 0.03888888888888889 0.0171875
0 0.5898148148148148 0.5432291666666667 0.037037037037037035 0.020833333333333332
0 0.3995370370370371 0.3403645833333333 0.04166666666666667 0.028645833333333332
0 0.3819444444444445 0.30546875 0.04537037037037037 0.03697916666666667
0 0.29074074074074074 0.21015625 0.03888888888888889 0.021354166666666667
0 0.5 0.30494791666666665 0.03333333333333333 0.0265625
0 0.5305555555555556 0.30416666666666664 0.03888888888888889 0.03229166666666666
0 0.5162037037037037 0.19739583333333333 0.021296296296296296 0.016666666666666666
0 0.6152777777777778 0.45677083333333335 0.02314814814814815 0.016666666666666666
0 0.6092592592592593 0.3885416666666667 0.018518518518518517 0.009375
0 0.6125 0.35 0.025 0.016666666666666666
0 0.6361111111111112 0.35052083333333334 0.03333333333333333 0.015625
0 0.7203703703703704 0.2989583333333333 0.037037037037037035 0.027083333333333334
0 0.7393518518518519 0.33515625 0.04351851851851852 0.0265625
0 0.7458333333333333 0.22604166666666667 0.026851851851851852 0.014583333333333334
0 0.8199074074074074 0.08541666666666667 0.030555555555555558 0.022916666666666665
0 0.8328703703703704 0.0515625 0.03796296296296296 0.02395833333333333
0 0.8523148148148149 0.0328125 0.04166666666666667 0.03229166666666666
0 0.625 0.17421875 0.020370370370370372 0.0203125
0 0.8287037037037037 0.24036458333333333 0.02962962962962963 0.018229166666666668
0 0.8407407407407408 0.3098958333333333 0.03888888888888889 0.027083333333333334
0 0.8680555555555556 0.25546875 0.028703703703703703 0.01614583333333333
0 0.8962962962962964 0.28880208333333335 0.02592592592592593 0.015104166666666667
0 0.9175925925925926 0.28541666666666665 0.020370370370370372 0.01875
0 0.9819444444444445 0.353125 0.02314814814814815 0.013541666666666667
0 0.9356481481481482 0.4166666666666667 0.028703703703703703 0.015625
0 0.8398148148148148 0.37213541666666666 0.03333333333333333 0.021354166666666667
0 0.8708333333333333 0.3815104166666667 0.030555555555555558 0.019270833333333334
0 0.9268518518518519 0.39401041666666664 0.02592592592592593 0.0140625
0 0.7138888888888889 0.44166666666666665 0.04259259259259259 0.026041666666666668
0 0.6916666666666667 0.4942708333333333 0.02962962962962963 0.010416666666666666
0 0.736574074074074 0.5278645833333333 0.03981481481481482 0.0203125
0 0.7712962962962964 0.5205729166666666 0.044444444444444446 0.0234375
0 0.7592592592592593 0.5432291666666667 0.03518518518518519 0.020833333333333332
0 0.7972222222222223 0.5450520833333333 0.024074074074074074 0.0171875
0 0.8375 0.5411458333333333 0.03981481481481482 0.022916666666666665
0 0.8217592592592593 0.4888020833333333 0.019444444444444445 0.018229166666666668
0 0.8208333333333334 0.6 0.025 0.015625
0 0.8458333333333333 0.5794270833333334 0.030555555555555558 0.01614583333333333
0 0.9782407407407407 0.6348958333333333 0.03981481481481482 0.020833333333333332
0 0.976388888888889 0.60234375 0.03425925925925926 0.025520833333333333
0 0.9388888888888889 0.6231770833333333 0.040740740740740744 0.022395833333333334
0 0.9263888888888889 0.6692708333333334 0.03425925925925926 0.020833333333333332
0 0.9194444444444445 0.6440104166666667 0.02777777777777778 0.013020833333333334
0 0.576388888888889 0.7411458333333333 0.032407407407407406 0.022916666666666665
0 0.6981481481481482 0.74296875 0.04259259259259259 0.030729166666666665
0 0.8115740740740741 0.8598958333333333 0.05277777777777778 0.034375
0 0.9337962962962963 0.9416666666666667 0.05092592592592593 0.034375
0 0.8865740740740741 0.7765625 0.028703703703703703 0.016666666666666666
0 0.5791666666666667 0.89609375 0.032407407407407406 0.0234375
0 0.23148148148148148 0.328125 0.03518518518518519 0.016666666666666666
0 0.14537037037037037 0.07213541666666666 0.05555555555555556 0.044270833333333336
0 0.19074074074074074 0.04244791666666667 0.05740740740740741 0.0328125
0 0.15972222222222224 0.020833333333333332 0.06018518518518519 0.03958333333333333
0 0.43194444444444446 0.35260416666666666 0.03981481481481482 0.020833333333333332
