0 0.1449074074074074 0.8213541666666666 0.04537037037037037 0.028125
0 0.21666666666666667 0.7111979166666667 0.02962962962962963 0.0140625
0 0.21203703703703705 0.6934895833333333 0.04814814814814815 0.027604166666666666
0 0.14166666666666666 0.6208333333333333 0.037037037037037035 0.025
0 0.20601851851851852 0.4458333333333333 0.04722222222222222 0.026041666666666668
0 0.20231481481481484 0.41744791666666664 0.049074074074074076 0.024479166666666666
0 0.4115740740740741 0.3736979166666667 0.028703703703703703 0.021354166666666667
0 0.2689814814814815 0.3567708333333333 0.032407407407407406 0.022916666666666665
0 0.10370370370370371 0.3442708333333333 0.05 0.027083333333333334
0 0.16898148148148148 0.32135416666666666 0.030555555555555558 0.022916666666666665
0 0.2101851851851852 0.25 0.04259259259259259 0.027083333333333334
0 0.19444444444444445 0.22447916666666667 0.04259259259259259 0.028125
0 0.0962962962962963 0.19609375 0.05925925925925926 0.0390625
0 0.036111111111111115 0.6541666666666667 0.040740740740740744 0.019791666666666666
0 0.03935185185185185 0.3776041666666667 0.049074074074074076 0.02395833333333333
0 0.09861111111111112 0.3692708333333333 0.05092592592592593 0.028125
0 0.07777777777777778 0.8481770833333333 0.03333333333333333 0.028645833333333332
0 0.25324074074074077 0.7859375 0.03796296296296296 0.03125
0 0.3574074074074074 0.8322916666666667 0.031481481481481485 0.021875
0 0.3907407407407408 0.77578125 0.0462962962962963 0.0296875
0 0.4902777777777778 0.8395833333333333 0.03425925925925926 0.016666666666666666
0 0.4763888888888889 0.7893229166666667 0.04351851851851852 0.030729166666666665
0 0.3199074074074074 0.7567708333333333 0.02314814814814815 0.01875
0 0.3842592592592593 0.6169270833333333 0.031481481481481485 0.018229166666666668
0 0.4240740740740741 0.5588541666666667 0.0462962962962963 0.025
0 0.18425925925925926 0.5911458333333334 0.04814814814814815 0.027083333333333334
0 0.18472222222222223 0.46901041666666665 0.03981481481481482 0.024479166666666666
0 0.3541666666666667 0.5205729166666666 0.036111111111111115 0.0171875
0 0.5800925925925926 0.5432291666666667 0.03796296296296296 0.021875
0 0.38842592592592595 0.33958333333333335 0.03981481481481482 0.028125
0 0.37083333333333335 0.30416666666666664 0.04537037037037037 0.036458333333333336
0 0.28101851851851856 0.20911458333333333 0.03796296296296296 0.021354166666666667
0 0.48888888888888893 0.30364583333333334 0.03333333333333333 0.026041666666666668
0 0.5175925925925926 0.30390625 0.03888888888888889 0.0328125
0 0.5078703703703704 0.19583333333333333 0.021296296296296296 0.016666666666666666
0 0.6069444444444445 0.45625 0.025 0.015625
0 0.6018518518518519 0.3880208333333333 0.018518518518518517 0.009375
0 0.6046296296296296 0.3494791666666667 0.02777777777777778 0.016666666666666666
0 0.6347222222222223 0.35130208333333335 0.028703703703703703 0.015104166666666667
0 0.7097222222222223 0.2984375 0.036111111111111115 0.027083333333333334
0 0.7296296296296296 0.33489583333333334 0.040740740740740744 0.026041666666666668
0 0.736574074074074 0.225 0.026851851851851852 0.013541666666666667
0 0.8087962962962963 0.084375 0.030555555555555558 0.021875
0 0.8180555555555555 0.0546875 0.030555555555555558 0.021875
0 0.8439814814814816 0.030989583333333334 0.03981481481481482 0.0328125
0 0.6152777777777778 0.17265625 0.019444444444444445 0.021354166666666667
0 0.8208333333333334 0.23906249999999998 0.028703703703703703 0.017708333333333333
0 0.8296296296296297 0.3091145833333333 0.03888888888888889 0.0265625
0 0.8569444444444445 0.2552083333333333 0.028703703703703703 0.016666666666666666
0 0.8847222222222223 0.28828125 0.025 0.015104166666666667
0 0.9074074074074074 0.28463541666666664 0.022222222222222223 0.018229166666666668
0 0.9726851851851852 0.35234375 0.02314814814814815 0.0140625
0 0.9263888888888889 0.41640625 0.028703703703703703 0.015104166666666667
0 0.8305555555555556 0.37135416666666665 0.03333333333333333 0.020833333333333332
0 0.8611111111111112 0.3807291666666667 0.02962962962962963 0.019791666666666666
0 0.9171296296296296 0.3932291666666667 0.026851851851851852 0.013541666666666667
0 0.7037037037037037 0.44114583333333335 0.04259259259259259 0.025
0 0.6819444444444445 0.49322916666666666 0.028703703703703703 0.010416666666666666
0 0.7263888888888889 0.5278645833333333 0.03981481481481482 0.0203125
0 0.7611111111111112 0.5205729166666666 0.044444444444444446 0.0234375
0 0.750462962962963 0.5427083333333333 0.032407407407407406 0.020833333333333332
0 0.7865740740740741 0.5447916666666667 0.025 0.017708333333333333
0 0.8277777777777778 0.5408854166666667 0.040740740740740744 0.022395833333333334
0 0.8120370370370371 0.48854166666666665 0.020370370370370372 0.017708333333333333
0 0.8125 0.6002604166666666 0.025 0.01614583333333333
0 0.8365740740740741 0.57890625 0.030555555555555558 0.0171875
0 0.9694444444444444 0.634375 0.03888888888888889 0.020833333333333332
0 0.9671296296296297 0.6018229166666667 0.03425925925925926 0.025520833333333333
0 0.9305555555555556 0.6231770833333333 0.040740740740740744 0.022395833333333334
0 0.9180555555555556 0.6690104166666666 0.03425925925925926 0.021354166666666667
0 0.9097222222222222 0.64375 0.026851851851851852 0.013541666666666667
0 0.5680555555555555 0.7408854166666666 0.032407407407407406 0.0234375
0 0.688425925925926 0.7424479166666667 0.04166666666666667 0.030729166666666665
0 0.8 0.8596354166666667 0.05185185185185186 0.034895833333333334
0 0.9217592592592593 0.9416666666666667 0.049074074074074076 0.034375
0 0.875925925925926 0.7768229166666667 0.02777777777777778 0.01614583333333333
0 0.5699074074074074 0.8958333333333334 0.032407407407407406 0.022916666666666665
0 0.22175925925925927 0.32734375 0.032407407407407406 0.01614583333333333
0 0.13194444444444445 0.07057291666666667 0.05462962962962963 0.044270833333333336
0 0.17731481481481481 0.040364583333333336 0.05648148148148149 0.033854166666666664
0 0.14583333333333334 0.01953125 0.06018518518518519 0.03697916666666667
0 0.4185185185185185 0.35078125 0.040740740740740744 0.0203125
