0 0.3995370370370371 0.9817708333333334 0.058333333333333334 0.0375
0 0.20925925925925926 0.8901041666666667 0.044444444444444446 0.029166666666666667
0 0.01712962962962963 0.9299479166666667 0.032407407407407406 0.0296875
0 0.19861111111111113 0.8265625 0.03981481481481482 0.020833333333333332
0 0.014351851851851852 0.7856770833333333 0.026851851851851852 0.028645833333333332
0 0.03796296296296296 0.7765625 0.03333333333333333 0.02395833333333333
0 0.08472222222222223 0.7700520833333333 0.04166666666666667 0.03177083333333333
0 0.11805555555555557 0.71875 0.05648148148148149 0.03125
0 0.23657407407407408 0.7171875 0.04537037037037037 0.025
0 0.2833333333333333 0.6815104166666667 0.06296296296296297 0.04010416666666666
0 0.18287037037037038 0.68828125 0.036111111111111115 0.0234375
0 0.2064814814814815 0.5809895833333333 0.044444444444444446 0.0265625
0 0.11111111111111112 0.53671875 0.061111111111111116 0.0296875
0 0.22268518518518518 0.5151041666666667 0.049074074074074076 0.02395833333333333
0 0.09444444444444444 0.46510416666666665 0.04259259259259259 0.020833333333333332
0 0.10277777777777779 0.42161458333333335 0.037037037037037035 0.011979166666666666
0 0.2898148148148148 0.5661458333333333 0.03333333333333333 0.022916666666666665
0 0.30324074074074076 0.5419270833333333 0.03981481481481482 0.022395833333333334
0 0.3078703703703704 0.46249999999999997 0.05092592592592593 0.027083333333333334
0 0.39212962962962966 0.49453125 0.05092592592592593 0.0296875
0 0.4351851851851852 0.5114583333333333 0.03888888888888889 0.016666666666666666
0 0.41944444444444445 0.46979166666666666 0.05 0.030208333333333334
0 0.350462962962963 0.5950520833333334 0.030555555555555558 0.025520833333333333
0 0.46064814814814814 0.6463541666666667 0.04537037037037037 0.025
0 0.524537037037037 0.71015625 0.03425925925925926 0.0234375
0 0.6129629629629629 0.7723958333333333 0.02962962962962963 0.017708333333333333
0 0.6601851851851852 0.7294270833333333 0.040740740740740744 0.025520833333333333
0 0.7097222222222223 0.7666666666666666 0.030555555555555558 0.020833333333333332
0 0.6620370370370371 0.67890625 0.03518518518518519 0.021354166666666667
0 0.6078703703703704 0.6721354166666667 0.026851851851851852 0.0140625
0 0.6078703703703704 0.6552083333333333 0.04166666666666667 0.025
0 0.8689814814814815 0.7848958333333333 0.06018518518518519 0.03854166666666667
0 0.8583333333333334 0.6846354166666666 0.03333333333333333 0.018229166666666668
0 0.8953703703703704 0.6473958333333333 0.04259259259259259 0.020833333333333332
0 0.8560185185185185 0.64453125 0.03425925925925926 0.030729166666666665
0 0.7847222222222222 0.6236979166666666 0.03425925925925926 0.022395833333333334
0 0.6939814814814815 0.55625 0.032407407407407406 0.025
0 0.7069444444444445 0.5770833333333333 0.030555555555555558 0.01875
0 0.7416666666666667 0.5619791666666667 0.05 0.019791666666666666
0 0.8875000000000001 0.50703125 0.04166666666666667 0.0203125
0 0.8412037037037038 0.47265625 0.03425925925925926 0.018229166666666668
0 0.8115740740740741 0.4614583333333333 0.036111111111111115 0.019791666666666666
0 0.8032407407407408 0.4380208333333333 0.02314814814814815 0.016666666666666666
0 0.8611111111111112 0.3776041666666667 0.0462962962962963 0.02395833333333333
0 0.8444444444444444 0.3296875 0.04814814814814815 0.027083333333333334
0 0.7962962962962963 0.37109375 0.024074074074074074 0.022395833333333334
0 0.750925925925926 0.33958333333333335 0.037037037037037035 0.027083333333333334
0 0.7138888888888889 0.40781249999999997 0.04259259259259259 0.028125
0 0.7023148148148148 0.3651041666666667 0.04537037037037037 0.029166666666666667
0 0.675 0.3854166666666667 0.03333333333333333 0.021875
0 0.6314814814814815 0.4140625 0.04259259259259259 0.029166666666666667
0 0.4847222222222222 0.6833333333333333 0.03981481481481482 0.016666666666666666
0 0.38472222222222224 0.40234375 0.03796296296296296 0.024479166666666666
0 0.28611111111111115 0.36692708333333335 0.03518518518518519 0.0234375
0 0.2523148148148148 0.34270833333333334 0.049074074074074076 0.029166666666666667
0 0.31157407407407406 0.334375 0.04722222222222222 0.027083333333333334
0 0.3453703703703704 0.315625 0.03518518518518519 0.020833333333333332
0 0.3791666666666667 0.315625 0.032407407407407406 0.019791666666666666
0 0.32453703703703707 0.15833333333333333 0.06018518518518519 0.04479166666666667
0 0.37777777777777777 0.12708333333333333 0.05 0.026041666666666668
0 0.12916666666666668 0.014583333333333334 0.05648148148148149 0.027083333333333334
0 0.13935185185185187 0.04583333333333333 0.05648148148148149 0.0375
0 0.24305555555555555 0.038802083333333334 0.05648148148148149 0.044270833333333336
0 0.300462962962963 0.03828125 0.05462962962962963 0.044270833333333336
0 0.8564814814814815 0.23541666666666666 0.05555555555555556 0.03333333333333333
0 0.8226851851851852 0.23255208333333333 0.032407407407407406 0.0296875
0 0.8472222222222222 0.16692708333333334 0.05185185185185186 0.0328125
0 0.7587962962962963 0.21276041666666667 0.028703703703703703 0.028645833333333332
0 0.7305555555555556 0.21328125 0.037037037037037035 0.0296875
0 0.6898148148148149 0.209375 0.03888888888888889 0.020833333333333332
0 0.7523148148148149 0.1375 0.03981481481481482 0.03125
0 0.7171296296296297 0.13776041666666666 0.028703703703703703 0.028645833333333332
0 0.7773148148148148 0.1953125 0.04166666666666667 0.03125
0 0.8074074074074075 0.09244791666666667 0.05555555555555556 0.044270833333333336
0 0.6717592592592593 0.146875 0.036111111111111115 0.026041666666666668
0 0.9884259259259259 0.60078125 0.02314814814814815 0.027604166666666666
0 0.9837962962962963 0.73203125 0.032407407407407406 0.019270833333333334
