0 0.38657407407407407 0.9815104166666666 0.05648148148148149 0.03802083333333333
0 0.19675925925925927 0.8903645833333333 0.04537037037037037 0.0296875
0 0.18703703703703706 0.8273437499999999 0.03888888888888889 0.021354166666666667
0 0.024074074074074074 0.77734375 0.03333333333333333 0.0234375
0 0.0712962962962963 0.7703125 0.044444444444444446 0.03229166666666666
0 0.10648148148148148 0.7184895833333333 0.05555555555555556 0.03177083333333333
0 0.2240740740740741 0.7166666666666667 0.044444444444444446 0.026041666666666668
0 0.26851851851851855 0.68203125 0.06481481481481481 0.04010416666666666
0 0.1712962962962963 0.6885416666666666 0.031481481481481485 0.022916666666666665
0 0.19490740740740742 0.5809895833333333 0.04537037037037037 0.0265625
0 0.1 0.5364583333333334 0.06296296296296297 0.030208333333333334
0 0.20833333333333334 0.5151041666666667 0.04814814814814815 0.02395833333333333
0 0.0837962962962963 0.46484375 0.04166666666666667 0.0203125
0 0.08981481481481482 0.4166666666666667 0.03333333333333333 0.020833333333333332
0 0.2796296296296296 0.5661458333333333 0.03333333333333333 0.022916666666666665
0 0.29212962962962963 0.5421875 0.03981481481481482 0.022916666666666665
0 0.2953703703703704 0.46249999999999997 0.05185185185185186 0.027083333333333334
0 0.38101851851851853 0.4940104166666667 0.05092592592592593 0.0296875
0 0.42314814814814816 0.5111979166666667 0.03888888888888889 0.0171875
0 0.4078703703703704 0.46979166666666666 0.05092592592592593 0.030208333333333334
0 0.33935185185185185 0.5947916666666666 0.030555555555555558 0.025
0 0.45046296296296295 0.6458333333333334 0.04537037037037037 0.026041666666666668
0 0.513888888888889 0.7104166666666667 0.03518518518518519 0.02395833333333333
0 0.6050925925925926 0.7723958333333333 0.030555555555555558 0.017708333333333333
0 0.6509259259259259 0.72890625 0.040740740740740744 0.025520833333333333
0 0.700462962962963 0.7661458333333333 0.030555555555555558 0.020833333333333332
0 0.6537037037037037 0.67890625 0.03333333333333333 0.021354166666666667
0 0.5995370370370371 0.671875 0.025 0.013541666666666667
0 0.5976851851851852 0.6552083333333333 0.04166666666666667 0.025
0 0.8564814814814815 0.7846354166666667 0.05925925925925926 0.03802083333333333
0 0.8481481481481482 0.684375 0.03333333333333333 0.01875
0 0.8833333333333334 0.6471354166666666 0.04259259259259259 0.021354166666666667
0 0.8439814814814816 0.64375 0.03425925925925926 0.03125
0 0.7731481481481481 0.6236979166666666 0.03333333333333333 0.022395833333333334
0 0.6814814814814815 0.5557291666666666 0.03518518518518519 0.025
0 0.6976851851851852 0.5760416666666667 0.030555555555555558 0.017708333333333333
0 0.7305555555555556 0.5619791666666667 0.05 0.019791666666666666
0 0.8773148148148149 0.5065104166666666 0.04166666666666667 0.0203125
0 0.8333333333333334 0.47213541666666664 0.03518518518518519 0.018229166666666668
0 0.8041666666666667 0.46119791666666665 0.036111111111111115 0.0203125
0 0.7930555555555556 0.43776041666666665 0.021296296296296296 0.01614583333333333
0 0.851388888888889 0.3770833333333333 0.04722222222222222 0.02395833333333333
0 0.8337962962962964 0.3296875 0.04722222222222222 0.027083333333333334
0 0.7865740740740741 0.37083333333333335 0.025 0.021875
0 0.7416666666666667 0.3390625 0.03518518518518519 0.027083333333333334
0 0.7041666666666667 0.40781249999999997 0.04351851851851852 0.028125
0 0.6912037037037038 0.3651041666666667 0.04537037037037037 0.029166666666666667
0 0.6652777777777779 0.3848958333333333 0.032407407407407406 0.021875
0 0.6208333333333333 0.41380208333333335 0.04166666666666667 0.028645833333333332
0 0.475462962962963 0.68359375 0.03981481481481482 0.01614583333333333
0 0.3731481481481482 0.40208333333333335 0.03888888888888889 0.025
0 0.275 0.36666666666666664 0.03518518518518519 0.02395833333333333
0 0.23935185185185187 0.3424479166666667 0.05092592592592593 0.0296875
0 0.30092592592592593 0.3338541666666667 0.04814814814814815 0.028125
0 0.3351851851851852 0.315625 0.03518518518518519 0.020833333333333332
0 0.3680555555555556 0.31588541666666664 0.032407407407407406 0.019270833333333334
0 0.31203703703703706 0.15755208333333334 0.061111111111111116 0.044270833333333336
0 0.36435185185185187 0.12604166666666666 0.05092592592592593 0.026041666666666668
0 0.11481481481481481 0.0140625 0.05740740740740741 0.026041666666666668
0 0.12638888888888888 0.04505208333333333 0.05648148148148149 0.03697916666666667
0 0.22870370370370371 0.0375 0.05555555555555556 0.04479166666666667
0 0.2851851851851852 0.03723958333333333 0.053703703703703705 0.044270833333333336
0 0.8462962962962963 0.23463541666666665 0.05555555555555556 0.0328125
0 0.8120370370370371 0.23177083333333334 0.031481481481481485 0.030208333333333334
0 0.8361111111111111 0.16640625 0.05185185185185186 0.0328125
0 0.7476851851851852 0.21171874999999998 0.028703703703703703 0.028645833333333332
0 0.7199074074074074 0.21223958333333334 0.03796296296296296 0.0296875
0 0.6787037037037037 0.20885416666666667 0.03888888888888889 0.020833333333333332
0 0.7416666666666667 0.1375 0.03888888888888889 0.03125
0 0.7060185185185186 0.13723958333333333 0.028703703703703703 0.028645833333333332
0 0.7657407407407407 0.19505208333333332 0.04259259259259259 0.030729166666666665
0 0.7958333333333334 0.09140625 0.05462962962962963 0.044270833333333336
0 0.6611111111111111 0.14609375 0.03518518518518519 0.025520833333333333
0 0.975925925925926 0.7317708333333334 0.03518518518518519 0.020833333333333332
0 0.9824074074074074 0.5997395833333333 0.03518518518518519 0.027604166666666666
