0 0.36064814814814816 0.9825520833333333 0.05648148148148149 0.0359375
0 0.17037037037037037 0.8916666666666666 0.04259259259259259 0.030208333333333334
0 0.1625 0.8283854166666667 0.03796296296296296 0.021354166666666667
0 0.04537037037037037 0.7721354166666666 0.0462962962962963 0.0328125
0 0.08148148148148149 0.7197916666666666 0.05740740740740741 0.03125
0 0.2013888888888889 0.7177083333333333 0.04351851851851852 0.026041666666666668
0 0.23842592592592593 0.6828125 0.0638888888888889 0.040625
0 0.15185185185185185 0.6895833333333333 0.03333333333333333 0.022916666666666665
0 0.17222222222222222 0.5815104166666667 0.05 0.028645833333333332
0 0.0763888888888889 0.53671875 0.0638888888888889 0.0296875
0 0.1824074074074074 0.515625 0.04814814814814815 0.025
0 0.061111111111111116 0.46510416666666665 0.03888888888888889 0.020833333333333332
0 0.06435185185185185 0.4153645833333333 0.030555555555555558 0.022395833333333334
0 0.25787037037037036 0.56640625 0.03425925925925926 0.0234375
0 0.26805555555555555 0.5424479166666667 0.04166666666666667 0.021354166666666667
0 0.27175925925925926 0.4630208333333333 0.05277777777777778 0.027083333333333334
0 0.3550925925925926 0.49453125 0.05092592592592593 0.0296875
0 0.39861111111111114 0.5096354166666667 0.03796296296296296 0.0203125
0 0.3824074074074074 0.4700520833333333 0.05 0.0296875
0 0.3162037037037037 0.5947916666666666 0.030555555555555558 0.025
0 0.4305555555555556 0.6466145833333333 0.0462962962962963 0.0265625
0 0.4939814814814815 0.7111979166666667 0.036111111111111115 0.0234375
0 0.587037037037037 0.77265625 0.02962962962962963 0.018229166666666668
0 0.6324074074074074 0.7296875 0.040740740740740744 0.026041666666666668
0 0.6824074074074075 0.7677083333333333 0.031481481481481485 0.020833333333333332
0 0.6365740740740741 0.6796875 0.032407407407407406 0.020833333333333332
0 0.5819444444444445 0.6723958333333333 0.025 0.013541666666666667
0 0.5777777777777778 0.6557291666666667 0.040740740740740744 0.025
0 0.8319444444444445 0.7856770833333333 0.058333333333333334 0.03802083333333333
0 0.825462962962963 0.68515625 0.028703703703703703 0.018229166666666668
0 0.8587962962962963 0.6473958333333333 0.04166666666666667 0.020833333333333332
0 0.8175925925925926 0.6440104166666667 0.037037037037037035 0.030729166666666665
0 0.7495370370370371 0.6244791666666667 0.032407407407407406 0.021875
0 0.6615740740740741 0.55625 0.032407407407407406 0.025
0 0.6787037037037037 0.5768229166666666 0.02777777777777778 0.0171875
0 0.7092592592592593 0.5622395833333333 0.05 0.0203125
0 0.8574074074074074 0.5075520833333333 0.04259259259259259 0.0203125
0 0.8175925925925926 0.47239583333333335 0.03518518518518519 0.01875
0 0.7870370370370371 0.4622395833333333 0.03518518518518519 0.021354166666666667
0 0.8310185185185186 0.3776041666666667 0.04537037037037037 0.02395833333333333
0 0.8115740740740741 0.33046875 0.04722222222222222 0.0265625
0 0.7671296296296296 0.37109375 0.021296296296296296 0.022395833333333334
0 0.7217592592592593 0.33932291666666664 0.03981481481481482 0.0265625
0 0.6837962962962963 0.4080729166666667 0.04351851851851852 0.028645833333333332
0 0.6712962962962963 0.365625 0.0462962962962963 0.029166666666666667
0 0.6444444444444445 0.3854166666666667 0.03333333333333333 0.021875
0 0.600462962962963 0.41432291666666665 0.04166666666666667 0.028645833333333332
0 0.45555555555555555 0.6838541666666667 0.040740740740740744 0.016666666666666666
0 0.34953703703703703 0.40208333333333335 0.03981481481481482 0.025
0 0.25416666666666665 0.36692708333333335 0.036111111111111115 0.024479166666666666
0 0.21666666666666667 0.3419270833333333 0.05185185185185186 0.030729166666666665
0 0.28101851851851856 0.3333333333333333 0.049074074074074076 0.028125
0 0.31342592592592594 0.31588541666666664 0.03425925925925926 0.021354166666666667
0 0.3462962962962963 0.31588541666666664 0.031481481481481485 0.021354166666666667
0 0.28564814814814815 0.15729166666666666 0.062037037037037036 0.04479166666666667
0 0.3402777777777778 0.12578125 0.05092592592592593 0.0265625
0 0.08657407407407408 0.0140625 0.05648148148148149 0.026041666666666668
0 0.09953703703703703 0.04401041666666666 0.05648148148148149 0.03697916666666667
0 0.20046296296296298 0.03671875 0.05648148148148149 0.044270833333333336
0 0.2574074074074074 0.036458333333333336 0.05555555555555556 0.04375
0 0.825925925925926 0.23541666666666666 0.05555555555555556 0.03333333333333333
0 0.7916666666666667 0.23229166666666667 0.031481481481481485 0.030208333333333334
0 0.8138888888888889 0.16692708333333334 0.05185185185185186 0.0328125
0 0.7263888888888889 0.21223958333333334 0.028703703703703703 0.028645833333333332
0 0.6981481481481482 0.21302083333333333 0.037037037037037035 0.030208333333333334
0 0.6574074074074074 0.20885416666666667 0.03888888888888889 0.020833333333333332
0 0.7194444444444444 0.13723958333333333 0.040740740740740744 0.030729166666666665
0 0.6847222222222222 0.1375 0.028703703703703703 0.029166666666666667
0 0.7430555555555556 0.19505208333333332 0.04351851851851852 0.030729166666666665
0 0.7726851851851853 0.09192708333333333 0.05462962962962963 0.044270833333333336
0 0.638888888888889 0.14583333333333334 0.03333333333333333 0.025
0 0.962037037037037 0.6002604166666666 0.040740740740740744 0.0265625
0 0.9532407407407407 0.7325520833333333 0.04166666666666667 0.018229166666666668
