0 0.6416666666666667 0.9822916666666667 0.05740740740740741 0.035416666666666666
0 0.8314814814814815 0.8916666666666666 0.04259259259259259 0.030208333333333334
0 0.8393518518518519 0.8283854166666667 0.03796296296296296 0.021354166666666667
0 0.9564814814814815 0.7721354166666666 0.0462962962962963 0.0328125
0 0.9203703703703704 0.7197916666666666 0.05740740740740741 0.03125
0 0.800462962962963 0.7177083333333333 0.04351851851851852 0.026041666666666668
0 0.763425925925926 0.6828125 0.0638888888888889 0.040625
0 0.85 0.6895833333333333 0.03333333333333333 0.022916666666666665
0 0.8296296296296297 0.5815104166666667 0.05 0.028645833333333332
0 0.925462962962963 0.53671875 0.0638888888888889 0.0296875
0 0.8194444444444445 0.515625 0.04814814814814815 0.025
0 0.9407407407407408 0.46510416666666665 0.03888888888888889 0.020833333333333332
0 0.9375 0.4153645833333333 0.030555555555555558 0.022395833333333334
0 0.7439814814814815 0.56640625 0.03425925925925926 0.0234375
0 0.7337962962962963 0.5424479166666667 0.04166666666666667 0.021354166666666667
0 0.7300925925925926 0.4630208333333333 0.05277777777777778 0.027083333333333334
0 0.6467592592592593 0.49453125 0.05092592592592593 0.0296875
0 0.6032407407407407 0.5096354166666667 0.03796296296296296 0.0203125
0 0.6194444444444445 0.4700520833333333 0.05 0.0296875
0 0.6856481481481482 0.5947916666666666 0.030555555555555558 0.025
0 0.5712962962962963 0.6466145833333333 0.0462962962962963 0.0265625
0 0.5078703703703704 0.7111979166666667 0.036111111111111115 0.0234375
0 0.41481481481481486 0.77265625 0.02962962962962963 0.018229166666666668
0 0.36944444444444446 0.7296875 0.040740740740740744 0.026041666666666668
0 0.3194444444444445 0.7677083333333333 0.031481481481481485 0.020833333333333332
0 0.3652777777777778 0.6796875 0.032407407407407406 0.020833333333333332
0 0.4199074074074074 0.6723958333333333 0.025 0.013541666666666667
0 0.4240740740740741 0.6557291666666667 0.040740740740740744 0.025
0 0.16990740740740742 0.7856770833333333 0.058333333333333334 0.03802083333333333
0 0.1763888888888889 0.68515625 0.028703703703703703 0.018229166666666668
0 0.14305555555555557 0.6473958333333333 0.04166666666666667 0.020833333333333332
0 0.18425925925925926 0.6440104166666667 0.037037037037037035 0.030729166666666665
0 0.2523148148148148 0.6244791666666667 0.032407407407407406 0.021875
0 0.3402777777777778 0.55625 0.032407407407407406 0.025
0 0.3231481481481482 0.5768229166666666 0.02777777777777778 0.0171875
0 0.2925925925925926 0.5622395833333333 0.05 0.0203125
0 0.14444444444444446 0.5075520833333333 0.04259259259259259 0.0203125
0 0.18425925925925926 0.47239583333333335 0.03518518518518519 0.01875
0 0.21481481481481482 0.4622395833333333 0.03518518518518519 0.021354166666666667
0 0.17083333333333334 0.3776041666666667 0.04537037037037037 0.02395833333333333
0 0.1902777777777778 0.33046875 0.04722222222222222 0.0265625
0 0.23472222222222222 0.37109375 0.021296296296296296 0.022395833333333334
0 0.2800925925925926 0.33932291666666664 0.03981481481481482 0.0265625
0 0.3180555555555556 0.4080729166666667 0.04351851851851852 0.028645833333333332
0 0.33055555555555555 0.365625 0.0462962962962963 0.029166666666666667
0 0.3574074074074074 0.3854166666666667 0.03333333333333333 0.021875
0 0.4013888888888889 0.41432291666666665 0.04166666666666667 0.028645833333333332
0 0.5462962962962963 0.6838541666666667 0.040740740740740744 0.016666666666666666
0 0.6523148148148148 0.40208333333333335 0.03981481481481482 0.025
0 0.7476851851851852 0.36692708333333335 0.036111111111111115 0.024479166666666666
0 0.7851851851851852 0.3419270833333333 0.05185185185185186 0.030729166666666665
0 0.7208333333333333 0.3333333333333333 0.049074074074074076 0.028125
0 0.688425925925926 0.31588541666666664 0.03425925925925926 0.021354166666666667
0 0.6555555555555556 0.31588541666666664 0.031481481481481485 0.021354166666666667
0 0.7162037037037037 0.15729166666666666 0.062037037037037036 0.04479166666666667
0 0.6615740740740741 0.12578125 0.05092592592592593 0.0265625
0 0.9152777777777779 0.0140625 0.05648148148148149 0.026041666666666668
0 0.9023148148148149 0.04401041666666666 0.05648148148148149 0.03697916666666667
0 0.8013888888888889 0.03671875 0.05648148148148149 0.044270833333333336
0 0.7444444444444445 0.036458333333333336 0.05555555555555556 0.04375
0 0.17592592592592593 0.23541666666666666 0.05555555555555556 0.03333333333333333
0 0.2101851851851852 0.23229166666666667 0.031481481481481485 0.030208333333333334
0 0.18796296296296297 0.16692708333333334 0.05185185185185186 0.0328125
0 0.27546296296296297 0.21223958333333334 0.028703703703703703 0.028645833333333332
0 0.3037037037037037 0.21302083333333333 0.037037037037037035 0.030208333333333334
0 0.34444444444444444 0.20885416666666667 0.03888888888888889 0.020833333333333332
0 0.28240740740740744 0.13723958333333333 0.040740740740740744 0.030729166666666665
0 0.31712962962962965 0.1375 0.028703703703703703 0.029166666666666667
0 0.2587962962962963 0.19505208333333332 0.04351851851851852 0.030729166666666665
0 0.22916666666666669 0.09192708333333333 0.05462962962962963 0.044270833333333336
0 0.362962962962963 0.14583333333333334 0.03333333333333333 0.025
0 0.03981481481481482 0.6002604166666666 0.040740740740740744 0.0265625
0 0.04861111111111111 0.7325520833333333 0.04166666666666667 0.018229166666666668
