0 0.3476851851851852 0.9833333333333333 0.05648148148148149 0.034375
0 0.1564814814814815 0.8932291666666666 0.04259259259259259 0.030208333333333334
0 0.1486111111111111 0.8294270833333334 0.03981481481481482 0.021354166666666667
0 0.031481481481481485 0.77265625 0.04814814814814815 0.0328125
0 0.06944444444444445 0.7203125 0.05740740740740741 0.03125
0 0.1902777777777778 0.7182291666666667 0.04351851851851852 0.026041666666666668
0 0.22453703703703703 0.6833333333333333 0.06574074074074074 0.040625
0 0.1375 0.6895833333333333 0.025 0.02395833333333333
0 0.16018518518518518 0.58203125 0.04814814814814815 0.028645833333333332
0 0.06481481481481481 0.53671875 0.06481481481481481 0.030729166666666665
0 0.16990740740740742 0.5161458333333333 0.04722222222222222 0.025
0 0.050462962962962966 0.46484375 0.03796296296296296 0.021354166666666667
0 0.053703703703703705 0.41562499999999997 0.031481481481481485 0.021875
0 0.24583333333333335 0.5669270833333333 0.036111111111111115 0.0234375
0 0.2574074074074074 0.54296875 0.04259259259259259 0.022395833333333334
0 0.2601851851851852 0.4630208333333333 0.05185185185185186 0.027083333333333334
0 0.34444444444444444 0.49453125 0.05 0.0296875
0 0.38796296296296295 0.51171875 0.04259259259259259 0.0171875
0 0.3717592592592593 0.47031249999999997 0.05277777777777778 0.030208333333333334
0 0.30462962962962964 0.5955729166666667 0.031481481481481485 0.025520833333333333
0 0.42129629629629634 0.646875 0.0462962962962963 0.027083333333333334
0 0.48333333333333334 0.7111979166666667 0.03518518518518519 0.0234375
0 0.5787037037037037 0.7736979166666667 0.02962962962962963 0.018229166666666668
0 0.6236111111111111 0.7302083333333333 0.03981481481481482 0.026041666666666668
0 0.5745370370370371 0.67265625 0.02314814814814815 0.011979166666666666
0 0.674074074074074 0.76796875 0.03333333333333333 0.021354166666666667
0 0.6277777777777778 0.6802083333333333 0.03333333333333333 0.020833333333333332
0 0.5740740740740741 0.6729166666666666 0.024074074074074074 0.013541666666666667
0 0.5694444444444444 0.65625 0.044444444444444446 0.025
0 0.8199074074074074 0.7864583333333334 0.058333333333333334 0.03854166666666667
0 0.8467592592592593 0.64765625 0.04166666666666667 0.021354166666666667
0 0.8064814814814815 0.64453125 0.037037037037037035 0.030729166666666665
0 0.7388888888888889 0.6247395833333333 0.031481481481481485 0.022395833333333334
0 0.6523148148148148 0.5572916666666666 0.030555555555555558 0.025
0 0.6694444444444445 0.5770833333333333 0.02777777777777778 0.016666666666666666
0 0.6986111111111112 0.5627604166666667 0.049074074074074076 0.0203125
0 0.8472222222222222 0.5075520833333333 0.04259259259259259 0.0203125
0 0.8092592592592593 0.47291666666666665 0.03518518518518519 0.01875
0 0.7800925925925927 0.4622395833333333 0.03796296296296296 0.021354166666666667
0 0.8222222222222223 0.3776041666666667 0.044444444444444446 0.02395833333333333
0 0.8013888888888889 0.3307291666666667 0.04722222222222222 0.027083333333333334
0 0.7578703703703704 0.37135416666666665 0.021296296296296296 0.022916666666666665
0 0.7115740740740741 0.3390625 0.04351851851851852 0.025
0 0.6731481481481482 0.40859375 0.044444444444444446 0.028645833333333332
0 0.6620370370370371 0.365625 0.0462962962962963 0.029166666666666667
0 0.6347222222222223 0.3854166666666667 0.03425925925925926 0.021875
0 0.5912037037037037 0.41484375 0.04166666666666667 0.028645833333333332
0 0.4467592592592593 0.684375 0.03981481481481482 0.016666666666666666
0 0.3388888888888889 0.40208333333333335 0.040740740740740744 0.025
0 0.2449074074074074 0.3671875 0.03796296296296296 0.025
0 0.20601851851851852 0.3419270833333333 0.05277777777777778 0.030729166666666665
0 0.27037037037037037 0.3341145833333333 0.05 0.028645833333333332
0 0.3050925925925926 0.31536458333333334 0.036111111111111115 0.021354166666666667
0 0.337037037037037 0.31666666666666665 0.03333333333333333 0.021875
0 0.2740740740740741 0.15729166666666666 0.06296296296296297 0.04479166666666667
0 0.3287037037037037 0.12578125 0.05185185185185186 0.0265625
0 0.07407407407407407 0.0140625 0.05555555555555556 0.026041666666666668
0 0.08657407407407408 0.044270833333333336 0.05648148148148149 0.036458333333333336
0 0.18703703703703706 0.03723958333333333 0.05740740740740741 0.044270833333333336
0 0.2439814814814815 0.036458333333333336 0.05462962962962963 0.04375
0 0.8157407407407408 0.23567708333333334 0.05555555555555556 0.0328125
0 0.7824074074074074 0.23255208333333333 0.031481481481481485 0.0296875
0 0.8037037037037037 0.16744791666666667 0.05185185185185186 0.0328125
0 0.7162037037037037 0.21276041666666667 0.030555555555555558 0.028645833333333332
0 0.6875 0.21328125 0.03796296296296296 0.0296875
0 0.6472222222222223 0.20911458333333333 0.03888888888888889 0.021354166666666667
0 0.7097222222222223 0.13723958333333333 0.04166666666666667 0.0296875
0 0.674537037037037 0.13776041666666666 0.028703703703703703 0.0296875
0 0.7328703703703704 0.19505208333333332 0.04351851851851852 0.030729166666666665
0 0.7615740740740741 0.09244791666666667 0.05462962962962963 0.044270833333333336
0 0.6300925925925926 0.14661458333333333 0.03425925925925926 0.024479166666666666
0 0.950925925925926 0.60078125 0.04259259259259259 0.0265625
0 0.7865740740740741 0.41770833333333335 0.015740740740740743 0.014583333333333334
0 0.9865740740740742 0.79375 0.026851851851851852 0.03125
0 0.9439814814814815 0.7328125 0.04166666666666667 0.01875
