0 0.33425925925925926 0.9833333333333333 0.05555555555555556 0.03333333333333333
0 0.1449074074074074 0.8940104166666667 0.04166666666666667 0.030729166666666665
0 0.1375 0.8302083333333333 0.03981481481481482 0.021875
0 0.022222222222222223 0.7734375 0.04259259259259259 0.03333333333333333
0 0.0587962962962963 0.7208333333333333 0.058333333333333334 0.03125
0 0.17962962962962964 0.71796875 0.04259259259259259 0.0265625
0 0.21064814814814817 0.6841145833333333 0.06574074074074074 0.04010416666666666
0 0.1287037037037037 0.6885416666666666 0.024074074074074074 0.022916666666666665
0 0.1476851851851852 0.5822916666666667 0.04351851851851852 0.029166666666666667
0 0.055092592592592596 0.5375 0.06574074074074074 0.030208333333333334
0 0.1587962962962963 0.5166666666666666 0.04722222222222222 0.026041666666666668
0 0.04027777777777778 0.46510416666666665 0.03796296296296296 0.020833333333333332
0 0.04490740740740741 0.4158854166666667 0.030555555555555558 0.022395833333333334
0 0.23657407407407408 0.5671875 0.03425925925925926 0.022916666666666665
0 0.24537037037037038 0.5432291666666667 0.040740740740740744 0.022916666666666665
0 0.25 0.46380208333333334 0.053703703703703705 0.027604166666666666
0 0.33425925925925926 0.49505208333333334 0.05185185185185186 0.0296875
0 0.3773148148148148 0.5111979166666667 0.04166666666666667 0.018229166666666668
0 0.362962962962963 0.4705729166666667 0.053703703703703705 0.030729166666666665
0 0.29444444444444445 0.5950520833333334 0.031481481481481485 0.025520833333333333
0 0.4115740740740741 0.6473958333333333 0.04537037037037037 0.027083333333333334
0 0.4726851851851852 0.71171875 0.036111111111111115 0.0234375
0 0.5699074074074074 0.7739583333333333 0.028703703703703703 0.017708333333333333
0 0.6148148148148148 0.7302083333333333 0.03888888888888889 0.026041666666666668
0 0.6666666666666667 0.7682291666666666 0.03333333333333333 0.021875
0 0.6208333333333333 0.6807291666666666 0.032407407407407406 0.020833333333333332
0 0.5666666666666667 0.6729166666666666 0.024074074074074074 0.013541666666666667
0 0.5601851851851852 0.6567708333333333 0.044444444444444446 0.025
0 0.8087962962962963 0.78671875 0.058333333333333334 0.03802083333333333
0 0.8361111111111111 0.6481770833333333 0.040740740740740744 0.021354166666666667
0 0.7953703703703704 0.6447916666666667 0.03888888888888889 0.03125
0 0.7287037037037037 0.625 0.02962962962962963 0.022916666666666665
0 0.6421296296296296 0.5578125 0.030555555555555558 0.025
0 0.6611111111111111 0.5776041666666667 0.02777777777777778 0.016666666666666666
0 0.6893518518518519 0.5630208333333333 0.049074074074074076 0.019791666666666666
0 0.8384259259259259 0.5075520833333333 0.04166666666666667 0.0203125
0 0.8027777777777778 0.47291666666666665 0.03518518518518519 0.01875
0 0.7731481481481481 0.4622395833333333 0.03888888888888889 0.021354166666666667
0 0.8143518518518519 0.378125 0.04537037037037037 0.025
0 0.7921296296296296 0.33125 0.04722222222222222 0.027083333333333334
0 0.7486111111111111 0.3716145833333333 0.021296296296296296 0.0234375
0 0.7046296296296296 0.34010416666666665 0.037037037037037035 0.027083333333333334
0 0.6643518518518519 0.40911458333333334 0.04351851851851852 0.028645833333333332
0 0.6527777777777778 0.365625 0.0462962962962963 0.029166666666666667
0 0.625925925925926 0.3859375 0.03518518518518519 0.021875
0 0.5824074074074075 0.4145833333333333 0.040740740740740744 0.028125
0 0.437962962962963 0.6846354166666666 0.03888888888888889 0.01614583333333333
0 0.3287037037037037 0.31666666666666665 0.02777777777777778 0.020833333333333332
0 0.3287037037037037 0.40208333333333335 0.03888888888888889 0.025
0 0.23611111111111113 0.36692708333333335 0.03888888888888889 0.024479166666666666
0 0.19583333333333333 0.3419270833333333 0.05277777777777778 0.030729166666666665
0 0.26157407407407407 0.33359375 0.049074074074074076 0.0296875
0 0.2949074074074074 0.31614583333333335 0.03425925925925926 0.021875
0 0.2625 0.15729166666666666 0.0638888888888889 0.04479166666666667
0 0.3175925925925926 0.12552083333333333 0.053703703703703705 0.026041666666666668
0 0.0625 0.0140625 0.05648148148148149 0.026041666666666668
0 0.07546296296296297 0.04453125 0.05648148148148149 0.03697916666666667
0 0.17500000000000002 0.03697916666666667 0.05740740740740741 0.04375
0 0.23101851851851854 0.036458333333333336 0.05462962962962963 0.04375
0 0.8064814814814815 0.23567708333333334 0.05555555555555556 0.0328125
0 0.7726851851851853 0.2328125 0.030555555555555558 0.030208333333333334
0 0.7939814814814815 0.16770833333333332 0.05092592592592593 0.03333333333333333
0 0.7069444444444445 0.21276041666666667 0.030555555555555558 0.028645833333333332
0 0.6787037037037037 0.21328125 0.037037037037037035 0.0296875
0 0.638425925925926 0.209375 0.03981481481481482 0.020833333333333332
0 0.700462962962963 0.13723958333333333 0.04166666666666667 0.030729166666666665
0 0.6648148148148149 0.13776041666666666 0.02962962962962963 0.028645833333333332
0 0.7226851851851852 0.19557291666666665 0.04351851851851852 0.030729166666666665
0 0.750462962962963 0.0921875 0.05462962962962963 0.04479166666666667
0 0.6194444444444445 0.146875 0.03518518518518519 0.02395833333333333
0 0.9421296296296297 0.6013020833333333 0.04537037037037037 0.0265625
0 0.7787037037037038 0.41770833333333335 0.014814814814814815 0.014583333333333334
0 0.9819444444444445 0.79453125 0.036111111111111115 0.030729166666666665
0 0.9356481481481482 0.7330729166666666 0.04166666666666667 0.018229166666666668
