0 0.6675925925925926 0.9833333333333333 0.05555555555555556 0.03333333333333333
0 0.8569444444444445 0.8940104166666667 0.04166666666666667 0.030729166666666665
0 0.8643518518518519 0.8302083333333333 0.03981481481481482 0.021875
0 0.9791666666666667 0.7736979166666667 0.04166666666666667 0.033854166666666664
0 0.9430555555555556 0.7208333333333333 0.058333333333333334 0.03125
0 0.8222222222222223 0.71796875 0.04259259259259259 0.0265625
0 0.7912037037037037 0.6841145833333333 0.06574074074074074 0.04010416666666666
0 0.8731481481481482 0.6885416666666666 0.024074074074074074 0.022916666666666665
0 0.8541666666666667 0.5822916666666667 0.04351851851851852 0.029166666666666667
0 0.9467592592592593 0.5375 0.06574074074074074 0.030208333333333334
0 0.8430555555555556 0.5166666666666666 0.04722222222222222 0.026041666666666668
0 0.9615740740740741 0.46510416666666665 0.03796296296296296 0.020833333333333332
0 0.9569444444444445 0.4158854166666667 0.030555555555555558 0.022395833333333334
0 0.7652777777777778 0.5671875 0.03425925925925926 0.022916666666666665
0 0.7564814814814815 0.5432291666666667 0.040740740740740744 0.022916666666666665
0 0.7518518518518519 0.46380208333333334 0.053703703703703705 0.027604166666666666
0 0.6675925925925926 0.49505208333333334 0.05185185185185186 0.0296875
0 0.6245370370370371 0.5111979166666667 0.04166666666666667 0.018229166666666668
0 0.638888888888889 0.4705729166666667 0.053703703703703705 0.030729166666666665
0 0.7074074074074075 0.5950520833333334 0.031481481481481485 0.025520833333333333
0 0.5902777777777778 0.6473958333333333 0.04537037037037037 0.027083333333333334
0 0.5291666666666667 0.71171875 0.036111111111111115 0.0234375
0 0.43194444444444446 0.7739583333333333 0.028703703703703703 0.017708333333333333
0 0.38703703703703707 0.7302083333333333 0.03888888888888889 0.026041666666666668
0 0.3351851851851852 0.7682291666666666 0.03333333333333333 0.021875
0 0.38101851851851853 0.6807291666666666 0.032407407407407406 0.020833333333333332
0 0.4351851851851852 0.6729166666666666 0.024074074074074074 0.013541666666666667
0 0.4416666666666667 0.6567708333333333 0.044444444444444446 0.025
0 0.19305555555555556 0.78671875 0.058333333333333334 0.03802083333333333
0 0.16574074074074074 0.6481770833333333 0.040740740740740744 0.021354166666666667
0 0.2064814814814815 0.6447916666666667 0.03888888888888889 0.03125
0 0.27314814814814814 0.625 0.02962962962962963 0.022916666666666665
0 0.3597222222222222 0.5578125 0.030555555555555558 0.025
0 0.34074074074074073 0.5776041666666667 0.02777777777777778 0.016666666666666666
0 0.3125 0.5630208333333333 0.049074074074074076 0.019791666666666666
0 0.16342592592592592 0.5075520833333333 0.04166666666666667 0.0203125
0 0.19907407407407407 0.47291666666666665 0.03518518518518519 0.01875
0 0.22870370370370371 0.4622395833333333 0.03888888888888889 0.021354166666666667
0 0.1875 0.378125 0.04537037037037037 0.025
0 0.20972222222222223 0.33125 0.04722222222222222 0.027083333333333334
0 0.25324074074074077 0.3716145833333333 0.021296296296296296 0.0234375
0 0.2972222222222222 0.34010416666666665 0.037037037037037035 0.027083333333333334
0 0.3375 0.40911458333333334 0.04351851851851852 0.028645833333333332
0 0.3490740740740741 0.365625 0.0462962962962963 0.029166666666666667
0 0.37592592592592594 0.3859375 0.03518518518518519 0.021875
0 0.41944444444444445 0.4145833333333333 0.040740740740740744 0.028125
0 0.5638888888888889 0.6846354166666666 0.03888888888888889 0.01614583333333333
0 0.6731481481481482 0.31666666666666665 0.02777777777777778 0.020833333333333332
0 0.6731481481481482 0.40208333333333335 0.03888888888888889 0.025
0 0.7657407407407407 0.36692708333333335 0.03888888888888889 0.024479166666666666
0 0.8060185185185186 0.3419270833333333 0.05277777777777778 0.030729166666666665
0 0.7402777777777778 0.33359375 0.049074074074074076 0.0296875
0 0.7069444444444445 0.31614583333333335 0.03425925925925926 0.021875
0 0.7393518518518519 0.15729166666666666 0.0638888888888889 0.04479166666666667
0 0.6842592592592592 0.12552083333333333 0.053703703703703705 0.026041666666666668
0 0.9393518518518519 0.0140625 0.05648148148148149 0.026041666666666668
0 0.9263888888888889 0.04453125 0.05648148148148149 0.03697916666666667
0 0.8268518518518518 0.03697916666666667 0.05740740740740741 0.04375
0 0.7708333333333334 0.036458333333333336 0.05462962962962963 0.04375
0 0.1953703703703704 0.23567708333333334 0.05555555555555556 0.0328125
0 0.22916666666666669 0.2328125 0.030555555555555558 0.030208333333333334
0 0.20787037037037037 0.16770833333333332 0.05092592592592593 0.03333333333333333
0 0.2949074074074074 0.21276041666666667 0.030555555555555558 0.028645833333333332
0 0.3231481481481482 0.21328125 0.037037037037037035 0.0296875
0 0.36342592592592593 0.209375 0.03981481481481482 0.020833333333333332
0 0.3013888888888889 0.13723958333333333 0.04166666666666667 0.030729166666666665
0 0.337037037037037 0.13776041666666666 0.02962962962962963 0.028645833333333332
0 0.2791666666666667 0.19557291666666665 0.04351851851851852 0.030729166666666665
0 0.2513888888888889 0.0921875 0.05462962962962963 0.04479166666666667
0 0.3824074074074074 0.146875 0.03518518518518519 0.02395833333333333
0 0.059722222222222225 0.6013020833333333 0.04537037037037037 0.0265625
0 0.22314814814814815 0.41770833333333335 0.014814814814814815 0.014583333333333334
0 0.01990740740740741 0.79453125 0.036111111111111115 0.030729166666666665
0 0.06620370370370371 0.7330729166666666 0.04166666666666667 0.018229166666666668
