0 0.3236111111111111 0.9833333333333333 0.05648148148148149 0.03333333333333333
0 0.13333333333333333 0.8940104166666667 0.040740740740740744 0.030729166666666665
0 0.12638888888888888 0.83046875 0.03981481481481482 0.021354166666666667
0 0.01712962962962963 0.7734375 0.032407407407407406 0.03229166666666666
0 0.049074074074074076 0.7213541666666666 0.05925925925925926 0.03125
0 0.16990740740740742 0.7182291666666667 0.04166666666666667 0.026041666666666668
0 0.19722222222222224 0.6846354166666666 0.06666666666666667 0.04114583333333333
0 0.13518518518518519 0.58203125 0.040740740740740744 0.028645833333333332
0 0.04490740740740741 0.5375 0.0638888888888889 0.030208333333333334
0 0.14675925925925926 0.5171875 0.04537037037037037 0.026041666666666668
0 0.031481481481481485 0.4653645833333333 0.037037037037037035 0.021354166666666667
0 0.03564814814814815 0.41640625 0.030555555555555558 0.022395833333333334
0 0.22731481481481483 0.5671875 0.03425925925925926 0.022916666666666665
0 0.23472222222222222 0.5432291666666667 0.04166666666666667 0.022916666666666665
0 0.2388888888888889 0.4640625 0.05185185185185186 0.027083333333333334
0 0.3226851851851852 0.4947916666666667 0.05092592592592593 0.029166666666666667
0 0.3662037037037037 0.5104166666666666 0.04351851851851852 0.019791666666666666
0 0.35000000000000003 0.47031249999999997 0.05 0.03125
0 0.2837962962962963 0.5950520833333334 0.030555555555555558 0.0265625
0 0.4027777777777778 0.64765625 0.0462962962962963 0.0265625
0 0.46435185185185185 0.7119791666666666 0.03425925925925926 0.025
0 0.5615740740740741 0.77421875 0.028703703703703703 0.0171875
0 0.6064814814814815 0.73046875 0.03888888888888889 0.025520833333333333
0 0.6583333333333333 0.7684895833333333 0.03333333333333333 0.021354166666666667
0 0.6125 0.68046875 0.032407407407407406 0.0203125
0 0.5587962962962963 0.6729166666666666 0.02314814814814815 0.013541666666666667
0 0.5523148148148148 0.6567708333333333 0.04351851851851852 0.025
0 0.7972222222222223 0.7875 0.05740740740740741 0.03854166666666667
0 0.8250000000000001 0.6486979166666667 0.040740740740740744 0.021354166666666667
0 0.7837962962962963 0.6447916666666667 0.03981481481481482 0.03125
0 0.7175925925925927 0.6252604166666667 0.02962962962962963 0.022395833333333334
0 0.6328703703703704 0.5578125 0.028703703703703703 0.025
0 0.6537037037037037 0.57734375 0.02592592592592593 0.01614583333333333
0 0.6796296296296297 0.5630208333333333 0.04814814814814815 0.019791666666666666
0 0.8291666666666667 0.5080729166666667 0.03981481481481482 0.0203125
0 0.7962962962962963 0.4734375 0.03333333333333333 0.01875
0 0.7648148148148148 0.46249999999999997 0.040740740740740744 0.020833333333333332
0 0.8055555555555556 0.378125 0.044444444444444446 0.02395833333333333
0 0.7824074074074074 0.3307291666666667 0.0462962962962963 0.027083333333333334
0 0.7393518518518519 0.37213541666666666 0.021296296296296296 0.021354166666666667
0 0.6953703703703704 0.34010416666666665 0.03888888888888889 0.027083333333333334
0 0.6560185185185186 0.409375 0.04351851851851852 0.028125
0 0.6435185185185185 0.3658854166666667 0.0462962962962963 0.0296875
0 0.6175925925925926 0.38619791666666664 0.03333333333333333 0.022395833333333334
0 0.5731481481481482 0.41484375 0.040740740740740744 0.027604166666666666
0 0.4291666666666667 0.68515625 0.03796296296296296 0.01614583333333333
0 0.3194444444444445 0.40182291666666664 0.03888888888888889 0.025520833333333333
0 0.22685185185185186 0.3671875 0.040740740740740744 0.02395833333333333
0 0.18564814814814815 0.3419270833333333 0.05277777777777778 0.030729166666666665
0 0.25277777777777777 0.3338541666666667 0.04814814814814815 0.028125
0 0.28425925925925927 0.31614583333333335 0.03518518518518519 0.020833333333333332
0 0.3194444444444445 0.3169270833333333 0.02777777777777778 0.021354166666666667
0 0.25092592592592594 0.15755208333333334 0.06481481481481481 0.0453125
0 0.3074074074074074 0.12578125 0.053703703703703705 0.0265625
0 0.051388888888888894 0.014322916666666666 0.05648148148148149 0.0265625
0 0.06435185185185185 0.04479166666666667 0.05648148148148149 0.036458333333333336
0 0.16296296296296298 0.03723958333333333 0.05740740740740741 0.044270833333333336
0 0.21805555555555556 0.03697916666666667 0.05462962962962963 0.04375
0 0.7972222222222223 0.23619791666666667 0.05555555555555556 0.0328125
0 0.763425925925926 0.2328125 0.030555555555555558 0.030208333333333334
0 0.7837962962962963 0.16770833333333332 0.05092592592592593 0.03333333333333333
0 0.6976851851851852 0.21276041666666667 0.030555555555555558 0.028645833333333332
0 0.6685185185185185 0.21328125 0.037037037037037035 0.0296875
0 0.6287037037037038 0.209375 0.03888888888888889 0.020833333333333332
0 0.6907407407407408 0.13776041666666666 0.040740740740740744 0.030729166666666665
0 0.6560185185185186 0.13802083333333334 0.028703703703703703 0.029166666666666667
0 0.7125 0.1953125 0.04351851851851852 0.03125
0 0.7402777777777778 0.0921875 0.05462962962962963 0.04375
0 0.6097222222222223 0.14713541666666666 0.03425925925925926 0.024479166666666666
0 0.9305555555555556 0.6015625 0.0462962962962963 0.026041666666666668
0 0.7708333333333334 0.41822916666666665 0.015740740740740743 0.015625
0 0.975462962962963 0.79453125 0.04722222222222222 0.0296875
0 0.9865740740740742 0.5640625 0.026851851851851852 0.025
0 0.9259259259259259 0.73359375 0.04259259259259259 0.018229166666666668
