0 0.30972222222222223 0.9838541666666667 0.05462962962962963 0.03229166666666666
0 0.12037037037037038 0.8947916666666667 0.040740740740740744 0.030208333333333334
0 0.11435185185185186 0.8312499999999999 0.03981481481481482 0.021875
0 0.03796296296296296 0.7213541666666666 0.05740740740740741 0.03125
0 0.15925925925925927 0.7192708333333333 0.04259259259259259 0.026041666666666668
0 0.18333333333333335 0.6848958333333334 0.06851851851851852 0.040625
0 0.12361111111111112 0.5825520833333333 0.03981481481481482 0.028645833333333332
0 0.033796296296296297 0.5377604166666666 0.0638888888888889 0.030729166666666665
0 0.13472222222222222 0.5171875 0.04537037037037037 0.026041666666666668
0 0.020370370370370372 0.4653645833333333 0.03518518518518519 0.021354166666666667
0 0.025 0.4166666666666667 0.031481481481481485 0.022916666666666665
0 0.2162037037037037 0.5682291666666667 0.036111111111111115 0.022916666666666665
0 0.2240740740740741 0.54453125 0.04259259259259259 0.022395833333333334
0 0.22870370370370371 0.4640625 0.05555555555555556 0.027083333333333334
0 0.3106481481481482 0.49505208333333334 0.05092592592592593 0.0296875
0 0.3541666666666667 0.5122395833333333 0.04166666666666667 0.0171875
0 0.33935185185185185 0.4708333333333333 0.05277777777777778 0.03125
0 0.27314814814814814 0.5950520833333334 0.031481481481481485 0.027604166666666666
0 0.3925925925925926 0.6481770833333333 0.0462962962962963 0.0265625
0 0.4537037037037037 0.7125 0.03518518518518519 0.025
0 0.5527777777777778 0.7744791666666666 0.02777777777777778 0.017708333333333333
0 0.5976851851851852 0.7307291666666667 0.03981481481481482 0.026041666666666668
0 0.650462962962963 0.7684895833333333 0.03425925925925926 0.021354166666666667
0 0.6041666666666667 0.6807291666666666 0.032407407407407406 0.020833333333333332
0 0.5504629629629629 0.6731770833333334 0.021296296296296296 0.0140625
0 0.5421296296296296 0.6572916666666666 0.04351851851851852 0.02395833333333333
0 0.7837962962962963 0.7875 0.058333333333333334 0.0375
0 0.812962962962963 0.6484375 0.040740740740740744 0.021875
0 0.7708333333333334 0.6447916666666667 0.03981481481481482 0.03229166666666666
0 0.7050925925925926 0.6255208333333333 0.030555555555555558 0.022916666666666665
0 0.6226851851851852 0.5578125 0.028703703703703703 0.02395833333333333
0 0.6439814814814815 0.5776041666666667 0.026851851851851852 0.015625
0 0.6680555555555556 0.5630208333333333 0.04722222222222222 0.019791666666666666
0 0.8185185185185185 0.5080729166666667 0.040740740740740744 0.0203125
0 0.788425925925926 0.47369791666666666 0.03425925925925926 0.019270833333333334
0 0.7541666666666667 0.4627604166666667 0.04722222222222222 0.0203125
0 0.7949074074074074 0.37838541666666664 0.04537037037037037 0.024479166666666666
0 0.7712962962962964 0.33125 0.0462962962962963 0.027083333333333334
0 0.7300925925925926 0.3723958333333333 0.021296296296296296 0.021875
0 0.6833333333333333 0.34010416666666665 0.044444444444444446 0.025
0 0.6449074074074075 0.40911458333333334 0.04351851851851852 0.028645833333333332
0 0.6328703703703704 0.3658854166666667 0.04537037037037037 0.0296875
0 0.6074074074074074 0.38619791666666664 0.03333333333333333 0.022395833333333334
0 0.562962962962963 0.41484375 0.040740740740740744 0.027604166666666666
0 0.4199074074074074 0.6856770833333333 0.03796296296296296 0.01614583333333333
0 0.3074074074074074 0.40234375 0.03888888888888889 0.025520833333333333
0 0.2175925925925926 0.3677083333333333 0.040740740740740744 0.02395833333333333
0 0.17500000000000002 0.3419270833333333 0.053703703703703705 0.030729166666666665
0 0.24305555555555555 0.3338541666666667 0.05092592592592593 0.029166666666666667
0 0.27314814814814814 0.3171875 0.03518518518518519 0.01875
0 0.3106481481481482 0.3169270833333333 0.026851851851851852 0.0203125
0 0.2388888888888889 0.15755208333333334 0.06481481481481481 0.044270833333333336
0 0.2949074074074074 0.12578125 0.05462962962962963 0.0265625
0 0.03935185185185185 0.014583333333333334 0.05648148148148149 0.027083333333333334
0 0.052314814814814814 0.0453125 0.05462962962962963 0.036458333333333336
0 0.15092592592592594 0.037760416666666664 0.05925925925925926 0.043229166666666666
0 0.20601851851851852 0.03697916666666667 0.05462962962962963 0.04375
0 0.7865740740740741 0.2359375 0.05462962962962963 0.03333333333333333
0 0.7532407407407408 0.23307291666666666 0.030555555555555558 0.0296875
0 0.7726851851851853 0.16796875 0.05092592592592593 0.0328125
0 0.6870370370370371 0.21328125 0.02962962962962963 0.028645833333333332
0 0.6583333333333333 0.21354166666666666 0.037037037037037035 0.030208333333333334
0 0.6175925925925926 0.20989583333333334 0.03888888888888889 0.020833333333333332
0 0.6805555555555556 0.13802083333333334 0.04259259259259259 0.030208333333333334
0 0.6453703703703704 0.13828125 0.02962962962962963 0.0296875
0 0.700462962962963 0.19557291666666665 0.04351851851851852 0.030729166666666665
0 0.7282407407407407 0.09270833333333334 0.05462962962962963 0.04375
0 0.5990740740740741 0.14817708333333332 0.040740740740740744 0.021354166666666667
0 0.9162037037037037 0.6013020833333333 0.04166666666666667 0.025520833333333333
0 0.7597222222222223 0.41796875 0.015740740740740743 0.015104166666666667
0 0.9643518518518519 0.7947916666666667 0.04722222222222222 0.030208333333333334
0 0.9824074074074074 0.56328125 0.03518518518518519 0.0265625
0 0.9152777777777779 0.7333333333333333 0.04537037037037037 0.01875
