0 0.29583333333333334 0.984375 0.05462962962962963 0.03125
0 0.10740740740740741 0.8958333333333334 0.040740740740740744 0.03125
0 0.10185185185185186 0.8315104166666667 0.03888888888888889 0.022395833333333334
0 0.028240740740740743 0.721875 0.05462962962962963 0.03125
0 0.1476851851851852 0.71953125 0.04166666666666667 0.025520833333333333
0 0.16898148148148148 0.6854166666666667 0.06944444444444445 0.040625
0 0.1125 0.5830729166666666 0.04166666666666667 0.027604166666666666
0 0.02962962962962963 0.5375 0.05740740740740741 0.03229166666666666
0 0.12222222222222223 0.5171875 0.0462962962962963 0.026041666666666668
0 0.01388888888888889 0.465625 0.02592592592592593 0.021875
0 0.20555555555555557 0.5682291666666667 0.037037037037037035 0.022916666666666665
0 0.21296296296296297 0.5447916666666667 0.044444444444444446 0.021875
0 0.21666666666666667 0.4635416666666667 0.05555555555555556 0.027083333333333334
0 0.2990740740740741 0.4947916666666667 0.05185185185185186 0.029166666666666667
0 0.34305555555555556 0.5127604166666666 0.04166666666666667 0.01614583333333333
0 0.3287037037037037 0.4705729166666667 0.05740740740740741 0.03177083333333333
0 0.26203703703703707 0.5950520833333334 0.03333333333333333 0.027604166666666666
0 0.38287037037037036 0.6481770833333333 0.04537037037037037 0.0265625
0 0.4425925925925926 0.7127604166666667 0.03518518518518519 0.025520833333333333
0 0.5439814814814815 0.7744791666666666 0.028703703703703703 0.01875
0 0.5875 0.7307291666666667 0.03981481481481482 0.026041666666666668
0 0.6416666666666667 0.7690104166666667 0.03333333333333333 0.022395833333333334
0 0.5953703703703704 0.68125 0.031481481481481485 0.020833333333333332
0 0.5416666666666667 0.6736979166666667 0.022222222222222223 0.0140625
0 0.5314814814814816 0.6575520833333334 0.04259259259259259 0.0234375
0 0.7712962962962964 0.7877604166666666 0.05740740740740741 0.03802083333333333
0 0.8 0.6486979166666667 0.040740740740740744 0.021354166666666667
0 0.7583333333333334 0.6447916666666667 0.040740740740740744 0.03229166666666666
0 0.6925925925925926 0.6260416666666666 0.02962962962962963 0.021875
0 0.6111111111111112 0.5578125 0.02777777777777778 0.02395833333333333
0 0.6342592592592593 0.578125 0.02777777777777778 0.016666666666666666
0 0.6578703703703704 0.5635416666666666 0.04722222222222222 0.019791666666666666
0 0.8087962962962963 0.5083333333333333 0.04166666666666667 0.020833333333333332
0 0.7796296296296297 0.47369791666666666 0.03333333333333333 0.019270833333333334
0 0.7458333333333333 0.4630208333333333 0.04537037037037037 0.020833333333333332
0 0.7851851851851852 0.37838541666666664 0.044444444444444446 0.024479166666666666
0 0.7601851851851852 0.33125 0.0462962962962963 0.026041666666666668
0 0.7203703703703704 0.3723958333333333 0.020370370370370372 0.021875
0 0.674537037037037 0.340625 0.04351851851851852 0.026041666666666668
0 0.6351851851851852 0.40963541666666664 0.044444444444444446 0.028645833333333332
0 0.6226851851851852 0.36614583333333334 0.04537037037037037 0.029166666666666667
0 0.5976851851851852 0.38645833333333335 0.03425925925925926 0.022916666666666665
0 0.5523148148148148 0.41432291666666665 0.03981481481481482 0.0265625
0 0.40925925925925927 0.6856770833333333 0.037037037037037035 0.01614583333333333
0 0.29583333333333334 0.40234375 0.03981481481481482 0.025520833333333333
0 0.20740740740740743 0.3671875 0.040740740740740744 0.02395833333333333
0 0.16342592592592592 0.3419270833333333 0.05462962962962963 0.030729166666666665
0 0.23240740740740742 0.3338541666666667 0.05 0.030208333333333334
0 0.2625 0.3169270833333333 0.030555555555555558 0.019270833333333334
0 0.300462962962963 0.3169270833333333 0.028703703703703703 0.021354166666666667
0 0.22546296296296298 0.15729166666666666 0.0638888888888889 0.04479166666666667
0 0.2833333333333333 0.12552083333333333 0.05555555555555556 0.026041666666666668
0 0.02777777777777778 0.015104166666666667 0.053703703703703705 0.028125
0 0.03981481481481482 0.04505208333333333 0.05555555555555556 0.0359375
0 0.13611111111111113 0.03802083333333333 0.05740740740740741 0.04375
0 0.19166666666666668 0.036458333333333336 0.05555555555555556 0.04375
0 0.775462962962963 0.23619791666666667 0.05462962962962963 0.0328125
0 0.7430555555555556 0.23333333333333334 0.030555555555555558 0.030208333333333334
0 0.3125 0.6234375 0.032407407407407406 0.028125
0 0.7625000000000001 0.16822916666666665 0.05092592592592593 0.03333333333333333
0 0.18796296296296297 0.42734374999999997 0.03333333333333333 0.0171875
0 0.6759259259259259 0.21302083333333333 0.031481481481481485 0.028125
0 0.6472222222222223 0.21380208333333334 0.037037037037037035 0.0296875
0 0.6074074074074074 0.20911458333333333 0.03888888888888889 0.021354166666666667
0 0.6689814814814815 0.13776041666666666 0.04166666666666667 0.0296875
0 0.6342592592592593 0.13828125 0.02962962962962963 0.0296875
0 0.6888888888888889 0.19583333333333333 0.044444444444444446 0.03125
0 0.7152777777777778 0.09296875 0.05462962962962963 0.044270833333333336
0 0.5921296296296297 0.14713541666666666 0.036111111111111115 0.0234375
0 0.9046296296296297 0.6010416666666667 0.040740740740740744 0.025
0 0.7518518518518519 0.41770833333333335 0.018518518518518517 0.015625
0 0.9532407407407407 0.7947916666666667 0.04722222222222222 0.030208333333333334
0 0.9782407407407407 0.56328125 0.04351851851851852 0.025520833333333333
0 0.9055555555555556 0.7333333333333333 0.044444444444444446 0.01875
