0 0.7444444444444445 0.9846354166666667 0.05555555555555556 0.0296875
0 0.9314814814814815 0.8958333333333334 0.040740740740740744 0.030208333333333334
0 0.9365740740740741 0.8328125 0.03981481481481482 0.022916666666666665
0 0.8893518518518518 0.7190104166666667 0.03425925925925926 0.024479166666666666
0 0.8768518518518519 0.6854166666666667 0.06851851851851852 0.040625
0 0.9166666666666667 0.5815104166666667 0.053703703703703705 0.03177083333333333
0 0.9175925925925926 0.5166666666666666 0.04259259259259259 0.026041666666666668
0 0.8287037037037037 0.56796875 0.040740740740740744 0.0234375
0 0.8240740740740741 0.54453125 0.04814814814814815 0.022395833333333334
0 0.8185185185185185 0.46328125 0.05555555555555556 0.027604166666666666
0 0.7375 0.49505208333333334 0.05277777777777778 0.0296875
0 0.6925925925925926 0.5125 0.04259259259259259 0.016666666666666666
0 0.7069444444444445 0.4705729166666667 0.058333333333333334 0.0328125
0 0.7726851851851853 0.5953125 0.03425925925925926 0.026041666666666668
0 0.6486111111111111 0.6479166666666667 0.04537037037037037 0.027083333333333334
0 0.5884259259259259 0.7119791666666666 0.032407407407407406 0.026041666666666668
0 0.4842592592592593 0.7747395833333334 0.02777777777777778 0.018229166666666668
0 0.4412037037037037 0.73125 0.04166666666666667 0.026041666666666668
0 0.3856481481481482 0.7697916666666667 0.03425925925925926 0.022916666666666665
0 0.4300925925925926 0.6815104166666667 0.030555555555555558 0.0203125
0 0.4847222222222222 0.6723958333333333 0.021296296296296296 0.016666666666666666
0 0.49953703703703706 0.6580729166666667 0.04166666666666667 0.0234375
0 0.2652777777777778 0.7880208333333333 0.05648148148148149 0.0375
0 0.2777777777777778 0.4393229166666667 0.024074074074074074 0.015104166666666667
0 0.23611111111111113 0.6486979166666667 0.03888888888888889 0.021354166666666667
0 0.27870370370370373 0.6450520833333333 0.044444444444444446 0.030729166666666665
0 0.34490740740740744 0.6260416666666666 0.03425925925925926 0.02395833333333333
0 0.4203703703703704 0.5580729166666667 0.02777777777777778 0.0234375
0 0.3861111111111111 0.57734375 0.03888888888888889 0.015104166666666667
0 0.37453703703703706 0.5635416666666666 0.04537037037037037 0.019791666666666666
0 0.22175925925925927 0.5083333333333333 0.03981481481481482 0.020833333333333332
0 0.2425925925925926 0.47421874999999997 0.037037037037037035 0.0203125
0 0.27175925925925926 0.46380208333333334 0.03796296296296296 0.0203125
0 0.24351851851851852 0.37890625 0.044444444444444446 0.024479166666666666
0 0.2712962962962963 0.33151041666666664 0.0462962962962963 0.0265625
0 0.3560185185185185 0.34088541666666666 0.03981481481481482 0.027604166666666666
0 0.39351851851851855 0.40963541666666664 0.044444444444444446 0.028645833333333332
0 0.40740740740740744 0.36640625 0.0462962962962963 0.0296875
0 0.43194444444444446 0.38645833333333335 0.03425925925925926 0.022916666666666665
0 0.47361111111111115 0.41380208333333335 0.04166666666666667 0.0265625
0 0.6208333333333333 0.6861979166666666 0.036111111111111115 0.01614583333333333
0 0.7375 0.40130208333333334 0.04166666666666667 0.0265625
0 0.8226851851851852 0.36614583333333334 0.03425925925925926 0.02395833333333333
0 0.8708333333333333 0.3411458333333333 0.05462962962962963 0.03125
0 0.7958333333333334 0.3328125 0.05277777777777778 0.03125
0 0.7537037037037038 0.31484375 0.040740740740740744 0.022395833333333334
0 0.8111111111111111 0.15625 0.06296296296296297 0.04479166666666667
0 0.8388888888888889 0.4278645833333333 0.037037037037037035 0.019270833333333334
0 0.750925925925926 0.12447916666666667 0.05555555555555556 0.026041666666666668
0 0.9837962962962963 0.04583333333333333 0.032407407407407406 0.036458333333333336
0 0.9027777777777778 0.03671875 0.05555555555555556 0.043229166666666666
0 0.8467592592592593 0.0359375 0.05648148148148149 0.042708333333333334
0 0.25462962962962965 0.23619791666666667 0.053703703703703705 0.0328125
0 0.28703703703703703 0.23333333333333334 0.02962962962962963 0.029166666666666667
0 0.27037037037037037 0.16822916666666665 0.05 0.03333333333333333
0 0.3560185185185185 0.21354166666666666 0.030555555555555558 0.028125
0 0.38333333333333336 0.2140625 0.037037037037037035 0.029166666666666667
0 0.4240740740740741 0.209375 0.03888888888888889 0.021875
0 0.34953703703703703 0.13671875 0.036111111111111115 0.028645833333333332
0 0.39583333333333337 0.13802083333333334 0.030555555555555558 0.029166666666666667
0 0.34351851851851856 0.19609375 0.044444444444444446 0.03177083333333333
0 0.31851851851851853 0.09270833333333334 0.053703703703703705 0.04375
0 0.4388888888888889 0.14713541666666666 0.031481481481481485 0.024479166666666666
0 0.725462962962963 0.6244791666666667 0.04166666666666667 0.029166666666666667
0 0.725462962962963 0.6244791666666667 0.04166666666666667 0.029166666666666667
0 0.13148148148148148 0.6015625 0.040740740740740744 0.025
0 0.27731481481481485 0.41875 0.019444444444444445 0.016666666666666666
0 0.08101851851851852 0.7950520833333333 0.04722222222222222 0.030729166666666665
0 0.02314814814814815 0.553125 0.04259259259259259 0.025
0 0.050462962962962966 0.565625 0.04537037037037037 0.022916666666666665
0 0.0125 0.6791666666666667 0.021296296296296296 0.016666666666666666
0 0.1277777777777778 0.7346354166666667 0.04814814814814815 0.021354166666666667
