0 0.7564814814814815 0.98515625 0.05740740740740741 0.028645833333333332
0 0.9444444444444445 0.8966145833333333 0.03888888888888889 0.0296875
0 0.9486111111111112 0.83359375 0.03981481481481482 0.022395833333333334
0 0.9013888888888889 0.71953125 0.03425925925925926 0.025520833333333333
0 0.8907407407407407 0.6859375 0.07222222222222223 0.040625
0 0.9291666666666667 0.5825520833333333 0.05277777777777778 0.030729166666666665
0 0.9287037037037037 0.5169270833333334 0.04259259259259259 0.025520833333333333
0 0.837962962962963 0.56796875 0.03888888888888889 0.022395833333333334
0 0.8351851851851853 0.5450520833333333 0.0462962962962963 0.022395833333333334
0 0.8305555555555556 0.46380208333333334 0.053703703703703705 0.027604166666666666
0 0.7495370370370371 0.4953125 0.05277777777777778 0.030208333333333334
0 0.7037037037037037 0.5125 0.04259259259259259 0.016666666666666666
0 0.7180555555555556 0.47161458333333334 0.058333333333333334 0.03177083333333333
0 0.7837962962962963 0.59609375 0.032407407407407406 0.025520833333333333
0 0.6578703703703704 0.6486979166666667 0.04537037037037037 0.027604166666666666
0 0.23981481481481481 0.6880208333333333 0.02592592592592593 0.01875
0 0.5976851851851852 0.7125 0.03425925925925926 0.026041666666666668
0 0.4930555555555556 0.7755208333333333 0.026851851851851852 0.017708333333333333
0 0.45 0.7315104166666666 0.04259259259259259 0.025520833333333333
0 0.39351851851851855 0.7703125 0.03518518518518519 0.022916666666666665
0 0.4388888888888889 0.6822916666666666 0.02962962962962963 0.019791666666666666
0 0.49259259259259264 0.6731770833333334 0.020370370370370372 0.01614583333333333
0 0.5083333333333333 0.65859375 0.040740740740740744 0.0234375
0 0.27685185185185185 0.7885416666666667 0.05555555555555556 0.0375
0 0.2490740740740741 0.6489583333333333 0.03888888888888889 0.020833333333333332
0 0.29120370370370374 0.6453125 0.04537037037037037 0.030208333333333334
0 0.3564814814814815 0.6265625 0.031481481481481485 0.02395833333333333
0 0.4300925925925926 0.55859375 0.026851851851851852 0.0234375
0 0.39583333333333337 0.5776041666666667 0.036111111111111115 0.014583333333333334
0 0.38472222222222224 0.5640625 0.04537037037037037 0.019791666666666666
0 0.23194444444444445 0.5096354166666667 0.03981481481481482 0.021354166666666667
0 0.250462962962963 0.475 0.036111111111111115 0.020833333333333332
0 0.2791666666666667 0.4640625 0.036111111111111115 0.020833333333333332
0 0.287962962962963 0.43984375 0.020370370370370372 0.018229166666666668
0 0.25324074074074077 0.3796875 0.04537037037037037 0.025
0 0.28240740740740744 0.33229166666666665 0.0462962962962963 0.027083333333333334
0 0.36388888888888893 0.3416666666666667 0.03888888888888889 0.028125
0 0.40370370370370373 0.40989583333333335 0.044444444444444446 0.029166666666666667
0 0.4175925925925926 0.36666666666666664 0.0462962962962963 0.029166666666666667
0 0.44212962962962965 0.3872395833333333 0.03425925925925926 0.022395833333333334
0 0.48379629629629634 0.41432291666666665 0.04166666666666667 0.0265625
0 0.6310185185185185 0.68671875 0.036111111111111115 0.015104166666666667
0 0.7472222222222222 0.4010416666666667 0.04259259259259259 0.027083333333333334
0 0.8347222222222223 0.36692708333333335 0.032407407407407406 0.022395833333333334
0 0.8819444444444445 0.3411458333333333 0.05462962962962963 0.03125
0 0.8055555555555556 0.3341145833333333 0.053703703703703705 0.0296875
0 0.7611111111111112 0.31484375 0.0462962962962963 0.021354166666666667
0 0.8462962962962963 0.4283854166666667 0.03888888888888889 0.018229166666666668
0 0.8236111111111112 0.15677083333333333 0.0638888888888889 0.04583333333333333
0 0.7625000000000001 0.125 0.058333333333333334 0.026041666666666668
0 0.9162037037037037 0.03802083333333333 0.05648148148148149 0.042708333333333334
0 0.8592592592592593 0.036458333333333336 0.05740740740740741 0.042708333333333334
0 0.26666666666666666 0.23671875 0.053703703703703705 0.0328125
0 0.29814814814814816 0.23385416666666667 0.02777777777777778 0.029166666666666667
0 0.28194444444444444 0.16901041666666666 0.05092592592592593 0.0328125
0 0.3666666666666667 0.21432291666666667 0.02962962962962963 0.027604166666666666
0 0.3944444444444445 0.21458333333333332 0.037037037037037035 0.029166666666666667
0 0.4342592592592593 0.21015625 0.03888888888888889 0.022395833333333334
0 0.3601851851851852 0.1375 0.031481481481481485 0.03229166666666666
0 0.40601851851851856 0.1390625 0.030555555555555558 0.029166666666666667
0 0.35555555555555557 0.19635416666666666 0.044444444444444446 0.03125
0 0.33055555555555555 0.09348958333333333 0.053703703703703705 0.044270833333333336
0 0.45046296296296295 0.14817708333333332 0.030555555555555558 0.024479166666666666
0 0.736574074074074 0.6263020833333334 0.04351851851851852 0.030729166666666665
0 0.736574074074074 0.6263020833333334 0.04351851851851852 0.030729166666666665
0 0.1439814814814815 0.6015625 0.03981481481481482 0.02395833333333333
0 0.28703703703703703 0.41875 0.020370370370370372 0.016666666666666666
0 0.09027777777777778 0.7958333333333333 0.04722222222222222 0.030208333333333334
0 0.01388888888888889 0.9041666666666667 0.024074074074074074 0.034375
0 0.014351851851851852 0.34270833333333334 0.025 0.025
0 0.030555555555555558 0.5536458333333333 0.044444444444444446 0.025
0 0.05925925925925926 0.56640625 0.044444444444444446 0.0203125
0 0.01898148148148148 0.6791666666666667 0.028703703703703703 0.015625
0 0.13472222222222222 0.73359375 0.04166666666666667 0.018229166666666668
