0 0.23194444444444445 0.98671875 0.05277777777777778 0.0265625
0 0.04537037037037037 0.8976562499999999 0.03888888888888889 0.030729166666666665
0 0.04166666666666667 0.834375 0.03888888888888889 0.021875
0 0.09027777777777778 0.7205729166666667 0.03425925925925926 0.025520833333333333
0 0.09953703703703703 0.6872395833333333 0.07685185185185185 0.04114583333333333
0 0.0625 0.5846354166666666 0.05277777777777778 0.0296875
0 0.061111111111111116 0.5177083333333333 0.044444444444444446 0.026041666666666668
0 0.1527777777777778 0.5690104166666666 0.03888888888888889 0.022395833333333334
0 0.1537037037037037 0.5458333333333333 0.05 0.021875
0 0.16018518518518518 0.46458333333333335 0.05555555555555556 0.028125
0 0.24027777777777778 0.49583333333333335 0.05277777777777778 0.030208333333333334
0 0.2865740740740741 0.5135416666666667 0.04351851851851852 0.016666666666666666
0 0.2712962962962963 0.47213541666666664 0.05925925925925926 0.0328125
0 0.2064814814814815 0.5966145833333333 0.031481481481481485 0.024479166666666666
0 0.33425925925925926 0.6494791666666666 0.0462962962962963 0.027083333333333334
0 0.39351851851851855 0.71328125 0.03518518518518519 0.0265625
0 0.5013888888888889 0.7763020833333333 0.026851851851851852 0.018229166666666668
0 0.5439814814814815 0.7322916666666667 0.04166666666666667 0.026041666666666668
0 0.637962962962963 0.62734375 0.02777777777777778 0.0234375
0 0.600925925925926 0.7705729166666666 0.03518518518518519 0.0234375
0 0.5550925925925926 0.6822916666666666 0.030555555555555558 0.020833333333333332
0 0.500925925925926 0.67421875 0.020370370370370372 0.01614583333333333
0 0.4828703703703704 0.6588541666666666 0.04166666666666667 0.022916666666666665
0 0.7138888888888889 0.7895833333333333 0.053703703703703705 0.0375
0 0.7513888888888889 0.6885416666666666 0.030555555555555558 0.01875
0 0.7412037037037037 0.64921875 0.03796296296296296 0.021354166666666667
0 0.6990740740740741 0.64609375 0.0462962962962963 0.030729166666666665
0 0.5611111111111111 0.5596354166666666 0.02777777777777778 0.022395833333333334
0 0.5958333333333333 0.5778645833333333 0.036111111111111115 0.015104166666666667
0 0.6060185185185185 0.5645833333333333 0.04537037037037037 0.019791666666666666
0 0.7597222222222223 0.5096354166666667 0.03981481481481482 0.0203125
0 0.7435185185185186 0.475 0.03518518518518519 0.020833333333333332
0 0.7148148148148148 0.46432291666666664 0.03518518518518519 0.0203125
0 0.7050925925925926 0.4401041666666667 0.021296296296296296 0.019791666666666666
0 0.7398148148148148 0.3802083333333333 0.044444444444444446 0.025
0 0.7092592592592593 0.3325520833333333 0.044444444444444446 0.0265625
0 0.6287037037037038 0.3424479166666667 0.040740740740740744 0.027604166666666666
0 0.587962962962963 0.41041666666666665 0.044444444444444446 0.029166666666666667
0 0.5745370370370371 0.3677083333333333 0.04722222222222222 0.029166666666666667
0 0.5504629629629629 0.38776041666666666 0.03425925925925926 0.022395833333333334
0 0.5083333333333333 0.41484375 0.040740740740740744 0.025520833333333333
0 0.36203703703703705 0.6877604166666667 0.03518518518518519 0.01614583333333333
0 0.2439814814814815 0.40260416666666665 0.03796296296296296 0.026041666666666668
0 0.1587962962962963 0.36744791666666665 0.030555555555555558 0.021354166666666667
0 0.10925925925925926 0.3419270833333333 0.05555555555555556 0.030729166666666665
0 0.19212962962962965 0.334375 0.04351851851851852 0.030208333333333334
0 0.23240740740740742 0.31536458333333334 0.0462962962962963 0.022395833333333334
0 0.15324074074074073 0.4109375 0.026851851851851852 0.017708333333333333
0 0.14583333333333334 0.42890625 0.036111111111111115 0.0203125
0 0.16620370370370371 0.15755208333333334 0.0638888888888889 0.0453125
0 0.22824074074074074 0.12578125 0.058333333333333334 0.025520833333333333
0 0.07268518518518519 0.0390625 0.05648148148148149 0.042708333333333334
0 0.12916666666666668 0.03828125 0.06018518518518519 0.0421875
0 0.7245370370370371 0.23802083333333332 0.05277777777777778 0.03333333333333333
0 0.6935185185185185 0.234375 0.02777777777777778 0.029166666666666667
0 0.7083333333333334 0.16979166666666667 0.05 0.03333333333333333
0 0.625 0.21510416666666665 0.031481481481481485 0.028125
0 0.5962962962962963 0.21562499999999998 0.037037037037037035 0.029166666666666667
0 0.5564814814814815 0.2109375 0.03888888888888889 0.021875
0 0.6305555555555555 0.1390625 0.031481481481481485 0.03229166666666666
0 0.5842592592592593 0.13984375 0.031481481481481485 0.028645833333333332
0 0.6347222222222223 0.19739583333333333 0.04537037037037037 0.030208333333333334
0 0.6592592592592593 0.09479166666666666 0.053703703703703705 0.04375
0 0.5402777777777777 0.14973958333333334 0.030555555555555558 0.0234375
0 0.2550925925925926 0.6276041666666666 0.04351851851851852 0.028125
0 0.25601851851851853 0.6333333333333333 0.04722222222222222 0.042708333333333334
0 0.8458333333333333 0.60234375 0.03981481481481482 0.0234375
0 0.7055555555555556 0.4200520833333333 0.020370370370370372 0.0171875
0 0.900462962962963 0.7966145833333333 0.04722222222222222 0.030729166666666665
0 0.9824074074074074 0.9054687499999999 0.03518518518518519 0.034895833333333334
0 0.9837962962962963 0.34322916666666664 0.032407407407407406 0.025
0 0.9611111111111111 0.55390625 0.044444444444444446 0.025520833333333333
0 0.9333333333333333 0.5677083333333334 0.04259259259259259 0.019791666666666666
0 0.9893518518518519 0.6536458333333334 0.021296296296296296 0.020833333333333332
0 0.9736111111111111 0.6794270833333333 0.030555555555555558 0.01614583333333333
0 0.8574074074074074 0.7346354166666667 0.04259259259259259 0.0171875
