0 0.7898148148148149 0.9877604166666667 0.06481481481481481 0.024479166666666666
0 0.9810185185185185 0.8994791666666666 0.036111111111111115 0.030208333333333334
0 0.9824074074074074 0.8361979166666667 0.03518518518518519 0.0234375
0 0.9365740740740741 0.72265625 0.03796296296296296 0.022395833333333334
0 0.9361111111111111 0.68828125 0.07222222222222223 0.04114583333333333
0 0.9615740740740741 0.5859375 0.05462962962962963 0.030208333333333334
0 0.9657407407407408 0.5184895833333333 0.044444444444444446 0.025520833333333333
0 0.8699074074074075 0.5703125 0.03796296296296296 0.022916666666666665
0 0.8634259259259259 0.465625 0.05648148148148149 0.028125
0 0.7856481481481482 0.49713541666666666 0.05277777777777778 0.0296875
0 0.7393518518518519 0.5145833333333333 0.04537037037037037 0.016666666666666666
0 0.7537037037037038 0.47291666666666665 0.05925925925925926 0.03229166666666666
0 0.8194444444444445 0.596875 0.02962962962962963 0.02395833333333333
0 0.6870370370370371 0.6505208333333333 0.0462962962962963 0.027083333333333334
0 0.6287037037037038 0.7143229166666667 0.03518518518518519 0.0265625
0 0.5189814814814815 0.7770833333333333 0.026851851851851852 0.01875
0 0.4777777777777778 0.7333333333333333 0.04259259259259259 0.026041666666666668
0 0.4199074074074074 0.771875 0.03425925925925926 0.022916666666666665
0 0.4638888888888889 0.6833333333333333 0.02962962962962963 0.020833333333333332
0 0.5166666666666667 0.6744791666666666 0.022222222222222223 0.016666666666666666
0 0.5398148148148149 0.6598958333333333 0.03888888888888889 0.022916666666666665
0 0.3138888888888889 0.7903645833333334 0.053703703703703705 0.03802083333333333
0 0.27361111111111114 0.68984375 0.03425925925925926 0.0203125
0 0.2851851851851852 0.6505208333333333 0.03888888888888889 0.020833333333333332
0 0.32685185185185184 0.646875 0.04814814814814815 0.030208333333333334
0 0.38796296296296295 0.6278645833333333 0.02592592592592593 0.022395833333333334
0 0.4620370370370371 0.56015625 0.02592592592592593 0.022395833333333334
0 0.4240740740740741 0.57890625 0.03333333333333333 0.015104166666666667
0 0.41712962962962963 0.5653645833333333 0.04351851851851852 0.019270833333333334
0 0.26203703703703707 0.5098958333333333 0.03888888888888889 0.020833333333333332
0 0.27685185185185185 0.47578125 0.02777777777777778 0.0171875
0 0.30185185185185187 0.465625 0.03518518518518519 0.020833333333333332
0 0.3138888888888889 0.44036458333333334 0.024074074074074074 0.018229166666666668
0 0.28194444444444444 0.3809895833333333 0.04537037037037037 0.024479166666666666
0 0.3138888888888889 0.3346354166666667 0.044444444444444446 0.0265625
0 0.3925925925925926 0.34296875 0.03888888888888889 0.027604166666666666
0 0.4337962962962963 0.4114583333333333 0.04537037037037037 0.029166666666666667
0 0.44722222222222224 0.3684895833333333 0.0462962962962963 0.028645833333333332
0 0.4703703703703704 0.3890625 0.03333333333333333 0.022916666666666665
0 0.5143518518518518 0.41640625 0.03981481481481482 0.0265625
0 0.6606481481481482 0.6890625 0.030555555555555558 0.015625
0 0.7810185185185186 0.40234375 0.04166666666666667 0.027604166666666666
0 0.862962962962963 0.3697916666666667 0.02962962962962963 0.017708333333333333
0 0.9148148148148149 0.34322916666666664 0.05555555555555556 0.03125
0 0.8300925925925926 0.3338541666666667 0.05092592592592593 0.02395833333333333
0 0.7949074074074074 0.31640625 0.030555555555555558 0.022395833333333334
0 0.8587962962962963 0.15911458333333334 0.0638888888888889 0.044270833333333336
0 0.7962962962962963 0.12760416666666666 0.05740740740740741 0.026041666666666668
0 0.9532407407407407 0.04114583333333333 0.058333333333333334 0.042708333333333334
0 0.8972222222222223 0.04010416666666666 0.05740740740740741 0.042708333333333334
0 0.2976851851851852 0.23958333333333334 0.05277777777777778 0.03229166666666666
0 0.3287037037037037 0.23645833333333333 0.02777777777777778 0.029166666666666667
0 0.3143518518518519 0.17161458333333332 0.049074074074074076 0.0328125
0 0.3976851851851852 0.21692708333333333 0.030555555555555558 0.027604166666666666
0 0.42592592592592593 0.21692708333333333 0.037037037037037035 0.0296875
0 0.46574074074074073 0.2125 0.03888888888888889 0.021875
0 0.39351851851851855 0.14114583333333333 0.03333333333333333 0.03125
0 0.4375 0.14166666666666666 0.030555555555555558 0.029166666666666667
0 0.3893518518518519 0.19895833333333332 0.04537037037037037 0.030208333333333334
0 0.3652777777777778 0.096875 0.05277777777777778 0.04375
0 0.48240740740740745 0.15104166666666666 0.02962962962962963 0.02395833333333333
0 0.8689814814814815 0.41171874999999997 0.030555555555555558 0.018229166666666668
0 0.875462962962963 0.42864583333333334 0.04166666666666667 0.019791666666666666
0 0.7703703703703704 0.6286458333333333 0.044444444444444446 0.027083333333333334
0 0.1814814814814815 0.603125 0.040740740740740744 0.02395833333333333
0 0.31574074074074077 0.42109375 0.022222222222222223 0.0171875
0 0.12407407407407407 0.7971354166666667 0.0462962962962963 0.030729166666666665
0 0.033796296296296297 0.9067708333333333 0.05277777777777778 0.034375
0 0.032407407407407406 0.34453125 0.040740740740740744 0.024479166666666666
0 0.06157407407407408 0.5546875 0.04537037037037037 0.025
0 0.08842592592592594 0.5684895833333333 0.04351851851851852 0.019270833333333334
0 0.028240740740740743 0.6552083333333333 0.028703703703703703 0.019791666666666666
0 0.05 0.68046875 0.031481481481481485 0.01614583333333333
0 0.16712962962962963 0.7427083333333333 0.03981481481481482 0.03125
