0 0.8032407407407408 0.9864583333333333 0.0638888888888889 0.026041666666666668
0 0.9888888888888889 0.8377604166666667 0.022222222222222223 0.024479166666666666
0 0.9430555555555556 0.7236979166666666 0.03796296296296296 0.022395833333333334
0 0.9518518518518518 0.6885416666666666 0.07222222222222223 0.041666666666666664
0 0.9722222222222222 0.5859375 0.053703703703703705 0.03125
0 0.9768518518518519 0.51875 0.044444444444444446 0.026041666666666668
0 0.8828703703703704 0.5697916666666667 0.04166666666666667 0.022916666666666665
0 0.875 0.465625 0.05740740740740741 0.028125
0 0.7976851851851852 0.4973958333333333 0.05277777777777778 0.030208333333333334
0 0.7513888888888889 0.5143229166666666 0.04537037037037037 0.0171875
0 0.7666666666666667 0.47265625 0.05925925925925926 0.03177083333333333
0 0.8324074074074075 0.5971354166666667 0.02777777777777778 0.0234375
0 0.6995370370370371 0.6510416666666666 0.04722222222222222 0.027083333333333334
0 0.6398148148148148 0.7143229166666667 0.03518518518518519 0.0265625
0 0.5282407407407408 0.77734375 0.026851851851851852 0.018229166666666668
0 0.48750000000000004 0.7333333333333333 0.04351851851851852 0.026041666666666668
0 0.4287037037037037 0.7723958333333333 0.03518518518518519 0.022916666666666665
0 0.4726851851851852 0.6833333333333333 0.030555555555555558 0.019791666666666666
0 0.5189814814814815 0.6747395833333333 0.036111111111111115 0.0171875
0 0.549537037037037 0.66015625 0.03981481481481482 0.022395833333333334
0 0.32685185185185184 0.7901041666666666 0.053703703703703705 0.03854166666666667
0 0.2837962962962963 0.6890625 0.03425925925925926 0.01875
0 0.2976851851851852 0.6502604166666667 0.03796296296296296 0.021354166666666667
0 0.33981481481481485 0.646875 0.04814814814814815 0.030208333333333334
0 0.40092592592592596 0.6278645833333333 0.024074074074074074 0.022395833333333334
0 0.47175925925925927 0.56015625 0.025 0.022395833333333334
0 0.4337962962962963 0.57890625 0.032407407407407406 0.0140625
0 0.4277777777777778 0.5653645833333333 0.044444444444444446 0.019270833333333334
0 0.27222222222222225 0.5106770833333333 0.03888888888888889 0.0203125
0 0.28564814814814815 0.47552083333333334 0.026851851851851852 0.017708333333333333
0 0.3101851851851852 0.465625 0.03518518518518519 0.020833333333333332
0 0.32407407407407407 0.440625 0.02777777777777778 0.01875
0 0.29074074074074074 0.3815104166666667 0.044444444444444446 0.024479166666666666
0 0.325 0.334375 0.044444444444444446 0.027083333333333334
0 0.40370370370370373 0.3421875 0.040740740740740744 0.028125
0 0.44351851851851853 0.4119791666666667 0.044444444444444446 0.029166666666666667
0 0.4569444444444445 0.36875 0.04722222222222222 0.029166666666666667
0 0.4810185185185185 0.3888020833333333 0.03425925925925926 0.022395833333333334
0 0.5240740740740741 0.41562499999999997 0.03888888888888889 0.025
0 0.6708333333333334 0.6890625 0.030555555555555558 0.015625
0 0.7916666666666667 0.4028645833333333 0.04259259259259259 0.027604166666666666
0 0.8717592592592593 0.37057291666666664 0.030555555555555558 0.01614583333333333
0 0.925462962962963 0.34270833333333334 0.05648148148148149 0.03125
0 0.8412037037037038 0.33359375 0.05092592592592593 0.0234375
0 0.8046296296296297 0.31640625 0.02962962962962963 0.021354166666666667
0 0.8712962962962963 0.15911458333333334 0.06481481481481481 0.044270833333333336
0 0.8069444444444445 0.12786458333333334 0.058333333333333334 0.0265625
0 0.9657407407407408 0.04140625 0.05555555555555556 0.0421875
0 0.9101851851851852 0.040364583333333336 0.05925925925925926 0.0421875
0 0.30833333333333335 0.23984375 0.05185185185185186 0.0328125
0 0.33842592592592596 0.23671875 0.026851851851851852 0.028645833333333332
0 0.32546296296296295 0.17239583333333333 0.049074074074074076 0.03333333333333333
0 0.40740740740740744 0.21692708333333333 0.031481481481481485 0.027604166666666666
0 0.4361111111111111 0.21666666666666667 0.037037037037037035 0.029166666666666667
0 0.4759259259259259 0.21223958333333334 0.03888888888888889 0.022395833333333334
0 0.4027777777777778 0.1421875 0.03518518518518519 0.030208333333333334
0 0.4486111111111111 0.14114583333333333 0.030555555555555558 0.028125
0 0.4 0.19895833333333332 0.044444444444444446 0.030208333333333334
0 0.3768518518518519 0.096875 0.053703703703703705 0.04375
0 0.49212962962962964 0.15104166666666666 0.026851851851851852 0.02395833333333333
0 0.8787037037037038 0.4114583333333333 0.031481481481481485 0.01875
0 0.8824074074074074 0.4278645833333333 0.04259259259259259 0.0203125
0 0.7819444444444444 0.6291666666666667 0.04537037037037037 0.027083333333333334
0 0.19398148148148148 0.6028645833333334 0.036111111111111115 0.027604166666666666
0 0.325 0.42083333333333334 0.022222222222222223 0.016666666666666666
0 0.13611111111111113 0.796875 0.0462962962962963 0.03125
0 0.0462962962962963 0.90703125 0.05185185185185186 0.034895833333333334
0 0.014814814814814815 0.6536458333333334 0.02592592592592593 0.02395833333333333
0 0.03981481481481482 0.3450520833333333 0.040740740740740744 0.024479166666666666
0 0.07222222222222223 0.5549479166666667 0.044444444444444446 0.025520833333333333
0 0.0976851851851852 0.5684895833333333 0.04351851851851852 0.019270833333333334
0 0.03888888888888889 0.6552083333333333 0.02962962962962963 0.019791666666666666
0 0.06064814814814815 0.6809895833333334 0.032407407407407406 0.01614583333333333
0 0.012962962962962964 0.6747395833333333 0.022222222222222223 0.0234375
0 0.1824074074074074 0.7361979166666667 0.03888888888888889 0.019270833333333334
