0 0.19861111111111113 0.9864583333333333 0.0638888888888889 0.026041666666666668
0 0.0125 0.8375 0.02314814814814815 0.02395833333333333
0 0.0587962962962963 0.7236979166666666 0.03796296296296296 0.022395833333333334
0 0.05 0.6885416666666666 0.07222222222222223 0.041666666666666664
0 0.02962962962962963 0.5859375 0.053703703703703705 0.03125
0 0.025 0.51875 0.044444444444444446 0.026041666666666668
0 0.11898148148148148 0.5697916666666667 0.04166666666666667 0.022916666666666665
0 0.12685185185185185 0.465625 0.05740740740740741 0.028125
0 0.20416666666666666 0.4973958333333333 0.05277777777777778 0.030208333333333334
0 0.250462962962963 0.5143229166666666 0.04537037037037037 0.0171875
0 0.2351851851851852 0.47265625 0.05925925925925926 0.03177083333333333
0 0.16944444444444445 0.5971354166666667 0.02777777777777778 0.0234375
0 0.3023148148148148 0.6510416666666666 0.04722222222222222 0.027083333333333334
0 0.36203703703703705 0.7143229166666667 0.03518518518518519 0.0265625
0 0.47361111111111115 0.77734375 0.026851851851851852 0.018229166666666668
0 0.5143518518518518 0.7333333333333333 0.04351851851851852 0.026041666666666668
0 0.5731481481481482 0.7723958333333333 0.03518518518518519 0.022916666666666665
0 0.5291666666666667 0.6833333333333333 0.030555555555555558 0.019791666666666666
0 0.4828703703703704 0.6747395833333333 0.036111111111111115 0.0171875
0 0.45231481481481484 0.66015625 0.03981481481481482 0.022395833333333334
0 0.675 0.7901041666666666 0.053703703703703705 0.03854166666666667
0 0.7180555555555556 0.6890625 0.03425925925925926 0.01875
0 0.7041666666666667 0.6502604166666667 0.03796296296296296 0.021354166666666667
0 0.6620370370370371 0.646875 0.04814814814814815 0.030208333333333334
0 0.600925925925926 0.6278645833333333 0.024074074074074074 0.022395833333333334
0 0.5300925925925926 0.56015625 0.025 0.022395833333333334
0 0.5680555555555555 0.57890625 0.032407407407407406 0.0140625
0 0.5740740740740741 0.5653645833333333 0.044444444444444446 0.019270833333333334
0 0.7296296296296296 0.5106770833333333 0.03888888888888889 0.0203125
0 0.7162037037037037 0.47552083333333334 0.026851851851851852 0.017708333333333333
0 0.6916666666666667 0.465625 0.03518518518518519 0.020833333333333332
0 0.6777777777777778 0.440625 0.02777777777777778 0.01875
0 0.7111111111111111 0.3815104166666667 0.044444444444444446 0.024479166666666666
0 0.6768518518518519 0.334375 0.044444444444444446 0.027083333333333334
0 0.5981481481481482 0.3421875 0.040740740740740744 0.028125
0 0.5583333333333333 0.4119791666666667 0.044444444444444446 0.029166666666666667
0 0.5449074074074074 0.36875 0.04722222222222222 0.029166666666666667
0 0.5208333333333334 0.3888020833333333 0.03425925925925926 0.022395833333333334
0 0.4777777777777778 0.41562499999999997 0.03888888888888889 0.025
0 0.33101851851851855 0.6890625 0.030555555555555558 0.015625
0 0.2101851851851852 0.4028645833333333 0.04259259259259259 0.027604166666666666
0 0.1300925925925926 0.37057291666666664 0.030555555555555558 0.01614583333333333
0 0.0763888888888889 0.34270833333333334 0.05648148148148149 0.03125
0 0.16064814814814815 0.33359375 0.05092592592592593 0.0234375
0 0.19722222222222224 0.31640625 0.02962962962962963 0.021354166666666667
0 0.13055555555555556 0.15911458333333334 0.06481481481481481 0.044270833333333336
0 0.19490740740740742 0.12786458333333334 0.058333333333333334 0.0265625
0 0.036111111111111115 0.04140625 0.05555555555555556 0.0421875
0 0.09166666666666667 0.040364583333333336 0.05925925925925926 0.0421875
0 0.6935185185185185 0.23984375 0.05185185185185186 0.0328125
0 0.663425925925926 0.23671875 0.026851851851851852 0.028645833333333332
0 0.6763888888888889 0.17239583333333333 0.049074074074074076 0.03333333333333333
0 0.5944444444444444 0.21692708333333333 0.031481481481481485 0.027604166666666666
0 0.5657407407407408 0.21666666666666667 0.037037037037037035 0.029166666666666667
0 0.5259259259259259 0.21223958333333334 0.03888888888888889 0.022395833333333334
0 0.5990740740740741 0.1421875 0.03518518518518519 0.030208333333333334
0 0.5532407407407408 0.14114583333333333 0.030555555555555558 0.028125
0 0.6018518518518519 0.19895833333333332 0.044444444444444446 0.030208333333333334
0 0.625 0.096875 0.053703703703703705 0.04375
0 0.5097222222222222 0.15104166666666666 0.026851851851851852 0.02395833333333333
0 0.12314814814814816 0.4114583333333333 0.031481481481481485 0.01875
0 0.11944444444444445 0.4278645833333333 0.04259259259259259 0.0203125
0 0.2199074074074074 0.6291666666666667 0.04537037037037037 0.027083333333333334
0 0.8078703703703703 0.6028645833333334 0.036111111111111115 0.027604166666666666
0 0.6768518518518519 0.42083333333333334 0.022222222222222223 0.016666666666666666
0 0.8657407407407408 0.796875 0.0462962962962963 0.03125
0 0.9555555555555556 0.90703125 0.05185185185185186 0.034895833333333334
0 0.987037037037037 0.6536458333333334 0.02592592592592593 0.02395833333333333
0 0.962037037037037 0.3450520833333333 0.040740740740740744 0.024479166666666666
0 0.9296296296296297 0.5549479166666667 0.044444444444444446 0.025520833333333333
0 0.9041666666666667 0.5684895833333333 0.04351851851851852 0.019270833333333334
0 0.962962962962963 0.6552083333333333 0.02962962962962963 0.019791666666666666
0 0.9412037037037038 0.6809895833333334 0.032407407407407406 0.01614583333333333
0 0.9888888888888889 0.6747395833333333 0.022222222222222223 0.0234375
0 0.8194444444444445 0.7361979166666667 0.03888888888888889 0.019270833333333334
