0 0.17083333333333334 0.9874999999999999 0.06574074074074074 0.025
0 0.029166666666666667 0.68828125 0.05462962962962963 0.04114583333333333
0 0.016666666666666666 0.5838541666666667 0.031481481481481485 0.030208333333333334
0 0.10277777777777779 0.46484375 0.05925925925925926 0.028645833333333332
0 0.17824074074074076 0.496875 0.05462962962962963 0.030208333333333334
0 0.22453703703703703 0.5140625 0.049074074074074076 0.016666666666666666
0 0.2101851851851852 0.471875 0.061111111111111116 0.03229166666666666
0 0.14722222222222223 0.5958333333333333 0.02962962962962963 0.01875
0 0.2814814814814815 0.6510416666666666 0.04814814814814815 0.026041666666666668
0 0.3421296296296296 0.7143229166666667 0.036111111111111115 0.025520833333333333
0 0.4527777777777778 0.7783854166666666 0.02592592592592593 0.018229166666666668
0 0.4953703703703704 0.73359375 0.04259259259259259 0.0265625
0 0.5550925925925926 0.7721354166666666 0.032407407407407406 0.022395833333333334
0 0.5101851851851852 0.68359375 0.02962962962962963 0.0203125
0 0.4638888888888889 0.675 0.03518518518518519 0.017708333333333333
0 0.4314814814814815 0.6606770833333333 0.03888888888888889 0.021354166666666667
0 0.65 0.7903645833333334 0.05185185185185186 0.0390625
0 0.6990740740740741 0.690625 0.03333333333333333 0.019791666666666666
0 0.6773148148148148 0.65078125 0.03796296296296296 0.021354166666666667
0 0.6356481481481482 0.6471354166666666 0.049074074074074076 0.0296875
0 0.5750000000000001 0.6268229166666667 0.020370370370370372 0.021354166666666667
0 0.5083333333333333 0.5606770833333333 0.024074074074074074 0.022395833333333334
0 0.5481481481481482 0.5791666666666666 0.03333333333333333 0.013541666666666667
0 0.5504629629629629 0.565625 0.04351851851851852 0.019791666666666666
0 0.7074074074074075 0.5104166666666666 0.03888888888888889 0.020833333333333332
0 0.6981481481481482 0.47552083333333334 0.022222222222222223 0.016666666666666666
0 0.6763888888888889 0.4669270833333333 0.03796296296296296 0.021354166666666667
0 0.6592592592592593 0.44036458333333334 0.02962962962962963 0.018229166666666668
0 0.6898148148148149 0.3815104166666667 0.044444444444444446 0.024479166666666666
0 0.6546296296296297 0.3341145833333333 0.044444444444444446 0.0265625
0 0.5787037037037037 0.34296875 0.037037037037037035 0.027604166666666666
0 0.5370370370370371 0.4114583333333333 0.044444444444444446 0.029166666666666667
0 0.5226851851851853 0.3684895833333333 0.04722222222222222 0.028645833333333332
0 0.500462962962963 0.3888020833333333 0.03425925925925926 0.022395833333333334
0 0.45740740740740743 0.41484375 0.04259259259259259 0.025520833333333333
0 0.30972222222222223 0.68984375 0.028703703703703703 0.015104166666666667
0 0.1865740740740741 0.40208333333333335 0.04351851851851852 0.027083333333333334
0 0.11064814814814815 0.37005208333333334 0.03425925925925926 0.01614583333333333
0 0.052314814814814814 0.3419270833333333 0.05648148148148149 0.030729166666666665
0 0.13935185185185187 0.3328125 0.05092592592592593 0.022916666666666665
0 0.17592592592592593 0.31588541666666664 0.02962962962962963 0.0203125
0 0.10416666666666667 0.15729166666666666 0.06574074074074074 0.04479166666666667
0 0.17175925925925928 0.12708333333333333 0.058333333333333334 0.028125
0 0.01990740740740741 0.040364583333333336 0.03796296296296296 0.0421875
0 0.06342592592592593 0.03958333333333333 0.06018518518518519 0.040625
0 0.6712962962962963 0.23932291666666666 0.05185185185185186 0.0328125
0 0.6425925925925926 0.2359375 0.02777777777777778 0.029166666666666667
0 0.6541666666666667 0.17213541666666665 0.049074074074074076 0.0328125
0 0.5708333333333333 0.21640625 0.030555555555555558 0.027604166666666666
0 0.5430555555555556 0.21640625 0.03796296296296296 0.028645833333333332
0 0.5032407407407408 0.21197916666666666 0.03796296296296296 0.021875
0 0.575925925925926 0.14166666666666666 0.03888888888888889 0.03125
0 0.5305555555555556 0.14036458333333332 0.02777777777777778 0.0265625
0 0.5782407407407407 0.19869791666666667 0.04537037037037037 0.030729166666666665
0 0.6013888888888889 0.09609375 0.05092592592592593 0.043229166666666666
0 0.10231481481481482 0.4114583333333333 0.032407407407407406 0.019791666666666666
0 0.10046296296296296 0.42526041666666664 0.03796296296296296 0.018229166666666668
0 0.19490740740740742 0.6291666666666667 0.04537037037037037 0.026041666666666668
0 0.15185185185185185 0.15859375 0.03333333333333333 0.0234375
0 0.7930555555555556 0.6028645833333334 0.05648148148148149 0.0265625
0 0.6569444444444444 0.42161458333333335 0.028703703703703703 0.0140625
0 0.8412037037037038 0.7955729166666666 0.04537037037037037 0.033854166666666664
0 0.9314814814814815 0.9075520833333334 0.05185185185185186 0.034895833333333334
0 0.9773148148148149 0.6526041666666667 0.04537037037037037 0.026041666666666668
0 0.9439814814814815 0.34453125 0.04166666666666667 0.025520833333333333
0 0.9083333333333333 0.5552083333333333 0.044444444444444446 0.025
0 0.8833333333333334 0.56875 0.044444444444444446 0.019791666666666666
0 0.9421296296296297 0.6549479166666666 0.028703703703703703 0.019270833333333334
0 0.9203703703703704 0.6807291666666666 0.031481481481481485 0.016666666666666666
0 0.9800925925925926 0.6763020833333333 0.03981481481481482 0.024479166666666666
0 0.7976851851851852 0.7354166666666666 0.028703703703703703 0.016666666666666666
