0 0.14120370370370372 0.98828125 0.06574074074074074 0.0234375
0 0.07268518518518519 0.46588541666666666 0.058333333333333334 0.028645833333333332
0 0.1476851851851852 0.4979166666666667 0.05462962962962963 0.030208333333333334
0 0.19814814814814816 0.515625 0.044444444444444446 0.015625
0 0.17962962962962964 0.47239583333333335 0.061111111111111116 0.03229166666666666
0 0.2564814814814815 0.6526041666666667 0.0462962962962963 0.027083333333333334
0 0.31527777777777777 0.715625 0.032407407407407406 0.028125
0 0.4305555555555556 0.77890625 0.022222222222222223 0.018229166666666668
0 0.4740740740740741 0.734375 0.040740740740740744 0.026041666666666668
0 0.5328703703703704 0.771875 0.028703703703703703 0.01875
0 0.49212962962962964 0.6861979166666666 0.028703703703703703 0.018229166666666668
0 0.4439814814814815 0.6755208333333333 0.036111111111111115 0.017708333333333333
0 0.4083333333333333 0.66171875 0.040740740740740744 0.021354166666666667
0 0.6208333333333333 0.7916666666666666 0.049074074074074076 0.03958333333333333
0 0.6833333333333333 0.6921875 0.03333333333333333 0.022916666666666665
0 0.6490740740740741 0.6510416666666666 0.03518518518518519 0.020833333333333332
0 0.6078703703703704 0.6473958333333333 0.049074074074074076 0.030208333333333334
0 0.48750000000000004 0.5611979166666666 0.036111111111111115 0.021354166666666667
0 0.5263888888888889 0.5796875 0.032407407407407406 0.013541666666666667
0 0.525462962962963 0.5661458333333333 0.04166666666666667 0.019791666666666666
0 0.6842592592592592 0.5104166666666666 0.03888888888888889 0.020833333333333332
0 0.675462962962963 0.47604166666666664 0.02314814814814815 0.016666666666666666
0 0.6555555555555556 0.465625 0.03518518518518519 0.020833333333333332
0 0.6435185185185185 0.44036458333333334 0.018518518518518517 0.01614583333333333
0 0.6666666666666667 0.38125 0.0462962962962963 0.025
0 0.6291666666666667 0.3338541666666667 0.04351851851851852 0.027083333333333334
0 0.5564814814814815 0.34270833333333334 0.040740740740740744 0.027083333333333334
0 0.5120370370370371 0.41171874999999997 0.0462962962962963 0.0296875
0 0.49768518518518523 0.3684895833333333 0.04722222222222222 0.028645833333333332
0 0.47500000000000003 0.3880208333333333 0.03518518518518519 0.022916666666666665
0 0.4337962962962963 0.41484375 0.04351851851851852 0.025520833333333333
0 0.15555555555555556 0.4028645833333333 0.03888888888888889 0.0265625
0 0.08425925925925926 0.3692708333333333 0.03333333333333333 0.015625
0 0.02638888888888889 0.3416666666666667 0.05092592592592593 0.03125
0 0.11296296296296297 0.3325520833333333 0.05 0.024479166666666666
0 0.15462962962962964 0.31484375 0.037037037037037035 0.019270833333333334
0 0.0712962962962963 0.15625 0.06666666666666667 0.04583333333333333
0 0.14120370370370372 0.12630208333333334 0.05648148148148149 0.028645833333333332
0 0.031018518518518518 0.038802083333333334 0.05648148148148149 0.04114583333333333
0 0.6458333333333334 0.23880208333333333 0.05092592592592593 0.0328125
0 0.6268518518518519 0.17083333333333334 0.04814814814814815 0.03229166666666666
0 0.5449074074074074 0.21588541666666666 0.030555555555555558 0.0265625
0 0.5157407407407407 0.21588541666666666 0.037037037037037035 0.028645833333333332
0 0.4777777777777778 0.20911458333333333 0.037037037037037035 0.0265625
0 0.55 0.14010416666666667 0.040740740740740744 0.03125
0 0.5513888888888889 0.19713541666666667 0.04722222222222222 0.028645833333333332
0 0.5712962962962963 0.09479166666666666 0.05185185185185186 0.04375
0 0.07592592592592592 0.4122395833333333 0.031481481481481485 0.0171875
0 0.16805555555555557 0.6299479166666666 0.04166666666666667 0.0265625
0 0.12175925925925926 0.15729166666666666 0.036111111111111115 0.02395833333333333
0 0.7648148148148148 0.603125 0.05740740740740741 0.028125
0 0.6407407407407407 0.42109375 0.03518518518518519 0.015104166666666667
0 0.8152777777777778 0.7953125 0.049074074074074076 0.035416666666666666
0 0.9055555555555556 0.9080729166666667 0.05185185185185186 0.034895833333333334
0 0.9523148148148148 0.6526041666666667 0.05092592592592593 0.028125
0 0.9231481481481482 0.3442708333333333 0.040740740740740744 0.025
0 0.8842592592592593 0.5546875 0.044444444444444446 0.025
0 0.8597222222222223 0.5682291666666667 0.04351851851851852 0.020833333333333332
0 0.9189814814814815 0.6546875 0.028703703703703703 0.019791666666666666
0 0.8976851851851853 0.6802083333333333 0.030555555555555558 0.015625
0 0.9578703703703704 0.6765625 0.03981481481481482 0.02395833333333333
0 0.7722222222222223 0.7354166666666666 0.022222222222222223 0.016666666666666666
