0 0.8606481481481482 0.98828125 0.06574074074074074 0.0234375
0 0.9291666666666667 0.46588541666666666 0.058333333333333334 0.028645833333333332
0 0.8541666666666667 0.4979166666666667 0.05462962962962963 0.030208333333333334
0 0.8037037037037037 0.515625 0.044444444444444446 0.015625
0 0.8222222222222223 0.47239583333333335 0.061111111111111116 0.03229166666666666
0 0.7453703703703703 0.6526041666666667 0.0462962962962963 0.027083333333333334
0 0.6865740740740741 0.715625 0.032407407407407406 0.028125
0 0.5712962962962963 0.77890625 0.022222222222222223 0.018229166666666668
0 0.5277777777777778 0.734375 0.040740740740740744 0.026041666666666668
0 0.4689814814814815 0.771875 0.028703703703703703 0.01875
0 0.5097222222222222 0.6861979166666666 0.028703703703703703 0.018229166666666668
0 0.5578703703703703 0.6755208333333333 0.036111111111111115 0.017708333333333333
0 0.5935185185185186 0.66171875 0.040740740740740744 0.021354166666666667
0 0.38101851851851853 0.7916666666666666 0.049074074074074076 0.03958333333333333
0 0.31851851851851853 0.6921875 0.03333333333333333 0.022916666666666665
0 0.3527777777777778 0.6510416666666666 0.03518518518518519 0.020833333333333332
0 0.3939814814814815 0.6473958333333333 0.049074074074074076 0.030208333333333334
0 0.5143518518518518 0.5611979166666666 0.036111111111111115 0.021354166666666667
0 0.475462962962963 0.5796875 0.032407407407407406 0.013541666666666667
0 0.4763888888888889 0.5661458333333333 0.04166666666666667 0.019791666666666666
0 0.3175925925925926 0.5104166666666666 0.03888888888888889 0.020833333333333332
0 0.3263888888888889 0.47604166666666664 0.02314814814814815 0.016666666666666666
0 0.3462962962962963 0.465625 0.03518518518518519 0.020833333333333332
0 0.35833333333333334 0.44036458333333334 0.018518518518518517 0.01614583333333333
0 0.3351851851851852 0.38125 0.0462962962962963 0.025
0 0.3726851851851852 0.3338541666666667 0.04351851851851852 0.027083333333333334
0 0.44537037037037036 0.34270833333333334 0.040740740740740744 0.027083333333333334
0 0.4898148148148148 0.41171874999999997 0.0462962962962963 0.0296875
0 0.5041666666666667 0.3684895833333333 0.04722222222222222 0.028645833333333332
0 0.5268518518518519 0.3880208333333333 0.03518518518518519 0.022916666666666665
0 0.5680555555555555 0.41484375 0.04351851851851852 0.025520833333333333
0 0.8462962962962963 0.4028645833333333 0.03888888888888889 0.0265625
0 0.9175925925925926 0.3692708333333333 0.03333333333333333 0.015625
0 0.9750000000000001 0.3419270833333333 0.05 0.03177083333333333
0 0.888888888888889 0.3325520833333333 0.05 0.024479166666666666
0 0.8472222222222222 0.31484375 0.037037037037037035 0.019270833333333334
0 0.9305555555555556 0.15625 0.06666666666666667 0.04583333333333333
0 0.8606481481481482 0.12630208333333334 0.05648148148148149 0.028645833333333332
0 0.9708333333333333 0.038802083333333334 0.05648148148148149 0.04114583333333333
0 0.3560185185185185 0.23880208333333333 0.05092592592592593 0.0328125
0 0.375 0.17083333333333334 0.04814814814814815 0.03229166666666666
0 0.4569444444444445 0.21588541666666666 0.030555555555555558 0.0265625
0 0.4861111111111111 0.21588541666666666 0.037037037037037035 0.028645833333333332
0 0.5240740740740741 0.20911458333333333 0.037037037037037035 0.0265625
0 0.4518518518518519 0.14010416666666667 0.040740740740740744 0.03125
0 0.45046296296296295 0.19713541666666667 0.04722222222222222 0.028645833333333332
0 0.4305555555555556 0.09479166666666666 0.05185185185185186 0.04375
0 0.9259259259259259 0.4122395833333333 0.031481481481481485 0.0171875
0 0.8337962962962964 0.6299479166666666 0.04166666666666667 0.0265625
0 0.8800925925925926 0.15729166666666666 0.036111111111111115 0.02395833333333333
0 0.23703703703703705 0.603125 0.05740740740740741 0.028125
0 0.3611111111111111 0.42109375 0.03518518518518519 0.015104166666666667
0 0.1865740740740741 0.7953125 0.049074074074074076 0.035416666666666666
0 0.0962962962962963 0.9080729166666667 0.05185185185185186 0.034895833333333334
0 0.04953703703703704 0.6526041666666667 0.05092592592592593 0.028125
0 0.0787037037037037 0.3442708333333333 0.040740740740740744 0.025
0 0.1175925925925926 0.5546875 0.044444444444444446 0.025
0 0.14212962962962963 0.5682291666666667 0.04351851851851852 0.020833333333333332
0 0.08287037037037037 0.6546875 0.028703703703703703 0.019791666666666666
0 0.10416666666666667 0.6802083333333333 0.030555555555555558 0.015625
0 0.04398148148148148 0.6765625 0.03981481481481482 0.02395833333333333
0 0.22962962962962963 0.7354166666666666 0.022222222222222223 0.016666666666666666
