0 0.8768518518518519 0.9885416666666667 0.06666666666666667 0.022916666666666665
0 0.9444444444444445 0.46588541666666666 0.05925925925925926 0.028645833333333332
0 0.8699074074074075 0.4973958333333333 0.05462962962962963 0.030208333333333334
0 0.8189814814814815 0.5151041666666667 0.04537037037037037 0.015625
0 0.837962962962963 0.47239583333333335 0.061111111111111116 0.03229166666666666
0 0.7583333333333334 0.6528645833333333 0.0462962962962963 0.0265625
0 0.6976851851851852 0.7158854166666666 0.032407407407407406 0.027604166666666666
0 0.5819444444444445 0.77890625 0.02314814814814815 0.018229166666666668
0 0.537962962962963 0.7341145833333333 0.040740740740740744 0.025520833333333333
0 0.4800925925925926 0.7713541666666667 0.026851851851851852 0.017708333333333333
0 0.5199074074074074 0.6859375 0.028703703703703703 0.01875
0 0.5680555555555555 0.6755208333333333 0.036111111111111115 0.01875
0 0.6041666666666667 0.66171875 0.04166666666666667 0.021354166666666667
0 0.39490740740740743 0.7916666666666666 0.049074074074074076 0.03958333333333333
0 0.3277777777777778 0.69140625 0.03333333333333333 0.024479166666666666
0 0.3666666666666667 0.6505208333333333 0.03518518518518519 0.020833333333333332
0 0.4064814814814815 0.6471354166666666 0.05 0.0296875
0 0.525462962962963 0.5609375 0.036111111111111115 0.020833333333333332
0 0.4861111111111111 0.5796875 0.031481481481481485 0.0125
0 0.48888888888888893 0.565625 0.04259259259259259 0.019791666666666666
0 0.3282407407407408 0.5096354166666667 0.03981481481481482 0.0203125
0 0.33333333333333337 0.4770833333333333 0.024074074074074074 0.015625
0 0.3560185185185185 0.46510416666666665 0.03425925925925926 0.019791666666666666
0 0.36712962962962964 0.4395833333333333 0.019444444444444445 0.016666666666666666
0 0.34490740740740744 0.3802083333333333 0.04537037037037037 0.025
0 0.38472222222222224 0.3325520833333333 0.04351851851851852 0.027604166666666666
0 0.4564814814814815 0.3416666666666667 0.040740740740740744 0.027083333333333334
0 0.500925925925926 0.41041666666666665 0.0462962962962963 0.030208333333333334
0 0.5157407407407407 0.36796875 0.04814814814814815 0.028645833333333332
0 0.538425925925926 0.3872395833333333 0.036111111111111115 0.0234375
0 0.5791666666666667 0.41380208333333335 0.04537037037037037 0.0265625
0 0.8615740740740742 0.40182291666666664 0.03981481481481482 0.027604166666666666
0 0.9314814814814815 0.36875 0.031481481481481485 0.016666666666666666
0 0.9819444444444445 0.34088541666666666 0.036111111111111115 0.03177083333333333
0 0.8240740740740741 0.3143229166666667 0.031481481481481485 0.01614583333333333
0 0.9027777777777778 0.33203125 0.05185185185185186 0.0234375
0 0.8578703703703704 0.31354166666666666 0.03981481481481482 0.01875
0 0.9476851851851852 0.15442708333333333 0.06574074074074074 0.04635416666666667
0 0.8768518518518519 0.12447916666666667 0.05740740740740741 0.029166666666666667
0 0.9800925925925926 0.03671875 0.03981481481481482 0.0421875
0 0.36712962962962964 0.2375 0.05092592592592593 0.03333333333333333
0 0.38657407407407407 0.16875 0.049074074074074076 0.03333333333333333
0 0.46851851851851856 0.2140625 0.031481481481481485 0.027083333333333334
0 0.49768518518518523 0.2140625 0.036111111111111115 0.028125
0 0.5365740740740741 0.20755208333333333 0.03796296296296296 0.0265625
0 0.4638888888888889 0.13854166666666667 0.040740740740740744 0.03229166666666666
0 0.4620370370370371 0.19557291666666665 0.04814814814814815 0.028645833333333332
0 0.44351851851851853 0.09296875 0.05185185185185186 0.044270833333333336
0 0.938425925925926 0.4119791666666667 0.028703703703703703 0.015625
0 0.8481481481481482 0.6299479166666666 0.03888888888888889 0.027604166666666666
0 0.8953703703703704 0.15572916666666667 0.03888888888888889 0.022916666666666665
0 0.32962962962962966 0.74765625 0.05185185185185186 0.018229166666666668
0 0.25972222222222224 0.6026041666666666 0.04166666666666667 0.028125
0 0.3578703703703704 0.5364583333333334 0.04351851851851852 0.025
0 0.3703703703703704 0.4205729166666667 0.031481481481481485 0.015104166666666667
0 0.20324074074074075 0.796875 0.062037037037037036 0.0375
0 0.10833333333333334 0.9080729166666667 0.05185185185185186 0.034895833333333334
0 0.0587962962962963 0.6528645833333333 0.049074074074074076 0.027604166666666666
0 0.08703703703703704 0.34375 0.040740740740740744 0.025
0 0.12824074074074074 0.5541666666666667 0.04537037037037037 0.025
0 0.15231481481481482 0.5674479166666666 0.04351851851851852 0.0203125
0 0.09398148148148149 0.6544270833333333 0.028703703703703703 0.019270833333333334
0 0.11481481481481481 0.6802083333333333 0.02962962962962963 0.016666666666666666
0 0.05416666666666667 0.67578125 0.04166666666666667 0.022395833333333334
0 0.2351851851851852 0.7364583333333333 0.031481481481481485 0.016666666666666666
