0 0.10925925925925926 0.9885416666666667 0.06481481481481481 0.022916666666666665
0 0.04259259259259259 0.46432291666666664 0.05925925925925926 0.028645833333333332
0 0.1175925925925926 0.49635416666666665 0.05555555555555556 0.030208333333333334
0 0.1675925925925926 0.5145833333333333 0.044444444444444446 0.015625
0 0.14814814814814814 0.47109375 0.06296296296296297 0.0328125
0 0.23148148148148148 0.65234375 0.0462962962962963 0.0265625
0 0.2916666666666667 0.715625 0.03333333333333333 0.028125
0 0.40972222222222227 0.77890625 0.021296296296296296 0.018229166666666668
0 0.45416666666666666 0.7338541666666667 0.04166666666666667 0.026041666666666668
0 0.5092592592592593 0.7700520833333333 0.024074074074074074 0.01614583333333333
0 0.47222222222222227 0.6856770833333333 0.02777777777777778 0.018229166666666668
0 0.4236111111111111 0.6752604166666667 0.036111111111111115 0.018229166666666668
0 0.38703703703703707 0.6614583333333334 0.04259259259259259 0.020833333333333332
0 0.5935185185185186 0.7919270833333333 0.04814814814814815 0.0390625
0 0.6643518518518519 0.6908854166666667 0.03425925925925926 0.025520833333333333
0 0.6222222222222222 0.6502604166666667 0.03518518518518519 0.021354166666666667
0 0.5819444444444445 0.6463541666666667 0.049074074074074076 0.030208333333333334
0 0.46435185185185185 0.56015625 0.036111111111111115 0.0203125
0 0.500925925925926 0.5653645833333333 0.04259259259259259 0.019270833333333334
0 0.663425925925926 0.5088541666666666 0.03981481481481482 0.020833333333333332
0 0.6675925925925926 0.47578125 0.031481481481481485 0.01614583333333333
0 0.6375000000000001 0.46458333333333335 0.03425925925925926 0.019791666666666666
0 0.625 0.4388020833333333 0.020370370370370372 0.01614583333333333
0 0.6467592592592593 0.37916666666666665 0.04537037037037037 0.025
0 0.6055555555555556 0.33098958333333334 0.044444444444444446 0.027604166666666666
0 0.5342592592592593 0.3403645833333333 0.04259259259259259 0.0265625
0 0.4898148148148148 0.40963541666666664 0.0462962962962963 0.0296875
0 0.47453703703703703 0.365625 0.049074074074074076 0.029166666666666667
0 0.4518518518518519 0.3859375 0.037037037037037035 0.022916666666666665
0 0.40925925925925927 0.41354166666666664 0.04259259259259259 0.025
0 0.13472222222222222 0.4005208333333333 0.04722222222222222 0.027083333333333334
0 0.0125 0.33984375 0.02314814814814815 0.030729166666666665
0 0.08657407407407408 0.33046875 0.05092592592592593 0.0234375
0 0.16481481481481483 0.3125 0.040740740740740744 0.0125
0 0.038425925925925926 0.15182291666666667 0.06759259259259259 0.04635416666666667
0 0.11018518518518519 0.12161458333333333 0.05740740740740741 0.0296875
0 0.6245370370370371 0.23541666666666666 0.05092592592592593 0.03333333333333333
0 0.10231481481481482 0.061197916666666664 0.04537037037037037 0.033854166666666664
0 0.6032407407407407 0.16666666666666666 0.049074074074074076 0.03333333333333333
0 0.5212962962962964 0.21197916666666666 0.031481481481481485 0.027083333333333334
0 0.49212962962962964 0.21223958333333334 0.036111111111111115 0.028645833333333332
0 0.4527777777777778 0.20546875 0.03888888888888889 0.0265625
0 0.5268518518518519 0.1359375 0.040740740740740744 0.03229166666666666
0 0.7310185185185185 0.60234375 0.03981481481481482 0.025520833333333333
0 0.5282407407407408 0.19348958333333333 0.04722222222222222 0.0296875
0 0.5462962962962963 0.09036458333333333 0.05185185185185186 0.044270833333333336
0 0.051388888888888894 0.41119791666666666 0.026851851851851852 0.0171875
0 0.14027777777777778 0.6291666666666667 0.03796296296296296 0.028125
0 0.0925925925925926 0.153125 0.040740740740740744 0.022916666666666665
0 0.6643518518518519 0.73984375 0.04351851851851852 0.025520833333333333
0 0.6328703703703704 0.5359375 0.04351851851851852 0.025
0 0.6199074074074075 0.4184895833333333 0.025 0.01614583333333333
0 0.788425925925926 0.7963541666666667 0.058333333333333334 0.035416666666666666
0 0.8810185185185185 0.9078125 0.05092592592592593 0.035416666666666666
0 0.9884259259259259 0.6171875 0.02314814814814815 0.02395833333333333
0 0.9324074074074075 0.65234375 0.04814814814814815 0.0265625
0 0.9069444444444444 0.3421875 0.03981481481481482 0.025
0 0.9893518518518519 0.3208333333333333 0.021296296296296296 0.025
0 0.9898148148148148 0.23880208333333333 0.020370370370370372 0.0296875
0 0.862962962962963 0.553125 0.044444444444444446 0.025
0 0.8388888888888889 0.5666666666666667 0.04259259259259259 0.019791666666666666
0 0.8981481481481481 0.65390625 0.02777777777777778 0.019270833333333334
0 0.8768518518518519 0.6796875 0.02962962962962963 0.015625
0 0.9361111111111111 0.6752604166666667 0.04259259259259259 0.022395833333333334
