0 0.09351851851851853 0.98828125 0.06666666666666667 0.0234375
0 0.028703703703703703 0.46328125 0.05555555555555556 0.0296875
0 0.10231481481481482 0.49505208333333334 0.05648148148148149 0.030729166666666665
0 0.15324074074074073 0.5130208333333334 0.04537037037037037 0.015625
0 0.1328703703703704 0.46979166666666666 0.06574074074074074 0.03333333333333333
0 0.21944444444444444 0.6518229166666667 0.04814814814814815 0.0265625
0 0.2791666666666667 0.7151041666666667 0.032407407407407406 0.028125
0 0.3990740740740741 0.7783854166666666 0.020370370370370372 0.018229166666666668
0 0.4430555555555556 0.7328125 0.04166666666666667 0.026041666666666668
0 0.4981481481481482 0.7690104166666667 0.022222222222222223 0.015104166666666667
0 0.46111111111111114 0.6848958333333334 0.02777777777777778 0.01875
0 0.4152777777777778 0.6744791666666666 0.03425925925925926 0.017708333333333333
0 0.375462962962963 0.6606770833333333 0.04537037037037037 0.021354166666666667
0 0.5796296296296296 0.79140625 0.04814814814814815 0.0390625
0 0.6546296296296297 0.6921875 0.03518518518518519 0.022916666666666665
0 0.6083333333333334 0.6497395833333334 0.03518518518518519 0.021354166666666667
0 0.5685185185185185 0.6458333333333334 0.04814814814814815 0.030208333333333334
0 0.45231481481481484 0.5591145833333333 0.036111111111111115 0.0203125
0 0.48842592592592593 0.5640625 0.04166666666666667 0.019791666666666666
0 0.6513888888888889 0.5078125 0.03981481481481482 0.020833333333333332
0 0.6578703703703704 0.4744791666666667 0.03425925925925926 0.015625
0 0.6277777777777778 0.4630208333333333 0.031481481481481485 0.019791666666666666
0 0.6175925925925926 0.43776041666666665 0.018518518518518517 0.01614583333333333
0 0.6365740740740741 0.3776041666666667 0.04537037037037037 0.025
0 0.5944444444444444 0.3296875 0.044444444444444446 0.028125
0 0.5231481481481481 0.3385416666666667 0.04259259259259259 0.027083333333333334
0 0.47824074074074074 0.4080729166666667 0.04722222222222222 0.0296875
0 0.46296296296296297 0.3651041666666667 0.04814814814814815 0.029166666666666667
0 0.4412037037037037 0.384375 0.036111111111111115 0.02395833333333333
0 0.3990740740740741 0.41171874999999997 0.044444444444444446 0.025520833333333333
0 0.11805555555555557 0.3989583333333333 0.04537037037037037 0.029166666666666667
0 0.07407407407407407 0.328125 0.05185185185185186 0.02395833333333333
0 0.1537037037037037 0.3104166666666667 0.040740740740740744 0.014583333333333334
0 0.028703703703703703 0.14869791666666665 0.05555555555555556 0.0484375
0 0.09583333333333334 0.11848958333333333 0.058333333333333334 0.030729166666666665
0 0.6134259259259259 0.23359375 0.05092592592592593 0.033854166666666664
0 0.5921296296296297 0.1640625 0.049074074074074076 0.03333333333333333
0 0.5092592592592593 0.20989583333333334 0.031481481481481485 0.027083333333333334
0 0.4800925925925926 0.21015625 0.036111111111111115 0.028645833333333332
0 0.4416666666666667 0.203125 0.03888888888888889 0.027083333333333334
0 0.5166666666666667 0.13307291666666665 0.04259259259259259 0.03177083333333333
0 0.5157407407407407 0.190625 0.04814814814814815 0.029166666666666667
0 0.5328703703703704 0.08697916666666666 0.05277777777777778 0.04479166666666667
0 0.12638888888888888 0.628125 0.03796296296296296 0.028125
0 0.08888888888888889 0.057812499999999996 0.037037037037037035 0.0375
0 0.0787037037037037 0.15 0.04259259259259259 0.02395833333333333
0 0.6472222222222223 0.740625 0.044444444444444446 0.02395833333333333
0 0.7162037037037037 0.6010416666666667 0.03796296296296296 0.027083333333333334
0 0.6203703703703703 0.5361979166666666 0.044444444444444446 0.0234375
0 0.6171296296296297 0.41744791666666664 0.026851851851851852 0.015104166666666667
0 0.7768518518518519 0.796875 0.05740740740740741 0.03229166666666666
0 0.8680555555555556 0.9072916666666666 0.05092592592592593 0.035416666666666666
0 0.9833333333333334 0.6177083333333333 0.03333333333333333 0.028125
0 0.9212962962962963 0.6515625 0.04814814814814815 0.026041666666666668
0 0.987962962962963 0.5299479166666666 0.024074074074074074 0.021354166666666667
0 0.8990740740740741 0.3411458333333333 0.040740740740740744 0.02395833333333333
0 0.9847222222222223 0.3182291666666667 0.030555555555555558 0.028125
0 0.9847222222222223 0.2359375 0.030555555555555558 0.03125
0 0.8527777777777779 0.5520833333333334 0.044444444444444446 0.025
0 0.8291666666666667 0.5653645833333333 0.04351851851851852 0.0203125
0 0.8865740740740741 0.6528645833333333 0.026851851851851852 0.019270833333333334
0 0.8662037037037037 0.6791666666666667 0.028703703703703703 0.016666666666666666
0 0.9236111111111112 0.6744791666666666 0.04166666666666667 0.021875
