0 0.9083333333333333 0.98828125 0.06666666666666667 0.0234375
0 0.9726851851851852 0.4635416666666667 0.05462962962962963 0.030208333333333334
0 0.899537037037037 0.49505208333333334 0.05648148148148149 0.030729166666666665
0 0.8486111111111111 0.5130208333333334 0.04537037037037037 0.015625
0 0.8689814814814815 0.46979166666666666 0.06574074074074074 0.03333333333333333
0 0.7824074074074074 0.6518229166666667 0.04814814814814815 0.0265625
0 0.7226851851851852 0.7151041666666667 0.032407407407407406 0.028125
0 0.6027777777777777 0.7783854166666666 0.020370370370370372 0.018229166666666668
0 0.5587962962962963 0.7328125 0.04166666666666667 0.026041666666666668
0 0.5037037037037038 0.7690104166666667 0.022222222222222223 0.015104166666666667
0 0.5407407407407407 0.6848958333333334 0.02777777777777778 0.01875
0 0.5865740740740741 0.6744791666666666 0.03425925925925926 0.017708333333333333
0 0.6263888888888889 0.6606770833333333 0.04537037037037037 0.021354166666666667
0 0.4222222222222222 0.79140625 0.04814814814814815 0.0390625
0 0.3472222222222222 0.6921875 0.03518518518518519 0.022916666666666665
0 0.39351851851851855 0.6497395833333334 0.03518518518518519 0.021354166666666667
0 0.43333333333333335 0.6458333333333334 0.04814814814814815 0.030208333333333334
0 0.549537037037037 0.5591145833333333 0.036111111111111115 0.0203125
0 0.513425925925926 0.5640625 0.04166666666666667 0.019791666666666666
0 0.350462962962963 0.5078125 0.03981481481481482 0.020833333333333332
0 0.3439814814814815 0.4744791666666667 0.03425925925925926 0.015625
0 0.3740740740740741 0.4630208333333333 0.031481481481481485 0.019791666666666666
0 0.3842592592592593 0.43776041666666665 0.018518518518518517 0.01614583333333333
0 0.3652777777777778 0.3776041666666667 0.04537037037037037 0.025
0 0.40740740740740744 0.3296875 0.044444444444444446 0.028125
0 0.47870370370370374 0.3385416666666667 0.04259259259259259 0.027083333333333334
0 0.5236111111111111 0.4080729166666667 0.04722222222222222 0.0296875
0 0.5388888888888889 0.3651041666666667 0.04814814814814815 0.029166666666666667
0 0.5606481481481481 0.384375 0.036111111111111115 0.02395833333333333
0 0.6027777777777777 0.41171874999999997 0.044444444444444446 0.025520833333333333
0 0.8837962962962963 0.3989583333333333 0.04537037037037037 0.029166666666666667
0 0.9277777777777778 0.328125 0.05185185185185186 0.02395833333333333
0 0.8481481481481482 0.3104166666666667 0.040740740740740744 0.014583333333333334
0 0.9726851851851852 0.14895833333333333 0.05462962962962963 0.04895833333333333
0 0.9060185185185186 0.11848958333333333 0.058333333333333334 0.030729166666666665
0 0.38842592592592595 0.23359375 0.05092592592592593 0.033854166666666664
0 0.40972222222222227 0.1640625 0.049074074074074076 0.03333333333333333
0 0.49259259259259264 0.20989583333333334 0.031481481481481485 0.027083333333333334
0 0.5217592592592593 0.21015625 0.036111111111111115 0.028645833333333332
0 0.5601851851851852 0.203125 0.03888888888888889 0.027083333333333334
0 0.4851851851851852 0.13307291666666665 0.04259259259259259 0.03177083333333333
0 0.4861111111111111 0.190625 0.04814814814814815 0.029166666666666667
0 0.4689814814814815 0.08697916666666666 0.05277777777777778 0.04479166666666667
0 0.875462962962963 0.628125 0.03796296296296296 0.028125
0 0.912962962962963 0.057812499999999996 0.037037037037037035 0.0375
0 0.9231481481481482 0.15 0.04259259259259259 0.02395833333333333
0 0.35462962962962963 0.740625 0.044444444444444446 0.02395833333333333
0 0.28564814814814815 0.6010416666666667 0.03796296296296296 0.027083333333333334
0 0.3814814814814815 0.5361979166666666 0.044444444444444446 0.0234375
0 0.38472222222222224 0.41744791666666664 0.026851851851851852 0.015104166666666667
0 0.225 0.796875 0.05740740740740741 0.03229166666666666
0 0.1337962962962963 0.9072916666666666 0.05092592592592593 0.035416666666666666
0 0.018518518518518517 0.6177083333333333 0.03333333333333333 0.028125
0 0.08055555555555556 0.6515625 0.04814814814814815 0.026041666666666668
0 0.01388888888888889 0.5299479166666666 0.024074074074074074 0.021354166666666667
0 0.10277777777777779 0.3411458333333333 0.040740740740740744 0.02395833333333333
0 0.01712962962962963 0.3182291666666667 0.030555555555555558 0.028125
0 0.01712962962962963 0.2359375 0.030555555555555558 0.03125
0 0.14907407407407408 0.5520833333333334 0.044444444444444446 0.025
0 0.1726851851851852 0.5653645833333333 0.04351851851851852 0.0203125
0 0.11527777777777778 0.6528645833333333 0.026851851851851852 0.019270833333333334
0 0.13564814814814816 0.6791666666666667 0.028703703703703703 0.016666666666666666
0 0.07824074074074075 0.6744791666666666 0.04166666666666667 0.021875
