0 0.06296296296296297 0.9877604166666667 0.06666666666666667 0.024479166666666666
0 0.014351851851851852 0.46119791666666665 0.026851851851851852 0.027604166666666666
0 0.07083333333333333 0.49166666666666664 0.058333333333333334 0.03125
0 0.12175925925925926 0.5109375 0.04537037037037037 0.015625
0 0.09953703703703703 0.4666666666666667 0.06759259259259259 0.03333333333333333
0 0.19444444444444445 0.65 0.04814814814814815 0.027083333333333334
0 0.2537037037037037 0.7138020833333333 0.03333333333333333 0.028645833333333332
0 0.3773148148148148 0.7768229166666667 0.019444444444444445 0.018229166666666668
0 0.42129629629629634 0.7315104166666666 0.04259259259259259 0.025520833333333333
0 0.4740740740740741 0.7669270833333334 0.018518518518518517 0.013020833333333334
0 0.44074074074074077 0.6828125 0.02777777777777778 0.01875
0 0.39490740740740743 0.6731770833333334 0.036111111111111115 0.0171875
0 0.35324074074074074 0.6596354166666667 0.04537037037037037 0.021354166666666667
0 0.5504629629629629 0.790625 0.04722222222222222 0.03958333333333333
0 0.637962962962963 0.6875 0.02962962962962963 0.022916666666666665
0 0.5810185185185185 0.6481770833333333 0.03425925925925926 0.021354166666666667
0 0.5416666666666667 0.64375 0.04814814814814815 0.030208333333333334
0 0.4273148148148148 0.5575520833333333 0.03425925925925926 0.021354166666666667
0 0.46342592592592596 0.5627604166666667 0.03981481481481482 0.019270833333333334
0 0.6291666666666667 0.5052083333333334 0.03981481481481482 0.020833333333333332
0 0.6412037037037037 0.47109375 0.03425925925925926 0.019270833333333334
0 0.6092592592592593 0.46119791666666665 0.031481481481481485 0.0203125
0 0.5995370370370371 0.4354166666666667 0.017592592592592594 0.014583333333333334
0 0.6148148148148148 0.37421875 0.0462962962962963 0.025520833333333333
0 0.5703703703703704 0.32578125 0.044444444444444446 0.027604166666666666
0 0.5 0.3346354166666667 0.04259259259259259 0.027604166666666666
0 0.4550925925925926 0.4046875 0.04722222222222222 0.030208333333333334
0 0.4393518518518519 0.3611979166666667 0.049074074074074076 0.0296875
0 0.4166666666666667 0.3807291666666667 0.03888888888888889 0.02395833333333333
0 0.37592592592592594 0.4080729166666667 0.044444444444444446 0.027604166666666666
0 0.08888888888888889 0.3953125 0.04814814814814815 0.029166666666666667
0 0.049074074074074076 0.32526041666666666 0.05925925925925926 0.022395833333333334
0 0.12546296296296297 0.3072916666666667 0.04537037037037037 0.020833333333333332
0 0.06435185185185185 0.11119791666666666 0.06018518518518519 0.03177083333333333
0 0.5902777777777778 0.22864583333333333 0.05092592592592593 0.034375
0 0.5671296296296297 0.15859375 0.049074074074074076 0.033854166666666664
0 0.4930555555555556 0.20572916666666666 0.032407407407407406 0.026041666666666668
0 0.45601851851851855 0.2046875 0.036111111111111115 0.029166666666666667
0 0.41620370370370374 0.19765625 0.03981481481481482 0.027604166666666666
0 0.4935185185185185 0.12734375 0.04259259259259259 0.03177083333333333
0 0.4902777777777778 0.18541666666666667 0.049074074074074076 0.030208333333333334
0 0.5074074074074074 0.08020833333333333 0.05185185185185186 0.04583333333333333
0 0.9833333333333334 0.7434895833333334 0.03333333333333333 0.019270833333333334
0 0.8652777777777778 0.6513020833333333 0.026851851851851852 0.019270833333333334
0 0.8435185185185186 0.6776041666666667 0.02777777777777778 0.016666666666666666
0 0.900462962962963 0.6723958333333333 0.04537037037037037 0.020833333333333332
0 0.10370370370370371 0.62578125 0.037037037037037035 0.028645833333333332
0 0.05925925925925926 0.050520833333333334 0.040740740740740744 0.036458333333333336
0 0.049074074074074076 0.14322916666666666 0.0462962962962963 0.025
0 0.6226851851851852 0.7356770833333334 0.04351851851851852 0.030729166666666665
0 0.6907407407407408 0.6002604166666666 0.040740740740740744 0.027604166666666666
0 0.5958333333333333 0.5346354166666667 0.04351851851851852 0.022395833333333334
0 0.6055555555555556 0.41562499999999997 0.020370370370370372 0.013541666666666667
0 0.7532407407407408 0.7958333333333333 0.05092592592592593 0.03125
0 0.8425925925925927 0.9059895833333333 0.05 0.0359375
0 0.9856481481481482 0.7200520833333334 0.028703703703703703 0.0171875
0 0.9722222222222222 0.6158854166666666 0.05555555555555556 0.030729166666666665
0 0.8990740740740741 0.6489583333333333 0.0462962962962963 0.026041666666666668
0 0.9736111111111111 0.528125 0.03425925925925926 0.021875
0 0.8805555555555555 0.3380208333333333 0.040740740740740744 0.022916666666666665
0 0.9736111111111111 0.3151041666666667 0.049074074074074076 0.028125
0 0.9699074074074074 0.23203125 0.04537037037037037 0.030729166666666665
0 0.8296296296296297 0.5502604166666667 0.044444444444444446 0.025520833333333333
0 0.8069444444444445 0.5635416666666666 0.04351851851851852 0.019791666666666666
