0 0.03333333333333333 0.9872395833333333 0.06481481481481481 0.025520833333333333
0 0.03888888888888889 0.4908854166666667 0.05925925925925926 0.03177083333333333
0 0.09027777777777778 0.51015625 0.04722222222222222 0.015104166666666667
0 0.06712962962962964 0.4653645833333333 0.0712962962962963 0.0328125
0 0.1685185185185185 0.6497395833333334 0.05 0.027604166666666666
0 0.22824074074074074 0.7130208333333333 0.032407407407407406 0.029166666666666667
0 0.35555555555555557 0.7768229166666667 0.018518518518518517 0.018229166666666668
0 0.4 0.7307291666666667 0.044444444444444446 0.026041666666666668
0 0.4203703703703704 0.6822916666666666 0.02777777777777778 0.01875
0 0.3726851851851852 0.6723958333333333 0.03796296296296296 0.017708333333333333
0 0.32916666666666666 0.6591145833333333 0.04722222222222222 0.021354166666666667
0 0.5222222222222223 0.7901041666666666 0.0462962962962963 0.03958333333333333
0 0.6157407407407408 0.6846354166666666 0.03518518518518519 0.0203125
0 0.5532407407407408 0.6471354166666666 0.03425925925925926 0.021354166666666667
0 0.513888888888889 0.6434895833333333 0.04814814814814815 0.030729166666666665
0 0.40324074074074073 0.5567708333333333 0.03425925925925926 0.019791666666666666
0 0.4375 0.5614583333333333 0.03981481481481482 0.019791666666666666
0 0.6064814814814815 0.5044270833333333 0.03888888888888889 0.021354166666666667
0 0.6240740740740741 0.46901041666666665 0.03333333333333333 0.0171875
0 0.5953703703703704 0.4591145833333333 0.03888888888888889 0.021354166666666667
0 0.5814814814814815 0.43385416666666665 0.018518518518518517 0.015625
0 0.5930555555555556 0.3731770833333333 0.04537037037037037 0.025520833333333333
0 0.5444444444444445 0.3234375 0.044444444444444446 0.028125
0 0.4763888888888889 0.33307291666666666 0.04351851851851852 0.027604166666666666
0 0.4310185185185185 0.40338541666666666 0.04722222222222222 0.0296875
0 0.41435185185185186 0.359375 0.049074074074074076 0.030208333333333334
0 0.39212962962962966 0.37916666666666665 0.03796296296296296 0.02395833333333333
0 0.350462962962963 0.40520833333333334 0.04351851851851852 0.026041666666666668
0 0.059722222222222225 0.3932291666666667 0.05092592592592593 0.029166666666666667
0 0.026851851851851852 0.32135416666666666 0.05185185185185186 0.029166666666666667
0 0.10324074074074074 0.30625 0.03425925925925926 0.021875
0 0.03333333333333333 0.10729166666666666 0.05925925925925926 0.03229166666666666
0 0.5652777777777778 0.22578125 0.05092592592592593 0.034895833333333334
0 0.5402777777777777 0.15520833333333334 0.049074074074074076 0.034375
0 0.4675925925925926 0.20234375 0.03333333333333333 0.0265625
0 0.4291666666666667 0.2015625 0.036111111111111115 0.029166666666666667
0 0.3893518518518519 0.19453125 0.03981481481481482 0.027604166666666666
0 0.4703703703703704 0.12395833333333334 0.04259259259259259 0.03229166666666666
0 0.4620370370370371 0.18203125 0.05 0.0296875
0 0.4791666666666667 0.07578125 0.05277777777777778 0.04739583333333333
0 0.07407407407407407 0.6252604166666667 0.03518518518518519 0.028645833333333332
0 0.02962962962962963 0.04609375 0.03888888888888889 0.034895833333333334
0 0.021296296296296296 0.13802083333333334 0.040740740740740744 0.027083333333333334
0 0.6055555555555556 0.7354166666666666 0.03333333333333333 0.03229166666666666
0 0.6703703703703704 0.5989583333333334 0.04259259259259259 0.028125
0 0.5722222222222223 0.5328125 0.0462962962962963 0.021875
0 0.49768518518518523 0.5421875 0.03796296296296296 0.011458333333333333
0 0.5856481481481481 0.41354166666666664 0.021296296296296296 0.013541666666666667
0 0.7291666666666667 0.7940104166666666 0.04537037037037037 0.030729166666666665
0 0.8162037037037038 0.9036458333333334 0.05092592592592593 0.0375
0 0.9657407407407408 0.7197916666666666 0.03518518518518519 0.016666666666666666
0 0.9833333333333334 0.6536458333333334 0.03333333333333333 0.03229166666666666
0 0.951388888888889 0.6145833333333334 0.062037037037037036 0.028125
0 0.8777777777777778 0.6479166666666667 0.044444444444444446 0.025
0 0.9527777777777778 0.5265625 0.03333333333333333 0.021875
0 0.8625 0.33697916666666666 0.04166666666666667 0.02395833333333333
0 0.950925925925926 0.3130208333333333 0.04814814814814815 0.029166666666666667
0 0.9490740740740741 0.23020833333333332 0.0462962962962963 0.03125
0 0.8083333333333333 0.54921875 0.044444444444444446 0.025520833333333333
0 0.7870370370370371 0.5627604166666667 0.04259259259259259 0.0203125
0 0.9611111111111111 0.7424479166666667 0.03518518518518519 0.0203125
0 0.8435185185185186 0.65 0.02592592592592593 0.01875
0 0.8212962962962963 0.6763020833333333 0.02592592592592593 0.01614583333333333
0 0.8777777777777778 0.671875 0.040740740740740744 0.022916666666666665
