0 0.02175925925925926 0.98671875 0.04166666666666667 0.027604166666666666
0 0.022222222222222223 0.490625 0.04259259259259259 0.03125
0 0.06481481481481481 0.5096354166666667 0.0462962962962963 0.015104166666666667
0 0.04166666666666667 0.465625 0.07407407407407407 0.034375
0 0.14722222222222223 0.6497395833333334 0.05 0.027604166666666666
0 0.20787037037037037 0.7130208333333333 0.032407407407407406 0.029166666666666667
0 0.33611111111111114 0.7768229166666667 0.016666666666666666 0.0171875
0 0.3819444444444445 0.7307291666666667 0.04537037037037037 0.026041666666666668
0 0.4027777777777778 0.6822916666666666 0.02777777777777778 0.01875
0 0.362962962962963 0.67265625 0.02592592592592593 0.019270833333333334
0 0.3106481481481482 0.65859375 0.04722222222222222 0.022395833333333334
0 0.49722222222222223 0.7901041666666666 0.0462962962962963 0.03958333333333333
0 0.5958333333333333 0.6854166666666667 0.03425925925925926 0.019791666666666666
0 0.5282407407407408 0.6473958333333333 0.03425925925925926 0.021875
0 0.4898148148148148 0.6434895833333333 0.04814814814814815 0.030729166666666665
0 0.3824074074074074 0.55703125 0.03333333333333333 0.0203125
0 0.5805555555555556 0.46015625 0.03518518518518519 0.019270833333333334
0 0.41620370370370374 0.5619791666666667 0.03796296296296296 0.019791666666666666
0 0.587037037037037 0.5044270833333333 0.03888888888888889 0.021354166666666667
0 0.6064814814814815 0.4705729166666667 0.02777777777777778 0.015104166666666667
0 0.5652777777777778 0.43463541666666666 0.019444444444444445 0.015104166666666667
0 0.5750000000000001 0.3734375 0.044444444444444446 0.025
0 0.525 0.32395833333333335 0.044444444444444446 0.028125
0 0.5282407407407408 0.36302083333333335 0.028703703703703703 0.017708333333333333
0 0.45740740740740743 0.3333333333333333 0.04259259259259259 0.028125
0 0.4115740740740741 0.4036458333333333 0.049074074074074076 0.030208333333333334
0 0.3944444444444445 0.35911458333333335 0.05 0.0296875
0 0.3731481481481482 0.3794270833333333 0.03888888888888889 0.024479166666666666
0 0.32962962962962966 0.40572916666666664 0.04259259259259259 0.026041666666666668
0 0.036111111111111115 0.39296875 0.053703703703703705 0.027604166666666666
0 0.08240740740740742 0.3052083333333333 0.031481481481481485 0.021875
0 0.020370370370370372 0.10755208333333333 0.03888888888888889 0.033854166666666664
0 0.5444444444444445 0.22682291666666665 0.05185185185185186 0.034895833333333334
0 0.5189814814814815 0.15625 0.049074074074074076 0.034375
0 0.4476851851851852 0.203125 0.03425925925925926 0.026041666666666668
0 0.4078703703703704 0.20260416666666667 0.036111111111111115 0.030208333333333334
0 0.3685185185185185 0.19401041666666666 0.040740740740740744 0.028645833333333332
0 0.4518518518518519 0.12369791666666667 0.040740740740740744 0.0328125
0 0.44074074074074077 0.18229166666666666 0.05 0.030208333333333334
0 0.45462962962962966 0.0765625 0.05185185185185186 0.046875
0 0.05092592592592593 0.6252604166666667 0.03518518518518519 0.028645833333333332
0 0.015277777777777779 0.04635416666666667 0.026851851851851852 0.036458333333333336
0 0.5833333333333334 0.7361979166666667 0.040740740740740744 0.028645833333333332
0 0.6472222222222223 0.5997395833333333 0.040740740740740744 0.0296875
0 0.5458333333333334 0.5333333333333333 0.03981481481481482 0.020833333333333332
0 0.4791666666666667 0.54296875 0.03981481481481482 0.0140625
0 0.5680555555555555 0.41380208333333335 0.02314814814814815 0.0140625
0 0.7074074074074075 0.7932291666666667 0.03888888888888889 0.03125
0 0.7935185185185185 0.9052083333333333 0.05 0.0375
0 0.9425925925925926 0.7203125 0.03518518518518519 0.016666666666666666
0 0.9717592592592593 0.6552083333333333 0.05277777777777778 0.03229166666666666
0 0.9319444444444445 0.615625 0.058333333333333334 0.029166666666666667
0 0.8560185185185185 0.6484375 0.04351851851851852 0.025
0 0.9351851851851852 0.5278645833333333 0.031481481481481485 0.021354166666666667
0 0.8467592592592593 0.3380208333333333 0.03981481481481482 0.02395833333333333
0 0.9305555555555556 0.3151041666666667 0.04814814814814815 0.029166666666666667
0 0.9277777777777778 0.23203125 0.0462962962962963 0.030729166666666665
0 0.788425925925926 0.5502604166666667 0.04351851851851852 0.025520833333333333
0 0.7685185185185186 0.5638020833333334 0.04259259259259259 0.021354166666666667
0 0.9416666666666667 0.7432291666666666 0.03518518518518519 0.021875
0 0.8236111111111112 0.65078125 0.025 0.018229166666666668
0 0.8023148148148148 0.6770833333333334 0.025 0.016666666666666666
0 0.8564814814814815 0.6723958333333333 0.040740740740740744 0.021875
