0 0.014814814814814815 0.9848958333333333 0.02777777777777778 0.03125
0 0.05324074074074074 0.51015625 0.04722222222222222 0.015104166666666667
0 0.03564814814814815 0.46510416666666665 0.062037037037037036 0.03333333333333333
0 0.1375 0.65 0.049074074074074076 0.027083333333333334
0 0.19768518518518519 0.7138020833333333 0.032407407407407406 0.0296875
0 0.32685185185185184 0.77734375 0.016666666666666666 0.018229166666666668
0 0.37222222222222223 0.7309895833333333 0.044444444444444446 0.025520833333333333
0 0.3944444444444445 0.6828125 0.02777777777777778 0.01875
0 0.3523148148148148 0.6729166666666666 0.028703703703703703 0.019791666666666666
0 0.3 0.6591145833333333 0.04814814814814815 0.0234375
0 0.4851851851851852 0.7908854166666667 0.0462962962962963 0.0390625
0 0.5865740740740741 0.6869791666666667 0.03425925925925926 0.020833333333333332
0 0.5162037037037037 0.6481770833333333 0.03425925925925926 0.021354166666666667
0 0.47731481481481486 0.6440104166666667 0.049074074074074076 0.030729166666666665
0 0.37083333333333335 0.5575520833333333 0.032407407407407406 0.0203125
0 0.4046296296296297 0.5627604166666667 0.03888888888888889 0.018229166666666668
0 0.576388888888889 0.5052083333333334 0.03981481481481482 0.020833333333333332
0 0.5976851851851852 0.4713541666666667 0.025 0.014583333333333334
0 0.325 0.40859375 0.05 0.028645833333333332
0 0.5717592592592593 0.4614583333333333 0.03425925925925926 0.019791666666666666
0 0.5578703703703703 0.4361979166666667 0.019444444444444445 0.01614583333333333
0 0.5662037037037038 0.375 0.04351851851851852 0.025
0 0.513888888888889 0.3255208333333333 0.044444444444444446 0.028125
0 0.5194444444444445 0.36432291666666666 0.02962962962962963 0.0171875
0 0.4476851851851852 0.334375 0.04351851851851852 0.028125
0 0.40185185185185185 0.4046875 0.04814814814814815 0.030208333333333334
0 0.38472222222222224 0.36041666666666666 0.049074074074074076 0.029166666666666667
0 0.36388888888888893 0.3802083333333333 0.03888888888888889 0.02395833333333333
0 0.027314814814814816 0.39296875 0.05277777777777778 0.028645833333333332
0 0.07361111111111111 0.3065104166666667 0.030555555555555558 0.022395833333333334
0 0.016666666666666666 0.10989583333333333 0.02962962962962963 0.03333333333333333
0 0.5351851851851852 0.22864583333333333 0.05185185185185186 0.034375
0 0.5087962962962963 0.15833333333333333 0.049074074074074076 0.034375
0 0.437962962962963 0.20494791666666667 0.03333333333333333 0.0265625
0 0.39861111111111114 0.20390624999999998 0.036111111111111115 0.0296875
0 0.3597222222222222 0.19583333333333333 0.04166666666666667 0.029166666666666667
0 0.44351851851851853 0.12552083333333333 0.040740740740740744 0.03333333333333333
0 0.4305555555555556 0.184375 0.05 0.030208333333333334
0 0.4449074074074074 0.07890625 0.05277777777777778 0.04635416666666667
0 0.04027777777777778 0.6255208333333333 0.03425925925925926 0.028125
0 0.575462962962963 0.7361979166666667 0.036111111111111115 0.0296875
0 0.6351851851851852 0.6 0.040740740740740744 0.03125
0 0.5370370370370371 0.5346354166666667 0.03518518518518519 0.0203125
0 0.4726851851851852 0.5453125 0.03425925925925926 0.016666666666666666
0 0.5592592592592592 0.4153645833333333 0.022222222222222223 0.0140625
0 0.6972222222222223 0.79296875 0.037037037037037035 0.0265625
0 0.7810185185185186 0.90625 0.049074074074074076 0.0375
0 0.9310185185185186 0.7216145833333333 0.036111111111111115 0.01614583333333333
0 0.9615740740740741 0.65625 0.05462962962962963 0.03229166666666666
0 0.924537037037037 0.61640625 0.05277777777777778 0.028645833333333332
0 0.8453703703703704 0.6497395833333334 0.04259259259259259 0.0234375
0 0.924537037037037 0.5291666666666667 0.032407407407407406 0.021875
0 0.987962962962963 0.51328125 0.024074074074074074 0.013020833333333334
0 0.8388888888888889 0.34010416666666665 0.03888888888888889 0.022916666666666665
0 0.9189814814814815 0.3169270833333333 0.04722222222222222 0.028645833333333332
0 0.9175925925925926 0.23463541666666665 0.0462962962962963 0.030729166666666665
0 0.9865740740740742 0.2700520833333333 0.026851851851851852 0.0234375
0 0.7777777777777778 0.5510416666666667 0.044444444444444446 0.026041666666666668
0 0.7578703703703704 0.56484375 0.04351851851851852 0.021354166666666667
0 0.9300925925925926 0.74453125 0.036111111111111115 0.022395833333333334
0 0.812962962962963 0.6520833333333333 0.024074074074074074 0.01875
0 0.7921296296296296 0.678125 0.025 0.016666666666666666
0 0.8458333333333333 0.6739583333333333 0.03796296296296296 0.022916666666666665
