0 0.022222222222222223 0.5125 0.04259259259259259 0.015625
0 0.018518518518518517 0.46770833333333334 0.03333333333333333 0.034375
0 0.10972222222222222 0.6526041666666667 0.049074074074074076 0.027083333333333334
0 0.17037037037037037 0.7161458333333334 0.037037037037037035 0.030208333333333334
0 0.2986111111111111 0.7809895833333333 0.01388888888888889 0.0171875
0 0.3439814814814815 0.7346354166666667 0.04722222222222222 0.024479166666666666
0 0.3689814814814815 0.6861979166666666 0.028703703703703703 0.019270833333333334
0 0.3287037037037037 0.6734375 0.03333333333333333 0.019791666666666666
0 0.27083333333333337 0.6609375 0.049074074074074076 0.025
0 0.4462962962962963 0.7932291666666667 0.044444444444444446 0.03958333333333333
0 0.4791666666666667 0.65078125 0.032407407407407406 0.021354166666666667
0 0.44212962962962965 0.6473958333333333 0.04722222222222222 0.03125
0 0.33981481481481485 0.56015625 0.031481481481481485 0.019270833333333334
0 0.3736111111111111 0.5661458333333333 0.036111111111111115 0.01875
0 0.5472222222222223 0.509375 0.03888888888888889 0.020833333333333332
0 0.5481481481481482 0.46640624999999997 0.040740740740740744 0.021354166666666667
0 0.5356481481481482 0.440625 0.017592592592592594 0.015625
0 0.5388888888888889 0.37994791666666666 0.04259259259259259 0.025520833333333333
0 0.48379629629629634 0.33151041666666664 0.04351851851851852 0.027604166666666666
0 0.49212962962962964 0.3697916666666667 0.030555555555555558 0.017708333333333333
0 0.42129629629629634 0.3403645833333333 0.04259259259259259 0.027604166666666666
0 0.375 0.409375 0.04814814814814815 0.030208333333333334
0 0.3578703703703704 0.3651041666666667 0.049074074074074076 0.029166666666666667
0 0.33611111111111114 0.38515625 0.037037037037037035 0.0234375
0 0.2949074074074074 0.4127604166666667 0.04351851851851852 0.0296875
0 0.014814814814814815 0.39817708333333335 0.02777777777777778 0.0265625
0 0.017592592592592594 0.30885416666666665 0.02962962962962963 0.01875
0 0.05555555555555556 0.3106770833333333 0.037037037037037035 0.021354166666666667
0 0.5046296296296297 0.2359375 0.05185185185185186 0.03333333333333333
0 0.4777777777777778 0.1671875 0.04814814814814815 0.03333333333333333
0 0.4101851851851852 0.21302083333333333 0.03333333333333333 0.026041666666666668
0 0.3703703703703704 0.2125 0.03518518518518519 0.029166666666666667
0 0.3314814814814815 0.20364583333333333 0.040740740740740744 0.028125
0 0.41574074074074074 0.13567708333333334 0.040740740740740744 0.033854166666666664
0 0.40046296296296297 0.19270833333333334 0.049074074074074076 0.030208333333333334
0 0.412962962962963 0.08958333333333333 0.05185185185185186 0.04583333333333333
0 0.0125 0.628125 0.02314814814814815 0.028125
0 0.5467592592592593 0.7395833333333334 0.032407407407407406 0.027083333333333334
0 0.5921296296296297 0.603125 0.03796296296296296 0.02395833333333333
0 0.4828703703703704 0.5283854166666666 0.017592592592592594 0.018229166666666668
0 0.4444444444444445 0.54921875 0.02962962962962963 0.015104166666666667
0 0.5333333333333333 0.4200520833333333 0.024074074074074074 0.013020833333333334
0 0.662962962962963 0.7958333333333333 0.03518518518518519 0.027083333333333334
0 0.7453703703703703 0.9096354166666667 0.04814814814814815 0.03802083333333333
0 0.976388888888889 0.7229166666666667 0.04722222222222222 0.029166666666666667
0 0.8912037037037037 0.7260416666666667 0.030555555555555558 0.017708333333333333
0 0.9240740740740742 0.6596354166666667 0.053703703703703705 0.03177083333333333
0 0.9680555555555556 0.6403645833333333 0.04537037037037037 0.022395833333333334
0 0.8907407407407407 0.6203125 0.05 0.028125
0 0.8148148148148149 0.6515625 0.0462962962962963 0.021875
0 0.9861111111111112 0.5359375 0.02777777777777778 0.022916666666666665
0 0.8935185185185186 0.5333333333333333 0.02962962962962963 0.021875
0 0.962037037037037 0.5161458333333333 0.03888888888888889 0.015625
0 0.9865740740740742 0.44817708333333334 0.026851851851851852 0.025520833333333333
0 0.8120370370370371 0.34609375 0.037037037037037035 0.0234375
0 0.8833333333333334 0.32395833333333335 0.0462962962962963 0.028125
0 0.8824074074074074 0.24296874999999998 0.044444444444444446 0.0296875
0 0.9615740740740741 0.27578125 0.04351851851851852 0.025520833333333333
0 0.7472222222222222 0.55546875 0.044444444444444446 0.024479166666666666
0 0.7291666666666667 0.5684895833333333 0.04166666666666667 0.0203125
0 0.8949074074074075 0.7479166666666667 0.032407407407407406 0.021875
0 0.7824074074074074 0.65546875 0.022222222222222223 0.018229166666666668
0 0.7615740740740741 0.6817708333333333 0.021296296296296296 0.016666666666666666
0 0.812962962962963 0.6778645833333333 0.037037037037037035 0.0234375
