0 0.08981481481481482 0.6549479166666666 0.05 0.027604166666666666
0 0.14907407407407408 0.7184895833333333 0.037037037037037035 0.030729166666666665
0 0.2814814814814815 0.78359375 0.012962962962962964 0.01614583333333333
0 0.32685185185185184 0.7369791666666666 0.0462962962962963 0.025
0 0.3527777777777778 0.6888020833333334 0.02962962962962963 0.018229166666666668
0 0.3138888888888889 0.67734375 0.031481481481481485 0.021354166666666667
0 0.25277777777777777 0.6625 0.05 0.026041666666666668
0 0.4203703703703704 0.7953125 0.044444444444444446 0.03958333333333333
0 0.4537037037037037 0.653125 0.031481481481481485 0.020833333333333332
0 0.4175925925925926 0.64921875 0.0462962962962963 0.030729166666666665
0 0.3180555555555556 0.5638020833333334 0.03425925925925926 0.019270833333333334
0 0.3523148148148148 0.5684895833333333 0.03425925925925926 0.018229166666666668
0 0.5263888888888889 0.5119791666666667 0.03796296296296296 0.020833333333333332
0 0.5305555555555556 0.46796875 0.0462962962962963 0.021354166666666667
0 0.5199074074074074 0.4432291666666667 0.017592592592592594 0.015625
0 0.5189814814814815 0.38359375 0.04351851851851852 0.024479166666666666
0 0.4615740740740741 0.33541666666666664 0.04351851851851852 0.028125
0 0.47314814814814815 0.37265625 0.03333333333333333 0.0171875
0 0.40185185185185185 0.34322916666666664 0.044444444444444446 0.028125
0 0.35462962962962963 0.4119791666666667 0.04814814814814815 0.030208333333333334
0 0.3375 0.36953125 0.05092592592592593 0.028645833333333332
0 0.31712962962962965 0.38828125 0.03796296296296296 0.022395833333333334
0 0.2763888888888889 0.41562499999999997 0.04351851851851852 0.029166666666666667
0 0.008796296296296297 0.3111979166666667 0.015740740740740743 0.01614583333333333
0 0.040740740740740744 0.31614583333333335 0.03518518518518519 0.020833333333333332
0 0.48333333333333334 0.24088541666666666 0.05185185185185186 0.033854166666666664
0 0.45555555555555555 0.17317708333333334 0.04814814814814815 0.0328125
0 0.38981481481481484 0.21770833333333334 0.03333333333333333 0.026041666666666668
0 0.3490740740740741 0.21692708333333333 0.03518518518518519 0.028645833333333332
0 0.3111111111111111 0.20859375 0.040740740740740744 0.027604166666666666
0 0.3962962962962963 0.14140625 0.040740740740740744 0.0328125
0 0.37777777777777777 0.19817708333333334 0.04814814814814815 0.0296875
0 0.3888888888888889 0.096875 0.05185185185185186 0.04479166666666667
0 0.525 0.7419270833333333 0.03333333333333333 0.027604166666666666
0 0.5750000000000001 0.6059895833333333 0.03518518518518519 0.027604166666666666
0 0.46342592592592596 0.5309895833333333 0.017592592592592594 0.019270833333333334
0 0.425462962962963 0.5515625 0.030555555555555558 0.014583333333333334
0 0.5148148148148148 0.4231770833333333 0.024074074074074074 0.013020833333333334
0 0.6402777777777778 0.7979166666666666 0.03425925925925926 0.027083333333333334
0 0.7226851851851852 0.9119791666666667 0.04722222222222222 0.03854166666666667
0 0.9523148148148148 0.725 0.049074074074074076 0.029166666666666667
0 0.8787037037037038 0.7265625 0.05 0.016666666666666666
0 0.9 0.6614583333333334 0.05185185185185186 0.03229166666666666
0 0.9449074074074074 0.6424479166666667 0.04351851851851852 0.0203125
0 0.8685185185185186 0.6223958333333334 0.04814814814814815 0.028125
0 0.7925925925925926 0.653125 0.044444444444444446 0.020833333333333332
0 0.9810185185185185 0.5674479166666666 0.03796296296296296 0.024479166666666666
0 0.975462962962963 0.53828125 0.049074074074074076 0.0234375
0 0.8736111111111111 0.5364583333333334 0.028703703703703703 0.021875
0 0.9393518518518519 0.5184895833333333 0.03981481481481482 0.01614583333333333
0 0.9819444444444445 0.48593749999999997 0.03425925925925926 0.020833333333333332
0 0.9731481481481482 0.45026041666666666 0.05 0.027604166666666666
0 0.7939814814814815 0.3494791666666667 0.03796296296296296 0.022916666666666665
0 0.8601851851851852 0.32760416666666664 0.0462962962962963 0.027083333333333334
0 0.8587962962962963 0.24687499999999998 0.04351851851851852 0.030208333333333334
0 0.9388888888888889 0.2794270833333333 0.04259259259259259 0.0265625
0 0.7268518518518519 0.5575520833333333 0.04259259259259259 0.024479166666666666
0 0.7087962962962964 0.5705729166666667 0.04166666666666667 0.0203125
0 0.8745370370370371 0.7497395833333333 0.032407407407407406 0.022395833333333334
0 0.7615740740740741 0.6575520833333334 0.021296296296296296 0.018229166666666668
0 0.7421296296296297 0.68359375 0.021296296296296296 0.01614583333333333
0 0.7907407407407407 0.6791666666666667 0.03518518518518519 0.025
