0 0.04537037037037037 0.65859375 0.05185185185185186 0.028645833333333332
0 0.10231481481481482 0.72265625 0.036111111111111115 0.0296875
0 0.28564814814814815 0.740625 0.04351851851851852 0.02395833333333333
0 0.3138888888888889 0.6924479166666666 0.02777777777777778 0.018229166666666668
0 0.5337962962962963 0.48359375 0.02314814814814815 0.015104166666666667
0 0.27222222222222225 0.6802083333333333 0.03888888888888889 0.021875
0 0.20972222222222223 0.6661458333333333 0.04722222222222222 0.027083333333333334
0 0.3648148148148148 0.7989583333333333 0.044444444444444446 0.03854166666666667
0 0.3995370370370371 0.6559895833333333 0.032407407407407406 0.021354166666666667
0 0.3648148148148148 0.65234375 0.044444444444444446 0.030729166666666665
0 0.3055555555555556 0.5723958333333333 0.02962962962962963 0.017708333333333333
0 0.4828703703703704 0.515625 0.03981481481481482 0.020833333333333332
0 0.49953703703703706 0.47109375 0.03796296296296296 0.0203125
0 0.48333333333333334 0.44635416666666666 0.020370370370370372 0.015625
0 0.26805555555555555 0.15104166666666666 0.026851851851851852 0.028125
0 0.4763888888888889 0.38697916666666665 0.04351851851851852 0.02395833333333333
0 0.41620370370370374 0.33958333333333335 0.04351851851851852 0.027083333333333334
0 0.4305555555555556 0.3768229166666667 0.03333333333333333 0.018229166666666668
0 0.36064814814814816 0.34713541666666664 0.04351851851851852 0.027604166666666666
0 0.3125 0.4153645833333333 0.049074074074074076 0.0296875
0 0.29305555555555557 0.3734375 0.05092592592592593 0.028125
0 0.27314814814814814 0.3919270833333333 0.037037037037037035 0.022395833333333334
0 0.23842592592592593 0.4197916666666667 0.058333333333333334 0.029166666666666667
0 0.437962962962963 0.24635416666666665 0.05185185185185186 0.03333333333333333
0 0.4078703703703704 0.17890625 0.04722222222222222 0.0328125
0 0.3453703703703704 0.22265625 0.03518518518518519 0.025520833333333333
0 0.30694444444444446 0.22265625 0.04351851851851852 0.027604166666666666
0 0.2652777777777778 0.2140625 0.03981481481481482 0.027083333333333334
0 0.350462962962963 0.14817708333333332 0.03981481481481482 0.03177083333333333
0 0.33101851851851855 0.20390624999999998 0.04722222222222222 0.0296875
0 0.3388888888888889 0.10416666666666667 0.053703703703703705 0.04375
0 0.4759259259259259 0.7440104166666667 0.040740740740740744 0.03177083333333333
0 0.5208333333333334 0.6080729166666666 0.036111111111111115 0.025520833333333333
0 0.46111111111111114 0.5375 0.02962962962962963 0.014583333333333334
0 0.4273148148148148 0.5346354166666667 0.032407407407407406 0.019270833333333334
0 0.3814814814814815 0.5549479166666667 0.031481481481481485 0.015104166666666667
0 0.5944444444444444 0.8015625 0.03888888888888889 0.025
0 0.6712962962962963 0.91640625 0.0462962962962963 0.03802083333333333
0 0.9833333333333334 0.8713541666666667 0.03333333333333333 0.03958333333333333
0 0.9013888888888889 0.7276041666666666 0.04722222222222222 0.029166666666666667
0 0.8268518518518518 0.7296875 0.04814814814814815 0.015625
0 0.85 0.6640625 0.05 0.03229166666666666
0 0.8972222222222223 0.6450520833333333 0.0462962962962963 0.019270833333333334
0 0.8199074074074074 0.625 0.04722222222222222 0.028125
0 0.7523148148148149 0.6515625 0.030555555555555558 0.017708333333333333
0 0.9412037037037038 0.5700520833333333 0.04351851851851852 0.024479166666666666
0 0.9287037037037037 0.5411458333333333 0.04814814814814815 0.022916666666666665
0 0.8310185185185186 0.5390625 0.028703703703703703 0.022916666666666665
0 0.8912037037037037 0.52109375 0.03981481481481482 0.01614583333333333
0 0.9351851851851852 0.4895833333333333 0.037037037037037035 0.020833333333333332
0 0.9222222222222223 0.4544270833333333 0.0462962962962963 0.024479166666666666
0 0.7564814814814815 0.35390625 0.03888888888888889 0.022395833333333334
0 0.8125 0.3325520833333333 0.04537037037037037 0.0265625
0 0.8106481481481482 0.2518229166666667 0.04166666666666667 0.0296875
0 0.8930555555555556 0.28411458333333334 0.04166666666666667 0.024479166666666666
0 0.9708333333333333 0.25286458333333334 0.04166666666666667 0.0234375
0 0.6824074074074075 0.56015625 0.04259259259259259 0.024479166666666666
0 0.6662037037037037 0.5736979166666667 0.03981481481481482 0.019270833333333334
0 0.8282407407407407 0.75078125 0.030555555555555558 0.025520833333333333
0 0.7180555555555556 0.659375 0.021296296296296296 0.017708333333333333
0 0.7055555555555556 0.6864583333333333 0.02777777777777778 0.016666666666666666
0 0.7458333333333333 0.68125 0.03425925925925926 0.02395833333333333
