0 0.033796296296296297 0.6588541666666666 0.05092592592592593 0.028125
0 0.09027777777777778 0.7234375 0.036111111111111115 0.030208333333333334
0 0.274537037037037 0.7408854166666666 0.04166666666666667 0.0234375
0 0.30185185185185187 0.6924479166666666 0.024074074074074074 0.018229166666666668
0 0.26157407407407407 0.68046875 0.03981481481481482 0.021354166666666667
0 0.19675925925925927 0.6666666666666666 0.05092592592592593 0.027083333333333334
0 0.350462962962963 0.8 0.04351851851851852 0.03854166666666667
0 0.3861111111111111 0.6565104166666667 0.031481481481481485 0.021354166666666667
0 0.3509259259259259 0.6528645833333333 0.04259259259259259 0.030729166666666665
0 0.3199074074074074 0.6375 0.026851851851851852 0.019791666666666666
0 0.29305555555555557 0.5729166666666666 0.028703703703703703 0.017708333333333333
0 0.4726851851851852 0.5158854166666667 0.03981481481481482 0.021354166666666667
0 0.5236111111111111 0.48385416666666664 0.026851851851851852 0.013541666666666667
0 0.4902777777777778 0.4708333333333333 0.03981481481481482 0.020833333333333332
0 0.4759259259259259 0.4466145833333333 0.016666666666666666 0.015104166666666667
0 0.4666666666666667 0.3875 0.04259259259259259 0.02395833333333333
0 0.4046296296296297 0.34010416666666665 0.044444444444444446 0.027083333333333334
0 0.4203703703703704 0.37734375 0.03518518518518519 0.018229166666666668
0 0.35000000000000003 0.34765625 0.044444444444444446 0.027604166666666666
0 0.3013888888888889 0.4158854166666667 0.049074074074074076 0.0296875
0 0.28194444444444444 0.3736979166666667 0.05092592592592593 0.028645833333333332
0 0.26157407407407407 0.3919270833333333 0.03796296296296296 0.022395833333333334
0 0.22731481481481483 0.4200520833333333 0.058333333333333334 0.028645833333333332
0 0.3888888888888889 0.01796875 0.05 0.033854166666666664
0 0.42685185185185187 0.24661458333333333 0.05185185185185186 0.0328125
0 0.3962962962962963 0.17942708333333332 0.04814814814814815 0.0328125
0 0.33425925925925926 0.22291666666666665 0.03518518518518519 0.026041666666666668
0 0.29583333333333334 0.22291666666666665 0.04351851851851852 0.027083333333333334
0 0.25416666666666665 0.21432291666666667 0.03796296296296296 0.027604166666666666
0 0.33981481481481485 0.1484375 0.040740740740740744 0.03125
0 0.3189814814814815 0.20390624999999998 0.04722222222222222 0.0296875
0 0.32731481481481484 0.10442708333333334 0.05462962962962963 0.043229166666666666
0 0.2569444444444445 0.15182291666666667 0.028703703703703703 0.027604166666666666
0 0.4638888888888889 0.7453125 0.04259259259259259 0.03125
0 0.5078703703703704 0.6083333333333333 0.036111111111111115 0.026041666666666668
0 0.4513888888888889 0.5377604166666666 0.028703703703703703 0.015104166666666667
0 0.4185185185185185 0.5341145833333333 0.03333333333333333 0.01614583333333333
0 0.3699074074074074 0.5559895833333334 0.030555555555555558 0.015104166666666667
0 0.5828703703703704 0.8026041666666667 0.04166666666666667 0.02395833333333333
0 0.6578703703703704 0.9166666666666666 0.04537037037037037 0.03854166666666667
0 0.976388888888889 0.8729166666666667 0.04351851851851852 0.040625
0 0.887962962962963 0.728125 0.0462962962962963 0.029166666666666667
0 0.8157407407407408 0.7294270833333333 0.04814814814814815 0.01614583333333333
0 0.837962962962963 0.6643229166666667 0.05 0.0328125
0 0.8856481481481482 0.6455729166666666 0.04537037037037037 0.019270833333333334
0 0.8078703703703703 0.625 0.04722222222222222 0.028125
0 0.7402777777777778 0.6526041666666667 0.032407407407407406 0.017708333333333333
0 0.9305555555555556 0.5700520833333333 0.044444444444444446 0.024479166666666666
0 0.9166666666666667 0.5411458333333333 0.04814814814814815 0.022916666666666665
0 0.8203703703703704 0.5393229166666667 0.02777777777777778 0.022395833333333334
0 0.8787037037037038 0.52109375 0.040740740740740744 0.01614583333333333
0 0.9240740740740742 0.4895833333333333 0.037037037037037035 0.020833333333333332
0 0.9101851851851852 0.4549479166666667 0.044444444444444446 0.024479166666666666
0 0.7490740740740741 0.35494791666666664 0.037037037037037035 0.021354166666666667
0 0.8018518518518519 0.3325520833333333 0.0462962962962963 0.0265625
0 0.8 0.25234375 0.04259259259259259 0.0296875
0 0.8819444444444445 0.284375 0.04166666666666667 0.025
0 0.9606481481481481 0.253125 0.04351851851851852 0.02395833333333333
0 0.9851851851851853 0.27291666666666664 0.02962962962962963 0.028125
0 0.6712962962962963 0.5604166666666667 0.04259259259259259 0.02395833333333333
0 0.6555555555555556 0.5736979166666667 0.040740740740740744 0.019270833333333334
0 0.8152777777777778 0.7513020833333334 0.030555555555555558 0.025520833333333333
0 0.7064814814814815 0.6604166666666667 0.020370370370370372 0.017708333333333333
0 0.6944444444444444 0.6864583333333333 0.02962962962962963 0.016666666666666666
0 0.7333333333333334 0.6815104166666667 0.03518518518518519 0.024479166666666666
