0 0.02361111111111111 0.6591145833333333 0.04537037037037037 0.028645833333333332
0 0.07685185185185185 0.7236979166666666 0.03518518518518519 0.0296875
0 0.26203703703703707 0.7411458333333333 0.03888888888888889 0.022916666666666665
0 0.29074074074074074 0.69296875 0.022222222222222223 0.018229166666666668
0 0.25092592592592594 0.6807291666666666 0.040740740740740744 0.022916666666666665
0 0.18564814814814815 0.6669270833333333 0.049074074074074076 0.027604166666666666
0 0.33611111111111114 0.8 0.04259259259259259 0.03854166666666667
0 0.3717592592592593 0.65703125 0.032407407407407406 0.021354166666666667
0 0.337037037037037 0.653125 0.04259259259259259 0.030208333333333334
0 0.3060185185185185 0.6380208333333334 0.030555555555555558 0.01875
0 0.2800925925925926 0.5731770833333333 0.028703703703703703 0.0171875
0 0.4601851851851852 0.515625 0.03888888888888889 0.020833333333333332
0 0.513888888888889 0.48359375 0.02777777777777778 0.0140625
0 0.4814814814814815 0.4713541666666667 0.03888888888888889 0.020833333333333332
0 0.46805555555555556 0.44687499999999997 0.015740740740740743 0.015625
0 0.4564814814814815 0.3875 0.04259259259259259 0.02395833333333333
0 0.3925925925925926 0.33958333333333335 0.044444444444444446 0.027083333333333334
0 0.4101851851851852 0.37734375 0.037037037037037035 0.0171875
0 0.33796296296296297 0.34739583333333335 0.044444444444444446 0.027083333333333334
0 0.28935185185185186 0.41562499999999997 0.05092592592592593 0.029166666666666667
0 0.27083333333333337 0.3734375 0.05277777777777778 0.028125
0 0.250462962962963 0.39166666666666666 0.03796296296296296 0.021875
0 0.21481481481481482 0.4200520833333333 0.05925925925925926 0.028645833333333332
0 0.05092592592592593 0.33567708333333335 0.04814814814814815 0.021354166666666667
0 0.41574074074074074 0.24609375 0.05185185185185186 0.0328125
0 0.3837962962962963 0.17864583333333334 0.04722222222222222 0.03333333333333333
0 0.3226851851851852 0.22239583333333332 0.036111111111111115 0.026041666666666668
0 0.35833333333333334 0.55625 0.03333333333333333 0.014583333333333334
0 0.2833333333333333 0.22239583333333332 0.04259259259259259 0.028125
0 0.24166666666666667 0.2140625 0.03888888888888889 0.027083333333333334
0 0.3287037037037037 0.14817708333333332 0.040740740740740744 0.030729166666666665
0 0.30694444444444446 0.20390624999999998 0.04722222222222222 0.0296875
0 0.3143518518518519 0.10390624999999999 0.05462962962962963 0.044270833333333336
0 0.24444444444444446 0.1515625 0.02777777777777778 0.028125
0 0.3736111111111111 0.017447916666666667 0.06018518518518519 0.028645833333333332
0 0.4518518518518519 0.7455729166666667 0.040740740740740744 0.0296875
0 0.49444444444444446 0.6088541666666667 0.037037037037037035 0.026041666666666668
0 0.44027777777777777 0.5380208333333333 0.030555555555555558 0.015625
0 0.4064814814814815 0.5338541666666666 0.03333333333333333 0.015625
0 0.5712962962962963 0.8026041666666667 0.04259259259259259 0.022916666666666665
0 0.6449074074074075 0.9169270833333333 0.04537037037037037 0.03802083333333333
0 0.962962962962963 0.8734375 0.04259259259259259 0.041666666666666664
0 0.875 0.7276041666666666 0.0462962962962963 0.029166666666666667
0 0.8023148148148148 0.7302083333333333 0.04537037037037037 0.015625
0 0.825462962962963 0.6643229166666667 0.049074074074074076 0.0328125
0 0.8736111111111111 0.6450520833333333 0.04351851851851852 0.019270833333333334
0 0.7958333333333334 0.6252604166666667 0.04722222222222222 0.028645833333333332
0 0.7273148148148149 0.653125 0.032407407407407406 0.017708333333333333
0 0.9189814814814815 0.5703125 0.04351851851851852 0.025
0 0.9041666666666667 0.5408854166666667 0.04722222222222222 0.0234375
0 0.8097222222222222 0.5390625 0.026851851851851852 0.021875
0 0.8675925925925926 0.52109375 0.040740740740740744 0.01614583333333333
0 0.9115740740740741 0.48932291666666666 0.03796296296296296 0.021354166666666667
0 0.8972222222222223 0.45468749999999997 0.044444444444444446 0.02395833333333333
0 0.737962962962963 0.3559895833333333 0.037037037037037035 0.018229166666666668
0 0.7898148148148149 0.3328125 0.044444444444444446 0.027083333333333334
0 0.787962962962963 0.25234375 0.04259259259259259 0.0296875
0 0.8699074074074075 0.28463541666666664 0.04166666666666667 0.024479166666666666
0 0.9495370370370371 0.25286458333333334 0.04351851851851852 0.0234375
0 0.9800925925925926 0.2721354166666667 0.03981481481481482 0.028645833333333332
0 0.6601851851851852 0.5606770833333333 0.040740740740740744 0.024479166666666666
0 0.6453703703703704 0.5731770833333333 0.040740740740740744 0.019270833333333334
0 0.8041666666666667 0.7518229166666667 0.030555555555555558 0.024479166666666666
0 0.6953703703703704 0.659375 0.020370370370370372 0.017708333333333333
0 0.6824074074074075 0.6861979166666666 0.031481481481481485 0.0171875
0 0.7231481481481482 0.6815104166666667 0.03333333333333333 0.024479166666666666
