0 0.9777777777777779 0.659375 0.044444444444444446 0.029166666666666667
0 0.925 0.7236979166666666 0.03518518518518519 0.0296875
0 0.7398148148148148 0.7411458333333333 0.03888888888888889 0.022916666666666665
0 0.7111111111111111 0.69296875 0.022222222222222223 0.018229166666666668
0 0.750925925925926 0.6807291666666666 0.040740740740740744 0.022916666666666665
0 0.8162037037037038 0.6669270833333333 0.049074074074074076 0.027604166666666666
0 0.6657407407407407 0.8 0.04259259259259259 0.03854166666666667
0 0.6300925925925926 0.65703125 0.032407407407407406 0.021354166666666667
0 0.6648148148148149 0.653125 0.04259259259259259 0.030208333333333334
0 0.6958333333333334 0.6380208333333334 0.030555555555555558 0.01875
0 0.7217592592592593 0.5731770833333333 0.028703703703703703 0.0171875
0 0.5416666666666667 0.515625 0.03888888888888889 0.020833333333333332
0 0.487962962962963 0.48359375 0.02777777777777778 0.0140625
0 0.5203703703703704 0.4713541666666667 0.03888888888888889 0.020833333333333332
0 0.5337962962962963 0.44687499999999997 0.015740740740740743 0.015625
0 0.5453703703703704 0.3875 0.04259259259259259 0.02395833333333333
0 0.6092592592592593 0.33958333333333335 0.044444444444444446 0.027083333333333334
0 0.5916666666666667 0.37734375 0.037037037037037035 0.0171875
0 0.6638888888888889 0.34739583333333335 0.044444444444444446 0.027083333333333334
0 0.7125 0.41562499999999997 0.05092592592592593 0.029166666666666667
0 0.7310185185185185 0.3734375 0.05277777777777778 0.028125
0 0.7513888888888889 0.39166666666666666 0.03796296296296296 0.021875
0 0.7870370370370371 0.4200520833333333 0.05925925925925926 0.028645833333333332
0 0.950925925925926 0.33567708333333335 0.04814814814814815 0.021354166666666667
0 0.5861111111111111 0.24609375 0.05185185185185186 0.0328125
0 0.6180555555555556 0.17864583333333334 0.04722222222222222 0.03333333333333333
0 0.6791666666666667 0.22239583333333332 0.036111111111111115 0.026041666666666668
0 0.6435185185185185 0.55625 0.03333333333333333 0.014583333333333334
0 0.7185185185185186 0.22239583333333332 0.04259259259259259 0.028125
0 0.7601851851851852 0.2140625 0.03888888888888889 0.027083333333333334
0 0.6731481481481482 0.14817708333333332 0.040740740740740744 0.030729166666666665
0 0.6949074074074074 0.20390624999999998 0.04722222222222222 0.0296875
0 0.6875 0.10390624999999999 0.05462962962962963 0.044270833333333336
0 0.7574074074074074 0.1515625 0.02777777777777778 0.028125
0 0.6282407407407408 0.017447916666666667 0.06018518518518519 0.028645833333333332
0 0.55 0.7455729166666667 0.040740740740740744 0.0296875
0 0.5074074074074074 0.6088541666666667 0.037037037037037035 0.026041666666666668
0 0.5615740740740741 0.5380208333333333 0.030555555555555558 0.015625
0 0.5953703703703704 0.5338541666666666 0.03333333333333333 0.015625
0 0.4305555555555556 0.8026041666666667 0.04259259259259259 0.022916666666666665
0 0.35694444444444445 0.9169270833333333 0.04537037037037037 0.03802083333333333
0 0.03888888888888889 0.8734375 0.04259259259259259 0.041666666666666664
0 0.12685185185185185 0.7276041666666666 0.0462962962962963 0.029166666666666667
0 0.19953703703703704 0.7302083333333333 0.04537037037037037 0.015625
0 0.1763888888888889 0.6643229166666667 0.049074074074074076 0.0328125
0 0.12824074074074074 0.6450520833333333 0.04351851851851852 0.019270833333333334
0 0.20601851851851852 0.6252604166666667 0.04722222222222222 0.028645833333333332
0 0.274537037037037 0.653125 0.032407407407407406 0.017708333333333333
0 0.08287037037037037 0.5703125 0.04351851851851852 0.025
0 0.0976851851851852 0.5408854166666667 0.04722222222222222 0.0234375
0 0.19212962962962965 0.5390625 0.026851851851851852 0.021875
0 0.13425925925925927 0.52109375 0.040740740740740744 0.01614583333333333
0 0.09027777777777778 0.48932291666666666 0.03796296296296296 0.021354166666666667
0 0.10462962962962963 0.45468749999999997 0.044444444444444446 0.02395833333333333
0 0.2638888888888889 0.3559895833333333 0.037037037037037035 0.018229166666666668
0 0.21203703703703705 0.3328125 0.044444444444444446 0.027083333333333334
0 0.2138888888888889 0.25234375 0.04259259259259259 0.0296875
0 0.13194444444444445 0.28463541666666664 0.04166666666666667 0.024479166666666666
0 0.052314814814814814 0.25286458333333334 0.04351851851851852 0.0234375
0 0.02175925925925926 0.2721354166666667 0.03981481481481482 0.028645833333333332
0 0.3416666666666667 0.5606770833333333 0.040740740740740744 0.024479166666666666
0 0.3564814814814815 0.5731770833333333 0.040740740740740744 0.019270833333333334
0 0.19768518518518519 0.7518229166666667 0.030555555555555558 0.024479166666666666
0 0.30648148148148147 0.659375 0.020370370370370372 0.017708333333333333
0 0.3194444444444445 0.6861979166666666 0.031481481481481485 0.0171875
0 0.27870370370370373 0.6815104166666667 0.03333333333333333 0.024479166666666666
