0 0.9837962962962963 0.659375 0.032407407407407406 0.029166666666666667
0 0.937962962962963 0.72421875 0.037037037037037035 0.0296875
0 0.7527777777777778 0.7421875 0.03888888888888889 0.02395833333333333
0 0.7226851851851852 0.6927083333333334 0.021296296296296296 0.016666666666666666
0 0.7620370370370371 0.68203125 0.040740740740740744 0.0234375
0 0.8268518518518518 0.6674479166666667 0.04814814814814815 0.027604166666666666
0 0.6805555555555556 0.8010416666666667 0.04259259259259259 0.03854166666666667
0 0.6453703703703704 0.6575520833333334 0.031481481481481485 0.021354166666666667
0 0.6791666666666667 0.65390625 0.04351851851851852 0.030729166666666665
0 0.7111111111111111 0.63828125 0.031481481481481485 0.018229166666666668
0 0.7351851851851852 0.5736979166666667 0.02777777777777778 0.0171875
0 0.5532407407407408 0.5158854166666667 0.03981481481481482 0.021354166666666667
0 0.4990740740740741 0.48359375 0.02962962962962963 0.0140625
0 0.5291666666666667 0.4705729166666667 0.03981481481481482 0.019270833333333334
0 0.5453703703703704 0.44687499999999997 0.016666666666666666 0.016666666666666666
0 0.5569444444444445 0.38697916666666665 0.04351851851851852 0.02395833333333333
0 0.6231481481481481 0.3390625 0.044444444444444446 0.028125
0 0.6041666666666667 0.3770833333333333 0.03796296296296296 0.017708333333333333
0 0.6768518518518519 0.346875 0.044444444444444446 0.027083333333333334
0 0.725462962962963 0.4158854166666667 0.05092592592592593 0.0296875
0 0.7453703703703703 0.3734375 0.053703703703703705 0.029166666666666667
0 0.7648148148148148 0.3921875 0.037037037037037035 0.022916666666666665
0 0.8013888888888889 0.4197916666666667 0.06018518518518519 0.029166666666666667
0 0.5990740740740741 0.24557291666666667 0.05185185185185186 0.0328125
0 0.6328703703703704 0.17786458333333333 0.04722222222222222 0.0328125
0 0.6930555555555555 0.221875 0.036111111111111115 0.026041666666666668
0 0.7319444444444445 0.22213541666666667 0.04351851851851852 0.027604166666666666
0 0.7740740740740741 0.21328125 0.03888888888888889 0.027604166666666666
0 0.6865740740740741 0.14765625 0.04166666666666667 0.030729166666666665
0 0.7097222222222223 0.20338541666666665 0.04722222222222222 0.0296875
0 0.7027777777777778 0.10286458333333333 0.05555555555555556 0.044270833333333336
0 0.7712962962962964 0.15104166666666666 0.02777777777777778 0.028125
0 0.6449074074074075 0.0171875 0.06018518518518519 0.030208333333333334
0 0.5620370370370371 0.7463541666666667 0.04259259259259259 0.030208333333333334
0 0.5217592592592593 0.60859375 0.03796296296296296 0.025520833333333333
0 0.5736111111111112 0.5377604166666666 0.030555555555555558 0.01614583333333333
0 0.6101851851851852 0.5341145833333333 0.02777777777777778 0.0140625
0 0.44351851851851853 0.8036458333333333 0.04259259259259259 0.021875
0 0.36944444444444446 0.9177083333333333 0.0462962962962963 0.03854166666666667
0 0.051388888888888894 0.8734375 0.04351851851851852 0.041666666666666664
0 0.13935185185185187 0.72734375 0.04722222222222222 0.028645833333333332
0 0.21296296296296297 0.7299479166666667 0.0462962962962963 0.01614583333333333
0 0.1902777777777778 0.6640625 0.049074074074074076 0.03333333333333333
0 0.14120370370370372 0.6447916666666667 0.04351851851851852 0.01875
0 0.21944444444444444 0.625 0.0462962962962963 0.029166666666666667
0 0.2884259259259259 0.6520833333333333 0.032407407407407406 0.017708333333333333
0 0.09537037037037037 0.56953125 0.04259259259259259 0.024479166666666666
0 0.1087962962962963 0.540625 0.04722222222222222 0.022916666666666665
0 0.20324074074074075 0.53828125 0.026851851851851852 0.021354166666666667
0 0.14722222222222223 0.5205729166666666 0.040740740740740744 0.01614583333333333
0 0.10046296296296296 0.48828125 0.04166666666666667 0.021354166666666667
0 0.11898148148148148 0.4544270833333333 0.04351851851851852 0.024479166666666666
0 0.27314814814814814 0.35572916666666665 0.03518518518518519 0.017708333333333333
0 0.225 0.33177083333333335 0.044444444444444446 0.027083333333333334
0 0.22731481481481483 0.2518229166666667 0.04166666666666667 0.0296875
0 0.1449074074074074 0.2838541666666667 0.04166666666666667 0.025
0 0.06481481481481481 0.2518229166666667 0.04259259259259259 0.024479166666666666
0 0.030092592592592594 0.2716145833333333 0.04537037037037037 0.028645833333333332
0 0.35324074074074074 0.5604166666666667 0.04166666666666667 0.02395833333333333
0 0.3689814814814815 0.5731770833333333 0.03981481481481482 0.019270833333333334
0 0.2101851851851852 0.7513020833333334 0.02962962962962963 0.025520833333333333
0 0.3180555555555556 0.6598958333333333 0.021296296296296296 0.017708333333333333
0 0.32962962962962966 0.6864583333333333 0.02962962962962963 0.017708333333333333
0 0.29305555555555557 0.6794270833333333 0.036111111111111115 0.024479166666666666
