0 0.9768518518518519 0.7252604166666666 0.03518518518518519 0.0296875
0 0.7912037037037037 0.6815104166666667 0.03981481481481482 0.0234375
0 0.8643518518518519 0.6677083333333333 0.049074074074074076 0.028125
0 0.7245370370370371 0.8020833333333334 0.04166666666666667 0.0375
0 0.687962962962963 0.65703125 0.031481481481481485 0.021354166666666667
0 0.7212962962962963 0.6536458333333334 0.040740740740740744 0.03125
0 0.7537037037037038 0.63828125 0.03333333333333333 0.018229166666666668
0 0.7759259259259259 0.5734375 0.02777777777777778 0.016666666666666666
0 0.5875 0.5140625 0.03981481481481482 0.020833333333333332
0 0.5273148148148148 0.48151041666666666 0.030555555555555558 0.015104166666666667
0 0.5532407407407408 0.46822916666666664 0.03796296296296296 0.017708333333333333
0 0.5699074074074074 0.44505208333333335 0.017592592592592594 0.0171875
0 0.5888888888888889 0.384375 0.0462962962962963 0.02395833333333333
0 0.6606481481481482 0.3364583333333333 0.04537037037037037 0.028125
0 0.6361111111111112 0.37421875 0.037037037037037035 0.0171875
0 0.7125 0.34375 0.04351851851851852 0.028125
0 0.7620370370370371 0.41354166666666664 0.05185185185185186 0.030208333333333334
0 0.7828703703703704 0.37057291666666664 0.05277777777777778 0.028645833333333332
0 0.8018518518518519 0.3893229166666667 0.03888888888888889 0.022395833333333334
0 0.8351851851851853 0.41744791666666664 0.05 0.0296875
0 0.6361111111111112 0.24114583333333334 0.05185185185185186 0.034375
0 0.6717592592592593 0.17317708333333334 0.049074074074074076 0.033854166666666664
0 0.7319444444444445 0.21770833333333334 0.03796296296296296 0.027083333333333334
0 0.7731481481481481 0.21770833333333334 0.044444444444444446 0.028125
0 0.8152777777777778 0.20885416666666667 0.03981481481481482 0.028125
0 0.7245370370370371 0.14348958333333334 0.03796296296296296 0.0296875
0 0.7513888888888889 0.1984375 0.049074074074074076 0.030208333333333334
0 0.7462962962962963 0.09635416666666667 0.05740740740740741 0.04479166666666667
0 0.813425925925926 0.14479166666666665 0.028703703703703703 0.028125
0 0.6851851851851852 0.013802083333333333 0.0462962962962963 0.025520833333333333
0 0.5949074074074074 0.74609375 0.04166666666666667 0.0296875
0 0.562962962962963 0.6080729166666666 0.03888888888888889 0.025520833333333333
0 0.6986111111111112 0.5700520833333333 0.028703703703703703 0.018229166666666668
0 0.6055555555555556 0.5372395833333333 0.03333333333333333 0.0171875
0 0.6375000000000001 0.5322916666666666 0.03425925925925926 0.013541666666666667
0 0.47962962962962963 0.8039062499999999 0.040740740740740744 0.021354166666666667
0 0.40601851851851856 0.9166666666666666 0.04537037037037037 0.03958333333333333
0 0.08657407407407408 0.871875 0.04351851851851852 0.042708333333333334
0 0.030092592592592594 0.8856770833333333 0.049074074074074076 0.034895833333333334
0 0.16712962962962963 0.72578125 0.04166666666666667 0.0328125
0 0.24814814814814815 0.7283854166666667 0.040740740740740744 0.019270833333333334
0 0.22453703703703703 0.6625 0.049074074074074076 0.03333333333333333
0 0.1736111111111111 0.6427083333333333 0.04351851851851852 0.01875
0 0.2523148148148148 0.6231770833333333 0.04722222222222222 0.0296875
0 0.3180555555555556 0.6520833333333333 0.028703703703703703 0.017708333333333333
0 0.12592592592592594 0.5677083333333334 0.0462962962962963 0.02395833333333333
0 0.1398148148148148 0.53828125 0.0462962962962963 0.0234375
0 0.23287037037037037 0.53671875 0.025 0.021354166666666667
0 0.1787037037037037 0.5184895833333333 0.040740740740740744 0.0171875
0 0.018055555555555557 0.50546875 0.032407407407407406 0.024479166666666666
0 0.1337962962962963 0.4861979166666667 0.03796296296296296 0.021354166666666667
0 0.1527777777777778 0.4518229166666667 0.04259259259259259 0.024479166666666666
0 0.02592592592592593 0.4471354166666667 0.04814814814814815 0.030729166666666665
0 0.2972222222222222 0.3502604166666667 0.03888888888888889 0.022395833333333334
0 0.2601851851851852 0.32916666666666666 0.03888888888888889 0.02395833333333333
0 0.25972222222222224 0.24713541666666666 0.04166666666666667 0.0296875
0 0.1736111111111111 0.2796875 0.04166666666666667 0.025
0 0.09305555555555556 0.24791666666666667 0.04166666666666667 0.02395833333333333
0 0.05787037037037037 0.2671875 0.04537037037037037 0.029166666666666667
0 0.3851851851851852 0.5583333333333333 0.040740740740740744 0.02395833333333333
0 0.3995370370370371 0.5721354166666667 0.03981481481481482 0.0203125
0 0.24212962962962964 0.7494791666666667 0.028703703703703703 0.026041666666666668
0 0.35000000000000003 0.6583333333333333 0.020370370370370372 0.016666666666666666
0 0.3180555555555556 0.6799479166666667 0.03981481481481482 0.024479166666666666
