0 0.016666666666666666 0.7252604166666666 0.02962962962962963 0.030729166666666665
0 0.2013888888888889 0.68046875 0.03981481481481482 0.024479166666666666
0 0.1277777777777778 0.6669270833333333 0.05 0.028645833333333332
0 0.26435185185185184 0.8020833333333334 0.04166666666666667 0.0375
0 0.3013888888888889 0.6565104166666667 0.032407407407407406 0.021354166666666667
0 0.26666666666666666 0.653125 0.04259259259259259 0.03125
0 0.2351851851851852 0.6380208333333334 0.03518518518518519 0.01875
0 0.21481481481481482 0.5731770833333333 0.02777777777777778 0.01614583333333333
0 0.4041666666666667 0.51328125 0.03981481481481482 0.021354166666666667
0 0.4671296296296297 0.48020833333333335 0.025 0.014583333333333334
0 0.44074074074074077 0.46796875 0.03888888888888889 0.018229166666666668
0 0.4236111111111111 0.44427083333333334 0.017592592592592594 0.016666666666666666
0 0.4027777777777778 0.38307291666666665 0.0462962962962963 0.024479166666666666
0 0.32962962962962966 0.33489583333333334 0.0462962962962963 0.028125
0 0.35555555555555557 0.3729166666666667 0.03888888888888889 0.017708333333333333
0 0.2791666666666667 0.34270833333333334 0.04351851851851852 0.028125
0 0.22962962962962963 0.4125 0.05185185185185186 0.030208333333333334
0 0.20787037037037037 0.36953125 0.05277777777777778 0.028645833333333332
0 0.18888888888888888 0.3880208333333333 0.03888888888888889 0.022916666666666665
0 0.1550925925925926 0.41692708333333334 0.05092592592592593 0.0296875
0 0.3560185185185185 0.23958333333333334 0.05277777777777778 0.034375
0 0.31712962962962965 0.17109375 0.049074074074074076 0.033854166666666664
0 0.2587962962962963 0.21562499999999998 0.03796296296296296 0.027083333333333334
0 0.21805555555555556 0.21536458333333333 0.04537037037037037 0.028645833333333332
0 0.17453703703703705 0.20703125 0.03981481481481482 0.028645833333333332
0 0.26481481481481484 0.140625 0.03888888888888889 0.03125
0 0.2388888888888889 0.19661458333333334 0.04814814814814815 0.030729166666666665
0 0.2425925925925926 0.09427083333333333 0.05740740740740741 0.04479166666666667
0 0.1763888888888889 0.14270833333333333 0.028703703703703703 0.028125
0 0.30324074074074076 0.01171875 0.05092592592592593 0.021354166666666667
0 0.3962962962962963 0.74609375 0.04259259259259259 0.028645833333333332
0 0.42685185185185187 0.6072916666666667 0.03888888888888889 0.026041666666666668
0 0.29305555555555557 0.5690104166666666 0.032407407407407406 0.019270833333333334
0 0.38703703703703707 0.53671875 0.03333333333333333 0.018229166666666668
0 0.35462962962962963 0.5317708333333333 0.031481481481481485 0.013541666666666667
0 0.40694444444444444 0.39947916666666666 0.03425925925925926 0.011458333333333333
0 0.5106481481481482 0.8036458333333333 0.04166666666666667 0.020833333333333332
0 0.5847222222222223 0.9158854166666667 0.04537037037037037 0.04010416666666666
0 0.9037037037037038 0.8713541666666667 0.04259259259259259 0.042708333333333334
0 0.962037037037037 0.88515625 0.05 0.0359375
0 0.8240740740740741 0.72578125 0.05 0.0296875
0 0.7467592592592592 0.7278645833333334 0.05277777777777778 0.018229166666666668
0 0.7671296296296296 0.6622395833333333 0.049074074074074076 0.0328125
0 0.8171296296296297 0.6424479166666667 0.04351851851851852 0.019270833333333334
0 0.7393518518518519 0.62265625 0.049074074074074076 0.028645833333333332
0 0.6736111111111112 0.6515625 0.026851851851851852 0.017708333333333333
0 0.8736111111111111 0.5666666666666667 0.03425925925925926 0.02395833333333333
0 0.8532407407407407 0.5372395833333333 0.04722222222222222 0.0234375
0 0.7962962962962963 0.5591145833333333 0.020370370370370372 0.015104166666666667
0 0.7625000000000001 0.5359375 0.028703703703703703 0.019791666666666666
0 0.8143518518518519 0.5174479166666667 0.04166666666666667 0.0171875
0 0.9787037037037037 0.5046875 0.04259259259259259 0.025
0 0.8597222222222223 0.4856770833333333 0.03796296296296296 0.021354166666666667
0 0.8175925925925926 0.46848958333333335 0.02592592592592593 0.024479166666666666
0 0.8384259259259259 0.4510416666666667 0.04351851851851852 0.02395833333333333
0 0.862962962962963 0.45260416666666664 0.031481481481481485 0.025
0 0.9699074074074074 0.44635416666666666 0.05648148148148149 0.03125
0 0.6976851851851852 0.34921875 0.03981481481481482 0.021354166666666667
0 0.7328703703703704 0.32786458333333335 0.04537037037037037 0.0265625
0 0.7333333333333334 0.24609375 0.04259259259259259 0.0296875
0 0.8199074074074074 0.27838541666666666 0.04166666666666667 0.025520833333333333
0 0.9 0.24609375 0.040740740740740744 0.024479166666666666
0 0.9361111111111111 0.2661458333333333 0.0462962962962963 0.029166666666666667
0 0.6078703703703704 0.5575520833333333 0.04166666666666667 0.0234375
0 0.5944444444444444 0.5713541666666666 0.03888888888888889 0.020833333333333332
0 0.75 0.7484375 0.02962962962962963 0.027083333333333334
0 0.6726851851851852 0.6796875 0.036111111111111115 0.025
