0 0.8166666666666667 0.6799479166666667 0.037037037037037035 0.0265625
0 0.8962962962962964 0.6666666666666666 0.05185185185185186 0.029166666666666667
0 0.7648148148148148 0.80234375 0.040740740740740744 0.03697916666666667
0 0.7268518518518519 0.65703125 0.031481481481481485 0.021354166666666667
0 0.7601851851851852 0.653125 0.040740740740740744 0.03125
0 0.7925925925925926 0.6380208333333334 0.037037037037037035 0.01875
0 0.8125 0.5723958333333333 0.026851851851851852 0.015625
0 0.6180555555555556 0.5130208333333334 0.03981481481481482 0.020833333333333332
0 0.5481481481481482 0.4796875 0.03518518518518519 0.01875
0 0.5768518518518518 0.46770833333333334 0.03888888888888889 0.019791666666666666
0 0.5888888888888889 0.4427083333333333 0.02962962962962963 0.016666666666666666
0 0.6180555555555556 0.38255208333333335 0.04722222222222222 0.024479166666666666
0 0.6958333333333334 0.3333333333333333 0.04722222222222222 0.028125
0 0.6657407407407407 0.37213541666666666 0.037037037037037035 0.0171875
0 0.7449074074074075 0.34140625 0.04351851851851852 0.027604166666666666
0 0.7953703703703704 0.41171874999999997 0.05185185185185186 0.030729166666666665
0 0.8171296296296297 0.36796875 0.05462962962962963 0.028645833333333332
0 0.8351851851851853 0.3872395833333333 0.03888888888888889 0.022395833333333334
0 0.8694444444444445 0.41562499999999997 0.053703703703703705 0.030208333333333334
0 0.6685185185185185 0.2375 0.05185185185185186 0.034375
0 0.7078703703703704 0.16901041666666666 0.049074074074074076 0.033854166666666664
0 0.7666666666666667 0.21380208333333334 0.03888888888888889 0.027604166666666666
0 0.8083333333333333 0.21354166666666666 0.0462962962962963 0.029166666666666667
0 0.8518518518518519 0.2046875 0.040740740740740744 0.028125
0 0.7601851851851852 0.13802083333333334 0.03888888888888889 0.03125
0 0.788425925925926 0.19375 0.049074074074074076 0.03125
0 0.7851851851851852 0.09088541666666666 0.05740740740740741 0.0453125
0 0.850925925925926 0.14010416666666667 0.02962962962962963 0.028125
0 0.7245370370370371 0.009114583333333334 0.058333333333333334 0.01614583333333333
0 0.6268518518518519 0.7442708333333333 0.04259259259259259 0.03333333333333333
0 0.5986111111111111 0.6080729166666666 0.03796296296296296 0.0265625
0 0.7351851851851852 0.5671875 0.022222222222222223 0.021875
0 0.6337962962962963 0.53671875 0.03425925925925926 0.0171875
0 0.6671296296296296 0.5309895833333333 0.030555555555555558 0.013020833333333334
0 0.6143518518518519 0.39921875 0.03425925925925926 0.011979166666666666
0 0.5143518518518518 0.8065104166666667 0.04166666666666667 0.0171875
0 0.4412037037037037 0.9158854166666667 0.04537037037037037 0.04010416666666666
0 0.1212962962962963 0.8713541666666667 0.040740740740740744 0.04375
0 0.0625 0.8848958333333333 0.049074074074074076 0.036458333333333336
0 0.20046296296296298 0.72578125 0.05092592592592593 0.030729166666666665
0 0.27731481481481485 0.7276041666666666 0.04537037037037037 0.021875
0 0.25601851851851853 0.6622395833333333 0.04722222222222222 0.0328125
0 0.20740740740740743 0.6416666666666666 0.044444444444444446 0.019791666666666666
0 0.2828703703703704 0.6223958333333334 0.049074074074074076 0.028125
0 0.34953703703703703 0.6513020833333333 0.028703703703703703 0.0171875
0 0.14907407407407408 0.56640625 0.03518518518518519 0.024479166666666666
0 0.16898148148148148 0.5369791666666667 0.04537037037037037 0.022916666666666665
0 0.2263888888888889 0.55859375 0.019444444444444445 0.015104166666666667
0 0.25833333333333336 0.5338541666666666 0.02962962962962963 0.019791666666666666
0 0.20833333333333334 0.5161458333333333 0.040740740740740744 0.01875
0 0.04259259259259259 0.5049479166666666 0.04259259259259259 0.024479166666666666
0 0.16296296296296298 0.48463541666666665 0.037037037037037035 0.021354166666666667
0 0.2050925925925926 0.4674479166666667 0.028703703703703703 0.022395833333333334
0 0.18611111111111112 0.45 0.044444444444444446 0.02395833333333333
0 0.16111111111111112 0.4518229166666667 0.031481481481481485 0.024479166666666666
0 0.05555555555555556 0.44505208333333335 0.05740740740740741 0.030729166666666665
0 0.3194444444444445 0.3489583333333333 0.037037037037037035 0.020833333333333332
0 0.2884259259259259 0.32708333333333334 0.04351851851851852 0.027083333333333334
0 0.28935185185185186 0.24427083333333333 0.04166666666666667 0.030208333333333334
0 0.20231481481481484 0.27760416666666665 0.04166666666666667 0.026041666666666668
0 0.1212962962962963 0.2453125 0.03888888888888889 0.02395833333333333
0 0.08564814814814815 0.26510416666666664 0.04537037037037037 0.029166666666666667
0 0.41435185185185186 0.5575520833333333 0.04166666666666667 0.0234375
0 0.4273148148148148 0.5716145833333334 0.03796296296296296 0.0203125
0 0.27314814814814814 0.7481770833333333 0.02962962962962963 0.027604166666666666
0 0.350462962962963 0.6794270833333333 0.03425925925925926 0.024479166666666666
