0 0.16712962962962963 0.6815104166666667 0.03981481481481482 0.025520833333333333
0 0.0837962962962963 0.6674479166666667 0.05277777777777778 0.0296875
0 0.21203703703703705 0.8036458333333333 0.04259259259259259 0.036458333333333336
0 0.2490740740740741 0.6580729166666667 0.031481481481481485 0.021354166666666667
0 0.21574074074074076 0.6544270833333333 0.040740740740740744 0.03177083333333333
0 0.18425925925925926 0.6390625 0.037037037037037035 0.01875
0 0.16620370370370371 0.5736979166666667 0.025 0.015104166666666667
0 0.3625 0.51328125 0.04166666666666667 0.021354166666666667
0 0.4361111111111111 0.4796875 0.02962962962962963 0.017708333333333333
0 0.4083333333333333 0.46875 0.03888888888888889 0.020833333333333332
0 0.39675925925925926 0.4427083333333333 0.028703703703703703 0.017708333333333333
0 0.362962962962963 0.3828125 0.0462962962962963 0.025
0 0.2828703703703704 0.3333333333333333 0.04722222222222222 0.028125
0 0.31574074074074077 0.37213541666666666 0.03888888888888889 0.0171875
0 0.2351851851851852 0.3416666666666667 0.044444444444444446 0.027083333333333334
0 0.18425925925925926 0.4114583333333333 0.053703703703703705 0.03125
0 0.1625 0.36796875 0.05462962962962963 0.0296875
0 0.14351851851851852 0.38697916666666665 0.03888888888888889 0.021875
0 0.1087962962962963 0.4161458333333333 0.05462962962962963 0.030208333333333334
0 0.30972222222222223 0.23723958333333334 0.05277777777777778 0.033854166666666664
0 0.26851851851851855 0.16796875 0.05 0.033854166666666664
0 0.2125 0.21328125 0.03981481481481482 0.027604166666666666
0 0.16990740740740742 0.21276041666666667 0.04722222222222222 0.0296875
0 0.12638888888888888 0.20390624999999998 0.04166666666666667 0.0296875
0 0.21805555555555556 0.13776041666666666 0.03981481481481482 0.030729166666666665
0 0.18888888888888888 0.19348958333333333 0.05 0.03177083333333333
0 0.18981481481481483 0.09010416666666667 0.05740740740740741 0.04583333333333333
0 0.125 0.13880208333333333 0.02962962962962963 0.028645833333333332
0 0.18796296296296297 0.140625 0.022222222222222223 0.029166666666666667
0 0.2513888888888889 0.009635416666666667 0.058333333333333334 0.0171875
0 0.3550925925925926 0.7453125 0.04166666666666667 0.03229166666666666
0 0.3787037037037037 0.60859375 0.040740740740740744 0.025520833333333333
0 0.2439814814814815 0.56640625 0.02314814814814815 0.021354166666666667
0 0.34814814814814815 0.5372395833333333 0.037037037037037035 0.018229166666666668
0 0.31574074074074077 0.5317708333333333 0.031481481481481485 0.0125
0 0.3893518518518519 0.42161458333333335 0.02314814814814815 0.019270833333333334
0 0.36944444444444446 0.4 0.037037037037037035 0.013541666666666667
0 0.46620370370370373 0.8067708333333333 0.04166666666666667 0.016666666666666666
0 0.537962962962963 0.91640625 0.044444444444444446 0.04114583333333333
0 0.8638888888888889 0.8716145833333333 0.04814814814814815 0.0390625
0 0.9180555555555556 0.8856770833333333 0.049074074074074076 0.03802083333333333
0 0.7810185185185186 0.72578125 0.049074074074074076 0.030729166666666665
0 0.7087962962962964 0.728125 0.036111111111111115 0.021875
0 0.725 0.6625 0.0462962962962963 0.03229166666666666
0 0.7736111111111111 0.6419270833333334 0.04351851851851852 0.021354166666666667
0 0.6986111111111112 0.6223958333333334 0.049074074074074076 0.028125
0 0.6305555555555555 0.6520833333333333 0.02777777777777778 0.016666666666666666
0 0.8333333333333334 0.5666666666666667 0.03518518518518519 0.02395833333333333
0 0.8120370370370371 0.5375 0.044444444444444446 0.02395833333333333
0 0.7574074074074074 0.5591145833333333 0.020370370370370372 0.01614583333333333
0 0.725925925925926 0.5338541666666666 0.02777777777777778 0.01875
0 0.7736111111111111 0.5158854166666667 0.04166666666666667 0.019270833333333334
0 0.938425925925926 0.5049479166666666 0.04166666666666667 0.024479166666666666
0 0.8189814814814815 0.4848958333333333 0.03796296296296296 0.020833333333333332
0 0.7763888888888889 0.46770833333333334 0.028703703703703703 0.022916666666666665
0 0.7935185185185185 0.4515625 0.044444444444444446 0.021875
0 0.8203703703703704 0.4515625 0.031481481481481485 0.02395833333333333
0 0.924537037037037 0.44557291666666665 0.05648148148148149 0.030729166666666665
0 0.6652777777777779 0.34791666666666665 0.03796296296296296 0.021875
0 0.6916666666666667 0.3268229166666667 0.0462962962962963 0.027604166666666666
0 0.6925925925925926 0.24427083333333333 0.04259259259259259 0.030208333333333334
0 0.7791666666666667 0.27734375 0.04166666666666667 0.025520833333333333
0 0.8606481481481482 0.24557291666666667 0.03981481481481482 0.024479166666666666
0 0.8976851851851853 0.26458333333333334 0.04537037037037037 0.029166666666666667
0 0.5680555555555555 0.5575520833333333 0.04166666666666667 0.0234375
0 0.5560185185185186 0.571875 0.03796296296296296 0.019791666666666666
0 0.3453703703703704 0.22708333333333333 0.03518518518518519 0.028125
0 0.7078703703703704 0.7489583333333333 0.030555555555555558 0.027083333333333334
0 0.6148148148148148 0.6770833333333334 0.040740740740740744 0.014583333333333334
0 0.6310185185185185 0.6796875 0.03425925925925926 0.025
