0 0.14120370370370372 0.6791666666666667 0.04166666666666667 0.026041666666666668
0 0.05694444444444444 0.6658854166666667 0.05462962962962963 0.0296875
0 0.17777777777777778 0.803125 0.040740740740740744 0.036458333333333336
0 0.21712962962962964 0.6567708333333333 0.032407407407407406 0.021875
0 0.1837962962962963 0.6533854166666666 0.04166666666666667 0.03177083333333333
0 0.1527777777777778 0.63828125 0.037037037037037035 0.0171875
0 0.13564814814814816 0.5723958333333333 0.026851851851851852 0.014583333333333334
0 0.3375 0.5119791666666667 0.04166666666666667 0.021875
0 0.3912037037037037 0.4669270833333333 0.03981481481481482 0.021354166666666667
0 0.37824074074074077 0.44140625 0.028703703703703703 0.0171875
0 0.3402777777777778 0.38046875 0.04722222222222222 0.024479166666666666
0 0.2564814814814815 0.3307291666666667 0.04814814814814815 0.029166666666666667
0 0.29212962962962963 0.36953125 0.03981481481481482 0.018229166666666668
0 0.2111111111111111 0.3390625 0.0462962962962963 0.028125
0 0.1587962962962963 0.40963541666666664 0.05462962962962963 0.030729166666666665
0 0.13611111111111113 0.365625 0.05555555555555556 0.029166666666666667
0 0.1175925925925926 0.38515625 0.040740740740740744 0.022395833333333334
0 0.08240740740740742 0.4145833333333333 0.05740740740740741 0.030208333333333334
0 0.2851851851851852 0.234375 0.053703703703703705 0.034375
0 0.24305555555555555 0.16510416666666666 0.05092592592592593 0.034375
0 0.1865740740740741 0.21015625 0.04166666666666667 0.028645833333333332
0 0.1425925925925926 0.20963541666666666 0.0462962962962963 0.0296875
0 0.09907407407407408 0.20078125 0.04259259259259259 0.0296875
0 0.19212962962962965 0.13489583333333333 0.036111111111111115 0.03229166666666666
0 0.16111111111111112 0.19010416666666666 0.05185185185185186 0.03229166666666666
0 0.16064814814814815 0.0859375 0.06018518518518519 0.04583333333333333
0 0.0962962962962963 0.13567708333333334 0.02777777777777778 0.027604166666666666
0 0.1625 0.13671875 0.025 0.030729166666666665
0 0.22870370370370371 0.008854166666666666 0.05555555555555556 0.015625
0 0.3287037037037037 0.7455729166666667 0.040740740740740744 0.0296875
0 0.34814814814814815 0.6072916666666667 0.040740740740740744 0.026041666666666668
0 0.21481481481481482 0.5645833333333333 0.022222222222222223 0.020833333333333332
0 0.32407407407407407 0.5359375 0.037037037037037035 0.017708333333333333
0 0.2935185185185185 0.53125 0.031481481481481485 0.014583333333333334
0 0.36944444444444446 0.41875 0.024074074074074074 0.017708333333333333
0 0.3476851851851852 0.3989583333333333 0.036111111111111115 0.014583333333333334
0 0.43842592592592594 0.8057291666666666 0.04166666666666667 0.016666666666666666
0 0.5074074074074074 0.915625 0.044444444444444446 0.041666666666666664
0 0.8356481481481481 0.8708333333333333 0.04722222222222222 0.03854166666666667
0 0.888425925925926 0.8854166666666666 0.049074074074074076 0.03854166666666667
0 0.7537037037037038 0.72578125 0.05 0.03177083333333333
0 0.6814814814814815 0.7270833333333333 0.037037037037037035 0.020833333333333332
0 0.6981481481481482 0.6611979166666666 0.0462962962962963 0.0328125
0 0.7523148148148149 0.6408854166666667 0.03425925925925926 0.021354166666666667
0 0.6736111111111112 0.6216145833333333 0.04722222222222222 0.028645833333333332
0 0.6069444444444445 0.6513020833333333 0.036111111111111115 0.01614583333333333
0 0.8097222222222222 0.5658854166666667 0.036111111111111115 0.024479166666666666
0 0.7898148148148149 0.5364583333333334 0.044444444444444446 0.02395833333333333
0 0.7342592592592593 0.5583333333333333 0.022222222222222223 0.016666666666666666
0 0.7041666666666667 0.53359375 0.026851851851851852 0.019270833333333334
0 0.7513888888888889 0.5151041666666667 0.04166666666666667 0.01875
0 0.9157407407407407 0.5044270833333333 0.040740740740740744 0.024479166666666666
0 0.7962962962962963 0.48411458333333335 0.03888888888888889 0.021354166666666667
0 0.7532407407407408 0.4671875 0.030555555555555558 0.022916666666666665
0 0.7731481481481481 0.44947916666666665 0.044444444444444446 0.02395833333333333
0 0.7976851851851852 0.4510416666666667 0.030555555555555558 0.025
0 0.899537037037037 0.44453125 0.05648148148148149 0.030729166666666665
0 0.6481481481481481 0.346875 0.037037037037037035 0.022916666666666665
0 0.6703703703703704 0.32526041666666666 0.04259259259259259 0.027604166666666666
0 0.6708333333333334 0.2421875 0.04166666666666667 0.030208333333333334
0 0.7592592592592593 0.27578125 0.040740740740740744 0.025520833333333333
0 0.8416666666666667 0.24401041666666667 0.03888888888888889 0.024479166666666666
0 0.8791666666666667 0.26328125 0.04722222222222222 0.0296875
0 0.5458333333333334 0.55625 0.04166666666666667 0.022916666666666665
0 0.5328703703703704 0.5708333333333333 0.03796296296296296 0.020833333333333332
0 0.325 0.22473958333333333 0.0462962962962963 0.0234375
0 0.6805555555555556 0.7481770833333333 0.02962962962962963 0.027604166666666666
0 0.5898148148148148 0.67578125 0.040740740740740744 0.01614583333333333
0 0.6064814814814815 0.6786458333333333 0.031481481481481485 0.026041666666666668
