0 0.08750000000000001 0.8057291666666666 0.04166666666666667 0.035416666666666666
0 0.32083333333333336 0.6924479166666666 0.036111111111111115 0.0140625
0 0.13657407407407407 0.6591145833333333 0.04351851851851852 0.021354166666666667
0 0.0976851851851852 0.65546875 0.03981481481481482 0.03177083333333333
0 0.06944444444444445 0.6403645833333333 0.03518518518518519 0.01614583333333333
0 0.26944444444444443 0.5138020833333333 0.04259259259259259 0.021354166666666667
0 0.33981481481481485 0.46848958333333335 0.04259259259259259 0.021354166666666667
0 0.32731481481481484 0.44296874999999997 0.032407407407407406 0.01614583333333333
0 0.27685185185185185 0.38255208333333335 0.04814814814814815 0.024479166666666666
0 0.18472222222222223 0.33229166666666665 0.049074074074074076 0.028125
0 0.22824074074074074 0.37135416666666665 0.04351851851851852 0.017708333333333333
0 0.14351851851851852 0.34010416666666665 0.0462962962962963 0.027083333333333334
0 0.08981481481481482 0.4109375 0.05740740740740741 0.03125
0 0.06620370370370371 0.36692708333333335 0.05648148148148149 0.0296875
0 0.04814814814814815 0.3854166666666667 0.040740740740740744 0.021875
0 0.021296296296296296 0.4153645833333333 0.040740740740740744 0.0328125
0 0.2162037037037037 0.23645833333333333 0.05462962962962963 0.03333333333333333
0 0.16990740740740742 0.16770833333333332 0.05277777777777778 0.034375
0 0.11851851851851852 0.21067708333333332 0.04259259259259259 0.0296875
0 0.07314814814814816 0.21197916666666666 0.04814814814814815 0.028125
0 0.029166666666666667 0.20234375 0.04166666666666667 0.0296875
0 0.08796296296296297 0.19192708333333333 0.053703703703703705 0.03177083333333333
0 0.08472222222222223 0.08880208333333334 0.06018518518518519 0.0453125
0 0.02592592592592593 0.13776041666666666 0.02592592592592593 0.0265625
0 0.09166666666666667 0.13671875 0.03333333333333333 0.033854166666666664
0 0.1587962962962963 0.01171875 0.049074074074074076 0.021354166666666667
0 0.18703703703703706 0.7828125 0.014814814814814815 0.016666666666666666
0 0.2611111111111111 0.7489583333333333 0.04814814814814815 0.026041666666666668
0 0.26481481481481484 0.6088541666666667 0.044444444444444446 0.025
0 0.1449074074074074 0.56640625 0.03796296296296296 0.0203125
0 0.25925925925925924 0.5372395833333333 0.03333333333333333 0.0171875
0 0.22962962962962963 0.5330729166666667 0.02777777777777778 0.013020833333333334
0 0.1736111111111111 0.5546875 0.021296296296296296 0.015625
0 0.3101851851851852 0.42083333333333334 0.031481481481481485 0.017708333333333333
0 0.287962962962963 0.4005208333333333 0.040740740740740744 0.016666666666666666
0 0.36342592592592593 0.8091145833333333 0.036111111111111115 0.0203125
0 0.4277777777777778 0.9210937499999999 0.044444444444444446 0.03802083333333333
0 0.7560185185185185 0.87265625 0.04722222222222222 0.03697916666666667
0 0.8083333333333333 0.88828125 0.05 0.0390625
0 0.6731481481481482 0.7268229166666667 0.05185185185185186 0.030729166666666665
0 0.6055555555555556 0.728125 0.03333333333333333 0.021875
0 0.6236111111111111 0.66328125 0.04537037037037037 0.03177083333333333
0 0.6819444444444445 0.64296875 0.026851851851851852 0.021354166666666667
0 0.600462962962963 0.6234375 0.04537037037037037 0.028125
0 0.5467592592592593 0.65390625 0.032407407407407406 0.01614583333333333
0 0.9486111111111112 0.7002604166666666 0.03981481481481482 0.028645833333333332
0 0.9347222222222222 0.67265625 0.03981481481481482 0.0234375
0 0.9333333333333333 0.6291666666666667 0.02962962962962963 0.015625
0 0.8050925925925926 0.6302083333333334 0.021296296296296296 0.019791666666666666
0 0.7407407407407408 0.5677083333333334 0.037037037037037035 0.02395833333333333
0 0.7208333333333333 0.53828125 0.04166666666666667 0.0234375
0 0.6671296296296296 0.5604166666666667 0.028703703703703703 0.017708333333333333
0 0.6412037037037037 0.5348958333333333 0.026851851851851852 0.017708333333333333
0 0.6819444444444445 0.515625 0.04166666666666667 0.020833333333333332
0 0.8439814814814816 0.50625 0.03796296296296296 0.02395833333333333
0 0.7277777777777779 0.4861979166666667 0.03888888888888889 0.021354166666666667
0 0.6810185185185186 0.46953125 0.032407407407407406 0.0234375
0 0.6986111111111112 0.45286458333333335 0.03796296296296296 0.0234375
0 0.7217592592592593 0.45468749999999997 0.028703703703703703 0.022916666666666665
0 0.8212962962962963 0.4473958333333333 0.053703703703703705 0.030208333333333334
0 0.5944444444444444 0.3502604166666667 0.03888888888888889 0.0203125
0 0.5995370370370371 0.32890625 0.04166666666666667 0.0265625
0 0.6023148148148149 0.24583333333333332 0.04166666666666667 0.030208333333333334
0 0.6930555555555555 0.2794270833333333 0.03981481481481482 0.025520833333333333
0 0.7759259259259259 0.24713541666666666 0.03888888888888889 0.0234375
0 0.8143518518518519 0.2669270833333333 0.04537037037037037 0.028645833333333332
0 0.47870370370370374 0.5583333333333333 0.040740740740740744 0.022916666666666665
0 0.46990740740740744 0.5723958333333333 0.03796296296296296 0.020833333333333332
0 0.2564814814814815 0.22708333333333333 0.04814814814814815 0.025
0 0.5185185185185185 0.6768229166666666 0.04259259259259259 0.0234375
