0 0.06666666666666667 0.8057291666666666 0.040740740740740744 0.034375
0 0.30648148148148147 0.6927083333333334 0.03518518518518519 0.014583333333333334
0 0.11712962962962964 0.65859375 0.04351851851851852 0.021354166666666667
0 0.0787037037037037 0.6549479166666666 0.03888888888888889 0.03177083333333333
0 0.05185185185185186 0.63984375 0.03333333333333333 0.01614583333333333
0 0.2537037037037037 0.5138020833333333 0.04259259259259259 0.021354166666666667
0 0.3282407407407408 0.46901041666666665 0.036111111111111115 0.0203125
0 0.31527777777777777 0.4432291666666667 0.03425925925925926 0.015625
0 0.2625 0.3828125 0.049074074074074076 0.025
0 0.16805555555555557 0.33229166666666665 0.049074074074074076 0.028125
0 0.21666666666666667 0.37083333333333335 0.03888888888888889 0.016666666666666666
0 0.13148148148148148 0.3403645833333333 0.03888888888888889 0.028645833333333332
0 0.07453703703703704 0.41041666666666665 0.05648148148148149 0.03125
0 0.051388888888888894 0.36666666666666664 0.05648148148148149 0.029166666666666667
0 0.03333333333333333 0.3854166666666667 0.03888888888888889 0.021875
0 0.016203703703703703 0.4161458333333333 0.030555555555555558 0.030208333333333334
0 0.20046296296296298 0.23645833333333333 0.05462962962962963 0.03333333333333333
0 0.1527777777777778 0.16770833333333332 0.053703703703703705 0.034375
0 0.10370370370370371 0.2109375 0.04259259259259259 0.030208333333333334
0 0.05694444444444444 0.21197916666666666 0.049074074074074076 0.028125
0 0.017592592592592594 0.203125 0.03333333333333333 0.029166666666666667
0 0.0712962962962963 0.19166666666666665 0.053703703703703705 0.03333333333333333
0 0.06805555555555556 0.0890625 0.06018518518518519 0.04479166666666667
0 0.011111111111111112 0.13828125 0.020370370370370372 0.025520833333333333
0 0.0763888888888889 0.13619791666666667 0.032407407407407406 0.0328125
0 0.14305555555555557 0.012239583333333333 0.04722222222222222 0.022395833333333334
0 0.16944444444444445 0.7841145833333333 0.020370370370370372 0.019270833333333334
0 0.2439814814814815 0.7489583333333333 0.04722222222222222 0.026041666666666668
0 0.24583333333333335 0.6088541666666667 0.04537037037037037 0.025
0 0.12731481481481483 0.5666666666666667 0.03425925925925926 0.019791666666666666
0 0.24444444444444446 0.5375 0.03333333333333333 0.016666666666666666
0 0.21574074074074076 0.5330729166666667 0.02777777777777778 0.013020833333333334
0 0.1564814814814815 0.55390625 0.024074074074074074 0.0140625
0 0.2976851851851852 0.42083333333333334 0.032407407407407406 0.017708333333333333
0 0.2740740740740741 0.40078125 0.040740740740740744 0.0171875
0 0.3458333333333333 0.809375 0.03796296296296296 0.020833333333333332
0 0.4087962962962963 0.9205729166666666 0.04351851851851852 0.0390625
0 0.736574074074074 0.8739583333333333 0.04722222222222222 0.036458333333333336
0 0.7898148148148149 0.8893229166666666 0.05185185185185186 0.04010416666666666
0 0.6546296296296297 0.7276041666666666 0.05185185185185186 0.03125
0 0.5865740740740741 0.7283854166666667 0.03425925925925926 0.021354166666666667
0 0.6050925925925926 0.6640625 0.04537037037037037 0.03125
0 0.6638888888888889 0.6427083333333333 0.02777777777777778 0.021875
0 0.5833333333333334 0.6239583333333333 0.0462962962962963 0.028125
0 0.5282407407407408 0.65390625 0.03425925925925926 0.0171875
0 0.9310185185185186 0.7013020833333333 0.03981481481481482 0.028645833333333332
0 0.9171296296296296 0.6734375 0.03981481481481482 0.02395833333333333
0 0.9810185185185185 0.5669270833333333 0.03796296296296296 0.018229166666666668
0 0.9157407407407407 0.6294270833333333 0.02962962962962963 0.015104166666666667
0 0.787962962962963 0.63046875 0.022222222222222223 0.0203125
0 0.7245370370370371 0.56796875 0.036111111111111115 0.024479166666666666
0 0.7041666666666667 0.5385416666666667 0.04166666666666667 0.022916666666666665
0 0.6518518518518519 0.5609375 0.02962962962962963 0.01875
0 0.625462962962963 0.534375 0.026851851851851852 0.01875
0 0.6662037037037037 0.5158854166666667 0.04166666666666667 0.022395833333333334
0 0.826388888888889 0.50703125 0.036111111111111115 0.024479166666666666
0 0.712037037037037 0.4869791666666667 0.03888888888888889 0.020833333333333332
0 0.6643518518518519 0.4705729166666667 0.032407407407407406 0.0234375
0 0.6814814814814815 0.453125 0.03888888888888889 0.02395833333333333
0 0.7097222222222223 0.45416666666666666 0.032407407407407406 0.026041666666666668
0 0.8027777777777778 0.44817708333333334 0.053703703703703705 0.030729166666666665
0 0.5819444444444445 0.3502604166666667 0.03796296296296296 0.021354166666666667
0 0.5833333333333334 0.32916666666666666 0.040740740740740744 0.027083333333333334
0 0.5856481481481481 0.24609375 0.04166666666666667 0.0296875
0 0.6773148148148148 0.28046875 0.03796296296296296 0.025520833333333333
0 0.7601851851851852 0.24817708333333333 0.03888888888888889 0.0234375
0 0.7981481481481482 0.2682291666666667 0.0462962962962963 0.029166666666666667
0 0.46296296296296297 0.5583333333333333 0.040740740740740744 0.021875
0 0.45555555555555555 0.57265625 0.037037037037037035 0.0203125
0 0.24074074074074076 0.228125 0.05 0.025
0 0.5027777777777778 0.67734375 0.04259259259259259 0.0265625
