0 0.05416666666666667 0.80703125 0.03981481481481482 0.034895833333333334
0 0.2976851851851852 0.6934895833333333 0.036111111111111115 0.015104166666666667
0 0.10555555555555556 0.6596354166666667 0.04259259259259259 0.021354166666666667
0 0.06805555555555556 0.65546875 0.03796296296296296 0.03177083333333333
0 0.040740740740740744 0.640625 0.031481481481481485 0.015625
0 0.2439814814814815 0.51484375 0.04351851851851852 0.021354166666666667
0 0.32037037037037036 0.46901041666666665 0.03518518518518519 0.021354166666666667
0 0.30833333333333335 0.4440104166666667 0.03333333333333333 0.01614583333333333
0 0.2537037037037037 0.3833333333333333 0.04814814814814815 0.025
0 0.15694444444444444 0.33307291666666666 0.049074074074074076 0.028645833333333332
0 0.20740740740740743 0.37213541666666666 0.03888888888888889 0.0171875
0 0.12314814814814816 0.34088541666666666 0.03888888888888889 0.027604166666666666
0 0.06527777777777778 0.41171874999999997 0.05648148148148149 0.03177083333333333
0 0.04120370370370371 0.36744791666666665 0.05648148148148149 0.0296875
0 0.024074074074074074 0.38619791666666664 0.040740740740740744 0.021354166666666667
0 0.1902777777777778 0.2375 0.05462962962962963 0.03333333333333333
0 0.1425925925925926 0.16848958333333333 0.05185185185185186 0.033854166666666664
0 0.09444444444444444 0.21145833333333333 0.04259259259259259 0.030208333333333334
0 0.04814814814814815 0.2125 0.05 0.028125
0 0.012962962962962964 0.20416666666666666 0.024074074074074074 0.028125
0 0.06157407407407408 0.1921875 0.05277777777777778 0.03333333333333333
0 0.058333333333333334 0.09036458333333333 0.061111111111111116 0.044270833333333336
0 0.06712962962962964 0.1375 0.03425925925925926 0.03229166666666666
0 0.13472222222222222 0.0125 0.04537037037037037 0.022916666666666665
0 0.1587962962962963 0.7846354166666667 0.02314814814814815 0.019270833333333334
0 0.23425925925925928 0.7502604166666667 0.0462962962962963 0.0265625
0 0.23472222222222222 0.6098958333333333 0.04537037037037037 0.025
0 0.11620370370370371 0.5669270833333333 0.036111111111111115 0.019270833333333334
0 0.23472222222222222 0.5380208333333333 0.03425925925925926 0.015625
0 0.20694444444444446 0.5333333333333333 0.028703703703703703 0.013541666666666667
0 0.14722222222222223 0.5546875 0.02777777777777778 0.0125
0 0.2898148148148148 0.42161458333333335 0.03333333333333333 0.018229166666666668
0 0.2657407407407408 0.40182291666666664 0.044444444444444446 0.0171875
0 0.33472222222222225 0.8106770833333333 0.03796296296296296 0.021354166666666667
0 0.3976851851851852 0.9229166666666666 0.04351851851851852 0.03854166666666667
0 0.725462962962963 0.8744791666666667 0.049074074074074076 0.036458333333333336
0 0.7791666666666667 0.8903645833333333 0.05092592592592593 0.04114583333333333
0 0.6439814814814815 0.7286458333333333 0.05277777777777778 0.03125
0 0.575925925925926 0.72890625 0.03518518518518519 0.022395833333333334
0 0.5949074074074074 0.6651041666666666 0.04537037037037037 0.03125
0 0.6537037037037037 0.64375 0.02777777777777778 0.021875
0 0.5731481481481482 0.6244791666666667 0.0462962962962963 0.028125
0 0.5185185185185185 0.6549479166666666 0.03518518518518519 0.0171875
0 0.9199074074074074 0.7020833333333333 0.03981481481481482 0.029166666666666667
0 0.9069444444444444 0.6739583333333333 0.03981481481481482 0.02395833333333333
0 0.9777777777777779 0.5674479166666666 0.040740740740740744 0.01614583333333333
0 0.9050925925925927 0.6302083333333334 0.030555555555555558 0.015625
0 0.7782407407407408 0.6315104166666666 0.021296296296296296 0.0203125
0 0.7152777777777778 0.5690104166666666 0.036111111111111115 0.024479166666666666
0 0.6944444444444444 0.5395833333333333 0.040740740740740744 0.022916666666666665
0 0.6425925925925926 0.5611979166666666 0.02962962962962963 0.018229166666666668
0 0.6175925925925926 0.5359375 0.02592592592592593 0.017708333333333333
0 0.6569444444444444 0.51640625 0.04166666666666667 0.022395833333333334
0 0.8162037037037038 0.5080729166666667 0.036111111111111115 0.024479166666666666
0 0.7023148148148148 0.48776041666666664 0.03981481481481482 0.021354166666666667
0 0.6537037037037037 0.4708333333333333 0.03333333333333333 0.02395833333333333
0 0.6699074074074074 0.45390625 0.03796296296296296 0.0234375
0 0.6981481481481482 0.4544270833333333 0.03333333333333333 0.025520833333333333
0 0.7916666666666667 0.44895833333333335 0.053703703703703705 0.030208333333333334
0 0.5745370370370371 0.3515625 0.03796296296296296 0.021875
0 0.5731481481481482 0.3302083333333333 0.03888888888888889 0.027083333333333334
0 0.575462962962963 0.24739583333333334 0.04166666666666667 0.029166666666666667
0 0.6666666666666667 0.28098958333333335 0.03888888888888889 0.025520833333333333
0 0.750462962962963 0.24947916666666667 0.03796296296296296 0.02395833333333333
0 0.788425925925926 0.26953125 0.04537037037037037 0.028645833333333332
0 0.4532407407407408 0.5591145833333333 0.03981481481481482 0.022395833333333334
0 0.4462962962962963 0.5736979166666667 0.037037037037037035 0.0203125
0 0.23148148148148148 0.22864583333333333 0.05 0.025
0 0.49444444444444446 0.6799479166666667 0.04259259259259259 0.0265625
