0 0.20185185185185187 0.4630208333333333 0.02777777777777778 0.022916666666666665
0 0.17083333333333334 0.42890625 0.030555555555555558 0.0140625
0 0.15324074074074073 0.41484375 0.030555555555555558 0.019270833333333334
0 0.15185185185185185 0.384375 0.022222222222222223 0.014583333333333334
0 0.18611111111111112 0.37916666666666665 0.037037037037037035 0.030208333333333334
0 0.04814814814814815 0.36302083333333335 0.014814814814814815 0.008333333333333333
0 0.06342592592592593 0.36744791666666665 0.017592592592592594 0.0078125
0 0.06481481481481481 0.3625 0.022222222222222223 0.007291666666666667
0 0.05648148148148149 0.3442708333333333 0.018518518518518517 0.010416666666666666
0 0.16203703703703703 0.30494791666666665 0.03518518518518519 0.021354166666666667
0 0.1328703703703704 0.3091145833333333 0.02314814814814815 0.0203125
0 0.16990740740740742 0.2421875 0.036111111111111115 0.0125
0 0.16296296296296298 0.15286458333333333 0.022222222222222223 0.0109375
0 0.14305555555555557 0.14557291666666666 0.028703703703703703 0.0109375
0 0.15231481481481482 0.13229166666666667 0.028703703703703703 0.013541666666666667
0 0.13055555555555556 0.11015625 0.024074074074074074 0.0171875
0 0.10046296296296296 0.11484375 0.02314814814814815 0.01614583333333333
0 0.08009259259259259 0.12604166666666666 0.028703703703703703 0.017708333333333333
0 0.09814814814814815 0.17447916666666666 0.024074074074074074 0.01875
0 0.12407407407407407 0.15963541666666667 0.024074074074074074 0.0171875
0 0.13472222222222222 0.17317708333333334 0.030555555555555558 0.0203125
0 0.1962962962962963 0.16614583333333333 0.022222222222222223 0.019791666666666666
0 0.2490740740740741 0.23541666666666666 0.016666666666666666 0.015625
0 0.25462962962962965 0.16328125 0.02962962962962963 0.022395833333333334
0 0.28240740740740744 0.14427083333333332 0.020370370370370372 0.017708333333333333
0 0.2898148148148148 0.18385416666666665 0.02592592592592593 0.014583333333333334
0 0.30694444444444446 0.18463541666666666 0.021296296296296296 0.015104166666666667
0 0.3231481481481482 0.20598958333333334 0.02592592592592593 0.0078125
0 0.35185185185185186 0.20807291666666666 0.018518518518518517 0.01614583333333333
0 0.4138888888888889 0.15833333333333333 0.02592592592592593 0.013541666666666667
0 0.40972222222222227 0.13932291666666666 0.019444444444444445 0.0067708333333333336
0 0.4027777777777778 0.13046875 0.014814814814814815 0.0109375
0 0.39166666666666666 0.10546875 0.018518518518518517 0.015104166666666667
0 0.09722222222222222 0.6122395833333333 0.03518518518518519 0.015104166666666667
0 0.09444444444444444 0.5911458333333334 0.020370370370370372 0.0125
0 0.2351851851851852 0.32786458333333335 0.018518518518518517 0.0109375
0 0.25787037037037036 0.36744791666666665 0.032407407407407406 0.015104166666666667
0 0.3194444444444445 0.32005208333333335 0.011111111111111112 0.0078125
0 0.34675925925925927 0.3364583333333333 0.015740740740740743 0.010416666666666666
0 0.3662037037037037 0.3364583333333333 0.017592592592592594 0.010416666666666666
0 0.33796296296296297 0.41354166666666664 0.03888888888888889 0.021875
0 0.35324074074074074 0.4588541666666667 0.017592592592592594 0.009375
0 0.36944444444444446 0.46171875 0.022222222222222223 0.009895833333333333
0 0.2606481481481482 0.5520833333333334 0.021296296296296296 0.020833333333333332
0 0.26481481481481484 0.5661458333333333 0.022222222222222223 0.014583333333333334
0 0.27222222222222225 0.5401041666666666 0.022222222222222223 0.017708333333333333
0 0.2523148148148148 0.5236979166666667 0.03981481481481482 0.024479166666666666
0 0.2152777777777778 0.5080729166666667 0.032407407407407406 0.024479166666666666
0 0.18981481481481483 0.5669270833333333 0.02962962962962963 0.01614583333333333
0 0.21342592592592594 0.5669270833333333 0.028703703703703703 0.011979166666666666
0 0.22824074074074074 0.5846354166666666 0.03425925925925926 0.019270833333333334
0 0.18703703703703706 0.5921875 0.04259259259259259 0.019791666666666666
0 0.09814814814814815 0.6447916666666667 0.03333333333333333 0.015625
0 0.0962962962962963 0.6708333333333333 0.03888888888888889 0.016666666666666666
0 0.22361111111111112 0.7393229166666666 0.04351851851851852 0.0171875
0 0.28425925925925927 0.6419270833333334 0.022222222222222223 0.0171875
0 0.27083333333333337 0.7231770833333333 0.026851851851851852 0.0234375
0 0.337037037037037 0.6177083333333333 0.022222222222222223 0.009375
0 0.3768518518518519 0.5604166666666667 0.018518518518518517 0.015625
0 0.35324074074074074 0.65 0.026851851851851852 0.014583333333333334
0 0.23842592592592593 0.4627604166666667 0.03425925925925926 0.019270833333333334
0 0.39305555555555555 0.49114583333333334 0.032407407407407406 0.020833333333333332
0 0.3893518518518519 0.5388020833333333 0.026851851851851852 0.0171875
0 0.4273148148148148 0.5669270833333333 0.028703703703703703 0.018229166666666668
0 0.47962962962962963 0.65546875 0.02592592592592593 0.01614583333333333
0 0.5097222222222222 0.640625 0.030555555555555558 0.01875
0 0.5402777777777777 0.6104166666666666 0.032407407407407406 0.016666666666666666
0 0.4814814814814815 0.47734375 0.03888888888888889 0.021354166666666667
0 0.5240740740740741 0.44635416666666666 0.02777777777777778 0.019791666666666666
0 0.4861111111111111 0.45546875 0.02962962962962963 0.0171875
0 0.563425925925926 0.43515624999999997 0.036111111111111115 0.015104166666666667
0 0.5523148148148148 0.44557291666666665 0.028703703703703703 0.0140625
0 0.6675925925925926 0.13515625 0.024074074074074074 0.01614583333333333
0 0.674074074074074 0.18932291666666667 0.024074074074074074 0.01614583333333333
0 0.7453703703703703 0.2526041666666667 0.031481481481481485 0.015625
0 0.6277777777777778 0.2544270833333333 0.02777777777777778 0.0203125
0 0.75 0.24192708333333332 0.037037037037037035 0.0234375
0 0.7101851851851853 0.26640625 0.03518518518518519 0.0234375
0 0.6342592592592593 0.3307291666666667 0.037037037037037035 0.025
0 0.6152777777777778 0.34661458333333334 0.025 0.018229166666666668
0 0.6305555555555555 0.3533854166666667 0.02962962962962963 0.0171875
0 0.6199074074074075 0.40338541666666666 0.025 0.0171875
0 0.6449074074074075 0.4236979166666667 0.032407407407407406 0.0171875
0 0.5824074074074075 0.42109375 0.031481481481481485 0.018229166666666668
0 0.7402777777777778 0.35833333333333334 0.030555555555555558 0.016666666666666666
0 0.7208333333333333 0.37786458333333334 0.028703703703703703 0.013020833333333334
0 0.7268518518518519 0.4359375 0.02777777777777778 0.016666666666666666
0 0.6421296296296296 0.46875 0.03425925925925926 0.01875
0 0.6527777777777778 0.48802083333333335 0.03333333333333333 0.01875
0 0.6319444444444444 0.5049479166666666 0.03425925925925926 0.0171875
0 0.48055555555555557 0.7755208333333333 0.022222222222222223 0.01875
0 0.6199074074074075 0.60390625 0.03425925925925926 0.0140625
0 0.6625 0.590625 0.032407407407407406 0.01875
0 0.6537037037037037 0.6111979166666667 0.03333333333333333 0.021354166666666667
0 0.6574074074074074 0.6669270833333333 0.03333333333333333 0.0234375
0 0.6777777777777778 0.68671875 0.03333333333333333 0.0203125
0 0.6375000000000001 0.7591145833333334 0.036111111111111115 0.018229166666666668
0 0.6083333333333334 0.7770833333333333 0.024074074074074074 0.028125
0 0.962962962962963 0.60390625 0.020370370370370372 0.0171875
0 0.9486111111111112 0.5919270833333333 0.03796296296296296 0.015104166666666667
0 0.9500000000000001 0.2989583333333333 0.018518518518518517 0.011458333333333333
0 0.8986111111111111 0.3026041666666667 0.01388888888888889 0.009375
0 0.8342592592592593 0.31588541666666664 0.016666666666666666 0.0109375
0 0.8722222222222222 0.23854166666666665 0.016666666666666666 0.009375
0 0.9180555555555556 0.22291666666666665 0.017592592592592594 0.0125
0 0.7361111111111112 0.6981770833333333 0.03518518518518519 0.021354166666666667
0 0.7328703703703704 0.58203125 0.03425925925925926 0.0171875
0 0.7893518518518519 0.5700520833333333 0.032407407407407406 0.015104166666666667
0 0.7944444444444445 0.61796875 0.037037037037037035 0.0171875
0 0.875 0.71640625 0.02962962962962963 0.018229166666666668
0 0.8041666666666667 0.72109375 0.028703703703703703 0.021354166666666667
0 0.775 0.7200520833333334 0.03333333333333333 0.022395833333333334
0 0.7134259259259259 0.7505208333333333 0.03425925925925926 0.019791666666666666
0 0.7583333333333334 0.7721354166666666 0.037037037037037035 0.024479166666666666
0 0.8032407407407408 0.7765625 0.030555555555555558 0.017708333333333333
0 0.8532407407407407 0.73828125 0.036111111111111115 0.0234375
0 0.9736111111111111 0.4934895833333333 0.02314814814814815 0.013020833333333334
0 0.9833333333333334 0.5216145833333333 0.03333333333333333 0.011979166666666666
0 0.7967592592592593 0.39609375 0.03425925925925926 0.022395833333333334
0 0.799537037037037 0.4192708333333333 0.036111111111111115 0.022916666666666665
0 0.8402777777777778 0.4278645833333333 0.03981481481481482 0.018229166666666668
0 0.8699074074074075 0.44505208333333335 0.017592592592592594 0.0109375
0 0.8805555555555555 0.3971354166666667 0.03888888888888889 0.0171875
0 0.9013888888888889 0.41328125 0.025 0.011979166666666666
0 0.9125000000000001 0.39739583333333334 0.03425925925925926 0.017708333333333333
0 0.9476851851851852 0.74609375 0.03425925925925926 0.0203125
0 0.9097222222222222 0.5549479166666667 0.036111111111111115 0.0171875
0 0.762962962962963 0.5994791666666667 0.02777777777777778 0.010416666666666666
0 0.7425925925925926 0.5359375 0.022222222222222223 0.011458333333333333
