0 0.8 0.4630208333333333 0.02777777777777778 0.022916666666666665
0 0.8310185185185186 0.42890625 0.030555555555555558 0.0140625
0 0.8486111111111111 0.41484375 0.030555555555555558 0.019270833333333334
0 0.85 0.384375 0.022222222222222223 0.014583333333333334
0 0.8157407407407408 0.37916666666666665 0.037037037037037035 0.030208333333333334
0 0.9537037037037037 0.36302083333333335 0.014814814814814815 0.008333333333333333
0 0.938425925925926 0.36744791666666665 0.017592592592592594 0.0078125
0 0.9370370370370371 0.3625 0.022222222222222223 0.007291666666666667
0 0.9453703703703704 0.3442708333333333 0.018518518518518517 0.010416666666666666
0 0.8398148148148148 0.30494791666666665 0.03518518518518519 0.021354166666666667
0 0.8689814814814815 0.3091145833333333 0.02314814814814815 0.0203125
0 0.8319444444444445 0.2421875 0.036111111111111115 0.0125
0 0.8388888888888889 0.15286458333333333 0.022222222222222223 0.0109375
0 0.8587962962962963 0.14557291666666666 0.028703703703703703 0.0109375
0 0.8495370370370371 0.13229166666666667 0.028703703703703703 0.013541666666666667
0 0.8712962962962963 0.11015625 0.024074074074074074 0.0171875
0 0.9013888888888889 0.11484375 0.02314814814814815 0.01614583333333333
0 0.9217592592592593 0.12604166666666666 0.028703703703703703 0.017708333333333333
0 0.9037037037037038 0.17447916666666666 0.024074074074074074 0.01875
0 0.8777777777777778 0.15963541666666667 0.024074074074074074 0.0171875
0 0.8671296296296297 0.17317708333333334 0.030555555555555558 0.0203125
0 0.8055555555555556 0.16614583333333333 0.022222222222222223 0.019791666666666666
0 0.7527777777777778 0.23541666666666666 0.016666666666666666 0.015625
0 0.7472222222222222 0.16328125 0.02962962962962963 0.022395833333333334
0 0.7194444444444444 0.14427083333333332 0.020370370370370372 0.017708333333333333
0 0.712037037037037 0.18385416666666665 0.02592592592592593 0.014583333333333334
0 0.6949074074074074 0.18463541666666666 0.021296296296296296 0.015104166666666667
0 0.6787037037037037 0.20598958333333334 0.02592592592592593 0.0078125
0 0.65 0.20807291666666666 0.018518518518518517 0.01614583333333333
0 0.587962962962963 0.15833333333333333 0.02592592592592593 0.013541666666666667
0 0.5921296296296297 0.13932291666666666 0.019444444444444445 0.0067708333333333336
0 0.5990740740740741 0.13046875 0.014814814814814815 0.0109375
0 0.6101851851851852 0.10546875 0.018518518518518517 0.015104166666666667
0 0.9046296296296297 0.6122395833333333 0.03518518518518519 0.015104166666666667
0 0.9074074074074074 0.5911458333333334 0.020370370370370372 0.0125
0 0.7666666666666667 0.32786458333333335 0.018518518518518517 0.0109375
0 0.7439814814814815 0.36744791666666665 0.032407407407407406 0.015104166666666667
0 0.6824074074074075 0.32005208333333335 0.011111111111111112 0.0078125
0 0.6550925925925927 0.3364583333333333 0.015740740740740743 0.010416666666666666
0 0.6356481481481482 0.3364583333333333 0.017592592592592594 0.010416666666666666
0 0.6638888888888889 0.41354166666666664 0.03888888888888889 0.021875
0 0.6486111111111111 0.4588541666666667 0.017592592592592594 0.009375
0 0.6324074074074074 0.46171875 0.022222222222222223 0.009895833333333333
0 0.7412037037037037 0.5520833333333334 0.021296296296296296 0.020833333333333332
0 0.737037037037037 0.5661458333333333 0.022222222222222223 0.014583333333333334
0 0.7296296296296296 0.5401041666666666 0.022222222222222223 0.017708333333333333
0 0.7495370370370371 0.5236979166666667 0.03981481481481482 0.024479166666666666
0 0.7865740740740741 0.5080729166666667 0.032407407407407406 0.024479166666666666
0 0.8120370370370371 0.5669270833333333 0.02962962962962963 0.01614583333333333
0 0.788425925925926 0.5669270833333333 0.028703703703703703 0.011979166666666666
0 0.7736111111111111 0.5846354166666666 0.03425925925925926 0.019270833333333334
0 0.8148148148148149 0.5921875 0.04259259259259259 0.019791666666666666
0 0.9037037037037038 0.6447916666666667 0.03333333333333333 0.015625
0 0.9055555555555556 0.6708333333333333 0.03888888888888889 0.016666666666666666
0 0.7782407407407408 0.7393229166666666 0.04351851851851852 0.0171875
0 0.7175925925925927 0.6419270833333334 0.022222222222222223 0.0171875
0 0.7310185185185185 0.7231770833333333 0.026851851851851852 0.0234375
0 0.6648148148148149 0.6177083333333333 0.022222222222222223 0.009375
0 0.625 0.5604166666666667 0.018518518518518517 0.015625
0 0.6486111111111111 0.65 0.026851851851851852 0.014583333333333334
0 0.763425925925926 0.4627604166666667 0.03425925925925926 0.019270833333333334
0 0.6087962962962963 0.49114583333333334 0.032407407407407406 0.020833333333333332
0 0.6125 0.5388020833333333 0.026851851851851852 0.0171875
0 0.5745370370370371 0.5669270833333333 0.028703703703703703 0.018229166666666668
0 0.5222222222222223 0.65546875 0.02592592592592593 0.01614583333333333
0 0.49212962962962964 0.640625 0.030555555555555558 0.01875
0 0.4615740740740741 0.6104166666666666 0.032407407407407406 0.016666666666666666
0 0.5203703703703704 0.47734375 0.03888888888888889 0.021354166666666667
0 0.4777777777777778 0.44635416666666666 0.02777777777777778 0.019791666666666666
0 0.5157407407407407 0.45546875 0.02962962962962963 0.0171875
0 0.43842592592592594 0.43515624999999997 0.036111111111111115 0.015104166666666667
0 0.44953703703703707 0.44557291666666665 0.028703703703703703 0.0140625
0 0.33425925925925926 0.13515625 0.024074074074074074 0.01614583333333333
0 0.3277777777777778 0.18932291666666667 0.024074074074074074 0.01614583333333333
0 0.2564814814814815 0.2526041666666667 0.031481481481481485 0.015625
0 0.3740740740740741 0.2544270833333333 0.02777777777777778 0.0203125
0 0.2518518518518519 0.24192708333333332 0.037037037037037035 0.0234375
0 0.2916666666666667 0.26640625 0.03518518518518519 0.0234375
0 0.3675925925925926 0.3307291666666667 0.037037037037037035 0.025
0 0.38657407407407407 0.34661458333333334 0.025 0.018229166666666668
0 0.3712962962962963 0.3533854166666667 0.02962962962962963 0.0171875
0 0.3819444444444445 0.40338541666666666 0.025 0.0171875
0 0.35694444444444445 0.4236979166666667 0.032407407407407406 0.0171875
0 0.41944444444444445 0.42109375 0.031481481481481485 0.018229166666666668
0 0.26157407407407407 0.35833333333333334 0.030555555555555558 0.016666666666666666
0 0.28101851851851856 0.37786458333333334 0.028703703703703703 0.013020833333333334
0 0.275 0.4359375 0.02777777777777778 0.016666666666666666
0 0.3597222222222222 0.46875 0.03425925925925926 0.01875
0 0.3490740740740741 0.48802083333333335 0.03333333333333333 0.01875
0 0.3699074074074074 0.5049479166666666 0.03425925925925926 0.0171875
0 0.5212962962962964 0.7755208333333333 0.022222222222222223 0.01875
0 0.3819444444444445 0.60390625 0.03425925925925926 0.0140625
0 0.33935185185185185 0.590625 0.032407407407407406 0.01875
0 0.34814814814814815 0.6111979166666667 0.03333333333333333 0.021354166666666667
0 0.34444444444444444 0.6669270833333333 0.03333333333333333 0.0234375
0 0.32407407407407407 0.68671875 0.03333333333333333 0.0203125
0 0.36435185185185187 0.7591145833333334 0.036111111111111115 0.018229166666666668
0 0.39351851851851855 0.7770833333333333 0.024074074074074074 0.028125
0 0.03888888888888889 0.60390625 0.020370370370370372 0.0171875
0 0.05324074074074074 0.5919270833333333 0.03796296296296296 0.015104166666666667
0 0.05185185185185186 0.2989583333333333 0.018518518518518517 0.011458333333333333
0 0.10324074074074074 0.3026041666666667 0.01388888888888889 0.009375
0 0.1675925925925926 0.31588541666666664 0.016666666666666666 0.0109375
0 0.12962962962962962 0.23854166666666665 0.016666666666666666 0.009375
0 0.0837962962962963 0.22291666666666665 0.017592592592592594 0.0125
0 0.2657407407407408 0.6981770833333333 0.03518518518518519 0.021354166666666667
0 0.2689814814814815 0.58203125 0.03425925925925926 0.0171875
0 0.2125 0.5700520833333333 0.032407407407407406 0.015104166666666667
0 0.20740740740740743 0.61796875 0.037037037037037035 0.0171875
0 0.12685185185185185 0.71640625 0.02962962962962963 0.018229166666666668
0 0.19768518518518519 0.72109375 0.028703703703703703 0.021354166666666667
0 0.22685185185185186 0.7200520833333334 0.03333333333333333 0.022395833333333334
0 0.2884259259259259 0.7505208333333333 0.03425925925925926 0.019791666666666666
0 0.24351851851851852 0.7721354166666666 0.037037037037037035 0.024479166666666666
0 0.19861111111111113 0.7765625 0.030555555555555558 0.017708333333333333
0 0.1486111111111111 0.73828125 0.036111111111111115 0.0234375
0 0.028240740740740743 0.4934895833333333 0.02314814814814815 0.013020833333333334
0 0.018518518518518517 0.5216145833333333 0.03333333333333333 0.011979166666666666
0 0.2050925925925926 0.39609375 0.03425925925925926 0.022395833333333334
0 0.20231481481481484 0.4192708333333333 0.036111111111111115 0.022916666666666665
0 0.1615740740740741 0.4278645833333333 0.03981481481481482 0.018229166666666668
0 0.13194444444444445 0.44505208333333335 0.017592592592592594 0.0109375
0 0.1212962962962963 0.3971354166666667 0.03888888888888889 0.0171875
0 0.10046296296296296 0.41328125 0.025 0.011979166666666666
0 0.08935185185185185 0.39739583333333334 0.03425925925925926 0.017708333333333333
0 0.05416666666666667 0.74609375 0.03425925925925926 0.0203125
0 0.09212962962962963 0.5549479166666667 0.036111111111111115 0.0171875
0 0.2388888888888889 0.5994791666666667 0.02777777777777778 0.010416666666666666
0 0.25925925925925924 0.5359375 0.022222222222222223 0.011458333333333333
