0 0.18194444444444446 0.46067708333333335 0.026851851851851852 0.024479166666666666
0 0.1527777777777778 0.4278645833333333 0.03333333333333333 0.0140625
0 0.1337962962962963 0.41354166666666664 0.026851851851851852 0.021875
0 0.13055555555555556 0.38255208333333335 0.020370370370370372 0.0140625
0 0.16342592592592592 0.3768229166666667 0.03425925925925926 0.030729166666666665
0 0.031018518518518518 0.3609375 0.015740740740740743 0.008333333333333333
0 0.04583333333333334 0.3653645833333333 0.017592592592592594 0.0078125
0 0.03888888888888889 0.3598958333333333 0.022222222222222223 0.007291666666666667
0 0.03796296296296296 0.3416666666666667 0.018518518518518517 0.010416666666666666
0 0.13842592592592592 0.3026041666666667 0.03981481481481482 0.021875
0 0.10972222222222222 0.3065104166666667 0.021296296296296296 0.0203125
0 0.14814814814814814 0.23984375 0.037037037037037035 0.0140625
0 0.14583333333333334 0.14973958333333334 0.02314814814814815 0.0109375
0 0.125 0.14270833333333333 0.02777777777777778 0.011458333333333333
0 0.13472222222222222 0.12916666666666665 0.028703703703703703 0.013541666666666667
0 0.11527777777777778 0.10729166666666666 0.025 0.017708333333333333
0 0.08333333333333334 0.11171874999999999 0.024074074074074074 0.01614583333333333
0 0.06296296296296297 0.12213541666666666 0.02777777777777778 0.0171875
0 0.08194444444444444 0.171875 0.021296296296296296 0.017708333333333333
0 0.10555555555555556 0.15651041666666665 0.024074074074074074 0.0171875
0 0.11805555555555557 0.16979166666666667 0.030555555555555558 0.019791666666666666
0 0.17962962962962964 0.16302083333333334 0.022222222222222223 0.019791666666666666
0 0.23333333333333334 0.23307291666666666 0.014814814814814815 0.015104166666666667
0 0.23842592592592593 0.16015625 0.030555555555555558 0.022395833333333334
0 0.2657407407407408 0.14088541666666665 0.022222222222222223 0.0171875
0 0.275 0.18098958333333334 0.024074074074074074 0.0140625
0 0.29212962962962963 0.18203125 0.019444444444444445 0.01614583333333333
0 0.3087962962962963 0.20364583333333333 0.025 0.008333333333333333
0 0.337037037037037 0.20520833333333333 0.018518518518518517 0.015625
0 0.40046296296296297 0.15546875 0.026851851851851852 0.0140625
0 0.3939814814814815 0.13619791666666667 0.019444444444444445 0.0067708333333333336
0 0.38703703703703707 0.12760416666666666 0.014814814814814815 0.011458333333333333
0 0.3768518518518519 0.10182291666666667 0.018518518518518517 0.015104166666666667
0 0.0787037037037037 0.6119791666666666 0.03518518518518519 0.015625
0 0.07453703703703704 0.58984375 0.021296296296296296 0.011979166666666666
0 0.21805555555555556 0.32578125 0.019444444444444445 0.0109375
0 0.23981481481481481 0.3651041666666667 0.03333333333333333 0.015625
0 0.3041666666666667 0.3177083333333333 0.010185185185185186 0.008333333333333333
0 0.33240740740740743 0.3338541666666667 0.014814814814814815 0.010416666666666666
0 0.3513888888888889 0.3346354166666667 0.017592592592592594 0.011979166666666666
0 0.32083333333333336 0.4119791666666667 0.03796296296296296 0.021875
0 0.33842592592592596 0.4575520833333333 0.017592592592592594 0.009895833333333333
0 0.3541666666666667 0.46067708333333335 0.02314814814814815 0.0109375
0 0.2449074074074074 0.5494791666666666 0.021296296296296296 0.02395833333333333
0 0.25 0.56484375 0.024074074074074074 0.015104166666666667
0 0.25925925925925924 0.5427083333333333 0.02777777777777778 0.014583333333333334
0 0.2300925925925926 0.5231770833333333 0.03981481481481482 0.024479166666666666
0 0.19490740740740742 0.5067708333333333 0.032407407407407406 0.02395833333333333
0 0.17083333333333334 0.56640625 0.025 0.0171875
0 0.19583333333333333 0.56640625 0.025 0.011979166666666666
0 0.2101851851851852 0.5838541666666667 0.03518518518518519 0.019791666666666666
0 0.1685185185185185 0.5916666666666667 0.04259259259259259 0.019791666666666666
0 0.07731481481481482 0.64453125 0.03425925925925926 0.01614583333333333
0 0.07824074074074075 0.66953125 0.03796296296296296 0.01614583333333333
0 0.20462962962962963 0.7388020833333333 0.0462962962962963 0.0171875
0 0.2689814814814815 0.64140625 0.02314814814814815 0.0171875
0 0.25277777777777777 0.7229166666666667 0.02592592592592593 0.022916666666666665
0 0.3226851851851852 0.6166666666666667 0.021296296296296296 0.009375
0 0.36203703703703705 0.5588541666666667 0.018518518518518517 0.015625
0 0.22222222222222224 0.46015625 0.031481481481481485 0.01614583333333333
0 0.33564814814814814 0.6494791666666666 0.026851851851851852 0.014583333333333334
0 0.3773148148148148 0.48984374999999997 0.03425925925925926 0.021354166666666667
0 0.3740740740740741 0.5380208333333333 0.02777777777777778 0.017708333333333333
0 0.41250000000000003 0.565625 0.030555555555555558 0.017708333333333333
0 0.46435185185185185 0.6549479166666666 0.026851851851851852 0.01614583333333333
0 0.4953703703703704 0.6395833333333333 0.031481481481481485 0.01875
0 0.5263888888888889 0.609375 0.030555555555555558 0.016666666666666666
0 0.4666666666666667 0.47578125 0.03888888888888889 0.021354166666666667
0 0.5101851851851852 0.44479166666666664 0.02777777777777778 0.019791666666666666
0 0.4712962962962963 0.45416666666666666 0.02962962962962963 0.017708333333333333
0 0.55 0.4341145833333333 0.037037037037037035 0.015104166666666667
0 0.537962962962963 0.44375 0.02777777777777778 0.014583333333333334
0 0.6560185185185186 0.13229166666666667 0.02314814814814815 0.016666666666666666
0 0.6625 0.18697916666666667 0.025 0.016666666666666666
0 0.7305555555555556 0.25026041666666665 0.031481481481481485 0.01614583333333333
0 0.6138888888888889 0.25234375 0.02777777777777778 0.021354166666666667
0 0.7351851851851852 0.23958333333333334 0.037037037037037035 0.02395833333333333
0 0.650462962962963 0.590625 0.025 0.016666666666666666
0 0.6944444444444444 0.2640625 0.03518518518518519 0.02395833333333333
0 0.6199074074074075 0.3294270833333333 0.036111111111111115 0.025520833333333333
0 0.6023148148148149 0.34453125 0.02314814814814815 0.019270833333333334
0 0.6175925925925926 0.35104166666666664 0.02962962962962963 0.017708333333333333
0 0.6064814814814815 0.40208333333333335 0.02592592592592593 0.017708333333333333
0 0.6347222222222223 0.421875 0.032407407407407406 0.017708333333333333
0 0.5685185185185185 0.41953124999999997 0.031481481481481485 0.018229166666666668
0 0.7291666666666667 0.35625 0.030555555555555558 0.016666666666666666
0 0.7087962962962964 0.3765625 0.028703703703703703 0.013541666666666667
0 0.7152777777777778 0.434375 0.028703703703703703 0.016666666666666666
0 0.6291666666666667 0.4674479166666667 0.03425925925925926 0.019270833333333334
0 0.638888888888889 0.4869791666666667 0.03333333333333333 0.01875
0 0.6180555555555556 0.5036458333333333 0.03425925925925926 0.017708333333333333
0 0.4638888888888889 0.7747395833333334 0.022222222222222223 0.018229166666666668
0 0.6032407407407407 0.6033854166666667 0.036111111111111115 0.0140625
0 0.638425925925926 0.6104166666666666 0.03425925925925926 0.020833333333333332
0 0.6435185185185185 0.66640625 0.03333333333333333 0.0234375
0 0.662962962962963 0.6856770833333333 0.031481481481481485 0.0203125
0 0.6212962962962963 0.7583333333333333 0.037037037037037035 0.01875
0 0.5921296296296297 0.7768229166666667 0.02314814814814815 0.028645833333333332
0 0.950462962962963 0.603125 0.021296296296296296 0.017708333333333333
0 0.9365740740740741 0.59140625 0.03796296296296296 0.015104166666666667
0 0.9393518518518519 0.2973958333333333 0.019444444444444445 0.011458333333333333
0 0.8875000000000001 0.30078125 0.01388888888888889 0.009895833333333333
0 0.8236111111111112 0.31484375 0.015740740740740743 0.0109375
0 0.8615740740740742 0.23619791666666667 0.017592592592592594 0.008854166666666666
0 0.9078703703703704 0.22109375 0.017592592592592594 0.013020833333333334
0 0.7199074074074074 0.69765625 0.03425925925925926 0.021354166666666667
0 0.7194444444444444 0.5807291666666666 0.03333333333333333 0.017708333333333333
0 0.7763888888888889 0.5692708333333333 0.032407407407407406 0.015625
0 0.7814814814814816 0.6169270833333333 0.03888888888888889 0.0171875
0 0.862037037037037 0.7153645833333333 0.02962962962962963 0.018229166666666668
0 0.7870370370370371 0.7200520833333334 0.02962962962962963 0.021354166666666667
0 0.7583333333333334 0.7192708333333333 0.031481481481481485 0.022916666666666665
0 0.6976851851851852 0.7502604166666667 0.03425925925925926 0.019270833333333334
0 0.7421296296296297 0.7716145833333333 0.036111111111111115 0.024479166666666666
0 0.7851851851851852 0.7760416666666666 0.02962962962962963 0.017708333333333333
0 0.8384259259259259 0.7377604166666667 0.03796296296296296 0.0234375
0 0.962037037037037 0.49166666666666664 0.024074074074074074 0.013541666666666667
0 0.9722222222222222 0.5200520833333333 0.03888888888888889 0.011979166666666666
0 0.7833333333333333 0.39453125 0.03518518518518519 0.022395833333333334
0 0.7856481481481482 0.4184895833333333 0.036111111111111115 0.0234375
0 0.826388888888889 0.42682291666666666 0.03796296296296296 0.019270833333333334
0 0.8601851851851852 0.4440104166666667 0.016666666666666666 0.009895833333333333
0 0.8666666666666667 0.3958333333333333 0.03888888888888889 0.017708333333333333
0 0.8898148148148148 0.41171874999999997 0.024074074074074074 0.013020833333333334
0 0.899537037037037 0.3966145833333333 0.03425925925925926 0.019270833333333334
0 0.9342592592592593 0.7447916666666666 0.03518518518518519 0.020833333333333332
0 0.8972222222222223 0.5541666666666667 0.03333333333333333 0.016666666666666666
0 0.7490740740740741 0.5986979166666666 0.02962962962962963 0.0109375
0 0.7310185185185185 0.53515625 0.021296296296296296 0.011979166666666666
0 0.9851851851851853 0.47994791666666664 0.02962962962962963 0.018229166666666668
0 0.9875 0.38307291666666665 0.025 0.015104166666666667
0 0.9921296296296297 0.33489583333333334 0.015740740740740743 0.008333333333333333
0 0.9925925925925926 0.41041666666666665 0.014814814814814815 0.013541666666666667
