0 0.17407407407407408 0.46015625 0.02962962962962963 0.0234375
0 0.14305555555555557 0.4265625 0.04351851851851852 0.009375
0 0.125 0.41171874999999997 0.02777777777777778 0.022395833333333334
0 0.12222222222222223 0.38125 0.020370370370370372 0.013541666666666667
0 0.15416666666666667 0.3763020833333333 0.032407407407407406 0.030729166666666665
0 0.02361111111111111 0.359375 0.015740740740740743 0.008333333333333333
0 0.038425925925925926 0.36432291666666666 0.017592592592592594 0.0078125
0 0.029166666666666667 0.3580729166666667 0.019444444444444445 0.0078125
0 0.030555555555555558 0.340625 0.018518518518518517 0.010416666666666666
0 0.12916666666666668 0.30078125 0.03796296296296296 0.021354166666666667
0 0.09907407407407408 0.30416666666666664 0.022222222222222223 0.019791666666666666
0 0.1388888888888889 0.23802083333333332 0.03888888888888889 0.013541666666666667
0 0.13935185185185187 0.14817708333333332 0.02314814814814815 0.0109375
0 0.1175925925925926 0.14088541666666665 0.02962962962962963 0.011979166666666666
0 0.1287037037037037 0.12708333333333333 0.02777777777777778 0.013541666666666667
0 0.10833333333333334 0.10494791666666667 0.024074074074074074 0.018229166666666668
0 0.07592592592592592 0.10963541666666667 0.024074074074074074 0.01614583333333333
0 0.05601851851851852 0.11979166666666667 0.028703703703703703 0.017708333333333333
0 0.07407407407407407 0.16953125 0.020370370370370372 0.0171875
0 0.09814814814814815 0.15442708333333333 0.024074074074074074 0.0171875
0 0.11064814814814815 0.16796875 0.030555555555555558 0.0203125
0 0.17222222222222222 0.16145833333333334 0.022222222222222223 0.019791666666666666
0 0.22685185185185186 0.23098958333333333 0.014814814814814815 0.015104166666666667
0 0.23148148148148148 0.1578125 0.02962962962962963 0.021875
0 0.25833333333333336 0.13880208333333333 0.022222222222222223 0.0171875
0 0.26851851851851855 0.17890625 0.024074074074074074 0.0140625
0 0.2851851851851852 0.17994791666666665 0.020370370370370372 0.015104166666666667
0 0.3023148148148148 0.2015625 0.025 0.008333333333333333
0 0.3314814814814815 0.203125 0.020370370370370372 0.015625
0 0.39537037037037037 0.15260416666666665 0.02592592592592593 0.015625
0 0.38796296296296295 0.13385416666666666 0.018518518518518517 0.007291666666666667
0 0.3800925925925926 0.12526041666666665 0.015740740740740743 0.0109375
0 0.3712962962962963 0.09973958333333333 0.018518518518518517 0.015104166666666667
0 0.0699074074074074 0.6109375 0.036111111111111115 0.015625
0 0.06574074074074074 0.5890625 0.020370370370370372 0.011458333333333333
0 0.21157407407407408 0.32421875 0.019444444444444445 0.0109375
0 0.23194444444444445 0.3640625 0.032407407407407406 0.015625
0 0.2986111111111111 0.31640625 0.010185185185185186 0.0078125
0 0.32592592592592595 0.33229166666666665 0.014814814814814815 0.010416666666666666
0 0.3458333333333333 0.3333333333333333 0.017592592592592594 0.011458333333333333
0 0.31342592592592594 0.41041666666666665 0.03796296296296296 0.021875
0 0.33287037037037037 0.45651041666666664 0.017592592592592594 0.009895833333333333
0 0.34814814814814815 0.459375 0.022222222222222223 0.010416666666666666
0 0.23842592592592593 0.5486979166666667 0.02314814814814815 0.024479166666666666
0 0.24351851851851852 0.5645833333333333 0.02592592592592593 0.015625
0 0.25277777777777777 0.5419270833333333 0.02592592592592593 0.0140625
0 0.22083333333333335 0.5216145833333333 0.03981481481481482 0.024479166666666666
0 0.18564814814814815 0.5059895833333333 0.032407407407407406 0.0234375
0 0.16342592592592592 0.565625 0.025 0.016666666666666666
0 0.18842592592592594 0.565625 0.025 0.011458333333333333
0 0.20277777777777778 0.5828125 0.03518518518518519 0.019791666666666666
0 0.16018518518518518 0.5908854166666666 0.04259259259259259 0.0203125
0 0.32916666666666666 0.6505208333333333 0.025 0.015625
0 0.06805555555555556 0.6434895833333333 0.03425925925925926 0.01614583333333333
0 0.06944444444444445 0.6690104166666666 0.03333333333333333 0.0203125
0 0.1962962962962963 0.7380208333333333 0.0462962962962963 0.017708333333333333
0 0.26157407407407407 0.6411458333333333 0.02314814814814815 0.017708333333333333
0 0.2449074074074074 0.7221354166666667 0.025 0.0234375
0 0.31527777777777777 0.615625 0.02314814814814815 0.009375
0 0.3560185185185185 0.5580729166666667 0.015740740740740743 0.015104166666666667
0 0.36944444444444446 0.48854166666666665 0.03518518518518519 0.020833333333333332
0 0.3680555555555556 0.5369791666666667 0.026851851851851852 0.017708333333333333
0 0.40601851851851856 0.5651041666666666 0.028703703703703703 0.017708333333333333
0 0.45787037037037037 0.65390625 0.026851851851851852 0.01614583333333333
0 0.48888888888888893 0.6393229166666666 0.031481481481481485 0.018229166666666668
0 0.5199074074074074 0.6091145833333333 0.032407407407407406 0.01614583333333333
0 0.4601851851851852 0.4747395833333333 0.03888888888888889 0.021354166666666667
0 0.5041666666666667 0.4440104166666667 0.028703703703703703 0.019270833333333334
0 0.46481481481481485 0.4536458333333333 0.02962962962962963 0.017708333333333333
0 0.5439814814814815 0.43333333333333335 0.03796296296296296 0.015625
0 0.5319444444444444 0.44296874999999997 0.028703703703703703 0.0140625
0 0.6518518518518519 0.13020833333333334 0.024074074074074074 0.016666666666666666
0 0.6578703703703704 0.18515625 0.025 0.01614583333333333
0 0.7240740740740741 0.24895833333333334 0.031481481481481485 0.015625
0 0.6083333333333334 0.25078125 0.02777777777777778 0.021354166666666667
0 0.7291666666666667 0.23828125 0.03796296296296296 0.024479166666666666
0 0.687962962962963 0.2630208333333333 0.03518518518518519 0.02395833333333333
0 0.6138888888888889 0.32786458333333335 0.037037037037037035 0.025520833333333333
0 0.5976851851851852 0.34322916666666664 0.025 0.019791666666666666
0 0.612037037037037 0.3502604166666667 0.02962962962962963 0.0171875
0 0.600462962962963 0.4010416666666667 0.025 0.017708333333333333
0 0.6287037037037038 0.42109375 0.031481481481481485 0.018229166666666668
0 0.562962962962963 0.41875 0.031481481481481485 0.01875
0 0.7240740740740741 0.35572916666666665 0.031481481481481485 0.016666666666666666
0 0.7046296296296296 0.3763020833333333 0.02962962962962963 0.0140625
0 0.7115740740740741 0.43385416666666665 0.028703703703703703 0.016666666666666666
0 0.6231481481481481 0.4666666666666667 0.03333333333333333 0.01875
0 0.6337962962962963 0.4864583333333333 0.03425925925925926 0.01875
0 0.6125 0.503125 0.03425925925925926 0.017708333333333333
0 0.45740740740740743 0.7736979166666667 0.022222222222222223 0.019270833333333334
0 0.5976851851851852 0.60234375 0.036111111111111115 0.0140625
0 0.6444444444444445 0.5903645833333333 0.024074074074074074 0.0171875
0 0.6319444444444444 0.6098958333333333 0.03425925925925926 0.020833333333333332
0 0.6370370370370371 0.665625 0.03333333333333333 0.022916666666666665
0 0.6560185185185186 0.68515625 0.032407407407407406 0.0203125
0 0.6148148148148148 0.7580729166666667 0.037037037037037035 0.018229166666666668
0 0.5842592592592593 0.7763020833333333 0.024074074074074074 0.028645833333333332
0 0.9462962962962963 0.603125 0.020370370370370372 0.016666666666666666
0 0.9305555555555556 0.5908854166666666 0.03888888888888889 0.015104166666666667
0 0.9351851851851852 0.29661458333333335 0.020370370370370372 0.0109375
0 0.8828703703703704 0.29973958333333334 0.01388888888888889 0.009895833333333333
0 0.8180555555555555 0.31328125 0.015740740740740743 0.0109375
0 0.8587962962962963 0.23489583333333333 0.017592592592592594 0.008333333333333333
0 0.9041666666666667 0.21953124999999998 0.017592592592592594 0.013020833333333334
0 0.7134259259259259 0.696875 0.03425925925925926 0.020833333333333332
0 0.712962962962963 0.58046875 0.03333333333333333 0.0171875
0 0.7703703703703704 0.5690104166666666 0.03333333333333333 0.015104166666666667
0 0.7759259259259259 0.61640625 0.03888888888888889 0.0171875
0 0.8555555555555556 0.7151041666666667 0.02962962962962963 0.017708333333333333
0 0.7796296296296297 0.71953125 0.02962962962962963 0.021354166666666667
0 0.75 0.71875 0.031481481481481485 0.022916666666666665
0 0.6902777777777778 0.7494791666666667 0.03425925925925926 0.01875
0 0.7337962962962963 0.7705729166666666 0.036111111111111115 0.024479166666666666
0 0.7759259259259259 0.7755208333333333 0.02962962962962963 0.017708333333333333
0 0.8310185185185186 0.7372395833333333 0.03796296296296296 0.0234375
0 0.9569444444444445 0.49140625 0.02314814814814815 0.013020833333333334
0 0.9666666666666667 0.5200520833333333 0.03888888888888889 0.011979166666666666
0 0.7777777777777778 0.39375 0.03518518518518519 0.022916666666666665
0 0.7796296296296297 0.41770833333333335 0.037037037037037035 0.022916666666666665
0 0.8208333333333334 0.42578125 0.03981481481481482 0.018229166666666668
0 0.8555555555555556 0.4432291666666667 0.016666666666666666 0.010416666666666666
0 0.8611111111111112 0.3950520833333333 0.03888888888888889 0.0171875
0 0.8865740740740741 0.41171874999999997 0.025 0.013020833333333334
0 0.8939814814814815 0.3958333333333333 0.036111111111111115 0.01875
0 0.9287037037037037 0.7453125 0.03518518518518519 0.019791666666666666
0 0.8907407407407407 0.5536458333333333 0.03333333333333333 0.016666666666666666
0 0.27175925925925926 0.7557291666666667 0.021296296296296296 0.01875
0 0.7439814814814815 0.5984375 0.030555555555555558 0.011458333333333333
0 0.7263888888888889 0.5346354166666667 0.021296296296296296 0.011979166666666666
0 0.9824074074074074 0.47942708333333334 0.03518518518518519 0.018229166666666668
0 0.9851851851851853 0.3828125 0.02962962962962963 0.014583333333333334
0 0.9888888888888889 0.3341145833333333 0.018518518518518517 0.008854166666666666
0 0.9898148148148148 0.40911458333333334 0.020370370370370372 0.013020833333333334
