0 0.8361111111111111 0.45807291666666666 0.02962962962962963 0.022395833333333334
0 0.8662037037037037 0.42526041666666664 0.03981481481481482 0.011979166666666666
0 0.8851851851851852 0.40963541666666664 0.02592592592592593 0.025520833333333333
0 0.8865740740740741 0.3802083333333333 0.019444444444444445 0.013541666666666667
0 0.8574074074074074 0.37447916666666664 0.03333333333333333 0.03125
0 0.9856481481481482 0.35833333333333334 0.015740740740740743 0.008333333333333333
0 0.9703703703703704 0.36223958333333334 0.018518518518518517 0.0078125
0 0.9671296296296297 0.35833333333333334 0.017592592592592594 0.008333333333333333
0 0.9777777777777779 0.3390625 0.018518518518518517 0.010416666666666666
0 0.8824074074074074 0.2989583333333333 0.03888888888888889 0.021875
0 0.912962962962963 0.3028645833333333 0.020370370370370372 0.019270833333333334
0 0.8712962962962963 0.23619791666666667 0.03888888888888889 0.0140625
0 0.8699074074074075 0.14583333333333334 0.02314814814814815 0.010416666666666666
0 0.8912037037037037 0.13828125 0.028703703703703703 0.011979166666666666
0 0.8805555555555555 0.12473958333333333 0.02777777777777778 0.0140625
0 0.899537037037037 0.10286458333333333 0.025 0.018229166666666668
0 0.9324074074074075 0.10781249999999999 0.024074074074074074 0.016666666666666666
0 0.9523148148148148 0.11770833333333333 0.028703703703703703 0.017708333333333333
0 0.9347222222222222 0.16744791666666667 0.019444444444444445 0.0171875
0 0.9111111111111111 0.15234375 0.024074074074074074 0.018229166666666668
0 0.8986111111111111 0.16536458333333334 0.030555555555555558 0.0203125
0 0.8365740740740741 0.15963541666666667 0.021296296296296296 0.019270833333333334
0 0.7810185185185186 0.22994791666666667 0.015740740740740743 0.015104166666666667
0 0.7773148148148148 0.15625 0.030555555555555558 0.021875
0 0.750462962962963 0.13697916666666665 0.02314814814814815 0.017708333333333333
0 0.737962962962963 0.17734375 0.024074074074074074 0.0140625
0 0.7231481481481482 0.178125 0.020370370370370372 0.015625
0 0.7064814814814815 0.20026041666666666 0.02592592592592593 0.0078125
0 0.6768518518518519 0.20208333333333334 0.020370370370370372 0.016666666666666666
0 0.6106481481481482 0.15052083333333333 0.025 0.015625
0 0.6212962962962963 0.13229166666666667 0.020370370370370372 0.007291666666666667
0 0.6291666666666667 0.12317708333333333 0.015740740740740743 0.011979166666666666
0 0.6375000000000001 0.09739583333333333 0.019444444444444445 0.015625
0 0.9402777777777778 0.6098958333333333 0.036111111111111115 0.015625
0 0.9449074074074074 0.5877604166666667 0.021296296296296296 0.0109375
0 0.7976851851851852 0.3229166666666667 0.019444444444444445 0.011458333333333333
0 0.7773148148148148 0.3625 0.032407407407407406 0.015625
0 0.7087962962962964 0.3151041666666667 0.010185185185185186 0.008333333333333333
0 0.6824074074074075 0.33125 0.014814814814814815 0.010416666666666666
0 0.6625 0.33229166666666665 0.017592592592592594 0.011458333333333333
0 0.6949074074074074 0.409375 0.03796296296296296 0.021875
0 0.675462962962963 0.4557291666666667 0.017592592592592594 0.009375
0 0.6606481481481482 0.45859374999999997 0.02314814814814815 0.0109375
0 0.7694444444444445 0.5473958333333333 0.024074074074074074 0.025
0 0.7643518518518518 0.5638020833333334 0.026851851851851852 0.015104166666666667
0 0.7560185185185185 0.540625 0.025 0.013541666666666667
0 0.7902777777777779 0.52109375 0.03981481481481482 0.024479166666666666
0 0.825925925925926 0.5049479166666666 0.031481481481481485 0.0234375
0 0.8453703703703704 0.5651041666666666 0.02592592592592593 0.015625
0 0.8203703703703704 0.5651041666666666 0.02592592592592593 0.010416666666666666
0 0.8074074074074075 0.5822916666666667 0.03518518518518519 0.020833333333333332
0 0.8486111111111111 0.58984375 0.04351851851851852 0.0203125
0 0.6782407407407408 0.6502604166666667 0.025 0.015104166666666667
0 0.9425925925925926 0.6424479166666667 0.03333333333333333 0.01614583333333333
0 0.9412037037037038 0.66796875 0.032407407407407406 0.021354166666666667
0 0.812962962962963 0.7372395833333333 0.0462962962962963 0.0171875
0 0.7467592592592592 0.63984375 0.02314814814814815 0.018229166666666668
0 0.7648148148148148 0.72109375 0.024074074074074074 0.0234375
0 0.6921296296296297 0.6153645833333333 0.02314814814814815 0.008854166666666666
0 0.6527777777777778 0.5572916666666666 0.014814814814814815 0.015625
0 0.638425925925926 0.48828125 0.03425925925925926 0.021354166666666667
0 0.6402777777777778 0.5359375 0.026851851851851852 0.017708333333333333
0 0.6023148148148149 0.5643229166666667 0.028703703703703703 0.018229166666666668
0 0.5504629629629629 0.6536458333333334 0.026851851851851852 0.015625
0 0.5194444444444445 0.63828125 0.031481481481481485 0.018229166666666668
0 0.48842592592592593 0.6080729166666666 0.032407407407407406 0.0171875
0 0.5472222222222223 0.47369791666666666 0.03888888888888889 0.021354166666666667
0 0.5050925925925926 0.44296874999999997 0.026851851851851852 0.0203125
0 0.5425925925925926 0.45260416666666664 0.02962962962962963 0.017708333333333333
0 0.46481481481481485 0.43255208333333334 0.037037037037037035 0.015104166666666667
0 0.4763888888888889 0.4427083333333333 0.028703703703703703 0.014583333333333334
0 0.35462962962962963 0.12838541666666667 0.024074074074074074 0.01614583333333333
0 0.3490740740740741 0.18385416666666665 0.02592592592592593 0.016666666666666666
0 0.2847222222222222 0.24791666666666667 0.032407407407407406 0.015625
0 0.3995370370370371 0.24895833333333334 0.026851851851851852 0.021875
0 0.28055555555555556 0.23697916666666666 0.037037037037037035 0.02395833333333333
0 0.3212962962962963 0.26171875 0.03518518518518519 0.024479166666666666
0 0.39351851851851855 0.3268229166666667 0.037037037037037035 0.025520833333333333
0 0.41064814814814815 0.3421875 0.02314814814814815 0.019791666666666666
0 0.39490740740740743 0.34921875 0.030555555555555558 0.0171875
0 0.40694444444444444 0.4 0.025 0.017708333333333333
0 0.37824074074074077 0.4203125 0.03425925925925926 0.017708333333333333
0 0.4444444444444445 0.41744791666666664 0.031481481481481485 0.018229166666666668
0 0.2833333333333333 0.3546875 0.02962962962962963 0.016666666666666666
0 0.30324074074074076 0.37526041666666665 0.028703703703703703 0.015104166666666667
0 0.29583333333333334 0.43333333333333335 0.028703703703703703 0.016666666666666666
0 0.38472222222222224 0.46588541666666666 0.03425925925925926 0.019270833333333334
0 0.3740740740740741 0.48593749999999997 0.03333333333333333 0.01875
0 0.39537037037037037 0.50234375 0.03333333333333333 0.018229166666666668
0 0.5523148148148148 0.7734375 0.021296296296296296 0.017708333333333333
0 0.41250000000000003 0.6018229166666667 0.036111111111111115 0.0140625
0 0.36388888888888893 0.58984375 0.024074074074074074 0.0171875
0 0.3773148148148148 0.6091145833333333 0.03425925925925926 0.021354166666666667
0 0.3717592592592593 0.6653645833333334 0.032407407407407406 0.0234375
0 0.3523148148148148 0.68515625 0.030555555555555558 0.0203125
0 0.3944444444444445 0.7578125 0.037037037037037035 0.01875
0 0.425 0.77578125 0.024074074074074074 0.028645833333333332
0 0.062037037037037036 0.6026041666666666 0.020370370370370372 0.016666666666666666
0 0.07685185185185185 0.5903645833333333 0.037037037037037035 0.015104166666666667
0 0.03935185185185185 0.5203125 0.026851851851851852 0.015625
0 0.07083333333333333 0.2953125 0.021296296296296296 0.011458333333333333
0 0.12407407407407407 0.2986979166666667 0.012962962962962964 0.009895833333333333
0 0.18842592592592594 0.3125 0.015740740740740743 0.011458333333333333
0 0.1476851851851852 0.23411458333333332 0.017592592592592594 0.008854166666666666
0 0.10231481481481482 0.21848958333333332 0.017592592592592594 0.013020833333333334
0 0.2962962962962963 0.696875 0.03518518518518519 0.020833333333333332
0 0.29444444444444445 0.5802083333333333 0.031481481481481485 0.017708333333333333
0 0.23750000000000002 0.5682291666666667 0.032407407407407406 0.015625
0 0.23194444444444445 0.6158854166666666 0.03796296296296296 0.0171875
0 0.1527777777777778 0.71484375 0.02962962962962963 0.0171875
0 0.22962962962962963 0.71875 0.02962962962962963 0.021875
0 0.25972222222222224 0.71875 0.030555555555555558 0.022916666666666665
0 0.31851851851851853 0.7486979166666666 0.03333333333333333 0.019270833333333334
0 0.275 0.7708333333333334 0.03518518518518519 0.02395833333333333
0 0.23425925925925928 0.7752604166666667 0.02962962962962963 0.0171875
0 0.17731481481481481 0.73671875 0.03981481481481482 0.0234375
0 0.04953703703703704 0.49114583333333334 0.02314814814814815 0.013541666666666667
0 0.23101851851851854 0.39296875 0.03425925925925926 0.022395833333333334
0 0.22916666666666669 0.41640625 0.036111111111111115 0.0234375
0 0.1875 0.42552083333333335 0.03981481481481482 0.017708333333333333
0 0.15231481481481482 0.4421875 0.015740740740740743 0.010416666666666666
0 0.14722222222222223 0.39427083333333335 0.03888888888888889 0.017708333333333333
0 0.12175925925925926 0.4106770833333333 0.025 0.013020833333333334
0 0.11388888888888889 0.39557291666666666 0.037037037037037035 0.019270833333333334
0 0.07777777777777778 0.7450520833333333 0.03518518518518519 0.019270833333333334
0 0.11805555555555557 0.553125 0.03425925925925926 0.016666666666666666
0 0.737962962962963 0.7552083333333334 0.022222222222222223 0.01875
0 0.2652777777777778 0.5981770833333333 0.030555555555555558 0.011979166666666666
0 0.015277777777777779 0.6958333333333333 0.026851851851851852 0.025
0 0.2796296296296296 0.53359375 0.022222222222222223 0.011979166666666666
0 0.025 0.47890625 0.03518518518518519 0.018229166666666668
0 0.020370370370370372 0.38177083333333334 0.03333333333333333 0.014583333333333334
0 0.018518518518518517 0.3333333333333333 0.018518518518518517 0.008333333333333333
0 0.014814814814814815 0.4088541666666667 0.02592592592592593 0.0125
