0 0.15694444444444444 0.4578125 0.030555555555555558 0.021875
0 0.12824074074074074 0.4244791666666667 0.036111111111111115 0.013541666666666667
0 0.10787037037037038 0.40989583333333335 0.026851851851851852 0.022916666666666665
0 0.1050925925925926 0.3794270833333333 0.02314814814814815 0.013020833333333334
0 0.1337962962962963 0.37447916666666664 0.032407407407407406 0.030208333333333334
0 0.010185185185185186 0.35703125 0.014814814814814815 0.0078125
0 0.02314814814814815 0.3619791666666667 0.016666666666666666 0.007291666666666667
0 0.02962962962962963 0.35703125 0.012962962962962964 0.0078125
0 0.015740740740740743 0.3377604166666667 0.018518518518518517 0.009895833333333333
0 0.1087962962962963 0.29791666666666666 0.036111111111111115 0.021875
0 0.0787037037037037 0.3015625 0.018518518518518517 0.01875
0 0.11944444444444445 0.23463541666666665 0.040740740740740744 0.0140625
0 0.12222222222222223 0.14479166666666665 0.022222222222222223 0.011458333333333333
0 0.10185185185185186 0.13723958333333333 0.02962962962962963 0.011979166666666666
0 0.11388888888888889 0.12317708333333333 0.02777777777777778 0.0140625
0 0.09490740740740741 0.10182291666666667 0.025 0.018229166666666668
0 0.061111111111111116 0.10598958333333333 0.024074074074074074 0.01614583333333333
0 0.04120370370370371 0.11640625 0.028703703703703703 0.0171875
0 0.05925925925925926 0.16614583333333333 0.018518518518518517 0.017708333333333333
0 0.08148148148148149 0.15104166666666666 0.024074074074074074 0.017708333333333333
0 0.09490740740740741 0.16458333333333333 0.030555555555555558 0.020833333333333332
0 0.15694444444444444 0.1578125 0.021296296296296296 0.019791666666666666
0 0.2125 0.22838541666666667 0.015740740740740743 0.0140625
0 0.2152777777777778 0.15494791666666666 0.030555555555555558 0.022395833333333334
0 0.24305555555555555 0.13541666666666666 0.02314814814814815 0.017708333333333333
0 0.2555555555555556 0.17604166666666665 0.024074074074074074 0.014583333333333334
0 0.27175925925925926 0.17708333333333334 0.021296296296296296 0.014583333333333334
0 0.2884259259259259 0.19895833333333332 0.025 0.008333333333333333
0 0.31851851851851853 0.20078125 0.020370370370370372 0.0171875
0 0.38472222222222224 0.15 0.025 0.015625
0 0.3717592592592593 0.13046875 0.019444444444444445 0.0067708333333333336
0 0.36342592592592593 0.12213541666666666 0.015740740740740743 0.0109375
0 0.3560185185185185 0.09635416666666667 0.019444444444444445 0.015625
0 0.05324074074074074 0.6096354166666667 0.03425925925925926 0.01614583333333333
0 0.047685185185185185 0.5877604166666667 0.019444444444444445 0.0109375
0 0.19583333333333333 0.3223958333333333 0.019444444444444445 0.011458333333333333
0 0.21574074074074076 0.36171875 0.03333333333333333 0.015104166666666667
0 0.2851851851851852 0.3140625 0.009259259259259259 0.007291666666666667
0 0.3125 0.3296875 0.015740740740740743 0.010416666666666666
0 0.33194444444444443 0.33125 0.017592592592592594 0.011458333333333333
0 0.2986111111111111 0.40911458333333334 0.03796296296296296 0.021354166666666667
0 0.3199074074074074 0.4549479166666667 0.017592592592592594 0.009895833333333333
0 0.33425925925925926 0.4583333333333333 0.022222222222222223 0.011458333333333333
0 0.225 0.5473958333333333 0.02592592592592593 0.02395833333333333
0 0.2300925925925926 0.5630208333333333 0.028703703703703703 0.015625
0 0.23750000000000002 0.5411458333333333 0.02314814814814815 0.013541666666666667
0 0.20092592592592592 0.5208333333333334 0.03888888888888889 0.025
0 0.16527777777777777 0.5049479166666666 0.032407407407407406 0.022395833333333334
0 0.14814814814814814 0.5643229166666667 0.02592592592592593 0.01614583333333333
0 0.17592592592592593 0.5645833333333333 0.024074074074074074 0.010416666666666666
0 0.1865740740740741 0.5817708333333333 0.03425925925925926 0.020833333333333332
0 0.14444444444444446 0.5893229166666667 0.04259259259259259 0.0203125
0 0.3162037037037037 0.6497395833333334 0.021296296296296296 0.015104166666666667
0 0.05092592592592593 0.6424479166666667 0.03333333333333333 0.01614583333333333
0 0.051388888888888894 0.66796875 0.032407407407407406 0.021354166666666667
0 0.17962962962962964 0.7369791666666666 0.0462962962962963 0.017708333333333333
0 0.24814814814814815 0.6401041666666667 0.024074074074074074 0.017708333333333333
0 0.2300925925925926 0.7208333333333333 0.02314814814814815 0.02395833333333333
0 0.30185185185185187 0.6145833333333334 0.024074074074074074 0.009375
0 0.35370370370370374 0.48802083333333335 0.037037037037037035 0.020833333333333332
0 0.35462962962962963 0.5356770833333333 0.02777777777777778 0.0171875
0 0.39305555555555555 0.5638020833333334 0.028703703703703703 0.018229166666666668
0 0.4449074074074074 0.6533854166666666 0.026851851851851852 0.01614583333333333
0 0.4759259259259259 0.6385416666666667 0.031481481481481485 0.01875
0 0.5064814814814815 0.6083333333333333 0.031481481481481485 0.016666666666666666
0 0.4476851851851852 0.47369791666666666 0.03796296296296296 0.021354166666666667
0 0.4898148148148148 0.4427083333333333 0.02777777777777778 0.01875
0 0.45231481481481484 0.45234375 0.030555555555555558 0.0171875
0 0.5300925925925926 0.4322916666666667 0.03796296296296296 0.015625
0 0.5175925925925926 0.4421875 0.02962962962962963 0.014583333333333334
0 0.6393518518518518 0.12708333333333333 0.02314814814814815 0.016666666666666666
0 0.6453703703703704 0.1828125 0.02592592592592593 0.016666666666666666
0 0.7078703703703704 0.24739583333333334 0.032407407407407406 0.015625
0 0.5949074074074074 0.24869791666666666 0.025 0.021354166666666667
0 0.712037037037037 0.2359375 0.037037037037037035 0.02395833333333333
0 0.6731481481481482 0.2609375 0.03518518518518519 0.02395833333333333
0 0.600462962962963 0.3260416666666667 0.03796296296296296 0.026041666666666668
0 0.5847222222222223 0.34140625 0.02314814814814815 0.019270833333333334
0 0.600925925925926 0.3489583333333333 0.02962962962962963 0.017708333333333333
0 0.587962962962963 0.3997395833333333 0.02592592592592593 0.0171875
0 0.6175925925925926 0.41901041666666666 0.031481481481481485 0.0203125
0 0.549537037037037 0.4171875 0.032407407407407406 0.01875
0 0.712037037037037 0.3546875 0.02962962962962963 0.016666666666666666
0 0.6921296296296297 0.37473958333333335 0.028703703703703703 0.015104166666666667
0 0.7000000000000001 0.43255208333333334 0.02777777777777778 0.0171875
0 0.6097222222222223 0.465625 0.03425925925925926 0.01875
0 0.6199074074074075 0.48541666666666666 0.03425925925925926 0.01875
0 0.5990740740740741 0.5020833333333333 0.03333333333333333 0.017708333333333333
0 0.4425925925925926 0.7731770833333333 0.022222222222222223 0.018229166666666668
0 0.5824074074074075 0.6015625 0.03518518518518519 0.014583333333333334
0 0.6300925925925926 0.5893229166666667 0.02314814814814815 0.0171875
0 0.6166666666666667 0.6091145833333333 0.03333333333333333 0.022395833333333334
0 0.6226851851851852 0.6653645833333334 0.032407407407407406 0.0234375
0 0.6421296296296296 0.6846354166666666 0.030555555555555558 0.0203125
0 0.6 0.7572916666666667 0.037037037037037035 0.01875
0 0.5689814814814815 0.7760416666666666 0.025 0.029166666666666667
0 0.9324074074074075 0.6020833333333333 0.020370370370370372 0.016666666666666666
0 0.9180555555555556 0.58984375 0.03796296296296296 0.015104166666666667
0 0.9240740740740742 0.29453125 0.022222222222222223 0.0109375
0 0.8712962962962963 0.2981770833333333 0.012962962962962964 0.009895833333333333
0 0.8069444444444445 0.31197916666666664 0.015740740740740743 0.011458333333333333
0 0.8476851851851852 0.23307291666666666 0.017592592592592594 0.008854166666666666
0 0.8930555555555556 0.21796875 0.017592592592592594 0.013020833333333334
0 0.6986111111111112 0.69609375 0.03425925925925926 0.021354166666666667
0 0.6995370370370371 0.5794270833333334 0.032407407407407406 0.0171875
0 0.7574074074074074 0.5677083333333334 0.03333333333333333 0.015625
0 0.7625000000000001 0.615625 0.03796296296296296 0.017708333333333333
0 0.8421296296296297 0.7145833333333333 0.030555555555555558 0.017708333333333333
0 0.762962962962963 0.7182291666666667 0.02962962962962963 0.021875
0 0.7337962962962963 0.7182291666666667 0.030555555555555558 0.022916666666666665
0 0.6759259259259259 0.7486979166666666 0.03333333333333333 0.019270833333333334
0 0.7185185185185186 0.7703125 0.037037037037037035 0.02395833333333333
0 0.7583333333333334 0.775 0.02777777777777778 0.016666666666666666
0 0.8166666666666667 0.7364583333333333 0.03888888888888889 0.02395833333333333
0 0.9458333333333334 0.4908854166666667 0.025 0.0140625
0 0.9555555555555556 0.5200520833333333 0.03333333333333333 0.011979166666666666
0 0.762962962962963 0.3924479166666667 0.03518518518518519 0.022395833333333334
0 0.7652777777777778 0.4158854166666667 0.036111111111111115 0.0234375
0 0.8060185185185186 0.42421875 0.03981481481481482 0.0171875
0 0.8430555555555556 0.4427083333333333 0.01388888888888889 0.009375
0 0.8472222222222222 0.39375 0.037037037037037035 0.017708333333333333
0 0.8745370370370371 0.4109375 0.025 0.013541666666666667
0 0.8782407407407408 0.39453125 0.03425925925925926 0.018229166666666668
0 0.9189814814814815 0.74375 0.032407407407407406 0.019791666666666666
0 0.8777777777777778 0.5526041666666667 0.03333333333333333 0.016666666666666666
0 0.2550925925925926 0.7549479166666666 0.02314814814814815 0.018229166666666668
0 0.7296296296296296 0.59765625 0.031481481481481485 0.011979166666666666
0 0.9824074074074074 0.6953125 0.03518518518518519 0.02395833333333333
0 0.7157407407407408 0.5330729166666667 0.022222222222222223 0.011979166666666666
0 0.9912037037037037 0.540625 0.017592592592592594 0.016666666666666666
0 0.9699074074074074 0.4786458333333333 0.036111111111111115 0.017708333333333333
0 0.9745370370370371 0.38125 0.032407407407407406 0.014583333333333334
0 0.975925925925926 0.3328125 0.018518518518518517 0.008333333333333333
0 0.9814814814814815 0.40781249999999997 0.02592592592592593 0.011458333333333333
