0 0.14074074074074075 0.4588541666666667 0.037037037037037035 0.019791666666666666
0 0.10925925925925926 0.42473958333333334 0.044444444444444446 0.009895833333333333
0 0.08750000000000001 0.41015625 0.025 0.022395833333333334
0 0.11018518518518519 0.37447916666666664 0.03333333333333333 0.03125
0 0.008796296296296297 0.35859375 0.01388888888888889 0.0078125
0 0.009722222222222222 0.35625 0.015740740740740743 0.007291666666666667
0 0.005092592592592593 0.33697916666666666 0.008333333333333333 0.008333333333333333
0 0.08703703703703704 0.29765625 0.03333333333333333 0.021354166666666667
0 0.05694444444444444 0.3013020833333333 0.02314814814814815 0.0171875
0 0.0976851851851852 0.23463541666666665 0.04351851851851852 0.015104166666666667
0 0.10370370370370371 0.14427083333333332 0.022222222222222223 0.011458333333333333
0 0.08240740740740742 0.13671875 0.03333333333333333 0.011979166666666666
0 0.09583333333333334 0.12239583333333333 0.028703703703703703 0.014583333333333334
0 0.07824074074074075 0.10052083333333334 0.025 0.017708333333333333
0 0.04351851851851852 0.10520833333333333 0.024074074074074074 0.016666666666666666
0 0.02361111111111111 0.11588541666666667 0.028703703703703703 0.0171875
0 0.06296296296296297 0.14973958333333334 0.024074074074074074 0.018229166666666668
0 0.075 0.16354166666666667 0.031481481481481485 0.019791666666666666
0 0.13935185185185187 0.15729166666666666 0.021296296296296296 0.019791666666666666
0 0.19583333333333333 0.22838541666666667 0.015740740740740743 0.0140625
0 0.19675925925925927 0.15416666666666667 0.030555555555555558 0.021875
0 0.22453703703703703 0.13489583333333333 0.025 0.017708333333333333
0 0.2388888888888889 0.17526041666666667 0.022222222222222223 0.0140625
0 0.25462962962962965 0.17630208333333333 0.020370370370370372 0.01614583333333333
0 0.27175925925925926 0.1984375 0.025 0.008333333333333333
0 0.3023148148148148 0.2 0.021296296296296296 0.016666666666666666
0 0.3689814814814815 0.14869791666666665 0.028703703703703703 0.0140625
0 0.35324074074074074 0.12994791666666666 0.021296296296296296 0.0067708333333333336
0 0.3462962962962963 0.12135416666666667 0.014814814814814815 0.011458333333333333
0 0.33935185185185185 0.0953125 0.019444444444444445 0.015625
0 0.03657407407407408 0.6098958333333333 0.03425925925925926 0.015625
0 0.030555555555555558 0.5880208333333333 0.018518518518518517 0.010416666666666666
0 0.17824074074074076 0.321875 0.019444444444444445 0.011458333333333333
0 0.19814814814814816 0.3614583333333333 0.03333333333333333 0.014583333333333334
0 0.27037037037037037 0.31354166666666666 0.009259259259259259 0.007291666666666667
0 0.2972222222222222 0.3299479166666667 0.014814814814814815 0.009895833333333333
0 0.3175925925925926 0.33098958333333334 0.018518518518518517 0.011979166666666666
0 0.28194444444444444 0.4088541666666667 0.03796296296296296 0.020833333333333332
0 0.3050925925925926 0.4552083333333333 0.017592592592592594 0.009375
0 0.32037037037037036 0.4583333333333333 0.020370370370370372 0.010416666666666666
0 0.2087962962962963 0.5466145833333333 0.026851851851851852 0.025520833333333333
0 0.21574074074074076 0.5635416666666666 0.03333333333333333 0.016666666666666666
0 0.18055555555555555 0.5213541666666667 0.03888888888888889 0.025
0 0.1449074074074074 0.5052083333333334 0.030555555555555558 0.022916666666666665
0 0.30185185185185187 0.6515625 0.020370370370370372 0.014583333333333334
0 0.15925925925925927 0.5651041666666666 0.024074074074074074 0.010416666666666666
0 0.16944444444444445 0.5817708333333333 0.037037037037037035 0.020833333333333332
0 0.12685185185185185 0.5895833333333333 0.04259259259259259 0.019791666666666666
0 0.03194444444444445 0.6427083333333333 0.032407407407407406 0.016666666666666666
0 0.03333333333333333 0.6684895833333333 0.031481481481481485 0.022395833333333334
0 0.1625 0.7375 0.04722222222222222 0.017708333333333333
0 0.23287037037037037 0.6401041666666667 0.025 0.017708333333333333
0 0.2162037037037037 0.721875 0.025 0.025
0 0.28425925925925927 0.6153645833333333 0.020370370370370372 0.009895833333333333
0 0.33842592592592596 0.48828125 0.036111111111111115 0.021354166666666667
0 0.33981481481481485 0.5359375 0.02592592592592593 0.017708333333333333
0 0.3787037037037037 0.5643229166666667 0.02777777777777778 0.018229166666666668
0 0.4324074074074074 0.653125 0.02592592592592593 0.015625
0 0.46342592592592596 0.63828125 0.030555555555555558 0.018229166666666668
0 0.4939814814814815 0.6083333333333333 0.030555555555555558 0.016666666666666666
0 0.4328703703703704 0.4734375 0.03796296296296296 0.021875
0 0.475462962962963 0.4427083333333333 0.026851851851851852 0.019791666666666666
0 0.43703703703703706 0.4515625 0.031481481481481485 0.017708333333333333
0 0.5166666666666667 0.4317708333333333 0.03888888888888889 0.015625
0 0.5023148148148149 0.4421875 0.030555555555555558 0.014583333333333334
0 0.625925925925926 0.12682291666666667 0.024074074074074074 0.0171875
0 0.6319444444444444 0.18255208333333334 0.026851851851851852 0.01614583333333333
0 0.6912037037037038 0.24661458333333333 0.032407407407407406 0.015104166666666667
0 0.5814814814814815 0.24869791666666666 0.022222222222222223 0.0203125
0 0.6939814814814815 0.23541666666666666 0.036111111111111115 0.02395833333333333
0 0.6546296296296297 0.2604166666666667 0.03518518518518519 0.02395833333333333
0 0.5847222222222223 0.3260416666666667 0.03796296296296296 0.026041666666666668
0 0.5717592592592593 0.3416666666666667 0.02314814814814815 0.01875
0 0.587037037037037 0.3481770833333333 0.02962962962962963 0.0171875
0 0.5736111111111112 0.39921875 0.025 0.0171875
0 0.6064814814814815 0.4192708333333333 0.031481481481481485 0.01875
0 0.5356481481481482 0.4171875 0.032407407407407406 0.01875
0 0.7000000000000001 0.35442708333333334 0.02962962962962963 0.01614583333333333
0 0.6800925925925926 0.37447916666666664 0.028703703703703703 0.015625
0 0.8027777777777778 0.7158854166666666 0.02777777777777778 0.0140625
0 0.6875 0.4322916666666667 0.028703703703703703 0.016666666666666666
0 0.5967592592592593 0.46484375 0.03425925925925926 0.019270833333333334
0 0.6060185185185185 0.48515625 0.03425925925925926 0.019270833333333334
0 0.5851851851851853 0.5018229166666667 0.03518518518518519 0.018229166666666668
0 0.42824074074074076 0.7734375 0.02314814814814815 0.017708333333333333
0 0.5675925925925926 0.6015625 0.03333333333333333 0.014583333333333334
0 0.6152777777777778 0.5893229166666667 0.025 0.0171875
0 0.6018518518518519 0.60859375 0.03333333333333333 0.021354166666666667
0 0.6097222222222223 0.66484375 0.032407407407407406 0.0234375
0 0.6277777777777778 0.684375 0.02962962962962963 0.019791666666666666
0 0.5861111111111111 0.7575520833333333 0.037037037037037035 0.018229166666666668
0 0.5546296296296297 0.77578125 0.024074074074074074 0.028645833333333332
0 0.9194444444444445 0.60234375 0.022222222222222223 0.0171875
0 0.9069444444444444 0.590625 0.03796296296296296 0.017708333333333333
0 0.913425925925926 0.2942708333333333 0.02314814814814815 0.011458333333333333
0 0.8583333333333334 0.29765625 0.012962962962962964 0.009895833333333333
0 0.7935185185185185 0.31171875 0.016666666666666666 0.0109375
0 0.8361111111111111 0.23229166666666667 0.016666666666666666 0.009375
0 0.8810185185185185 0.2171875 0.017592592592592594 0.0125
0 0.6833333333333333 0.6963541666666666 0.03518518518518519 0.020833333333333332
0 0.6861111111111111 0.5791666666666666 0.031481481481481485 0.017708333333333333
0 0.7449074074074075 0.5671875 0.03425925925925926 0.015625
0 0.7495370370370371 0.6151041666666667 0.036111111111111115 0.017708333333333333
0 0.8319444444444445 0.7151041666666667 0.030555555555555558 0.016666666666666666
0 0.7458333333333333 0.7182291666666667 0.030555555555555558 0.021875
0 0.7189814814814816 0.7184895833333333 0.032407407407407406 0.022395833333333334
0 0.6615740740740741 0.7486979166666666 0.032407407407407406 0.019270833333333334
0 0.7037037037037037 0.7700520833333333 0.03518518518518519 0.0234375
0 0.7412037037037037 0.775 0.025 0.017708333333333333
0 0.8050925925925926 0.7364583333333333 0.03796296296296296 0.02395833333333333
0 0.9351851851851852 0.4890625 0.024074074074074074 0.013541666666666667
0 0.9425925925925926 0.5192708333333333 0.03333333333333333 0.011458333333333333
0 0.7490740740740741 0.3921875 0.03518518518518519 0.022916666666666665
0 0.750925925925926 0.4161458333333333 0.03518518518518519 0.025
0 0.7916666666666667 0.42421875 0.040740740740740744 0.0171875
0 0.8314814814814815 0.4432291666666667 0.012962962962962964 0.007291666666666667
0 0.8328703703703704 0.39296875 0.03796296296296296 0.0171875
0 0.8634259259259259 0.4106770833333333 0.025 0.0140625
0 0.862962962962963 0.39453125 0.03518518518518519 0.019270833333333334
0 0.9101851851851852 0.74375 0.031481481481481485 0.019791666666666666
0 0.8648148148148148 0.5528645833333333 0.03333333333333333 0.0171875
0 0.2388888888888889 0.7552083333333334 0.022222222222222223 0.019791666666666666
0 0.7217592592592593 0.6057291666666667 0.017592592592592594 0.013541666666666667
0 0.7166666666666667 0.5979166666666667 0.03333333333333333 0.0125
0 0.9722222222222222 0.6950520833333333 0.040740740740740744 0.024479166666666666
0 0.7046296296296296 0.5333333333333333 0.022222222222222223 0.0125
0 0.9810185185185185 0.5403645833333334 0.025 0.01614583333333333
0 0.9578703703703704 0.4783854166666667 0.036111111111111115 0.018229166666666668
0 0.9611111111111111 0.3807291666666667 0.031481481481481485 0.014583333333333334
0 0.9638888888888889 0.3325520833333333 0.018518518518518517 0.008854166666666666
0 0.9837962962962963 0.17447916666666666 0.032407407407407406 0.027083333333333334
0 0.9680555555555556 0.40781249999999997 0.026851851851851852 0.0125
