0 0.1328703703703704 0.459375 0.03796296296296296 0.019791666666666666
0 0.10277777777777779 0.42473958333333334 0.037037037037037035 0.013020833333333334
0 0.08009259259259259 0.409375 0.025 0.022916666666666665
0 0.10092592592592593 0.37421875 0.03333333333333333 0.0296875
0 0.08009259259259259 0.29791666666666666 0.03425925925925926 0.020833333333333332
0 0.04814814814814815 0.3015625 0.022222222222222223 0.016666666666666666
0 0.08935185185185185 0.23463541666666665 0.04351851851851852 0.01614583333333333
0 0.09722222222222222 0.14427083333333332 0.020370370370370372 0.0125
0 0.07685185185185185 0.13619791666666667 0.03333333333333333 0.013020833333333334
0 0.09074074074074075 0.12291666666666666 0.02777777777777778 0.014583333333333334
0 0.07268518518518519 0.10078125 0.025 0.018229166666666668
0 0.0375 0.10520833333333333 0.025 0.016666666666666666
0 0.01712962962962963 0.11588541666666667 0.028703703703703703 0.0171875
0 0.05648148148148149 0.15 0.024074074074074074 0.017708333333333333
0 0.06898148148148149 0.16354166666666667 0.030555555555555558 0.019791666666666666
0 0.1337962962962963 0.15729166666666666 0.021296296296296296 0.01875
0 0.1902777777777778 0.22864583333333333 0.015740740740740743 0.013541666666666667
0 0.1902777777777778 0.15390625 0.030555555555555558 0.022395833333333334
0 0.2189814814814815 0.13489583333333333 0.025 0.017708333333333333
0 0.2337962962962963 0.17578125 0.021296296296296296 0.0140625
0 0.24814814814814815 0.17682291666666666 0.020370370370370372 0.01614583333333333
0 0.2662037037037037 0.19869791666666667 0.025 0.0078125
0 0.29814814814814816 0.20026041666666666 0.022222222222222223 0.01614583333333333
0 0.3648148148148148 0.14869791666666665 0.02962962962962963 0.015104166666666667
0 0.34814814814814815 0.12994791666666666 0.020370370370370372 0.0078125
0 0.34074074074074073 0.12135416666666667 0.014814814814814815 0.011458333333333333
0 0.3337962962962963 0.09557291666666666 0.019444444444444445 0.015104166666666667
0 0.030092592592592594 0.61015625 0.032407407407407406 0.01614583333333333
0 0.02314814814814815 0.5880208333333333 0.020370370370370372 0.009375
0 0.1726851851851852 0.321875 0.019444444444444445 0.011458333333333333
0 0.19074074074074074 0.3614583333333333 0.03333333333333333 0.014583333333333334
0 0.26666666666666666 0.3140625 0.009259259259259259 0.007291666666666667
0 0.2916666666666667 0.3296875 0.014814814814814815 0.010416666666666666
0 0.312962962962963 0.33098958333333334 0.018518518518518517 0.011979166666666666
0 0.2763888888888889 0.40911458333333334 0.03796296296296296 0.021354166666666667
0 0.300462962962963 0.45546875 0.017592592592592594 0.009895833333333333
0 0.3138888888888889 0.4583333333333333 0.020370370370370372 0.010416666666666666
0 0.2064814814814815 0.5481770833333334 0.02777777777777778 0.027604166666666666
0 0.21064814814814817 0.5638020833333334 0.03425925925925926 0.01614583333333333
0 0.1726851851851852 0.5213541666666667 0.03981481481481482 0.02395833333333333
0 0.1375 0.5057291666666667 0.030555555555555558 0.021875
0 0.29583333333333334 0.65078125 0.017592592592592594 0.0140625
0 0.1527777777777778 0.5651041666666666 0.022222222222222223 0.010416666666666666
0 0.16203703703703703 0.58203125 0.037037037037037035 0.021354166666666667
0 0.12083333333333333 0.5901041666666667 0.04351851851851852 0.019791666666666666
0 0.024074074074074074 0.64296875 0.03333333333333333 0.015104166666666667
0 0.03333333333333333 0.66796875 0.031481481481481485 0.018229166666666668
0 0.1574074074074074 0.7377604166666667 0.0462962962962963 0.018229166666666668
0 0.22870370370370371 0.6403645833333333 0.031481481481481485 0.01614583333333333
0 0.20925925925925926 0.7216145833333333 0.02592592592592593 0.024479166666666666
0 0.27685185185185185 0.6151041666666667 0.016666666666666666 0.008333333333333333
0 0.3314814814814815 0.48776041666666664 0.040740740740740744 0.021354166666666667
0 0.33564814814814814 0.5361979166666666 0.026851851851851852 0.0171875
0 0.3740740740740741 0.5643229166666667 0.02777777777777778 0.018229166666666668
0 0.4273148148148148 0.653125 0.026851851851851852 0.015625
0 0.45787037037037037 0.6385416666666667 0.032407407407407406 0.01875
0 0.48935185185185187 0.6083333333333333 0.032407407407407406 0.016666666666666666
0 0.4277777777777778 0.47369791666666666 0.03888888888888889 0.021354166666666667
0 0.46990740740740744 0.44296874999999997 0.028703703703703703 0.019270833333333334
0 0.4328703703703704 0.45208333333333334 0.030555555555555558 0.017708333333333333
0 0.5120370370370371 0.43203125 0.03888888888888889 0.01614583333333333
0 0.4986111111111111 0.4421875 0.030555555555555558 0.014583333333333334
0 0.6217592592592592 0.12708333333333333 0.02314814814814815 0.016666666666666666
0 0.6273148148148149 0.18255208333333334 0.026851851851851852 0.01614583333333333
0 0.6847222222222222 0.24661458333333333 0.032407407407407406 0.01614583333333333
0 0.5773148148148148 0.24921875 0.02314814814814815 0.019270833333333334
0 0.687962962962963 0.23567708333333334 0.037037037037037035 0.024479166666666666
0 0.649537037037037 0.26067708333333334 0.03425925925925926 0.024479166666666666
0 0.5796296296296296 0.3260416666666667 0.037037037037037035 0.025
0 0.5671296296296297 0.3419270833333333 0.02314814814814815 0.018229166666666668
0 0.5828703703703704 0.34869791666666666 0.028703703703703703 0.0171875
0 0.5689814814814815 0.3997395833333333 0.025 0.0171875
0 0.6018518518518519 0.4200520833333333 0.03333333333333333 0.019270833333333334
0 0.5305555555555556 0.4171875 0.031481481481481485 0.01875
0 0.6958333333333334 0.3546875 0.030555555555555558 0.015625
0 0.6759259259259259 0.375 0.02962962962962963 0.015625
0 0.6842592592592592 0.4322916666666667 0.02777777777777778 0.016666666666666666
0 0.5925925925925926 0.46510416666666665 0.03518518518518519 0.01875
0 0.600925925925926 0.4856770833333333 0.03518518518518519 0.019270833333333334
0 0.5805555555555556 0.5018229166666667 0.03518518518518519 0.018229166666666668
0 0.4226851851851852 0.7731770833333333 0.02314814814814815 0.0171875
0 0.5615740740740741 0.6018229166666667 0.03425925925925926 0.0140625
0 0.6097222222222223 0.5893229166666667 0.025 0.01614583333333333
0 0.5967592592592593 0.6088541666666667 0.032407407407407406 0.020833333333333332
0 0.6041666666666667 0.66484375 0.032407407407407406 0.0234375
0 0.6226851851851852 0.6846354166666666 0.030555555555555558 0.019270833333333334
0 0.5800925925925926 0.7575520833333333 0.03796296296296296 0.018229166666666668
0 0.5486111111111112 0.7763020833333333 0.025 0.0296875
0 0.9162037037037037 0.6026041666666666 0.021296296296296296 0.017708333333333333
0 0.9023148148148149 0.5911458333333334 0.036111111111111115 0.01875
0 0.9097222222222222 0.2947916666666667 0.02314814814814815 0.011458333333333333
0 0.8541666666666667 0.2981770833333333 0.012037037037037037 0.009895833333333333
0 0.7898148148148149 0.31197916666666664 0.016666666666666666 0.011458333333333333
0 0.8328703703703704 0.23255208333333333 0.017592592592592594 0.008854166666666666
0 0.8773148148148149 0.21744791666666666 0.017592592592592594 0.013020833333333334
0 0.6773148148148148 0.6966145833333334 0.03425925925925926 0.021354166666666667
0 0.6819444444444445 0.5796875 0.030555555555555558 0.017708333333333333
0 0.7402777777777778 0.5674479166666666 0.03425925925925926 0.01614583333333333
0 0.7444444444444445 0.6153645833333333 0.037037037037037035 0.0171875
0 0.7972222222222223 0.7161458333333334 0.02962962962962963 0.013541666666666667
0 0.8277777777777778 0.715625 0.02962962962962963 0.016666666666666666
0 0.7393518518518519 0.7182291666666667 0.030555555555555558 0.021875
0 0.712962962962963 0.7184895833333333 0.03518518518518519 0.0234375
0 0.6555555555555556 0.7486979166666666 0.03333333333333333 0.019270833333333334
0 0.6976851851851852 0.7705729166666666 0.036111111111111115 0.0234375
0 0.7347222222222223 0.7755208333333333 0.02314814814814815 0.017708333333333333
0 0.8009259259259259 0.73671875 0.037037037037037035 0.024479166666666666
0 0.9310185185185186 0.4901041666666667 0.025 0.013541666666666667
0 0.938425925925926 0.5203125 0.032407407407407406 0.011458333333333333
0 0.7425925925925926 0.3921875 0.03518518518518519 0.022916666666666665
0 0.7462962962962963 0.41562499999999997 0.03518518518518519 0.022916666666666665
0 0.7861111111111111 0.4244791666666667 0.040740740740740744 0.017708333333333333
0 0.8268518518518518 0.4440104166666667 0.012962962962962964 0.0067708333333333336
0 0.8273148148148148 0.39348958333333334 0.03796296296296296 0.0171875
0 0.8597222222222223 0.41119791666666666 0.025 0.0140625
0 0.8583333333333334 0.39479166666666665 0.03333333333333333 0.01875
0 0.9060185185185186 0.74375 0.030555555555555558 0.019791666666666666
0 0.8601851851851852 0.5526041666666667 0.03333333333333333 0.017708333333333333
0 0.23148148148148148 0.7557291666666667 0.024074074074074074 0.019791666666666666
0 0.7157407407407408 0.60625 0.018518518518518517 0.013541666666666667
0 0.7115740740740741 0.5989583333333334 0.03425925925925926 0.014583333333333334
0 0.9671296296296297 0.69609375 0.03981481481481482 0.024479166666666666
0 0.701388888888889 0.5333333333333333 0.02314814814814815 0.0125
0 0.976388888888889 0.54140625 0.025 0.01614583333333333
0 0.9532407407407407 0.47890625 0.036111111111111115 0.018229166666666668
0 0.9564814814814815 0.3815104166666667 0.031481481481481485 0.015104166666666667
0 0.9592592592592593 0.3333333333333333 0.018518518518518517 0.008333333333333333
0 0.9814814814814815 0.17473958333333334 0.037037037037037035 0.027604166666666666
0 0.962962962962963 0.4083333333333333 0.02962962962962963 0.0125
