0 0.10324074074074074 0.46640624999999997 0.03796296296296296 0.018229166666666668
0 0.08472222222222223 0.4296875 0.04166666666666667 0.014583333333333334
0 0.05416666666666667 0.41119791666666666 0.025 0.0265625
0 0.06666666666666667 0.37734375 0.031481481481481485 0.0265625
0 0.04722222222222222 0.30078125 0.03518518518518519 0.021354166666666667
0 0.014814814814814815 0.30494791666666665 0.02592592592592593 0.0171875
0 0.06064814814814815 0.24010416666666667 0.04722222222222222 0.01875
0 0.0763888888888889 0.14973958333333334 0.019444444444444445 0.011979166666666666
0 0.06342592592592593 0.14192708333333334 0.030555555555555558 0.011979166666666666
0 0.06944444444444445 0.12786458333333334 0.02777777777777778 0.015104166666666667
0 0.05324074074074074 0.10677083333333333 0.025 0.017708333333333333
0 0.018518518518518517 0.11067708333333333 0.024074074074074074 0.01614583333333333
0 0.034722222222222224 0.15546875 0.02314814814814815 0.018229166666666668
0 0.046759259259259264 0.16848958333333333 0.028703703703703703 0.0203125
0 0.11064814814814815 0.16171875 0.021296296296296296 0.018229166666666668
0 0.16805555555555557 0.2328125 0.015740740740740743 0.013541666666666667
0 0.16620370370370371 0.15963541666666667 0.030555555555555558 0.022395833333333334
0 0.19490740740740742 0.14010416666666667 0.028703703703703703 0.01875
0 0.21203703703703705 0.18020833333333333 0.020370370370370372 0.013541666666666667
0 0.22453703703703703 0.18177083333333333 0.019444444444444445 0.017708333333333333
0 0.24351851851851852 0.20338541666666665 0.022222222222222223 0.008854166666666666
0 0.2740740740740741 0.2046875 0.020370370370370372 0.015625
0 0.34490740740740744 0.15364583333333334 0.025 0.014583333333333334
0 0.3212962962962963 0.13541666666666666 0.022222222222222223 0.007291666666666667
0 0.3138888888888889 0.12708333333333333 0.014814814814814815 0.011458333333333333
0 0.30972222222222223 0.10130208333333333 0.019444444444444445 0.015104166666666667
0 0.14814814814814814 0.3263020833333333 0.020370370370370372 0.0109375
0 0.16435185185185186 0.3651041666666667 0.032407407407407406 0.014583333333333334
0 0.24351851851851852 0.3169270833333333 0.009259259259259259 0.0067708333333333336
0 0.27037037037037037 0.3338541666666667 0.016666666666666666 0.010416666666666666
0 0.29074074074074074 0.334375 0.018518518518518517 0.0125
0 0.250462962962963 0.41171874999999997 0.03796296296296296 0.0203125
0 0.27731481481481485 0.4588541666666667 0.017592592592592594 0.009375
0 0.2898148148148148 0.46171875 0.020370370370370372 0.0109375
0 0.1787037037037037 0.5497395833333333 0.031481481481481485 0.0203125
0 0.18935185185185185 0.5658854166666667 0.036111111111111115 0.0171875
0 0.14027777777777778 0.5239583333333333 0.03796296296296296 0.022916666666666665
0 0.10462962962962963 0.5083333333333333 0.02962962962962963 0.020833333333333332
0 0.1277777777777778 0.5674479166666666 0.022222222222222223 0.0109375
0 0.13518518518518519 0.58515625 0.03518518518518519 0.022395833333333334
0 0.09490740740740741 0.5924479166666666 0.04351851851851852 0.019270833333333334
0 0.13101851851851853 0.73984375 0.04722222222222222 0.0171875
0 0.20462962962962963 0.64375 0.03333333333333333 0.01875
0 0.18287037037037038 0.7244791666666667 0.026851851851851852 0.025
0 0.30694444444444446 0.49114583333333334 0.036111111111111115 0.020833333333333332
0 0.3138888888888889 0.53828125 0.02592592592592593 0.01614583333333333
0 0.350462962962963 0.5671875 0.026851851851851852 0.01875
0 0.40231481481481485 0.6567708333333333 0.025 0.017708333333333333
0 0.4342592592592593 0.6416666666666666 0.031481481481481485 0.01875
0 0.46620370370370373 0.6106770833333334 0.030555555555555558 0.01614583333333333
0 0.40092592592592596 0.47812499999999997 0.031481481481481485 0.017708333333333333
0 0.4439814814814815 0.44635416666666666 0.026851851851851852 0.019791666666666666
0 0.40925925925925927 0.45546875 0.031481481481481485 0.0171875
0 0.48750000000000004 0.43463541666666666 0.03981481481481482 0.01614583333333333
0 0.47314814814814815 0.44505208333333335 0.02962962962962963 0.01614583333333333
0 0.5972222222222222 0.13229166666666667 0.022222222222222223 0.016666666666666666
0 0.15462962962962964 0.46067708333333335 0.024074074074074074 0.019270833333333334
0 0.6023148148148149 0.18776041666666665 0.025 0.01614583333333333
0 0.6523148148148148 0.2515625 0.032407407407407406 0.014583333333333334
0 0.5537037037037037 0.25338541666666664 0.022222222222222223 0.018229166666666668
0 0.6532407407407408 0.24088541666666666 0.036111111111111115 0.0234375
0 0.6175925925925926 0.26484375 0.03518518518518519 0.024479166666666666
0 0.5504629629629629 0.3302083333333333 0.036111111111111115 0.025
0 0.5430555555555556 0.3450520833333333 0.019444444444444445 0.019270833333333334
0 0.5587962962962963 0.35260416666666666 0.028703703703703703 0.017708333333333333
0 0.5444444444444445 0.4028645833333333 0.024074074074074074 0.0171875
0 0.5796296296296296 0.4231770833333333 0.031481481481481485 0.0203125
0 0.5055555555555555 0.4197916666666667 0.031481481481481485 0.01875
0 0.6712962962962963 0.35885416666666664 0.02777777777777778 0.014583333333333334
0 0.6518518518518519 0.37786458333333334 0.02962962962962963 0.015104166666666667
0 0.6625 0.4356770833333333 0.028703703703703703 0.0171875
0 0.5675925925925926 0.46901041666666665 0.03518518518518519 0.018229166666666668
0 0.576388888888889 0.48828125 0.03425925925925926 0.019270833333333334
0 0.5555555555555556 0.5052083333333334 0.03518518518518519 0.017708333333333333
0 0.39537037037037037 0.7760416666666666 0.020370370370370372 0.016666666666666666
0 0.5342592592592593 0.6044270833333333 0.031481481481481485 0.015104166666666667
0 0.5833333333333334 0.5916666666666667 0.02592592592592593 0.015625
0 0.5689814814814815 0.6106770833333334 0.03425925925925926 0.019270833333333334
0 0.5787037037037037 0.6677083333333333 0.03333333333333333 0.022916666666666665
0 0.5958333333333333 0.6872395833333333 0.030555555555555558 0.018229166666666668
0 0.5537037037037037 0.7609375 0.037037037037037035 0.01875
0 0.5208333333333334 0.7794270833333333 0.025 0.0296875
0 0.8925925925925926 0.6052083333333333 0.018518518518518517 0.017708333333333333
0 0.8791666666666667 0.59296875 0.032407407407407406 0.01614583333333333
0 0.8282407407407407 0.30182291666666666 0.012037037037037037 0.008854166666666666
0 0.7643518518518518 0.31536458333333334 0.015740740740740743 0.0109375
0 0.8101851851851852 0.23697916666666666 0.016666666666666666 0.009375
0 0.8527777777777779 0.221875 0.016666666666666666 0.0125
0 0.65 0.69921875 0.03333333333333333 0.021354166666666667
0 0.6569444444444444 0.58203125 0.028703703703703703 0.0171875
0 0.7143518518518519 0.5705729166666667 0.03425925925925926 0.01614583333333333
0 0.7208333333333333 0.61875 0.03425925925925926 0.019791666666666666
0 0.775462962962963 0.7192708333333333 0.028703703703703703 0.013541666666666667
0 0.8055555555555556 0.71953125 0.02777777777777778 0.01614583333333333
0 0.9712962962962963 0.53828125 0.02962962962962963 0.0171875
0 0.7078703703703704 0.721875 0.026851851851851852 0.022916666666666665
0 0.6875 0.7223958333333333 0.03981481481481482 0.02395833333333333
0 0.6287037037037038 0.7520833333333333 0.031481481481481485 0.017708333333333333
0 0.6680555555555556 0.7744791666666666 0.03425925925925926 0.02395833333333333
0 0.775 0.73984375 0.03888888888888889 0.0234375
0 0.9083333333333333 0.4927083333333333 0.024074074074074074 0.013541666666666667
0 0.9111111111111111 0.5229166666666667 0.031481481481481485 0.010416666666666666
0 0.7148148148148148 0.3963541666666667 0.03333333333333333 0.022916666666666665
0 0.7175925925925927 0.41822916666666665 0.03518518518518519 0.020833333333333332
0 0.7578703703703704 0.4283854166666667 0.03981481481481482 0.01614583333333333
0 0.8055555555555556 0.44296874999999997 0.014814814814814815 0.008854166666666666
0 0.7981481481481482 0.3971354166666667 0.03518518518518519 0.0171875
0 0.8347222222222223 0.41432291666666665 0.025 0.0140625
0 0.8277777777777778 0.39869791666666665 0.03333333333333333 0.018229166666666668
0 0.8861111111111112 0.746875 0.02962962962962963 0.020833333333333332
0 0.8347222222222223 0.55546875 0.032407407407407406 0.0171875
0 0.20231481481481484 0.7583333333333333 0.026851851851851852 0.019791666666666666
0 0.22222222222222224 0.46249999999999997 0.031481481481481485 0.016666666666666666
0 0.6912037037037038 0.609375 0.019444444444444445 0.014583333333333334
0 0.6870370370370371 0.6015625 0.031481481481481485 0.0125
0 0.9407407407407408 0.6989583333333333 0.040740740740740744 0.025
0 0.6814814814814815 0.5375 0.022222222222222223 0.0125
0 0.9467592592592593 0.5434895833333333 0.025 0.01614583333333333
0 0.925 0.4817708333333333 0.03518518518518519 0.017708333333333333
0 0.9805555555555556 0.5588541666666667 0.018518518518518517 0.010416666666666666
0 0.9287037037037037 0.384375 0.031481481481481485 0.014583333333333334
0 0.9310185185185186 0.3364583333333333 0.019444444444444445 0.008333333333333333
0 0.9500000000000001 0.17942708333333332 0.040740740740740744 0.0265625
0 0.9805555555555556 0.203125 0.02592592592592593 0.015625
0 0.987962962962963 0.25546875 0.020370370370370372 0.0109375
0 0.9768518518518519 0.33697916666666666 0.014814814814814815 0.010416666666666666
0 0.937962962962963 0.4106770833333333 0.02962962962962963 0.013020833333333334
