0 0.08333333333333334 0.4692708333333333 0.03518518518518519 0.017708333333333333
0 0.06898148148148149 0.43046875 0.04166666666666667 0.0171875
0 0.03287037037037037 0.41380208333333335 0.025 0.025520833333333333
0 0.04259259259259259 0.37916666666666665 0.02777777777777778 0.025
0 0.022685185185185187 0.3065104166666667 0.03425925925925926 0.022395833333333334
0 0.0462962962962963 0.24322916666666666 0.03888888888888889 0.022916666666666665
0 0.05740740740740741 0.15286458333333333 0.020370370370370372 0.013020833333333334
0 0.04398148148148148 0.14479166666666665 0.032407407407407406 0.0125
0 0.051388888888888894 0.13098958333333333 0.028703703703703703 0.015104166666666667
0 0.037037037037037035 0.10989583333333333 0.024074074074074074 0.017708333333333333
0 0.006944444444444445 0.11432291666666666 0.012037037037037037 0.01614583333333333
0 0.015277777777777779 0.15859375 0.025 0.0171875
0 0.028240740740740743 0.17161458333333332 0.030555555555555558 0.0203125
0 0.09212962962962963 0.1640625 0.021296296296296296 0.016666666666666666
0 0.15046296296296297 0.23567708333333334 0.015740740740740743 0.0140625
0 0.14675925925925926 0.16223958333333333 0.030555555555555558 0.022395833333333334
0 0.17500000000000002 0.14244791666666667 0.02962962962962963 0.019270833333333334
0 0.1953703703703704 0.18229166666666666 0.020370370370370372 0.0125
0 0.20787037037037037 0.18411458333333333 0.02314814814814815 0.01614583333333333
0 0.22592592592592595 0.20598958333333334 0.022222222222222223 0.008854166666666666
0 0.2569444444444445 0.20703125 0.021296296296296296 0.01614583333333333
0 0.3282407407407408 0.15625 0.028703703703703703 0.014583333333333334
0 0.3023148148148148 0.13854166666666667 0.021296296296296296 0.007291666666666667
0 0.2949074074074074 0.12994791666666666 0.01388888888888889 0.0109375
0 0.29120370370370374 0.10390624999999999 0.019444444444444445 0.015104166666666667
0 0.13055555555555556 0.32838541666666665 0.020370370370370372 0.0109375
0 0.14583333333333334 0.3671875 0.030555555555555558 0.015625
0 0.2537037037037037 0.33619791666666665 0.016666666666666666 0.0109375
0 0.27361111111111114 0.3359375 0.019444444444444445 0.0125
0 0.23240740740740742 0.4140625 0.037037037037037035 0.020833333333333332
0 0.2611111111111111 0.46041666666666664 0.016666666666666666 0.009375
0 0.27361111111111114 0.4635416666666667 0.021296296296296296 0.011458333333333333
0 0.1615740740740741 0.5520833333333334 0.030555555555555558 0.019791666666666666
0 0.25092592592592594 0.6231770833333333 0.012962962962962964 0.011979166666666666
0 0.17453703703703705 0.5684895833333333 0.03796296296296296 0.0171875
0 0.11898148148148148 0.52578125 0.03796296296296296 0.0234375
0 0.08287037037037037 0.5109375 0.028703703703703703 0.020833333333333332
0 0.11157407407407408 0.56953125 0.02314814814814815 0.0109375
0 0.1175925925925926 0.5872395833333334 0.037037037037037035 0.022395833333333334
0 0.07592592592592592 0.59453125 0.044444444444444446 0.019270833333333334
0 0.11435185185185186 0.74296875 0.04537037037037037 0.0171875
0 0.18935185185185185 0.6471354166666666 0.03425925925925926 0.0203125
0 0.16435185185185186 0.7270833333333333 0.028703703703703703 0.026041666666666668
0 0.287962962962963 0.49322916666666666 0.03888888888888889 0.020833333333333332
0 0.29814814814814816 0.53984375 0.02592592592592593 0.01614583333333333
0 0.33472222222222225 0.56953125 0.026851851851851852 0.018229166666666668
0 0.3875 0.65859375 0.02314814814814815 0.018229166666666668
0 0.4199074074074074 0.64296875 0.030555555555555558 0.018229166666666668
0 0.45046296296296295 0.6114583333333333 0.032407407407407406 0.015625
0 0.3861111111111111 0.4796875 0.031481481481481485 0.017708333333333333
0 0.4273148148148148 0.44765625 0.026851851851851852 0.019270833333333334
0 0.39212962962962966 0.45651041666666664 0.032407407407407406 0.0171875
0 0.47222222222222227 0.4356770833333333 0.040740740740740744 0.01614583333333333
0 0.4569444444444445 0.44687499999999997 0.030555555555555558 0.015625
0 0.5814814814814815 0.134375 0.022222222222222223 0.016666666666666666
0 0.13425925925925927 0.4627604166666667 0.02962962962962963 0.018229166666666668
0 0.5856481481481481 0.18958333333333333 0.025 0.015625
0 0.6328703703703704 0.25364583333333335 0.032407407407407406 0.014583333333333334
0 0.5361111111111111 0.25494791666666666 0.018518518518518517 0.0171875
0 0.6333333333333333 0.24270833333333333 0.03518518518518519 0.02395833333333333
0 0.5986111111111111 0.26640625 0.036111111111111115 0.0234375
0 0.5328703703703704 0.33125 0.036111111111111115 0.02395833333333333
0 0.5282407407407408 0.346875 0.019444444444444445 0.01875
0 0.5439814814814815 0.35390625 0.028703703703703703 0.0171875
0 0.5291666666666667 0.4044270833333333 0.025 0.0171875
0 0.5648148148148149 0.42552083333333335 0.02777777777777778 0.016666666666666666
0 0.49074074074074076 0.42109375 0.031481481481481485 0.019270833333333334
0 0.6564814814814816 0.3598958333333333 0.02592592592592593 0.014583333333333334
0 0.6375000000000001 0.37916666666666665 0.028703703703703703 0.014583333333333334
0 0.649537037037037 0.43645833333333334 0.028703703703703703 0.016666666666666666
0 0.5518518518518519 0.4700520833333333 0.03333333333333333 0.018229166666666668
0 0.5601851851851852 0.48932291666666666 0.03333333333333333 0.019270833333333334
0 0.5388888888888889 0.5059895833333333 0.03518518518518519 0.018229166666666668
0 0.3787037037037037 0.7783854166666666 0.016666666666666666 0.015104166666666667
0 0.5171296296296296 0.6057291666666667 0.032407407407407406 0.015625
0 0.5680555555555555 0.5919270833333333 0.026851851851851852 0.013020833333333334
0 0.5513888888888889 0.6127604166666667 0.03425925925925926 0.021354166666666667
0 0.563425925925926 0.6692708333333334 0.03425925925925926 0.022916666666666665
0 0.537962962962963 0.7619791666666667 0.037037037037037035 0.01875
0 0.5046296296296297 0.7809895833333333 0.02592592592592593 0.0296875
0 0.8787037037037038 0.6059895833333333 0.016666666666666666 0.0171875
0 0.8648148148148148 0.5927083333333333 0.03333333333333333 0.016666666666666666
0 0.8125 0.3015625 0.010185185185185186 0.00625
0 0.7486111111111111 0.3169270833333333 0.015740740740740743 0.0109375
0 0.7953703703703704 0.23828125 0.016666666666666666 0.009895833333333333
0 0.837037037037037 0.22317708333333333 0.016666666666666666 0.013020833333333334
0 0.6328703703703704 0.7 0.03425925925925926 0.020833333333333332
0 0.6416666666666667 0.5825520833333333 0.02777777777777778 0.015104166666666667
0 0.6995370370370371 0.5713541666666666 0.03425925925925926 0.016666666666666666
0 0.7074074074074075 0.6190104166666667 0.03518518518518519 0.0171875
0 0.7615740740740741 0.7197916666666666 0.030555555555555558 0.013541666666666667
0 0.7972222222222223 0.7197916666666666 0.024074074074074074 0.016666666666666666
0 0.6694444444444445 0.7231770833333333 0.037037037037037035 0.0234375
0 0.6125 0.7536458333333333 0.030555555555555558 0.01875
0 0.6509259259259259 0.77578125 0.03518518518518519 0.022395833333333334
0 0.7601851851851852 0.740625 0.03888888888888889 0.022916666666666665
0 0.8939814814814815 0.4942708333333333 0.019444444444444445 0.009375
0 0.8953703703703704 0.5236979166666667 0.031481481481481485 0.0109375
0 0.6967592592592593 0.39739583333333334 0.03425925925925926 0.022916666666666665
0 0.700462962962963 0.41875 0.03425925925925926 0.020833333333333332
0 0.7384259259259259 0.42890625 0.04351851851851852 0.0171875
0 0.7805555555555556 0.39869791666666665 0.03333333333333333 0.0171875
0 0.8203703703703704 0.4140625 0.024074074074074074 0.013541666666666667
0 0.8087962962962963 0.39921875 0.032407407407407406 0.018229166666666668
0 0.8745370370370371 0.74609375 0.032407407407407406 0.022395833333333334
0 0.8189814814814815 0.55625 0.032407407407407406 0.016666666666666666
0 0.18287037037037038 0.7606770833333333 0.028703703703703703 0.019270833333333334
0 0.2050925925925926 0.4635416666666667 0.025 0.014583333333333334
0 0.6759259259259259 0.6104166666666666 0.018518518518518517 0.014583333333333334
0 0.6736111111111112 0.6020833333333333 0.030555555555555558 0.013541666666666667
0 0.2064814814814815 0.4484375 0.022222222222222223 0.014583333333333334
0 0.925 0.6989583333333333 0.040740740740740744 0.025
0 0.6685185185185185 0.5377604166666666 0.024074074074074074 0.013020833333333334
0 0.9300925925925926 0.5440104166666666 0.025 0.01614583333333333
0 0.9092592592592593 0.4822916666666667 0.03518518518518519 0.017708333333333333
0 0.9541666666666667 0.5390625 0.03796296296296296 0.017708333333333333
0 0.9662037037037038 0.5583333333333333 0.02314814814814815 0.011458333333333333
0 0.912962962962963 0.3859375 0.02962962962962963 0.015625
0 0.9152777777777779 0.3375 0.019444444444444445 0.008333333333333333
0 0.9865740740740742 0.4341145833333333 0.025 0.0140625
0 0.9333333333333333 0.18125 0.040740740740740744 0.027083333333333334
0 0.9847222222222223 0.22213541666666667 0.030555555555555558 0.019270833333333334
0 0.987037037037037 0.14921875 0.02592592592592593 0.013020833333333334
0 0.9643518518518519 0.20442708333333334 0.026851851851851852 0.01614583333333333
0 0.9699074074074074 0.25677083333333334 0.021296296296296296 0.011458333333333333
0 0.9625 0.3380208333333333 0.015740740740740743 0.010416666666666666
0 0.9212962962962963 0.41119791666666666 0.02962962962962963 0.013020833333333334
0 0.987962962962963 0.8221354166666667 0.024074074074074074 0.0171875
