0 0.9282407407407408 0.46979166666666666 0.032407407407407406 0.017708333333333333
0 0.9412037037037038 0.43072916666666666 0.04351851851851852 0.016666666666666666
0 0.9773148148148149 0.41510416666666666 0.02314814814814815 0.02395833333333333
0 0.9689814814814816 0.37994791666666666 0.026851851851851852 0.024479166666666666
0 0.9851851851851853 0.3059895833333333 0.02962962962962963 0.022395833333333334
0 0.9643518518518519 0.24375 0.04166666666666667 0.019791666666666666
0 0.950462962962963 0.153125 0.021296296296296296 0.0125
0 0.9625 0.14557291666666666 0.032407407407407406 0.013020833333333334
0 0.9569444444444445 0.13151041666666666 0.028703703703703703 0.015104166666666667
0 0.9708333333333333 0.11041666666666666 0.025 0.016666666666666666
0 0.9805555555555556 0.17291666666666666 0.031481481481481485 0.020833333333333332
0 0.9162037037037037 0.16432291666666665 0.02314814814814815 0.018229166666666668
0 0.8574074074074074 0.23645833333333333 0.016666666666666666 0.013541666666666667
0 0.8625 0.1625 0.030555555555555558 0.021875
0 0.8328703703703704 0.14296875 0.028703703703703703 0.019270833333333334
0 0.8111111111111111 0.18255208333333334 0.020370370370370372 0.013020833333333334
0 0.8 0.18463541666666666 0.022222222222222223 0.01614583333333333
0 0.7828703703703704 0.20598958333333334 0.021296296296296296 0.008854166666666666
0 0.7513888888888889 0.20755208333333333 0.021296296296296296 0.01614583333333333
0 0.6782407407407408 0.15703125 0.028703703703703703 0.015104166666666667
0 0.7055555555555556 0.13880208333333333 0.020370370370370372 0.0067708333333333336
0 0.7143518518518519 0.13020833333333334 0.01388888888888889 0.011458333333333333
0 0.7162037037037037 0.10416666666666667 0.019444444444444445 0.014583333333333334
0 0.8782407407407408 0.3286458333333333 0.021296296296296296 0.011458333333333333
0 0.8615740740740742 0.3677083333333333 0.026851851851851852 0.015625
0 0.7537037037037038 0.3359375 0.016666666666666666 0.011458333333333333
0 0.7337962962962963 0.3364583333333333 0.019444444444444445 0.0125
0 0.7759259259259259 0.41432291666666665 0.037037037037037035 0.0203125
0 0.7462962962962963 0.46041666666666664 0.016666666666666666 0.009375
0 0.7351851851851852 0.4635416666666667 0.022222222222222223 0.011458333333333333
0 0.8462962962962963 0.5518229166666666 0.02962962962962963 0.019270833333333334
0 0.8337962962962964 0.5690104166666666 0.03796296296296296 0.018229166666666668
0 0.8925925925925926 0.5260416666666666 0.037037037037037035 0.02395833333333333
0 0.9273148148148148 0.5111979166666667 0.030555555555555558 0.0203125
0 0.8976851851851853 0.5700520833333333 0.02314814814814815 0.0109375
0 0.8925925925925926 0.5869791666666666 0.03888888888888889 0.021875
0 0.9333333333333333 0.5950520833333334 0.044444444444444446 0.019270833333333334
0 0.8949074074074075 0.7427083333333333 0.04537037037037037 0.017708333333333333
0 0.8189814814814815 0.6466145833333333 0.03425925925925926 0.018229166666666668
0 0.8458333333333333 0.72734375 0.028703703703703703 0.024479166666666666
0 0.7601851851851852 0.6229166666666667 0.014814814814814815 0.010416666666666666
0 0.7199074074074074 0.49322916666666666 0.03796296296296296 0.020833333333333332
0 0.7101851851851853 0.5401041666666666 0.02592592592592593 0.016666666666666666
0 0.6736111111111112 0.5692708333333333 0.026851851851851852 0.017708333333333333
0 0.6203703703703703 0.66015625 0.024074074074074074 0.0203125
0 0.5888888888888889 0.64296875 0.031481481481481485 0.019270833333333334
0 0.5569444444444445 0.6122395833333333 0.030555555555555558 0.01614583333333333
0 0.6226851851851852 0.47942708333333334 0.032407407407407406 0.0171875
0 0.5814814814814815 0.44765625 0.02592592592592593 0.019270833333333334
0 0.6157407407407408 0.45703125 0.03333333333333333 0.0171875
0 0.5356481481481482 0.4359375 0.04166666666666667 0.016666666666666666
0 0.5523148148148148 0.4473958333333333 0.030555555555555558 0.015625
0 0.425462962962963 0.13489583333333333 0.021296296296296296 0.016666666666666666
0 0.875 0.4635416666666667 0.02962962962962963 0.01875
0 0.4217592592592593 0.19010416666666666 0.025 0.015625
0 0.37592592592592594 0.25416666666666665 0.03333333333333333 0.014583333333333334
0 0.4712962962962963 0.2552083333333333 0.016666666666666666 0.016666666666666666
0 0.37592592592592594 0.24348958333333334 0.03518518518518519 0.0234375
0 0.4101851851851852 0.2674479166666667 0.03518518518518519 0.0234375
0 0.47453703703703703 0.33203125 0.036111111111111115 0.024479166666666666
0 0.4791666666666667 0.34765625 0.019444444444444445 0.018229166666666668
0 0.46342592592592596 0.35390625 0.028703703703703703 0.0171875
0 0.47824074074074074 0.4049479166666667 0.025 0.0171875
0 0.44212962962962965 0.42578125 0.026851851851851852 0.018229166666666668
0 0.5175925925925926 0.42161458333333335 0.031481481481481485 0.018229166666666668
0 0.3513888888888889 0.36041666666666666 0.025 0.014583333333333334
0 0.36944444444444446 0.3794270833333333 0.02777777777777778 0.015104166666666667
0 0.3574074074074074 0.43697916666666664 0.02777777777777778 0.016666666666666666
0 0.45555555555555555 0.4700520833333333 0.03333333333333333 0.018229166666666668
0 0.44722222222222224 0.48984374999999997 0.03333333333333333 0.019270833333333334
0 0.46851851851851856 0.50625 0.03518518518518519 0.017708333333333333
0 0.6314814814814815 0.7791666666666667 0.016666666666666666 0.013541666666666667
0 0.4916666666666667 0.6059895833333333 0.031481481481481485 0.015104166666666667
0 0.4416666666666667 0.5924479166666666 0.02592592592592593 0.0140625
0 0.4564814814814815 0.6125 0.03518518518518519 0.019791666666666666
0 0.4449074074074074 0.6697916666666667 0.03425925925925926 0.022916666666666665
0 0.4712962962962963 0.7625 0.037037037037037035 0.01875
0 0.5050925925925926 0.7815104166666667 0.025 0.0296875
0 0.12916666666666668 0.6065104166666666 0.017592592592592594 0.0171875
0 0.14212962962962963 0.5932291666666667 0.032407407407407406 0.015625
0 0.19444444444444445 0.30234375 0.009259259259259259 0.005729166666666666
0 0.25787037037037036 0.3171875 0.015740740740740743 0.011458333333333333
0 0.2111111111111111 0.23906249999999998 0.016666666666666666 0.009375
0 0.16944444444444445 0.22369791666666666 0.016666666666666666 0.013020833333333334
0 0.3763888888888889 0.7005208333333334 0.03425925925925926 0.020833333333333332
0 0.36712962962962964 0.5825520833333333 0.026851851851851852 0.015104166666666667
0 0.3078703703703704 0.5716145833333334 0.03425925925925926 0.01614583333333333
0 0.2939814814814815 0.6171875 0.02314814814814815 0.010416666666666666
0 0.24629629629629632 0.7184895833333333 0.02962962962962963 0.0140625
0 0.21157407407407408 0.7205729166666667 0.02314814814814815 0.01614583333333333
0 0.34120370370370373 0.7231770833333333 0.036111111111111115 0.0234375
0 0.39675925925925926 0.75390625 0.032407407407407406 0.019270833333333334
0 0.35879629629629634 0.7760416666666666 0.036111111111111115 0.022916666666666665
0 0.24861111111111112 0.740625 0.03796296296296296 0.022916666666666665
0 0.1125 0.4942708333333333 0.019444444444444445 0.010416666666666666
0 0.11296296296296297 0.52421875 0.031481481481481485 0.0109375
0 0.3106481481481482 0.39791666666666664 0.03425925925925926 0.022916666666666665
0 0.30694444444444446 0.4192708333333333 0.03425925925925926 0.020833333333333332
0 0.26851851851851855 0.42942708333333335 0.03888888888888889 0.018229166666666668
0 0.22824074074074074 0.3989583333333333 0.032407407407407406 0.017708333333333333
0 0.18611111111111112 0.41510416666666666 0.024074074074074074 0.013541666666666667
0 0.19861111111111113 0.4 0.03425925925925926 0.01875
0 0.13333333333333333 0.746875 0.02962962962962963 0.022916666666666665
0 0.18842592592592594 0.5565104166666667 0.032407407407407406 0.0171875
0 0.8273148148148148 0.7611979166666667 0.028703703703703703 0.019270833333333334
0 0.8032407407407408 0.46380208333333334 0.026851851851851852 0.0140625
0 0.3314814814814815 0.6109375 0.018518518518518517 0.014583333333333334
0 0.33472222222222225 0.6020833333333333 0.030555555555555558 0.014583333333333334
0 0.8013888888888889 0.44817708333333334 0.02314814814814815 0.015104166666666667
0 0.0837962962962963 0.7 0.04166666666666667 0.025
0 0.33796296296296297 0.5377604166666666 0.024074074074074074 0.013020833333333334
0 0.07824074074074075 0.5442708333333334 0.025 0.015625
0 0.09814814814814815 0.48333333333333334 0.03518518518518519 0.017708333333333333
0 0.0125 0.5549479166666667 0.021296296296296296 0.01614583333333333
0 0.053703703703703705 0.53984375 0.037037037037037035 0.018229166666666668
0 0.04398148148148148 0.5588541666666667 0.025 0.010416666666666666
0 0.09537037037037037 0.3872395833333333 0.02962962962962963 0.01614583333333333
0 0.012037037037037037 0.3971354166666667 0.020370370370370372 0.0171875
0 0.09212962962962963 0.3385416666666667 0.019444444444444445 0.008333333333333333
0 0.021296296296296296 0.4354166666666667 0.02592592592592593 0.013541666666666667
0 0.07453703703703704 0.18255208333333334 0.03981481481481482 0.0265625
0 0.02175925925925926 0.22317708333333333 0.030555555555555558 0.019270833333333334
0 0.020833333333333336 0.15052083333333333 0.025 0.0125
0 0.04027777777777778 0.20520833333333333 0.028703703703703703 0.016666666666666666
0 0.037037037037037035 0.25755208333333335 0.020370370370370372 0.0109375
0 0.04398148148148148 0.33880208333333334 0.015740740740740743 0.0109375
0 0.08564814814814815 0.4119791666666667 0.028703703703703703 0.013541666666666667
0 0.018518518518518517 0.8231770833333333 0.02777777777777778 0.0171875
