0 0.07361111111111111 0.46979166666666666 0.032407407407407406 0.017708333333333333
0 0.06064814814814815 0.43072916666666666 0.04351851851851852 0.016666666666666666
0 0.024537037037037038 0.41510416666666666 0.02314814814814815 0.02395833333333333
0 0.03287037037037037 0.37994791666666666 0.026851851851851852 0.024479166666666666
0 0.016203703703703703 0.30572916666666666 0.030555555555555558 0.021875
0 0.0375 0.24375 0.04166666666666667 0.019791666666666666
0 0.051388888888888894 0.153125 0.021296296296296296 0.0125
0 0.03935185185185185 0.14557291666666666 0.032407407407407406 0.013020833333333334
0 0.04490740740740741 0.13151041666666666 0.028703703703703703 0.015104166666666667
0 0.031018518518518518 0.11041666666666666 0.025 0.016666666666666666
0 0.021296296296296296 0.17291666666666666 0.031481481481481485 0.020833333333333332
0 0.08564814814814815 0.16432291666666665 0.02314814814814815 0.018229166666666668
0 0.14444444444444446 0.23645833333333333 0.016666666666666666 0.013541666666666667
0 0.13935185185185187 0.1625 0.030555555555555558 0.021875
0 0.16898148148148148 0.14296875 0.028703703703703703 0.019270833333333334
0 0.19074074074074074 0.18255208333333334 0.020370370370370372 0.013020833333333334
0 0.20185185185185187 0.18463541666666666 0.022222222222222223 0.01614583333333333
0 0.2189814814814815 0.20598958333333334 0.021296296296296296 0.008854166666666666
0 0.250462962962963 0.20755208333333333 0.021296296296296296 0.01614583333333333
0 0.3236111111111111 0.15703125 0.028703703703703703 0.015104166666666667
0 0.2962962962962963 0.13880208333333333 0.020370370370370372 0.0067708333333333336
0 0.28750000000000003 0.13020833333333334 0.01388888888888889 0.011458333333333333
0 0.28564814814814815 0.10416666666666667 0.019444444444444445 0.014583333333333334
0 0.12361111111111112 0.3286458333333333 0.021296296296296296 0.011458333333333333
0 0.14027777777777778 0.3677083333333333 0.026851851851851852 0.015625
0 0.24814814814814815 0.3359375 0.016666666666666666 0.011458333333333333
0 0.26805555555555555 0.3364583333333333 0.019444444444444445 0.0125
0 0.22592592592592595 0.41432291666666665 0.037037037037037035 0.0203125
0 0.2555555555555556 0.46041666666666664 0.016666666666666666 0.009375
0 0.26666666666666666 0.4635416666666667 0.022222222222222223 0.011458333333333333
0 0.15555555555555556 0.5518229166666666 0.02962962962962963 0.019270833333333334
0 0.16805555555555557 0.5690104166666666 0.03796296296296296 0.018229166666666668
0 0.10925925925925926 0.5260416666666666 0.037037037037037035 0.02395833333333333
0 0.07453703703703704 0.5111979166666667 0.030555555555555558 0.0203125
0 0.10416666666666667 0.5700520833333333 0.02314814814814815 0.0109375
0 0.10925925925925926 0.5869791666666666 0.03888888888888889 0.021875
0 0.06851851851851852 0.5950520833333334 0.044444444444444446 0.019270833333333334
0 0.10694444444444445 0.7427083333333333 0.04537037037037037 0.017708333333333333
0 0.18287037037037038 0.6466145833333333 0.03425925925925926 0.018229166666666668
0 0.15601851851851853 0.72734375 0.028703703703703703 0.024479166666666666
0 0.24166666666666667 0.6229166666666667 0.014814814814814815 0.010416666666666666
0 0.28194444444444444 0.49322916666666666 0.03796296296296296 0.020833333333333332
0 0.2916666666666667 0.5401041666666666 0.02592592592592593 0.016666666666666666
0 0.3282407407407408 0.5692708333333333 0.026851851851851852 0.017708333333333333
0 0.3814814814814815 0.66015625 0.024074074074074074 0.0203125
0 0.412962962962963 0.64296875 0.031481481481481485 0.019270833333333334
0 0.4449074074074074 0.6122395833333333 0.030555555555555558 0.01614583333333333
0 0.3791666666666667 0.47942708333333334 0.032407407407407406 0.0171875
0 0.4203703703703704 0.44765625 0.02592592592592593 0.019270833333333334
0 0.3861111111111111 0.45703125 0.03333333333333333 0.0171875
0 0.46620370370370373 0.4359375 0.04166666666666667 0.016666666666666666
0 0.44953703703703707 0.4473958333333333 0.030555555555555558 0.015625
0 0.576388888888889 0.13489583333333333 0.021296296296296296 0.016666666666666666
0 0.12685185185185185 0.4635416666666667 0.02962962962962963 0.01875
0 0.5800925925925926 0.19010416666666666 0.025 0.015625
0 0.625925925925926 0.25416666666666665 0.03333333333333333 0.014583333333333334
0 0.5305555555555556 0.2552083333333333 0.016666666666666666 0.016666666666666666
0 0.625925925925926 0.24348958333333334 0.03518518518518519 0.0234375
0 0.5916666666666667 0.2674479166666667 0.03518518518518519 0.0234375
0 0.5273148148148148 0.33203125 0.036111111111111115 0.024479166666666666
0 0.5226851851851853 0.34765625 0.019444444444444445 0.018229166666666668
0 0.538425925925926 0.35390625 0.028703703703703703 0.0171875
0 0.5236111111111111 0.4049479166666667 0.025 0.0171875
0 0.5597222222222222 0.42578125 0.026851851851851852 0.018229166666666668
0 0.4842592592592593 0.42161458333333335 0.031481481481481485 0.018229166666666668
0 0.650462962962963 0.36041666666666666 0.025 0.014583333333333334
0 0.6324074074074074 0.3794270833333333 0.02777777777777778 0.015104166666666667
0 0.6444444444444445 0.43697916666666664 0.02777777777777778 0.016666666666666666
0 0.5462962962962963 0.4700520833333333 0.03333333333333333 0.018229166666666668
0 0.5546296296296297 0.48984374999999997 0.03333333333333333 0.019270833333333334
0 0.5333333333333333 0.50625 0.03518518518518519 0.017708333333333333
0 0.3703703703703704 0.7791666666666667 0.016666666666666666 0.013541666666666667
0 0.5101851851851852 0.6059895833333333 0.031481481481481485 0.015104166666666667
0 0.5601851851851852 0.5924479166666666 0.02592592592592593 0.0140625
0 0.5453703703703704 0.6125 0.03518518518518519 0.019791666666666666
0 0.5569444444444445 0.6697916666666667 0.03425925925925926 0.022916666666666665
0 0.5305555555555556 0.7625 0.037037037037037035 0.01875
0 0.4967592592592593 0.7815104166666667 0.025 0.0296875
0 0.8726851851851852 0.6065104166666666 0.017592592592592594 0.0171875
0 0.8597222222222223 0.5932291666666667 0.032407407407407406 0.015625
0 0.8074074074074075 0.30234375 0.009259259259259259 0.005729166666666666
0 0.7439814814814815 0.3171875 0.015740740740740743 0.011458333333333333
0 0.7907407407407407 0.23906249999999998 0.016666666666666666 0.009375
0 0.8324074074074075 0.22369791666666666 0.016666666666666666 0.013020833333333334
0 0.625462962962963 0.7005208333333334 0.03425925925925926 0.020833333333333332
0 0.6347222222222223 0.5825520833333333 0.026851851851851852 0.015104166666666667
0 0.6939814814814815 0.5716145833333334 0.03425925925925926 0.01614583333333333
0 0.7078703703703704 0.6171875 0.02314814814814815 0.010416666666666666
0 0.7555555555555555 0.7184895833333333 0.02962962962962963 0.0140625
0 0.7902777777777779 0.7205729166666667 0.02314814814814815 0.01614583333333333
0 0.6606481481481482 0.7231770833333333 0.036111111111111115 0.0234375
0 0.6050925925925926 0.75390625 0.032407407407407406 0.019270833333333334
0 0.6430555555555556 0.7760416666666666 0.036111111111111115 0.022916666666666665
0 0.7532407407407408 0.740625 0.03796296296296296 0.022916666666666665
0 0.8893518518518518 0.4942708333333333 0.019444444444444445 0.010416666666666666
0 0.888888888888889 0.52421875 0.031481481481481485 0.0109375
0 0.6912037037037038 0.39791666666666664 0.03425925925925926 0.022916666666666665
0 0.6949074074074074 0.4192708333333333 0.03425925925925926 0.020833333333333332
0 0.7333333333333334 0.42942708333333335 0.03888888888888889 0.018229166666666668
0 0.7736111111111111 0.3989583333333333 0.032407407407407406 0.017708333333333333
0 0.8157407407407408 0.41510416666666666 0.024074074074074074 0.013541666666666667
0 0.8032407407407408 0.4 0.03425925925925926 0.01875
0 0.8685185185185186 0.746875 0.02962962962962963 0.022916666666666665
0 0.813425925925926 0.5565104166666667 0.032407407407407406 0.0171875
0 0.17453703703703705 0.7611979166666667 0.028703703703703703 0.019270833333333334
0 0.19861111111111113 0.46380208333333334 0.026851851851851852 0.0140625
0 0.6703703703703704 0.6109375 0.018518518518518517 0.014583333333333334
0 0.6671296296296296 0.6020833333333333 0.030555555555555558 0.014583333333333334
0 0.20046296296296298 0.44817708333333334 0.02314814814814815 0.015104166666666667
0 0.9180555555555556 0.7 0.04166666666666667 0.025
0 0.6638888888888889 0.5377604166666666 0.024074074074074074 0.013020833333333334
0 0.9236111111111112 0.5442708333333334 0.025 0.015625
0 0.9037037037037038 0.48333333333333334 0.03518518518518519 0.017708333333333333
0 0.9893518518518519 0.5549479166666667 0.021296296296296296 0.01614583333333333
0 0.9481481481481482 0.53984375 0.037037037037037035 0.018229166666666668
0 0.9578703703703704 0.5588541666666667 0.025 0.010416666666666666
0 0.9064814814814816 0.3872395833333333 0.02962962962962963 0.01614583333333333
0 0.9898148148148148 0.3971354166666667 0.020370370370370372 0.0171875
0 0.9097222222222222 0.3385416666666667 0.019444444444444445 0.008333333333333333
0 0.9805555555555556 0.4354166666666667 0.02592592592592593 0.013541666666666667
0 0.9273148148148148 0.18255208333333334 0.03981481481481482 0.0265625
0 0.9800925925925926 0.22317708333333333 0.030555555555555558 0.019270833333333334
0 0.9810185185185185 0.15052083333333333 0.025 0.0125
0 0.9615740740740741 0.20520833333333333 0.028703703703703703 0.016666666666666666
0 0.9648148148148149 0.25755208333333335 0.020370370370370372 0.0109375
0 0.9578703703703704 0.33880208333333334 0.015740740740740743 0.0109375
0 0.9162037037037037 0.4119791666666667 0.028703703703703703 0.013541666666666667
0 0.9833333333333334 0.8231770833333333 0.02777777777777778 0.0171875
