0 0.9527777777777778 0.4713541666666667 0.02777777777777778 0.016666666666666666
0 0.9578703703703704 0.4328125 0.04351851851851852 0.016666666666666666
0 0.9930555555555556 0.4158854166666667 0.01388888888888889 0.0265625
0 0.9916666666666667 0.3815104166666667 0.016666666666666666 0.022395833333333334
0 0.9837962962962963 0.24661458333333333 0.032407407407407406 0.0203125
0 0.9657407407407408 0.15651041666666665 0.022222222222222223 0.011979166666666666
0 0.9782407407407407 0.14869791666666665 0.030555555555555558 0.0140625
0 0.9712962962962963 0.13489583333333333 0.02777777777777778 0.015625
0 0.9828703703703704 0.1140625 0.025 0.016666666666666666
0 0.9324074074074075 0.1671875 0.022222222222222223 0.017708333333333333
0 0.8736111111111111 0.23880208333333333 0.015740740740740743 0.0140625
0 0.8791666666666667 0.16588541666666667 0.030555555555555558 0.021354166666666667
0 0.850925925925926 0.14661458333333333 0.02962962962962963 0.019270833333333334
0 0.825462962962963 0.18567708333333333 0.02314814814814815 0.011979166666666666
0 0.8171296296296297 0.18723958333333332 0.021296296296296296 0.01614583333333333
0 0.7680555555555556 0.21067708333333332 0.021296296296296296 0.01614583333333333
0 0.6935185185185185 0.16145833333333334 0.02962962962962963 0.015625
0 0.7245370370370371 0.14348958333333334 0.021296296296296296 0.0078125
0 0.7324074074074074 0.13463541666666667 0.014814814814814815 0.0109375
0 0.7337962962962963 0.10885416666666667 0.019444444444444445 0.014583333333333334
0 0.8972222222222223 0.3307291666666667 0.020370370370370372 0.011458333333333333
0 0.8856481481481482 0.3690104166666667 0.032407407407407406 0.015104166666666667
0 0.7708333333333334 0.3385416666666667 0.017592592592592594 0.010416666666666666
0 0.7513888888888889 0.3390625 0.019444444444444445 0.0125
0 0.7967592592592593 0.4161458333333333 0.036111111111111115 0.019791666666666666
0 0.7643518518518518 0.4630208333333333 0.015740740740740743 0.009375
0 0.7560185185185185 0.4653645833333333 0.021296296296296296 0.0109375
0 0.8638888888888889 0.553125 0.031481481481481485 0.021875
0 0.851388888888889 0.5716145833333334 0.04166666666666667 0.0203125
0 0.9189814814814815 0.5270833333333333 0.036111111111111115 0.022916666666666665
0 0.9546296296296297 0.5122395833333333 0.02777777777777778 0.0203125
0 0.9328703703703705 0.5661458333333333 0.025 0.0125
0 0.9157407407407407 0.5893229166666667 0.03888888888888889 0.0234375
0 0.9564814814814815 0.5958333333333333 0.044444444444444446 0.01875
0 0.9166666666666667 0.7447916666666666 0.04259259259259259 0.020833333333333332
0 0.8324074074074075 0.64609375 0.03518518518518519 0.019270833333333334
0 0.8740740740740741 0.7296875 0.02962962962962963 0.021875
0 0.7819444444444444 0.6252604166666667 0.025 0.0109375
0 0.7226851851851852 0.5638020833333334 0.017592592592592594 0.0140625
0 0.7388888888888889 0.4953125 0.03333333333333333 0.020833333333333332
0 0.7296296296296296 0.5421875 0.02592592592592593 0.015625
0 0.6930555555555555 0.5716145833333334 0.028703703703703703 0.018229166666666668
0 0.6407407407407407 0.6622395833333333 0.022222222222222223 0.0203125
0 0.6092592592592593 0.6455729166666666 0.02962962962962963 0.018229166666666668
0 0.5782407407407407 0.6145833333333334 0.03425925925925926 0.016666666666666666
0 0.6416666666666667 0.4822916666666667 0.031481481481481485 0.017708333333333333
0 0.600925925925926 0.45026041666666666 0.02592592592592593 0.019270833333333334
0 0.6351851851851852 0.459375 0.031481481481481485 0.017708333333333333
0 0.5555555555555556 0.43854166666666666 0.04259259259259259 0.016666666666666666
0 0.5722222222222223 0.44947916666666665 0.031481481481481485 0.015625
0 0.4430555555555556 0.14036458333333332 0.021296296296296296 0.01614583333333333
0 0.8990740740740741 0.4635416666666667 0.03518518518518519 0.017708333333333333
0 0.44027777777777777 0.19479166666666667 0.025 0.015625
0 0.40185185185185185 0.25625 0.037037037037037035 0.01875
0 0.48935185185185187 0.26067708333333334 0.017592592592592594 0.015104166666666667
0 0.4013888888888889 0.24817708333333333 0.036111111111111115 0.0234375
0 0.4337962962962963 0.2716145833333333 0.03425925925925926 0.0234375
0 0.49583333333333335 0.3346354166666667 0.036111111111111115 0.024479166666666666
0 0.4981481481481482 0.35130208333333335 0.020370370370370372 0.0171875
0 0.48194444444444445 0.3575520833333333 0.028703703703703703 0.01614583333333333
0 0.4986111111111111 0.4075520833333333 0.025 0.0171875
0 0.4601851851851852 0.42890625 0.02777777777777778 0.018229166666666668
0 0.5365740740740741 0.4244791666666667 0.032407407407407406 0.01875
0 0.3712962962962963 0.3645833333333333 0.022222222222222223 0.013541666666666667
0 0.38796296296296295 0.3833333333333333 0.02777777777777778 0.014583333333333334
0 0.375 0.4401041666666667 0.02777777777777778 0.016666666666666666
0 0.4759259259259259 0.47291666666666665 0.03518518518518519 0.01875
0 0.46851851851851856 0.49244791666666665 0.031481481481481485 0.019270833333333334
0 0.48842592592592593 0.5091145833333334 0.036111111111111115 0.0171875
0 0.3851851851851852 0.5846354166666666 0.022222222222222223 0.019270833333333334
0 0.5152777777777778 0.6088541666666667 0.032407407407407406 0.016666666666666666
0 0.4638888888888889 0.5947916666666666 0.02592592592592593 0.013541666666666667
0 0.4791666666666667 0.6145833333333334 0.036111111111111115 0.019791666666666666
0 0.4671296296296297 0.6723958333333333 0.036111111111111115 0.022916666666666665
0 0.4949074074074074 0.765625 0.03796296296296296 0.01875
0 0.5305555555555556 0.7846354166666667 0.02592592592592593 0.0296875
0 0.15046296296296297 0.6098958333333333 0.017592592592592594 0.016666666666666666
0 0.16342592592592592 0.5973958333333333 0.028703703703703703 0.017708333333333333
0 0.2138888888888889 0.3072916666666667 0.009259259259259259 0.005208333333333333
0 0.27824074074074073 0.3216145833333333 0.015740740740740743 0.0109375
0 0.22962962962962963 0.24427083333333333 0.016666666666666666 0.009375
0 0.18796296296296297 0.22916666666666666 0.016666666666666666 0.0125
0 0.40092592592592596 0.7033854166666667 0.03518518518518519 0.0203125
0 0.3287037037037037 0.5744791666666667 0.03518518518518519 0.016666666666666666
0 0.3143518518518519 0.6205729166666667 0.021296296296296296 0.011979166666666666
0 0.2689814814814815 0.7205729166666667 0.032407407407407406 0.0171875
0 0.23657407407407408 0.7223958333333333 0.028703703703703703 0.015625
0 0.3675925925925926 0.7260416666666667 0.03518518518518519 0.02395833333333333
0 0.4199074074074074 0.7565104166666666 0.032407407407407406 0.019270833333333334
0 0.27037037037037037 0.7440104166666667 0.037037037037037035 0.022395833333333334
0 0.13240740740740742 0.4979166666666667 0.018518518518518517 0.009375
0 0.13611111111111113 0.5278645833333333 0.031481481481481485 0.0109375
0 0.33425925925925926 0.4010416666666667 0.03333333333333333 0.022916666666666665
0 0.32916666666666666 0.4223958333333333 0.032407407407407406 0.019791666666666666
0 0.28935185185185186 0.43307291666666664 0.03425925925925926 0.01614583333333333
0 0.250462962962963 0.40260416666666665 0.030555555555555558 0.017708333333333333
0 0.2050925925925926 0.4184895833333333 0.025 0.0140625
0 0.2240740740740741 0.40390624999999997 0.03333333333333333 0.018229166666666668
0 0.20972222222222223 0.5598958333333334 0.032407407407407406 0.016666666666666666
0 0.8546296296296296 0.7630208333333334 0.02962962962962963 0.019791666666666666
0 0.8203703703703704 0.465625 0.02962962962962963 0.014583333333333334
0 0.3527777777777778 0.6135416666666667 0.018518518518518517 0.014583333333333334
0 0.3560185185185185 0.6052083333333333 0.030555555555555558 0.014583333333333334
0 0.4361111111111111 0.33125 0.024074074074074074 0.010416666666666666
0 0.8486111111111111 0.53359375 0.03796296296296296 0.019270833333333334
0 0.8185185185185185 0.45 0.02592592592592593 0.015625
0 0.10787037037037038 0.7033854166666667 0.04166666666666667 0.024479166666666666
0 0.3560185185185185 0.5411458333333333 0.025 0.0125
0 0.016666666666666666 0.8177083333333334 0.02962962962962963 0.017708333333333333
0 0.10324074074074074 0.5479166666666666 0.02314814814814815 0.016666666666666666
0 0.12083333333333333 0.4864583333333333 0.03425925925925926 0.017708333333333333
0 0.030092592592592594 0.5588541666666667 0.030555555555555558 0.015625
0 0.07407407407407407 0.54296875 0.031481481481481485 0.0171875
0 0.06805555555555556 0.5622395833333333 0.021296296296296296 0.0109375
0 0.11805555555555557 0.390625 0.030555555555555558 0.015625
0 0.03287037037037037 0.40130208333333334 0.028703703703703703 0.01614583333333333
0 0.11388888888888889 0.34270833333333334 0.018518518518518517 0.008333333333333333
0 0.04259259259259259 0.4388020833333333 0.02592592592592593 0.0140625
0 0.01990740740740741 0.36614583333333334 0.019444444444444445 0.011458333333333333
0 0.09953703703703703 0.18828125 0.03981481481481482 0.0265625
0 0.04583333333333334 0.22838541666666667 0.032407407407407406 0.018229166666666668
0 0.04398148148148148 0.15703125 0.025 0.0140625
0 0.017592592592592594 0.1296875 0.022222222222222223 0.017708333333333333
0 0.06342592592592593 0.21119791666666665 0.028703703703703703 0.0171875
0 0.06157407407407408 0.26276041666666666 0.019444444444444445 0.0109375
0 0.0638888888888889 0.3424479166666667 0.018518518518518517 0.013020833333333334
0 0.10972222222222222 0.4158854166666667 0.028703703703703703 0.013020833333333334
0 0.03935185185185185 0.8273437499999999 0.026851851851851852 0.0171875
