0 0.02592592592592593 0.4734375 0.02777777777777778 0.015625
0 0.01388888888888889 0.13880208333333333 0.02592592592592593 0.015104166666666667
0 0.052314814814814814 0.1703125 0.02314814814814815 0.016666666666666666
0 0.11203703703703705 0.24192708333333332 0.014814814814814815 0.0140625
0 0.1050925925925926 0.16875 0.030555555555555558 0.020833333333333332
0 0.13240740740740742 0.15026041666666667 0.02962962962962963 0.018229166666666668
0 0.16203703703703703 0.18958333333333333 0.024074074074074074 0.0125
0 0.16712962962962963 0.19036458333333334 0.021296296296296296 0.0171875
0 0.21712962962962964 0.21380208333333334 0.021296296296296296 0.01614583333333333
0 0.2939814814814815 0.16432291666666665 0.028703703703703703 0.015104166666666667
0 0.25925925925925924 0.14739583333333334 0.018518518518518517 0.009375
0 0.24953703703703706 0.13776041666666666 0.01388888888888889 0.0109375
0 0.25092592592592594 0.11197916666666667 0.020370370370370372 0.014583333333333334
0 0.08657407407407408 0.3333333333333333 0.021296296296296296 0.011458333333333333
0 0.0976851851851852 0.37135416666666665 0.026851851851851852 0.015625
0 0.21481481481481482 0.34088541666666666 0.018518518518518517 0.0109375
0 0.2351851851851852 0.3416666666666667 0.020370370370370372 0.0125
0 0.18703703703703706 0.41875 0.03333333333333333 0.019791666666666666
0 0.22824074074074074 0.46796875 0.02314814814814815 0.009895833333333333
0 0.12407407407407407 0.5552083333333333 0.022222222222222223 0.021875
0 0.13425925925925927 0.5723958333333333 0.044444444444444446 0.017708333333333333
0 0.05925925925925926 0.5294270833333333 0.03333333333333333 0.024479166666666666
0 0.02592592592592593 0.51484375 0.02592592592592593 0.0203125
0 0.05092592592592593 0.56796875 0.024074074074074074 0.0140625
0 0.06805555555555556 0.5919270833333333 0.04166666666666667 0.0234375
0 0.027314814814814816 0.5981770833333333 0.04351851851851852 0.0171875
0 0.06481481481481481 0.7479166666666667 0.03888888888888889 0.02395833333333333
0 0.15092592592592594 0.64765625 0.03333333333333333 0.013020833333333334
0 0.10416666666666667 0.7328125 0.028703703703703703 0.020833333333333332
0 0.26157407407407407 0.565625 0.017592592592592594 0.015625
0 0.24629629629629632 0.4973958333333333 0.02962962962962963 0.020833333333333332
0 0.25601851851851853 0.54453125 0.025 0.01614583333333333
0 0.2935185185185185 0.5734375 0.02962962962962963 0.017708333333333333
0 0.34861111111111115 0.6651041666666666 0.026851851851851852 0.019791666666666666
0 0.3768518518518519 0.64765625 0.031481481481481485 0.018229166666666668
0 0.40740740740740744 0.61640625 0.03333333333333333 0.015104166666666667
0 0.3421296296296296 0.48333333333333334 0.032407407407407406 0.017708333333333333
0 0.3837962962962963 0.45234375 0.026851851851851852 0.019270833333333334
0 0.350462962962963 0.4614583333333333 0.032407407407407406 0.017708333333333333
0 0.4310185185185185 0.44114583333333335 0.04351851851851852 0.016666666666666666
0 0.4134259259259259 0.4515625 0.032407407407407406 0.016666666666666666
0 0.5425925925925926 0.14322916666666666 0.022222222222222223 0.016666666666666666
0 0.08101851851851852 0.465625 0.036111111111111115 0.016666666666666666
0 0.5449074074074074 0.19739583333333333 0.02314814814814815 0.015625
0 0.5796296296296296 0.25859375 0.03518518518518519 0.018229166666666668
0 0.5800925925925926 0.25026041666666665 0.036111111111111115 0.0234375
0 0.5472222222222223 0.27421875 0.03518518518518519 0.0234375
0 0.48703703703703705 0.3372395833333333 0.03518518518518519 0.024479166666666666
0 0.5041666666666667 0.35963541666666665 0.028703703703703703 0.01614583333333333
0 0.48703703703703705 0.409375 0.024074074074074074 0.016666666666666666
0 0.5268518518518519 0.43046875 0.02777777777777778 0.018229166666666668
0 0.4486111111111111 0.4263020833333333 0.032407407407407406 0.018229166666666668
0 0.6143518518518519 0.36666666666666664 0.019444444444444445 0.0125
0 0.5990740740740741 0.38515625 0.02777777777777778 0.0140625
0 0.6134259259259259 0.44166666666666665 0.026851851851851852 0.016666666666666666
0 0.5106481481481482 0.475 0.036111111111111115 0.017708333333333333
0 0.5162037037037037 0.49374999999999997 0.032407407407407406 0.01875
0 0.4967592592592593 0.5106770833333333 0.03425925925925926 0.0171875
0 0.6050925925925926 0.5880208333333333 0.026851851851851852 0.017708333333333333
0 0.5212962962962964 0.59609375 0.02777777777777778 0.015104166666666667
0 0.5037037037037038 0.6161458333333333 0.03333333333333333 0.01875
0 0.5175925925925926 0.67421875 0.03518518518518519 0.0234375
0 0.48888888888888893 0.76796875 0.03888888888888889 0.019270833333333334
0 0.4532407407407408 0.7872395833333333 0.026851851851851852 0.0296875
0 0.8222222222222223 0.5989583333333334 0.02592592592592593 0.01875
0 0.7060185185185186 0.32317708333333334 0.01388888888888889 0.0109375
0 0.7569444444444444 0.24635416666666665 0.015740740740740743 0.009375
0 0.7967592592592593 0.23124999999999998 0.015740740740740743 0.0125
0 0.5819444444444445 0.7049479166666667 0.03425925925925926 0.0203125
0 0.6564814814814816 0.57578125 0.03518518518518519 0.0171875
0 0.6726851851851852 0.621875 0.021296296296296296 0.0125
0 0.7171296296296297 0.72265625 0.030555555555555558 0.01614583333333333
0 0.7532407407407408 0.7260416666666667 0.030555555555555558 0.01875
0 0.6152777777777778 0.7278645833333334 0.036111111111111115 0.0234375
0 0.5638888888888889 0.7604166666666666 0.031481481481481485 0.01875
0 0.7152777777777778 0.7463541666666667 0.036111111111111115 0.021875
0 0.8550925925925926 0.49921875 0.017592592592592594 0.008854166666666666
0 0.8481481481481482 0.5286458333333334 0.03333333333333333 0.011458333333333333
0 0.649537037037037 0.40338541666666666 0.032407407407407406 0.022395833333333334
0 0.6537037037037037 0.42343749999999997 0.03333333333333333 0.019791666666666666
0 0.6944444444444444 0.4361979166666667 0.03518518518518519 0.015104166666666667
0 0.7319444444444445 0.4044270833333333 0.030555555555555558 0.0171875
0 0.7819444444444444 0.42109375 0.02314814814814815 0.015104166666666667
0 0.7592592592592593 0.40572916666666664 0.03333333333333333 0.01875
0 0.7759259259259259 0.5619791666666667 0.031481481481481485 0.016666666666666666
0 0.12638888888888888 0.7658854166666667 0.030555555555555558 0.0203125
0 0.1685185185185185 0.4674479166666667 0.02962962962962963 0.015104166666666667
0 0.6333333333333333 0.6153645833333333 0.018518518518518517 0.0140625
0 0.6310185185185185 0.6072916666666667 0.030555555555555558 0.015625
0 0.549074074074074 0.3328125 0.024074074074074074 0.011458333333333333
0 0.13657407407407407 0.5359375 0.03796296296296296 0.019791666666666666
0 0.16944444444444445 0.45208333333333334 0.02592592592592593 0.015625
0 0.8773148148148149 0.7046875 0.03981481481481482 0.025
0 0.6328703703703704 0.5421875 0.025 0.0125
0 0.9717592592592593 0.8192708333333333 0.03425925925925926 0.017708333333333333
0 0.9787037037037037 0.7872395833333333 0.03333333333333333 0.0171875
0 0.8833333333333334 0.5489583333333333 0.02777777777777778 0.015625
0 0.8638888888888889 0.48802083333333335 0.03333333333333333 0.017708333333333333
0 0.9555555555555556 0.5598958333333334 0.031481481481481485 0.015625
0 0.912962962962963 0.5442708333333334 0.02777777777777778 0.016666666666666666
0 0.9171296296296296 0.5638020833333334 0.021296296296296296 0.011979166666666666
0 0.8652777777777778 0.3921875 0.030555555555555558 0.015625
0 0.951388888888889 0.403125 0.028703703703703703 0.016666666666666666
0 0.8708333333333333 0.3442708333333333 0.019444444444444445 0.008333333333333333
0 0.9416666666666667 0.44036458333333334 0.02592592592592593 0.0140625
0 0.9643518518518519 0.36796875 0.019444444444444445 0.011979166666666666
0 0.8819444444444445 0.19088541666666667 0.03796296296296296 0.0265625
0 0.937962962962963 0.23046875 0.031481481481481485 0.018229166666666668
0 0.9402777777777778 0.159375 0.025 0.014583333333333334
0 0.9675925925925927 0.13177083333333334 0.022222222222222223 0.017708333333333333
0 0.9851851851851853 0.1125 0.02962962962962963 0.021875
0 0.924537037037037 0.21223958333333334 0.032407407407407406 0.018229166666666668
0 0.9222222222222223 0.26484375 0.020370370370370372 0.0109375
0 0.9217592592592593 0.34401041666666665 0.017592592592592594 0.011979166666666666
0 0.875462962962963 0.41744791666666664 0.026851851851851852 0.013020833333333334
0 0.9481481481481482 0.8291666666666666 0.02777777777777778 0.017708333333333333
