0 0.015740740740740743 0.4744791666666667 0.02592592592592593 0.014583333333333334
0 0.010185185185185186 0.13958333333333334 0.018518518518518517 0.014583333333333334
0 0.04351851851851852 0.17109375 0.022222222222222223 0.0171875
0 0.10277777777777779 0.2421875 0.014814814814814815 0.013541666666666667
0 0.0962962962962963 0.16979166666666667 0.031481481481481485 0.020833333333333332
0 0.12361111111111112 0.15 0.028703703703703703 0.01875
0 0.15416666666666667 0.19010416666666666 0.02314814814814815 0.0125
0 0.1587962962962963 0.19140625 0.021296296296296296 0.0171875
0 0.2087962962962963 0.21484375 0.021296296296296296 0.01614583333333333
0 0.2865740740740741 0.16484375 0.028703703703703703 0.015104166666666667
0 0.2513888888888889 0.14739583333333334 0.019444444444444445 0.008333333333333333
0 0.24166666666666667 0.13854166666666667 0.014814814814814815 0.010416666666666666
0 0.2425925925925926 0.1125 0.020370370370370372 0.014583333333333334
0 0.07731481481481482 0.3338541666666667 0.021296296296296296 0.011458333333333333
0 0.08796296296296297 0.371875 0.02777777777777778 0.015625
0 0.20740740740740743 0.34140625 0.018518518518518517 0.0109375
0 0.22731481481481483 0.3421875 0.019444444444444445 0.0125
0 0.17824074074074076 0.4192708333333333 0.03425925925925926 0.019791666666666666
0 0.21944444444444444 0.46848958333333335 0.024074074074074074 0.009895833333333333
0 0.11527777777777778 0.5559895833333334 0.02314814814814815 0.021354166666666667
0 0.12638888888888888 0.5731770833333333 0.04537037037037037 0.0171875
0 0.04861111111111111 0.5307291666666667 0.03425925925925926 0.02395833333333333
0 0.014351851851851852 0.5161458333333333 0.025 0.019791666666666666
0 0.04120370370370371 0.5692708333333333 0.025 0.013541666666666667
0 0.058333333333333334 0.59296875 0.04259259259259259 0.0234375
0 0.020833333333333336 0.5984375 0.03981481481481482 0.016666666666666666
0 0.05648148148148149 0.7489583333333333 0.03888888888888889 0.02395833333333333
0 0.1425925925925926 0.6484375 0.03333333333333333 0.0125
0 0.09398148148148149 0.73359375 0.028703703703703703 0.021354166666666667
0 0.25462962962962965 0.5661458333333333 0.018518518518518517 0.015625
0 0.23796296296296296 0.4981770833333333 0.02962962962962963 0.0203125
0 0.4277777777777778 0.4419270833333333 0.031481481481481485 0.01614583333333333
0 0.24861111111111112 0.54453125 0.025 0.01614583333333333
0 0.28611111111111115 0.57421875 0.02962962962962963 0.018229166666666668
0 0.3402777777777778 0.6661458333333333 0.021296296296296296 0.021875
0 0.36944444444444446 0.6481770833333333 0.031481481481481485 0.018229166666666668
0 0.4 0.6171875 0.03333333333333333 0.014583333333333334
0 0.33425925925925926 0.48385416666666664 0.031481481481481485 0.017708333333333333
0 0.375462962962963 0.45286458333333335 0.026851851851851852 0.019270833333333334
0 0.3421296296296296 0.46249999999999997 0.032407407407407406 0.017708333333333333
0 0.4050925925925926 0.45208333333333334 0.032407407407407406 0.015625
0 0.5351851851851852 0.14401041666666667 0.022222222222222223 0.01614583333333333
0 0.07037037037037037 0.46640624999999997 0.037037037037037035 0.015104166666666667
0 0.5375 0.19765625 0.02314814814814815 0.015104166666666667
0 0.5703703703703704 0.2591145833333333 0.03518518518518519 0.019270833333333334
0 0.5694444444444444 0.2515625 0.037037037037037035 0.02395833333333333
0 0.537962962962963 0.2747395833333333 0.03518518518518519 0.0234375
0 0.4777777777777778 0.3375 0.03518518518518519 0.02395833333333333
0 0.4967592592592593 0.3598958333333333 0.028703703703703703 0.016666666666666666
0 0.4791666666666667 0.40989583333333335 0.025 0.016666666666666666
0 0.5189814814814815 0.43072916666666666 0.028703703703703703 0.01875
0 0.4412037037037037 0.4265625 0.032407407407407406 0.01875
0 0.6078703703703704 0.36692708333333335 0.019444444444444445 0.011979166666666666
0 0.5916666666666667 0.38515625 0.02777777777777778 0.0140625
0 0.6064814814814815 0.44166666666666665 0.02777777777777778 0.016666666666666666
0 0.5037037037037038 0.47552083333333334 0.03518518518518519 0.017708333333333333
0 0.5092592592592593 0.4942708333333333 0.031481481481481485 0.01875
0 0.48888888888888893 0.5111979166666667 0.03333333333333333 0.0171875
0 0.5972222222222222 0.5875 0.02592592592592593 0.016666666666666666
0 0.5120370370370371 0.5958333333333333 0.02777777777777778 0.016666666666666666
0 0.4949074074074074 0.6169270833333333 0.03425925925925926 0.019270833333333334
0 0.5101851851851852 0.6744791666666666 0.03518518518518519 0.022916666666666665
0 0.4814814814814815 0.7684895833333333 0.03888888888888889 0.019270833333333334
0 0.4449074074074074 0.7877604166666666 0.026851851851851852 0.0296875
0 0.8152777777777778 0.5986979166666666 0.025 0.018229166666666668
0 0.6990740740740741 0.32369791666666664 0.014814814814814815 0.0109375
0 0.7513888888888889 0.24609375 0.015740740740740743 0.009895833333333333
0 0.7902777777777779 0.23124999999999998 0.015740740740740743 0.0125
0 0.5740740740740741 0.7052083333333333 0.03333333333333333 0.020833333333333332
0 0.649537037037037 0.57578125 0.03425925925925926 0.0171875
0 0.6643518518518519 0.6221354166666666 0.021296296296296296 0.011979166666666666
0 0.7467592592592592 0.7263020833333333 0.030555555555555558 0.019270833333333334
0 0.6050925925925926 0.728125 0.036111111111111115 0.02395833333333333
0 0.5560185185185186 0.7604166666666666 0.030555555555555558 0.01875
0 0.7069444444444445 0.7463541666666667 0.036111111111111115 0.021875
0 0.8481481481481482 0.49973958333333335 0.016666666666666666 0.008854166666666666
0 0.8412037037037038 0.52734375 0.030555555555555558 0.0140625
0 0.6412037037037037 0.40338541666666666 0.032407407407407406 0.022395833333333334
0 0.6462962962962964 0.42421875 0.03333333333333333 0.019270833333333334
0 0.6861111111111111 0.4361979166666667 0.03518518518518519 0.015104166666666667
0 0.7240740740740741 0.4046875 0.02962962962962963 0.016666666666666666
0 0.774537037037037 0.42109375 0.02314814814814815 0.015104166666666667
0 0.750925925925926 0.40625 0.03333333333333333 0.01875
0 0.7685185185185186 0.56171875 0.02962962962962963 0.01614583333333333
0 0.11620370370370371 0.7674479166666667 0.030555555555555558 0.0203125
0 0.1615740740740741 0.46848958333333335 0.028703703703703703 0.015104166666666667
0 0.625925925925926 0.615625 0.018518518518518517 0.014583333333333334
0 0.6231481481481481 0.60703125 0.02962962962962963 0.015104166666666667
0 0.5416666666666667 0.3338541666666667 0.024074074074074074 0.011458333333333333
0 0.1277777777777778 0.5361979166666666 0.03888888888888889 0.019270833333333334
0 0.16296296296296298 0.45234375 0.02592592592592593 0.015104166666666667
0 0.8699074074074075 0.7049479166666667 0.03981481481481482 0.024479166666666666
0 0.6273148148148149 0.5424479166666667 0.025 0.011979166666666666
0 0.9648148148148149 0.8192708333333333 0.03518518518518519 0.017708333333333333
0 0.875925925925926 0.5489583333333333 0.02777777777777778 0.015625
0 0.8574074074074074 0.48802083333333335 0.03333333333333333 0.017708333333333333
0 0.9476851851851852 0.5598958333333334 0.030555555555555558 0.015625
0 0.9050925925925927 0.54453125 0.028703703703703703 0.01614583333333333
0 0.9097222222222222 0.56328125 0.021296296296296296 0.011979166666666666
0 0.8569444444444445 0.3924479166666667 0.030555555555555558 0.015104166666666667
0 0.9916666666666667 0.39479166666666665 0.016666666666666666 0.010416666666666666
0 0.9439814814814815 0.403125 0.028703703703703703 0.016666666666666666
0 0.862962962962963 0.34479166666666666 0.018518518518518517 0.008333333333333333
0 0.9351851851851852 0.440625 0.02592592592592593 0.014583333333333334
0 0.9555555555555556 0.36796875 0.020370370370370372 0.011979166666666666
0 0.8736111111111111 0.19114583333333332 0.03796296296296296 0.026041666666666668
0 0.9291666666666667 0.23098958333333333 0.030555555555555558 0.018229166666666668
0 0.9324074074074075 0.159375 0.02592592592592593 0.014583333333333334
0 0.9597222222222223 0.13229166666666667 0.021296296296296296 0.017708333333333333
0 0.9787037037037037 0.1125 0.03333333333333333 0.021875
0 0.9162037037037037 0.2125 0.030555555555555558 0.017708333333333333
0 0.9148148148148149 0.26484375 0.020370370370370372 0.0109375
0 0.9157407407407407 0.34401041666666665 0.018518518518518517 0.011979166666666666
0 0.9689814814814816 0.7869791666666667 0.03425925925925926 0.016666666666666666
0 0.8675925925925926 0.41770833333333335 0.02592592592592593 0.0125
0 0.9398148148148149 0.8291666666666666 0.02777777777777778 0.017708333333333333
