0 0.06435185185185185 0.24088541666666666 0.015740740740740743 0.013020833333333334
0 0.053703703703703705 0.16796875 0.03333333333333333 0.0203125
0 0.08425925925925926 0.14869791666666665 0.03333333333333333 0.01614583333333333
0 0.11620370370370371 0.18828125 0.021296296296296296 0.013020833333333334
0 0.1712962962962963 0.21302083333333333 0.022222222222222223 0.015625
0 0.2518518518518519 0.16328125 0.024074074074074074 0.015104166666666667
0 0.21064814814814817 0.14557291666666666 0.017592592592592594 0.009895833333333333
0 0.2 0.13619791666666667 0.014814814814814815 0.009895833333333333
0 0.20462962962962963 0.11041666666666666 0.020370370370370372 0.014583333333333334
0 0.03287037037037037 0.33203125 0.019444444444444445 0.0109375
0 0.040740740740740744 0.37109375 0.02962962962962963 0.01614583333333333
0 0.17037037037037037 0.340625 0.018518518518518517 0.011458333333333333
0 0.19074074074074074 0.34088541666666666 0.020370370370370372 0.011979166666666666
0 0.13657407407407407 0.41875 0.03425925925925926 0.019791666666666666
0 0.1800925925925926 0.4671875 0.021296296296296296 0.010416666666666666
0 0.07407407407407407 0.55546875 0.02592592592592593 0.019270833333333334
0 0.09027777777777778 0.5731770833333333 0.04722222222222222 0.018229166666666668
0 0.01898148148148148 0.59375 0.036111111111111115 0.02395833333333333
0 0.020833333333333336 0.7494791666666667 0.03981481481481482 0.019791666666666666
0 0.21712962962962964 0.56640625 0.02314814814814815 0.0171875
0 0.19907407407407407 0.4979166666666667 0.02962962962962963 0.019791666666666666
0 0.21203703703703705 0.5440104166666666 0.02777777777777778 0.015104166666666667
0 0.2490740740740741 0.57421875 0.02962962962962963 0.018229166666666668
0 0.30324074074074076 0.6658854166666667 0.021296296296296296 0.021354166666666667
0 0.33333333333333337 0.6486979166666667 0.031481481481481485 0.018229166666666668
0 0.36435185185185187 0.6174479166666667 0.03425925925925926 0.01614583333333333
0 0.2976851851851852 0.48359375 0.032407407407407406 0.018229166666666668
0 0.33796296296296297 0.45208333333333334 0.02592592592592593 0.01875
0 0.3055555555555556 0.46171875 0.03333333333333333 0.018229166666666668
0 0.39166666666666666 0.44140625 0.03333333333333333 0.01614583333333333
0 0.4620370370370371 0.3424479166666667 0.02592592592592593 0.018229166666666668
0 0.36712962962962964 0.4513020833333333 0.03425925925925926 0.01614583333333333
0 0.5037037037037038 0.14270833333333333 0.022222222222222223 0.016666666666666666
0 0.5046296296296297 0.19661458333333334 0.022222222222222223 0.015104166666666667
0 0.5282407407407408 0.2583333333333333 0.036111111111111115 0.01875
0 0.5268518518518519 0.25 0.037037037037037035 0.02395833333333333
0 0.4967592592592593 0.2734375 0.036111111111111115 0.02395833333333333
0 0.4388888888888889 0.33671875 0.03518518518518519 0.0234375
0 0.46342592592592596 0.35885416666666664 0.028703703703703703 0.016666666666666666
0 0.4444444444444445 0.40911458333333334 0.024074074074074074 0.0171875
0 0.48842592592592593 0.42994791666666665 0.026851851851851852 0.018229166666666668
0 0.4050925925925926 0.4265625 0.032407407407407406 0.01875
0 0.5731481481481482 0.3653645833333333 0.016666666666666666 0.0109375
0 0.5597222222222222 0.384375 0.025 0.013541666666666667
0 0.5782407407407407 0.44244791666666666 0.028703703703703703 0.0171875
0 0.46805555555555556 0.4752604166666667 0.03425925925925926 0.0171875
0 0.47361111111111115 0.49374999999999997 0.030555555555555558 0.01875
0 0.45231481481481484 0.5114583333333333 0.030555555555555558 0.017708333333333333
0 0.47361111111111115 0.5955729166666667 0.026851851851851852 0.018229166666666668
0 0.4550925925925926 0.6166666666666667 0.03425925925925926 0.01875
0 0.47314814814814815 0.675 0.03518518518518519 0.021875
0 0.4416666666666667 0.7692708333333333 0.03888888888888889 0.019791666666666666
0 0.4041666666666667 0.7885416666666667 0.028703703703703703 0.029166666666666667
0 0.7833333333333333 0.59921875 0.02592592592592593 0.018229166666666668
0 0.6671296296296296 0.32317708333333334 0.01388888888888889 0.0109375
0 0.7226851851851852 0.24557291666666667 0.015740740740740743 0.009895833333333333
0 0.7597222222222223 0.23020833333333332 0.015740740740740743 0.0125
0 0.5319444444444444 0.70546875 0.03425925925925926 0.019270833333333334
0 0.6157407407407408 0.57578125 0.03518518518518519 0.018229166666666668
0 0.6300925925925926 0.62265625 0.021296296296296296 0.011979166666666666
0 0.7143518518518519 0.7260416666666667 0.036111111111111115 0.019791666666666666
0 0.6203703703703703 0.7338541666666667 0.020370370370370372 0.019791666666666666
0 0.5615740740740741 0.7291666666666666 0.03796296296296296 0.02395833333333333
0 0.5148148148148148 0.7609375 0.024074074074074074 0.01875
0 0.6699074074074074 0.7463541666666667 0.03425925925925926 0.021875
0 0.8152777777777778 0.49973958333333335 0.01388888888888889 0.0078125
0 0.8074074074074075 0.5283854166666666 0.02962962962962963 0.011979166666666666
0 0.6032407407407407 0.4028645833333333 0.030555555555555558 0.022395833333333334
0 0.6092592592592593 0.4236979166666667 0.031481481481481485 0.019270833333333334
0 0.6476851851851853 0.4356770833333333 0.032407407407407406 0.015104166666666667
0 0.6856481481481482 0.4049479166666667 0.028703703703703703 0.0171875
0 0.7439814814814815 0.42109375 0.02314814814814815 0.015104166666666667
0 0.7125 0.40651041666666665 0.03425925925925926 0.019270833333333334
0 0.7342592592592593 0.5619791666666667 0.02962962962962963 0.016666666666666666
0 0.06712962962962964 0.76796875 0.030555555555555558 0.0203125
0 0.12916666666666668 0.4669270833333333 0.030555555555555558 0.0140625
0 0.5907407407407408 0.6158854166666666 0.018518518518518517 0.0140625
0 0.5898148148148148 0.6072916666666667 0.02962962962962963 0.014583333333333334
0 0.5106481481481482 0.33177083333333335 0.025 0.0125
0 0.08750000000000001 0.5356770833333333 0.03796296296296296 0.019270833333333334
0 0.12916666666666668 0.45208333333333334 0.026851851851851852 0.015625
0 0.8314814814814815 0.7052083333333333 0.03888888888888889 0.025
0 0.5986111111111111 0.5421875 0.025 0.010416666666666666
0 0.9277777777777778 0.8205729166666667 0.03333333333333333 0.019270833333333334
0 0.9824074074074074 0.6557291666666667 0.02777777777777778 0.015625
0 0.9875 0.6213541666666667 0.025 0.016666666666666666
0 0.8412037037037038 0.54921875 0.030555555555555558 0.015104166666666667
0 0.8222222222222223 0.48828125 0.03333333333333333 0.018229166666666668
0 0.912962962962963 0.5604166666666667 0.02962962962962963 0.015625
0 0.8689814814814815 0.54453125 0.026851851851851852 0.0171875
0 0.875925925925926 0.56328125 0.020370370370370372 0.011979166666666666
0 0.7342592592592593 0.4354166666666667 0.018518518518518517 0.011458333333333333
0 0.8231481481481482 0.3921875 0.031481481481481485 0.013541666666666667
0 0.9532407407407407 0.39427083333333335 0.015740740740740743 0.010416666666666666
0 0.9069444444444444 0.4028645833333333 0.028703703703703703 0.01614583333333333
0 0.8310185185185186 0.3442708333333333 0.017592592592592594 0.008333333333333333
0 0.9013888888888889 0.44036458333333334 0.025 0.0140625
0 0.9217592592592593 0.3677083333333333 0.019444444444444445 0.011458333333333333
0 0.8384259259259259 0.190625 0.03796296296296296 0.026041666666666668
0 0.8962962962962964 0.23020833333333332 0.031481481481481485 0.01875
0 0.899537037037037 0.15859375 0.026851851851851852 0.01614583333333333
0 0.9032407407407408 0.17317708333333334 0.02314814814814815 0.0109375
0 0.9291666666666667 0.13098958333333333 0.021296296296296296 0.018229166666666668
0 0.9490740740740741 0.11119791666666666 0.03518518518518519 0.022395833333333334
0 0.8842592592592593 0.21197916666666666 0.02777777777777778 0.01875
0 0.8800925925925926 0.2643229166666667 0.019444444444444445 0.0109375
0 0.8856481481481482 0.3442708333333333 0.021296296296296296 0.013541666666666667
0 0.9282407407407408 0.7875 0.036111111111111115 0.016666666666666666
0 0.8328703703703704 0.41770833333333335 0.026851851851851852 0.013541666666666667
0 0.9060185185185186 0.8294270833333334 0.026851851851851852 0.018229166666666668
