0 0.040740740740740744 0.23984375 0.016666666666666666 0.0109375
0 0.028240740740740743 0.16614583333333333 0.03425925925925926 0.020833333333333332
0 0.0638888888888889 0.146875 0.03518518518518519 0.015625
0 0.09444444444444444 0.18619791666666666 0.018518518518518517 0.011979166666666666
0 0.1486111111111111 0.21171874999999998 0.02314814814814815 0.015104166666666667
0 0.23148148148148148 0.16171875 0.024074074074074074 0.0140625
0 0.1851851851851852 0.14427083333333332 0.018518518518518517 0.010416666666666666
0 0.17407407407407408 0.13411458333333334 0.014814814814814815 0.0109375
0 0.1814814814814815 0.10833333333333334 0.020370370370370372 0.014583333333333334
0 0.008796296296296297 0.33151041666666664 0.01388888888888889 0.011979166666666666
0 0.015277777777777779 0.37005208333333334 0.026851851851851852 0.01614583333333333
0 0.14907407407407408 0.33932291666666664 0.020370370370370372 0.0109375
0 0.16898148148148148 0.33984375 0.021296296296296296 0.011979166666666666
0 0.10972222222222222 0.41770833333333335 0.036111111111111115 0.019791666666666666
0 0.030092592592592594 0.7361979166666667 0.02314814814814815 0.0171875
0 0.15787037037037038 0.4669270833333333 0.021296296296296296 0.009895833333333333
0 0.05092592592592593 0.5544270833333333 0.02777777777777778 0.0140625
0 0.06851851851851852 0.5739583333333333 0.04814814814814815 0.019791666666666666
0 0.19490740740740742 0.5658854166666667 0.02314814814814815 0.0171875
0 0.17453703703703705 0.4981770833333333 0.028703703703703703 0.019270833333333334
0 0.19074074074074074 0.5424479166666667 0.02777777777777778 0.0140625
0 0.22685185185185186 0.57421875 0.031481481481481485 0.018229166666666668
0 0.2814814814814815 0.665625 0.020370370370370372 0.021875
0 0.31157407407407406 0.6484375 0.032407407407407406 0.017708333333333333
0 0.4851851851851852 0.14088541666666665 0.020370370370370372 0.01614583333333333
0 0.34305555555555556 0.6174479166666667 0.03425925925925926 0.01614583333333333
0 0.275 0.4830729166666667 0.03333333333333333 0.018229166666666668
0 0.3148148148148148 0.4518229166666667 0.02592592592592593 0.018229166666666668
0 0.2828703703703704 0.46067708333333335 0.03425925925925926 0.018229166666666668
0 0.37083333333333335 0.440625 0.03425925925925926 0.015625
0 0.3439814814814815 0.45078124999999997 0.036111111111111115 0.01614583333333333
0 0.4842592592592593 0.1953125 0.022222222222222223 0.015625
0 0.500462962962963 0.25703125 0.03796296296296296 0.018229166666666668
0 0.4990740740740741 0.2484375 0.037037037037037035 0.02395833333333333
0 0.4708333333333333 0.2713541666666667 0.036111111111111115 0.025
0 0.41435185185185186 0.33541666666666664 0.03425925925925926 0.02395833333333333
0 0.4439814814814815 0.3580729166666667 0.028703703703703703 0.0171875
0 0.44027777777777777 0.34140625 0.026851851851851852 0.018229166666666668
0 0.4236111111111111 0.40859375 0.02314814814814815 0.0171875
0 0.46851851851851856 0.42994791666666665 0.02592592592592593 0.0203125
0 0.3842592592592593 0.42552083333333335 0.03333333333333333 0.01875
0 0.5527777777777778 0.3640625 0.014814814814814815 0.010416666666666666
0 0.5402777777777777 0.38359375 0.02314814814814815 0.0140625
0 0.5587962962962963 0.4419270833333333 0.030555555555555558 0.0171875
0 0.4467592592592593 0.4744791666666667 0.03425925925925926 0.017708333333333333
0 0.45046296296296295 0.49322916666666666 0.030555555555555558 0.017708333333333333
0 0.42824074074074076 0.5109375 0.028703703703703703 0.017708333333333333
0 0.45 0.5958333333333333 0.02592592592592593 0.01875
0 0.4300925925925926 0.6161458333333333 0.03425925925925926 0.017708333333333333
0 0.45046296296296295 0.6752604166666667 0.036111111111111115 0.022395833333333334
0 0.41805555555555557 0.7692708333333333 0.03981481481481482 0.019791666666666666
0 0.3800925925925926 0.7893229166666667 0.030555555555555558 0.0296875
0 0.763888888888889 0.5994791666666667 0.02777777777777778 0.016666666666666666
0 0.6476851851851853 0.3221354166666667 0.01388888888888889 0.0109375
0 0.7050925925925926 0.24427083333333333 0.015740740740740743 0.010416666666666666
0 0.7416666666666667 0.22916666666666666 0.014814814814814815 0.0125
0 0.5074074074074074 0.7052083333333333 0.03333333333333333 0.01875
0 0.5949074074074074 0.5752604166666666 0.03425925925925926 0.018229166666666668
0 0.6092592592592593 0.6221354166666666 0.022222222222222223 0.011979166666666666
0 0.6944444444444444 0.7255208333333333 0.03518518518518519 0.020833333333333332
0 0.5967592592592593 0.734375 0.025 0.019791666666666666
0 0.5361111111111111 0.72890625 0.037037037037037035 0.024479166666666666
0 0.49259259259259264 0.7598958333333333 0.02777777777777778 0.017708333333333333
0 0.6476851851851853 0.7463541666666667 0.03425925925925926 0.021875
0 0.7972222222222223 0.49921875 0.011111111111111112 0.0067708333333333336
0 0.7865740740740741 0.5278645833333333 0.028703703703703703 0.011979166666666666
0 0.5805555555555556 0.40234375 0.02962962962962963 0.0234375
0 0.5861111111111111 0.4236979166666667 0.031481481481481485 0.0203125
0 0.6231481481481481 0.43515624999999997 0.03333333333333333 0.0140625
0 0.6615740740740741 0.4036458333333333 0.026851851851851852 0.017708333333333333
0 0.725462962962963 0.4200520833333333 0.02314814814814815 0.015104166666666667
0 0.6893518518518519 0.40572916666666664 0.03425925925925926 0.019791666666666666
0 0.712962962962963 0.5614583333333333 0.02962962962962963 0.016666666666666666
0 0.03888888888888889 0.7682291666666666 0.031481481481481485 0.020833333333333332
0 0.10972222222222222 0.46640624999999997 0.032407407407407406 0.0140625
0 0.5694444444444444 0.6161458333333333 0.018518518518518517 0.013541666666666667
0 0.5675925925925926 0.6072916666666667 0.02962962962962963 0.015625
0 0.4912037037037037 0.33098958333333334 0.025 0.013020833333333334
0 0.0638888888888889 0.5356770833333333 0.03888888888888889 0.0203125
0 0.11018518518518519 0.4518229166666667 0.02777777777777778 0.015104166666666667
0 0.8092592592592593 0.7052083333333333 0.03888888888888889 0.025
0 0.5810185185185185 0.5421875 0.025 0.009375
0 0.9055555555555556 0.8203125 0.03333333333333333 0.01875
0 0.9898148148148148 0.6307291666666667 0.020370370370370372 0.015625
0 0.962037037037037 0.6557291666666667 0.02962962962962963 0.017708333333333333
0 0.9699074074074074 0.62109375 0.03425925925925926 0.01614583333333333
0 0.8189814814814815 0.5486979166666667 0.030555555555555558 0.015104166666666667
0 0.8009259259259259 0.48776041666666664 0.03333333333333333 0.018229166666666668
0 0.8912037037037037 0.5598958333333334 0.030555555555555558 0.016666666666666666
0 0.8472222222222222 0.5440104166666666 0.02777777777777778 0.0171875
0 0.8550925925925926 0.5627604166666667 0.019444444444444445 0.013020833333333334
0 0.7143518518518519 0.4348958333333333 0.021296296296296296 0.0125
0 0.8009259259259259 0.39166666666666666 0.02962962962962963 0.014583333333333334
0 0.9296296296296297 0.39427083333333335 0.016666666666666666 0.010416666666666666
0 0.8851851851851852 0.40208333333333335 0.02777777777777778 0.016666666666666666
0 0.8101851851851852 0.34348958333333335 0.018518518518518517 0.008854166666666666
0 0.8819444444444445 0.4401041666666667 0.025 0.014583333333333334
0 0.9 0.3671875 0.020370370370370372 0.0125
0 0.8166666666666667 0.18880208333333334 0.03888888888888889 0.0265625
0 0.875 0.22916666666666666 0.02962962962962963 0.019791666666666666
0 0.8796296296296297 0.15755208333333334 0.02592592592592593 0.0171875
0 0.8837962962962963 0.17239583333333333 0.02314814814814815 0.011458333333333333
0 0.9106481481481482 0.1296875 0.02314814814814815 0.01875
0 0.9300925925925926 0.10911458333333333 0.03425925925925926 0.022395833333333334
0 0.9263888888888889 0.1265625 0.015740740740740743 0.010416666666666666
0 0.8638888888888889 0.2109375 0.02592592592592593 0.01875
0 0.8592592592592593 0.26328125 0.018518518518518517 0.0109375
0 0.8680555555555556 0.34296875 0.021296296296296296 0.011979166666666666
0 0.9027777777777778 0.7875 0.037037037037037035 0.016666666666666666
0 0.8115740740740741 0.4166666666666667 0.026851851851851852 0.013541666666666667
0 0.8847222222222223 0.8296875 0.026851851851851852 0.01875
