0 0.008796296296296297 0.23489583333333333 0.015740740740740743 0.011458333333333333
0 0.03194444444444445 0.13828125 0.03425925925925926 0.01614583333333333
0 0.11666666666666667 0.20572916666666666 0.022222222222222223 0.015625
0 0.20462962962962963 0.15572916666666667 0.024074074074074074 0.013541666666666667
0 0.15092592592592594 0.13697916666666665 0.018518518518518517 0.010416666666666666
0 0.1388888888888889 0.12734375 0.014814814814814815 0.0109375
0 0.14907407407407408 0.1015625 0.020370370370370372 0.014583333333333334
0 0.11805555555555557 0.33489583333333334 0.021296296296296296 0.011458333333333333
0 0.13842592592592592 0.33567708333333335 0.021296296296296296 0.011979166666666666
0 0.07453703703703704 0.41380208333333335 0.036111111111111115 0.019270833333333334
0 0.12546296296296297 0.4630208333333333 0.019444444444444445 0.010416666666666666
0 0.016666666666666666 0.5513020833333333 0.022222222222222223 0.013020833333333334
0 0.12916666666666668 0.65546875 0.017592592592592594 0.009895833333333333
0 0.046759259259259264 0.5708333333333333 0.032407407407407406 0.017708333333333333
0 0.062037037037037036 0.6450520833333333 0.037037037037037035 0.015104166666666667
0 0.16342592592592592 0.56328125 0.025 0.018229166666666668
0 0.14074074074074075 0.4947916666666667 0.02777777777777778 0.01875
0 0.16064814814814815 0.5401041666666666 0.030555555555555558 0.013541666666666667
0 0.1953703703703704 0.5716145833333334 0.031481481481481485 0.018229166666666668
0 0.2513888888888889 0.6635416666666667 0.025 0.021875
0 0.28240740740740744 0.6463541666666667 0.02962962962962963 0.017708333333333333
0 0.312962962962963 0.615625 0.03333333333333333 0.015625
0 0.2449074074074074 0.47942708333333334 0.036111111111111115 0.0171875
0 0.2828703703703704 0.44817708333333334 0.025 0.018229166666666668
0 0.2518518518518519 0.4578125 0.03518518518518519 0.017708333333333333
0 0.3421296296296296 0.43723958333333335 0.03425925925925926 0.01614583333333333
0 0.312962962962963 0.44817708333333334 0.040740740740740744 0.0171875
0 0.45787037037037037 0.18984375 0.02314814814814815 0.015104166666666667
0 0.45972222222222225 0.13515625 0.019444444444444445 0.0171875
0 0.46620370370370373 0.25234375 0.03981481481481482 0.018229166666666668
0 0.46435185185185185 0.24427083333333333 0.03796296296296296 0.025
0 0.43703703703703706 0.26640625 0.037037037037037035 0.025520833333333333
0 0.38287037037037036 0.33125 0.036111111111111115 0.025
0 0.4166666666666667 0.35494791666666664 0.02962962962962963 0.0171875
0 0.41203703703703703 0.3375 0.02962962962962963 0.017708333333333333
0 0.39490740740740743 0.4049479166666667 0.02314814814814815 0.0171875
0 0.44351851851851853 0.4265625 0.02592592592592593 0.019791666666666666
0 0.3995370370370371 0.50859375 0.026851851851851852 0.018229166666666668
0 0.3550925925925926 0.4223958333333333 0.032407407407407406 0.01875
0 0.513425925925926 0.3807291666666667 0.02314814814814815 0.013541666666666667
0 0.5351851851851852 0.43906249999999997 0.02777777777777778 0.016666666666666666
0 0.41805555555555557 0.47161458333333334 0.03425925925925926 0.018229166666666668
0 0.42083333333333334 0.49140625 0.032407407407407406 0.019270833333333334
0 0.41805555555555557 0.59375 0.026851851851851852 0.019791666666666666
0 0.39722222222222225 0.6140625 0.03518518518518519 0.017708333333333333
0 0.4189814814814815 0.6729166666666666 0.03796296296296296 0.022916666666666665
0 0.3837962962962963 0.76796875 0.03981481481481482 0.0203125
0 0.34351851851851856 0.7872395833333333 0.02777777777777778 0.028645833333333332
0 0.737962962962963 0.5989583333333334 0.02777777777777778 0.015625
0 0.6222222222222222 0.31875 0.014814814814814815 0.011458333333333333
0 0.6828703703703703 0.240625 0.015740740740740743 0.010416666666666666
0 0.7194444444444444 0.22526041666666666 0.014814814814814815 0.013020833333333334
0 0.4708333333333333 0.703125 0.03425925925925926 0.020833333333333332
0 0.5152777777777778 0.5885416666666666 0.028703703703703703 0.013541666666666667
0 0.5680555555555555 0.5729166666666666 0.03425925925925926 0.01875
0 0.5810185185185185 0.6205729166666667 0.021296296296296296 0.011979166666666666
0 0.6652777777777779 0.72265625 0.04166666666666667 0.0234375
0 0.5625 0.7322916666666667 0.030555555555555558 0.020833333333333332
0 0.4990740740740741 0.7276041666666666 0.037037037037037035 0.022916666666666665
0 0.4615740740740741 0.7572916666666667 0.032407407407407406 0.017708333333333333
0 0.6166666666666667 0.7442708333333333 0.03518518518518519 0.020833333333333332
0 0.7583333333333334 0.52578125 0.02777777777777778 0.011979166666666666
0 0.5504629629629629 0.39947916666666666 0.030555555555555558 0.022916666666666665
0 0.5564814814814815 0.4205729166666667 0.02962962962962963 0.0203125
0 0.5921296296296297 0.43255208333333334 0.032407407407407406 0.015104166666666667
0 0.6324074074074074 0.3997395833333333 0.02777777777777778 0.019270833333333334
0 0.701388888888889 0.41796875 0.02314814814814815 0.01614583333333333
0 0.5574074074074075 0.5401041666666666 0.022222222222222223 0.010416666666666666
0 0.6574074074074074 0.4028645833333333 0.037037037037037035 0.019270833333333334
0 0.7583333333333334 0.75 0.022222222222222223 0.0125
0 0.6851851851851852 0.559375 0.02962962962962963 0.016666666666666666
0 0.08287037037037037 0.4614583333333333 0.032407407407407406 0.011458333333333333
0 0.5407407407407407 0.6138020833333333 0.018518518518518517 0.0140625
0 0.5398148148148149 0.6049479166666667 0.02962962962962963 0.015104166666666667
0 0.4638888888888889 0.32734375 0.02592592592592593 0.0140625
0 0.030555555555555558 0.5328125 0.03888888888888889 0.019791666666666666
0 0.0837962962962963 0.44817708333333334 0.026851851851851852 0.015104166666666667
0 0.9643518518518519 0.82421875 0.036111111111111115 0.0234375
0 0.7782407407407408 0.7033854166666667 0.03796296296296296 0.024479166666666666
0 0.8745370370370371 0.81875 0.032407407407407406 0.01875
0 0.9699074074074074 0.62890625 0.032407407407407406 0.015104166666666667
0 0.9314814814814815 0.6393229166666666 0.014814814814814815 0.0109375
0 0.9337962962962963 0.65390625 0.032407407407407406 0.019270833333333334
0 0.9444444444444445 0.61953125 0.03333333333333333 0.01614583333333333
0 0.7921296296296296 0.5471354166666667 0.028703703703703703 0.015104166666666667
0 0.7726851851851853 0.48515625 0.032407407407407406 0.018229166666666668
0 0.8393518518518519 0.20651041666666667 0.021296296296296296 0.021354166666666667
0 0.8625 0.5578125 0.030555555555555558 0.016666666666666666
0 0.8180555555555555 0.5419270833333333 0.028703703703703703 0.0171875
0 0.8282407407407407 0.5606770833333333 0.021296296296296296 0.013020833333333334
0 0.6888888888888889 0.43203125 0.022222222222222223 0.013020833333333334
0 0.774537037037037 0.3893229166666667 0.030555555555555558 0.015104166666666667
0 0.8986111111111111 0.39140625 0.017592592592592594 0.009895833333333333
0 0.8564814814814815 0.3989583333333333 0.02777777777777778 0.016666666666666666
0 0.7847222222222222 0.34088541666666666 0.019444444444444445 0.008854166666666666
0 0.8555555555555556 0.4380208333333333 0.02592592592592593 0.014583333333333334
0 0.8736111111111111 0.36484375 0.021296296296296296 0.011979166666666666
0 0.7898148148148149 0.184375 0.03888888888888889 0.027083333333333334
0 0.85 0.22526041666666666 0.02962962962962963 0.019270833333333334
0 0.8240740740740741 0.24947916666666667 0.014814814814814815 0.008333333333333333
0 0.8555555555555556 0.15286458333333333 0.02777777777777778 0.018229166666666668
0 0.8601851851851852 0.16848958333333333 0.02592592592592593 0.011979166666666666
0 0.888425925925926 0.12526041666666665 0.02314814814814815 0.018229166666666668
0 0.9078703703703704 0.10442708333333334 0.03425925925925926 0.022395833333333334
0 0.9050925925925927 0.12161458333333333 0.015740740740740743 0.0109375
0 0.8333333333333334 0.259375 0.018518518518518517 0.011458333333333333
0 0.8467592592592593 0.33984375 0.019444444444444445 0.0109375
0 0.9791666666666667 0.37005208333333334 0.036111111111111115 0.019270833333333334
0 0.8694444444444445 0.7859375 0.037037037037037035 0.017708333333333333
0 0.7833333333333333 0.41432291666666665 0.02962962962962963 0.0140625
0 0.9625 0.6020833333333333 0.02314814814814815 0.017708333333333333
0 0.9912037037037037 0.41015625 0.017592592592592594 0.0140625
0 0.8555555555555556 0.8278645833333333 0.02777777777777778 0.018229166666666668
