0 0.9833333333333334 0.13828125 0.03333333333333333 0.018229166666666668
0 0.9018518518518519 0.20390624999999998 0.022222222222222223 0.01614583333333333
0 0.8120370370370371 0.15364583333333334 0.024074074074074074 0.014583333333333334
0 0.8694444444444445 0.134375 0.018518518518518517 0.010416666666666666
0 0.8819444444444445 0.125 0.015740740740740743 0.010416666666666666
0 0.8699074074074075 0.09895833333333333 0.021296296296296296 0.014583333333333334
0 0.9 0.33307291666666666 0.020370370370370372 0.0109375
0 0.8800925925925926 0.3341145833333333 0.021296296296296296 0.011979166666666666
0 0.9453703703703704 0.4127604166666667 0.03518518518518519 0.019270833333333334
0 0.8939814814814815 0.46171875 0.019444444444444445 0.0109375
0 0.9717592592592593 0.5700520833333333 0.03425925925925926 0.018229166666666668
0 0.9578703703703704 0.64375 0.03425925925925926 0.014583333333333334
0 0.8555555555555556 0.5627604166666667 0.024074074074074074 0.018229166666666668
0 0.8787037037037038 0.4942708333333333 0.02777777777777778 0.01875
0 0.8578703703703704 0.5393229166666667 0.032407407407407406 0.013020833333333334
0 0.8226851851851852 0.5708333333333333 0.032407407407407406 0.017708333333333333
0 0.7680555555555556 0.6635416666666667 0.025 0.021875
0 0.736574074074074 0.6458333333333334 0.030555555555555558 0.017708333333333333
0 0.7055555555555556 0.6151041666666667 0.03333333333333333 0.015625
0 0.774537037037037 0.47890625 0.03425925925925926 0.0171875
0 0.7356481481481482 0.44765625 0.025 0.018229166666666668
0 0.7671296296296296 0.45651041666666664 0.036111111111111115 0.018229166666666668
0 0.6759259259259259 0.43645833333333334 0.03518518518518519 0.016666666666666666
0 0.7069444444444445 0.44635416666666666 0.04166666666666667 0.016666666666666666
0 0.5601851851851852 0.18828125 0.022222222222222223 0.015104166666666667
0 0.5564814814814815 0.13359375 0.020370370370370372 0.0171875
0 0.5555555555555556 0.25078125 0.03888888888888889 0.018229166666666668
0 0.5587962962962963 0.24244791666666665 0.03796296296296296 0.024479166666666666
0 0.5842592592592593 0.26510416666666664 0.037037037037037035 0.026041666666666668
0 0.6365740740740741 0.3302083333333333 0.036111111111111115 0.025
0 0.600462962962963 0.3533854166666667 0.030555555555555558 0.0171875
0 0.6060185185185185 0.3364583333333333 0.030555555555555558 0.017708333333333333
0 0.6231481481481481 0.40390624999999997 0.022222222222222223 0.0171875
0 0.5740740740740741 0.42526041666666664 0.02962962962962963 0.019270833333333334
0 0.663425925925926 0.42161458333333335 0.032407407407407406 0.019270833333333334
0 0.5027777777777778 0.3794270833333333 0.022222222222222223 0.011979166666666666
0 0.4800925925925926 0.4388020833333333 0.028703703703703703 0.0171875
0 0.600462962962963 0.4708333333333333 0.03425925925925926 0.017708333333333333
0 0.5939814814814816 0.4903645833333333 0.032407407407407406 0.018229166666666668
0 0.6208333333333333 0.5080729166666667 0.026851851851851852 0.01614583333333333
0 0.6013888888888889 0.5932291666666667 0.028703703703703703 0.019791666666666666
0 0.6222222222222222 0.6135416666666667 0.03333333333333333 0.01875
0 0.600462962962963 0.67265625 0.03796296296296296 0.022395833333333334
0 0.6351851851851852 0.76796875 0.040740740740740744 0.0203125
0 0.6759259259259259 0.78671875 0.02777777777777778 0.027604166666666666
0 0.2796296296296296 0.5981770833333333 0.02777777777777778 0.0140625
0 0.3939814814814815 0.31796875 0.01388888888888889 0.011979166666666666
0 0.33287037037037037 0.23906249999999998 0.015740740740740743 0.010416666666666666
0 0.2972222222222222 0.22421875 0.014814814814814815 0.013020833333333334
0 0.55 0.7028645833333333 0.031481481481481485 0.019270833333333334
0 0.5032407407407408 0.5877604166666667 0.030555555555555558 0.0140625
0 0.45046296296296295 0.5723958333333333 0.03425925925925926 0.01875
0 0.43703703703703706 0.6197916666666666 0.022222222222222223 0.011458333333333333
0 0.3527777777777778 0.7234375 0.04259259259259259 0.022916666666666665
0 0.4569444444444445 0.7317708333333334 0.032407407407407406 0.020833333333333332
0 0.5226851851851853 0.7276041666666666 0.036111111111111115 0.022916666666666665
0 0.5587962962962963 0.75703125 0.032407407407407406 0.01614583333333333
0 0.4013888888888889 0.7432291666666666 0.03425925925925926 0.019791666666666666
0 0.25925925925925924 0.5247395833333334 0.02777777777777778 0.013020833333333334
0 0.46851851851851856 0.39817708333333335 0.031481481481481485 0.022395833333333334
0 0.4625 0.4197916666666667 0.028703703703703703 0.020833333333333332
0 0.42685185185185187 0.4309895833333333 0.031481481481481485 0.0140625
0 0.3856481481481482 0.3997395833333333 0.026851851851851852 0.018229166666666668
0 0.31574074074074077 0.41692708333333334 0.020370370370370372 0.01614583333333333
0 0.36203703703703705 0.40234375 0.037037037037037035 0.019270833333333334
0 0.2606481481481482 0.7494791666666667 0.025 0.013541666666666667
0 0.3337962962962963 0.5588541666666667 0.030555555555555558 0.016666666666666666
0 0.9333333333333333 0.45989583333333334 0.031481481481481485 0.011458333333333333
0 0.47731481481481486 0.6135416666666667 0.017592592592592594 0.013541666666666667
0 0.4777777777777778 0.6046875 0.02777777777777778 0.014583333333333334
0 0.5523148148148148 0.3263020833333333 0.025 0.0140625
0 0.9851851851851853 0.5315104166666667 0.02962962962962963 0.0203125
0 0.9342592592592593 0.4471354166666667 0.02777777777777778 0.015104166666666667
0 0.05787037037037037 0.8239583333333333 0.036111111111111115 0.02395833333333333
0 0.24074074074074076 0.7033854166666667 0.037037037037037035 0.024479166666666666
0 0.14351851851851852 0.8184895833333333 0.031481481481481485 0.019270833333333334
0 0.10648148148148148 0.7263020833333333 0.020370370370370372 0.0171875
0 0.04814814814814815 0.6283854166666667 0.031481481481481485 0.01614583333333333
0 0.08657407407407408 0.6377604166666666 0.015740740740740743 0.0109375
0 0.08564814814814815 0.6533854166666666 0.03425925925925926 0.019270833333333334
0 0.07222222222222223 0.61875 0.03518518518518519 0.015625
0 0.22175925925925927 0.5479166666666666 0.02314814814814815 0.013541666666666667
0 0.24583333333333335 0.4848958333333333 0.032407407407407406 0.017708333333333333
0 0.15462962962962964 0.55703125 0.031481481481481485 0.0171875
0 0.19953703703703704 0.5416666666666666 0.028703703703703703 0.017708333333333333
0 0.18796296296296297 0.5604166666666667 0.018518518518518517 0.0125
0 0.32731481481481484 0.43124999999999997 0.025 0.013541666666666667
0 0.24444444444444446 0.3890625 0.02962962962962963 0.015625
0 0.12083333333333333 0.390625 0.017592592592592594 0.010416666666666666
0 0.16111111111111112 0.3984375 0.02777777777777778 0.016666666666666666
0 0.23240740740740742 0.33984375 0.018518518518518517 0.008854166666666666
0 0.16203703703703703 0.4375 0.024074074074074074 0.014583333333333334
0 0.14537037037037037 0.3638020833333333 0.020370370370370372 0.011979166666666666
0 0.22916666666666669 0.18333333333333332 0.03796296296296296 0.027083333333333334
0 0.1675925925925926 0.22421875 0.02962962962962963 0.0203125
0 0.19305555555555556 0.24791666666666667 0.017592592592592594 0.009375
0 0.16203703703703703 0.15208333333333332 0.02777777777777778 0.01875
0 0.15787037037037038 0.16770833333333332 0.026851851851851852 0.0125
0 0.12824074074074074 0.12369791666666667 0.02314814814814815 0.018229166666666668
0 0.10925925925925926 0.103125 0.03333333333333333 0.022916666666666665
0 0.11157407407407408 0.12057291666666667 0.015740740740740743 0.0109375
0 0.1851851851851852 0.25859375 0.018518518518518517 0.0109375
0 0.16990740740740742 0.33880208333333334 0.017592592592592594 0.0109375
0 0.017592592592592594 0.5497395833333333 0.031481481481481485 0.01614583333333333
0 0.01712962962962963 0.3950520833333333 0.030555555555555558 0.01614583333333333
0 0.0375 0.36953125 0.036111111111111115 0.019270833333333334
0 0.016203703703703703 0.2505208333333333 0.028703703703703703 0.019791666666666666
0 0.15046296296296297 0.7859375 0.036111111111111115 0.017708333333333333
0 0.23240740740740742 0.41354166666666664 0.02592592592592593 0.013541666666666667
0 0.055092592592592596 0.6015625 0.02314814814814815 0.017708333333333333
0 0.020833333333333336 0.41041666666666665 0.026851851851851852 0.014583333333333334
0 0.16296296296296298 0.8278645833333333 0.02777777777777778 0.018229166666666668
0 0.02175925925925926 0.35 0.026851851851851852 0.014583333333333334
