0 0.08935185185185185 0.20260416666666667 0.02314814814814815 0.016666666666666666
0 0.1814814814814815 0.15286458333333333 0.024074074074074074 0.0140625
0 0.12083333333333333 0.13333333333333333 0.019444444444444445 0.010416666666666666
0 0.1087962962962963 0.12343749999999999 0.015740740740740743 0.010416666666666666
0 0.12175925925925926 0.09791666666666667 0.021296296296296296 0.014583333333333334
0 0.09166666666666667 0.3328125 0.020370370370370372 0.011458333333333333
0 0.11203703703703705 0.33359375 0.022222222222222223 0.011979166666666666
0 0.044444444444444446 0.4119791666666667 0.03518518518518519 0.019791666666666666
0 0.0976851851851852 0.46171875 0.019444444444444445 0.0109375
0 0.022222222222222223 0.5713541666666666 0.031481481481481485 0.020833333333333332
0 0.03888888888888889 0.6455729166666666 0.03518518518518519 0.01614583333333333
0 0.13657407407407407 0.5627604166666667 0.02314814814814815 0.018229166666666668
0 0.11203703703703705 0.4940104166666667 0.02777777777777778 0.019270833333333334
0 0.13518518518518519 0.5393229166666667 0.03333333333333333 0.0140625
0 0.16898148148148148 0.57109375 0.032407407407407406 0.018229166666666668
0 0.2240740740740741 0.6638020833333333 0.02592592592592593 0.021354166666666667
0 0.2569444444444445 0.6463541666666667 0.030555555555555558 0.017708333333333333
0 0.28750000000000003 0.6151041666666667 0.03425925925925926 0.016666666666666666
0 0.21805555555555556 0.4786458333333333 0.03425925925925926 0.016666666666666666
0 0.2564814814814815 0.4471354166666667 0.02592592592592593 0.018229166666666668
0 0.2916666666666667 0.44609375 0.031481481481481485 0.0171875
0 0.22546296296296298 0.45651041666666664 0.036111111111111115 0.018229166666666668
0 0.31712962962962965 0.4361979166666667 0.036111111111111115 0.01614583333333333
0 0.43333333333333335 0.1875 0.022222222222222223 0.015625
0 0.43703703703703706 0.13307291666666665 0.020370370370370372 0.0171875
0 0.4342592592592593 0.24973958333333332 0.03888888888888889 0.019270833333333334
0 0.43194444444444446 0.24166666666666667 0.03796296296296296 0.025
0 0.40694444444444444 0.26484375 0.036111111111111115 0.025520833333333333
0 0.35462962962962963 0.3296875 0.03518518518518519 0.025
0 0.3925925925925926 0.3528645833333333 0.02962962962962963 0.0171875
0 0.38703703703703707 0.3359375 0.031481481481481485 0.017708333333333333
0 0.3699074074074074 0.40338541666666666 0.02314814814814815 0.0171875
0 0.4912037037037037 0.3809895833333333 0.02314814814814815 0.0140625
0 0.41944444444444445 0.42526041666666664 0.02962962962962963 0.019270833333333334
0 0.32962962962962966 0.42109375 0.03333333333333333 0.019270833333333334
0 0.5143518518518518 0.4380208333333333 0.028703703703703703 0.017708333333333333
0 0.39212962962962966 0.47031249999999997 0.03425925925925926 0.017708333333333333
0 0.3990740740740741 0.48984374999999997 0.031481481481481485 0.018229166666666668
0 0.3736111111111111 0.5072916666666667 0.030555555555555558 0.016666666666666666
0 0.3912037037037037 0.5927083333333333 0.028703703703703703 0.019791666666666666
0 0.3699074074074074 0.6138020833333333 0.032407407407407406 0.019270833333333334
0 0.39212962962962966 0.6723958333333333 0.03981481481481482 0.022916666666666665
0 0.35694444444444445 0.7684895833333333 0.03981481481481482 0.0203125
0 0.31574074074074077 0.78671875 0.02777777777777778 0.027604166666666666
0 0.712962962962963 0.5979166666666667 0.02592592592592593 0.014583333333333334
0 0.5990740740740741 0.3171875 0.014814814814814815 0.011458333333333333
0 0.6611111111111111 0.23880208333333333 0.014814814814814815 0.009895833333333333
0 0.6967592592592593 0.22343749999999998 0.01388888888888889 0.0125
0 0.4416666666666667 0.7044270833333334 0.02962962962962963 0.0171875
0 0.4898148148148148 0.5875 0.02962962962962963 0.014583333333333334
0 0.5439814814814815 0.571875 0.03425925925925926 0.01875
0 0.5574074074074075 0.6200520833333333 0.022222222222222223 0.011979166666666666
0 0.6407407407407407 0.72265625 0.044444444444444446 0.021354166666666667
0 0.5351851851851852 0.7315104166666666 0.03333333333333333 0.021354166666666667
0 0.4689814814814815 0.728125 0.036111111111111115 0.02395833333333333
0 0.4342592592592593 0.7567708333333333 0.031481481481481485 0.015625
0 0.5912037037037037 0.74296875 0.03425925925925926 0.019270833333333334
0 0.7342592592592593 0.5247395833333334 0.02592592592592593 0.013020833333333334
0 0.5236111111111111 0.39791666666666664 0.030555555555555558 0.021875
0 0.5296296296296297 0.4197916666666667 0.02962962962962963 0.020833333333333332
0 0.5648148148148149 0.43124999999999997 0.031481481481481485 0.014583333333333334
0 0.6074074074074074 0.4 0.02592592592592593 0.017708333333333333
0 0.6773148148148148 0.4171875 0.019444444444444445 0.015625
0 0.6305555555555555 0.4015625 0.03518518518518519 0.019791666666666666
0 0.7324074074074074 0.7489583333333333 0.02592592592592593 0.015625
0 0.6606481481481482 0.5588541666666667 0.028703703703703703 0.016666666666666666
0 0.059722222222222225 0.459375 0.030555555555555558 0.011458333333333333
0 0.5157407407407407 0.6130208333333333 0.018518518518518517 0.013541666666666667
0 0.5157407407407407 0.6044270833333333 0.02777777777777778 0.015104166666666667
0 0.44027777777777777 0.32578125 0.025 0.0140625
0 0.011574074074074075 0.53125 0.019444444444444445 0.019791666666666666
0 0.05925925925925926 0.44687499999999997 0.02777777777777778 0.014583333333333334
0 0.9337962962962963 0.8239583333333333 0.036111111111111115 0.02395833333333333
0 0.7523148148148149 0.7026041666666667 0.03796296296296296 0.025
0 0.850925925925926 0.8182291666666667 0.031481481481481485 0.01875
0 0.8875000000000001 0.7260416666666667 0.021296296296296296 0.017708333333333333
0 0.9458333333333334 0.6276041666666666 0.032407407407407406 0.015625
0 0.9074074074074074 0.63671875 0.016666666666666666 0.011979166666666666
0 0.9092592592592593 0.653125 0.031481481481481485 0.01875
0 0.9217592592592593 0.6184895833333334 0.03425925925925926 0.015104166666666667
0 0.8287037037037037 0.5729166666666666 0.012962962962962964 0.010416666666666666
0 0.7717592592592593 0.5471354166666667 0.02314814814814815 0.013020833333333334
0 0.7476851851851852 0.4848958333333333 0.032407407407407406 0.017708333333333333
0 0.8388888888888889 0.5567708333333333 0.031481481481481485 0.017708333333333333
0 0.7939814814814815 0.5411458333333333 0.028703703703703703 0.017708333333333333
0 0.8074074074074075 0.5619791666666667 0.014814814814814815 0.009375
0 0.6652777777777779 0.4309895833333333 0.026851851851851852 0.0140625
0 0.7486111111111111 0.3888020833333333 0.028703703703703703 0.01614583333333333
0 0.8717592592592593 0.390625 0.017592592592592594 0.010416666666666666
0 0.8319444444444445 0.39791666666666664 0.026851851851851852 0.016666666666666666
0 0.7601851851851852 0.33932291666666664 0.018518518518518517 0.008854166666666666
0 0.8319444444444445 0.43671875 0.025 0.015104166666666667
0 0.8481481481481482 0.36354166666666665 0.020370370370370372 0.0125
0 0.762962962962963 0.18255208333333334 0.03888888888888889 0.027604166666666666
0 0.8250000000000001 0.22369791666666666 0.02962962962962963 0.0203125
0 0.8013888888888889 0.24739583333333334 0.017592592592592594 0.009375
0 0.8319444444444445 0.15104166666666666 0.026851851851851852 0.01875
0 0.8356481481481481 0.16666666666666666 0.026851851851851852 0.0125
0 0.8648148148148148 0.12265625 0.022222222222222223 0.018229166666666668
0 0.8847222222222223 0.1015625 0.03425925925925926 0.022916666666666665
0 0.8814814814814815 0.11901041666666666 0.016666666666666666 0.0109375
0 0.8069444444444445 0.2578125 0.019444444444444445 0.011458333333333333
0 0.8236111111111112 0.3390625 0.017592592592592594 0.011458333333333333
0 0.9787037037037037 0.54921875 0.03518518518518519 0.01614583333333333
0 0.9782407407407407 0.39453125 0.030555555555555558 0.015104166666666667
0 0.9569444444444445 0.36875 0.036111111111111115 0.019791666666666666
0 0.9893518518518519 0.32135416666666666 0.021296296296296296 0.020833333333333332
0 0.9805555555555556 0.25 0.03333333333333333 0.01875
0 0.8430555555555556 0.7856770833333333 0.036111111111111115 0.0171875
0 0.7611111111111112 0.41302083333333334 0.02592592592592593 0.013541666666666667
0 0.9388888888888889 0.6010416666666667 0.022222222222222223 0.017708333333333333
0 0.9740740740740741 0.409375 0.02777777777777778 0.014583333333333334
0 0.8314814814814815 0.8276041666666667 0.02777777777777778 0.01875
0 0.9722222222222222 0.3497395833333333 0.02592592592592593 0.015104166666666667
