0 0.9125000000000001 0.20260416666666667 0.02314814814814815 0.016666666666666666
0 0.8203703703703704 0.15286458333333333 0.024074074074074074 0.0140625
0 0.8810185185185185 0.13333333333333333 0.019444444444444445 0.010416666666666666
0 0.8930555555555556 0.12343749999999999 0.015740740740740743 0.010416666666666666
0 0.8800925925925926 0.09791666666666667 0.021296296296296296 0.014583333333333334
0 0.9101851851851852 0.3328125 0.020370370370370372 0.011458333333333333
0 0.8898148148148148 0.33359375 0.022222222222222223 0.011979166666666666
0 0.9574074074074075 0.4119791666666667 0.03518518518518519 0.019791666666666666
0 0.9041666666666667 0.46171875 0.019444444444444445 0.0109375
0 0.9796296296296296 0.5713541666666666 0.031481481481481485 0.020833333333333332
0 0.962962962962963 0.6455729166666666 0.03518518518518519 0.01614583333333333
0 0.8652777777777778 0.5627604166666667 0.02314814814814815 0.018229166666666668
0 0.8898148148148148 0.4940104166666667 0.02777777777777778 0.019270833333333334
0 0.8666666666666667 0.5393229166666667 0.03333333333333333 0.0140625
0 0.8328703703703704 0.57109375 0.032407407407407406 0.018229166666666668
0 0.7777777777777778 0.6638020833333333 0.02592592592592593 0.021354166666666667
0 0.7449074074074075 0.6463541666666667 0.030555555555555558 0.017708333333333333
0 0.7143518518518519 0.6151041666666667 0.03425925925925926 0.016666666666666666
0 0.7837962962962963 0.4786458333333333 0.03425925925925926 0.016666666666666666
0 0.7453703703703703 0.4471354166666667 0.02592592592592593 0.018229166666666668
0 0.7101851851851853 0.44609375 0.031481481481481485 0.0171875
0 0.7763888888888889 0.45651041666666664 0.036111111111111115 0.018229166666666668
0 0.6847222222222222 0.4361979166666667 0.036111111111111115 0.01614583333333333
0 0.5685185185185185 0.1875 0.022222222222222223 0.015625
0 0.5648148148148149 0.13307291666666665 0.020370370370370372 0.0171875
0 0.5675925925925926 0.24973958333333332 0.03888888888888889 0.019270833333333334
0 0.5699074074074074 0.24166666666666667 0.03796296296296296 0.025
0 0.5949074074074074 0.26484375 0.036111111111111115 0.025520833333333333
0 0.6472222222222223 0.3296875 0.03518518518518519 0.025
0 0.6092592592592593 0.3528645833333333 0.02962962962962963 0.0171875
0 0.6148148148148148 0.3359375 0.031481481481481485 0.017708333333333333
0 0.6319444444444444 0.40338541666666666 0.02314814814814815 0.0171875
0 0.5106481481481482 0.3809895833333333 0.02314814814814815 0.0140625
0 0.5824074074074075 0.42526041666666664 0.02962962962962963 0.019270833333333334
0 0.6722222222222223 0.42109375 0.03333333333333333 0.019270833333333334
0 0.48750000000000004 0.4380208333333333 0.028703703703703703 0.017708333333333333
0 0.6097222222222223 0.47031249999999997 0.03425925925925926 0.017708333333333333
0 0.6027777777777777 0.48984374999999997 0.031481481481481485 0.018229166666666668
0 0.6282407407407408 0.5072916666666667 0.030555555555555558 0.016666666666666666
0 0.6106481481481482 0.5927083333333333 0.028703703703703703 0.019791666666666666
0 0.6319444444444444 0.6138020833333333 0.032407407407407406 0.019270833333333334
0 0.6097222222222223 0.6723958333333333 0.03981481481481482 0.022916666666666665
0 0.6449074074074075 0.7684895833333333 0.03981481481481482 0.0203125
0 0.6861111111111111 0.78671875 0.02777777777777778 0.027604166666666666
0 0.2888888888888889 0.5979166666666667 0.02592592592592593 0.014583333333333334
0 0.4027777777777778 0.3171875 0.014814814814814815 0.011458333333333333
0 0.34074074074074073 0.23880208333333333 0.014814814814814815 0.009895833333333333
0 0.3050925925925926 0.22343749999999998 0.01388888888888889 0.0125
0 0.5601851851851852 0.7044270833333334 0.02962962962962963 0.0171875
0 0.5120370370370371 0.5875 0.02962962962962963 0.014583333333333334
0 0.45787037037037037 0.571875 0.03425925925925926 0.01875
0 0.4444444444444445 0.6200520833333333 0.022222222222222223 0.011979166666666666
0 0.3611111111111111 0.72265625 0.044444444444444446 0.021354166666666667
0 0.4666666666666667 0.7315104166666666 0.03333333333333333 0.021354166666666667
0 0.5328703703703704 0.728125 0.036111111111111115 0.02395833333333333
0 0.5675925925925926 0.7567708333333333 0.031481481481481485 0.015625
0 0.41064814814814815 0.74296875 0.03425925925925926 0.019270833333333334
0 0.2675925925925926 0.5247395833333334 0.02592592592592593 0.013020833333333334
0 0.47824074074074074 0.39791666666666664 0.030555555555555558 0.021875
0 0.47222222222222227 0.4197916666666667 0.02962962962962963 0.020833333333333332
0 0.43703703703703706 0.43124999999999997 0.031481481481481485 0.014583333333333334
0 0.3944444444444445 0.4 0.02592592592592593 0.017708333333333333
0 0.32453703703703707 0.4171875 0.019444444444444445 0.015625
0 0.3712962962962963 0.4015625 0.03518518518518519 0.019791666666666666
0 0.26944444444444443 0.7489583333333333 0.02592592592592593 0.015625
0 0.34120370370370373 0.5588541666666667 0.028703703703703703 0.016666666666666666
0 0.9421296296296297 0.459375 0.030555555555555558 0.011458333333333333
0 0.4861111111111111 0.6130208333333333 0.018518518518518517 0.013541666666666667
0 0.4861111111111111 0.6044270833333333 0.02777777777777778 0.015104166666666667
0 0.5615740740740741 0.32578125 0.025 0.0140625
0 0.9902777777777778 0.53125 0.019444444444444445 0.019791666666666666
0 0.9425925925925926 0.44687499999999997 0.02777777777777778 0.014583333333333334
0 0.06805555555555556 0.8239583333333333 0.036111111111111115 0.02395833333333333
0 0.24953703703703706 0.7026041666666667 0.03796296296296296 0.025
0 0.15092592592592594 0.8182291666666667 0.031481481481481485 0.01875
0 0.11435185185185186 0.7260416666666667 0.021296296296296296 0.017708333333333333
0 0.05601851851851852 0.6276041666666666 0.032407407407407406 0.015625
0 0.09444444444444444 0.63671875 0.016666666666666666 0.011979166666666666
0 0.0925925925925926 0.653125 0.031481481481481485 0.01875
0 0.08009259259259259 0.6184895833333334 0.03425925925925926 0.015104166666666667
0 0.17314814814814816 0.5729166666666666 0.012962962962962964 0.010416666666666666
0 0.2300925925925926 0.5471354166666667 0.02314814814814815 0.013020833333333334
0 0.25416666666666665 0.4848958333333333 0.032407407407407406 0.017708333333333333
0 0.16296296296296298 0.5567708333333333 0.031481481481481485 0.017708333333333333
0 0.20787037037037037 0.5411458333333333 0.028703703703703703 0.017708333333333333
0 0.19444444444444445 0.5619791666666667 0.014814814814814815 0.009375
0 0.3365740740740741 0.4309895833333333 0.026851851851851852 0.0140625
0 0.25324074074074077 0.3888020833333333 0.028703703703703703 0.01614583333333333
0 0.1300925925925926 0.390625 0.017592592592592594 0.010416666666666666
0 0.16990740740740742 0.39791666666666664 0.026851851851851852 0.016666666666666666
0 0.24166666666666667 0.33932291666666664 0.018518518518518517 0.008854166666666666
0 0.16990740740740742 0.43671875 0.025 0.015104166666666667
0 0.1537037037037037 0.36354166666666665 0.020370370370370372 0.0125
0 0.2388888888888889 0.18255208333333334 0.03888888888888889 0.027604166666666666
0 0.17685185185185187 0.22369791666666666 0.02962962962962963 0.0203125
0 0.20046296296296298 0.24739583333333334 0.017592592592592594 0.009375
0 0.16990740740740742 0.15104166666666666 0.026851851851851852 0.01875
0 0.16620370370370371 0.16666666666666666 0.026851851851851852 0.0125
0 0.13703703703703704 0.12265625 0.022222222222222223 0.018229166666666668
0 0.11712962962962964 0.1015625 0.03425925925925926 0.022916666666666665
0 0.12037037037037038 0.11901041666666666 0.016666666666666666 0.0109375
0 0.19490740740740742 0.2578125 0.019444444444444445 0.011458333333333333
0 0.17824074074074076 0.3390625 0.017592592592592594 0.011458333333333333
0 0.02314814814814815 0.54921875 0.03518518518518519 0.01614583333333333
0 0.02361111111111111 0.39453125 0.030555555555555558 0.015104166666666667
0 0.04490740740740741 0.36875 0.036111111111111115 0.019791666666666666
0 0.0125 0.32135416666666666 0.021296296296296296 0.020833333333333332
0 0.021296296296296296 0.25 0.03333333333333333 0.01875
0 0.1587962962962963 0.7856770833333333 0.036111111111111115 0.0171875
0 0.24074074074074076 0.41302083333333334 0.02592592592592593 0.013541666666666667
0 0.06296296296296297 0.6010416666666667 0.022222222222222223 0.017708333333333333
0 0.02777777777777778 0.409375 0.02777777777777778 0.014583333333333334
0 0.17037037037037037 0.8276041666666667 0.02777777777777778 0.01875
0 0.02962962962962963 0.3497395833333333 0.02592592592592593 0.015104166666666667
