0 0.07916666666666666 0.20104166666666667 0.02314814814814815 0.016666666666666666
0 0.1712962962962963 0.15182291666666667 0.024074074074074074 0.0140625
0 0.10972222222222222 0.13203125 0.019444444444444445 0.0109375
0 0.09675925925925927 0.12213541666666666 0.01388888888888889 0.0109375
0 0.11064814814814815 0.09635416666666667 0.021296296296296296 0.014583333333333334
0 0.08240740740740742 0.33177083333333335 0.020370370370370372 0.011458333333333333
0 0.10185185185185186 0.3325520833333333 0.022222222222222223 0.011979166666666666
0 0.03287037037037037 0.4119791666666667 0.03425925925925926 0.019791666666666666
0 0.08842592592592594 0.4614583333333333 0.019444444444444445 0.010416666666666666
0 0.12685185185185185 0.5630208333333333 0.024074074074074074 0.01875
0 0.10185185185185186 0.49374999999999997 0.02777777777777778 0.01875
0 0.12638888888888888 0.5388020833333333 0.032407407407407406 0.0140625
0 0.15925925925925927 0.5708333333333333 0.03333333333333333 0.01875
0 0.2152777777777778 0.6640625 0.025 0.020833333333333332
0 0.24814814814814815 0.6463541666666667 0.031481481481481485 0.017708333333333333
0 0.2796296296296296 0.6151041666666667 0.03333333333333333 0.016666666666666666
0 0.20925925925925926 0.47812499999999997 0.03518518518518519 0.017708333333333333
0 0.24675925925925926 0.4466145833333333 0.025 0.018229166666666668
0 0.2152777777777778 0.45625 0.03796296296296296 0.017708333333333333
0 0.3078703703703704 0.4356770833333333 0.036111111111111115 0.01614583333333333
0 0.28194444444444444 0.44557291666666665 0.03425925925925926 0.01614583333333333
0 0.4240740740740741 0.18645833333333334 0.022222222222222223 0.015625
0 0.4273148148148148 0.13125 0.019444444444444445 0.017708333333333333
0 0.4236111111111111 0.24869791666666666 0.03796296296296296 0.019270833333333334
0 0.42083333333333334 0.24010416666666667 0.03796296296296296 0.026041666666666668
0 0.39675925925925926 0.2630208333333333 0.036111111111111115 0.026041666666666668
0 0.3453703703703704 0.32890625 0.03518518518518519 0.024479166666666666
0 0.3837962962962963 0.3520833333333333 0.030555555555555558 0.017708333333333333
0 0.37777777777777777 0.33541666666666664 0.031481481481481485 0.017708333333333333
0 0.3611111111111111 0.4028645833333333 0.022222222222222223 0.0171875
0 0.412962962962963 0.425 0.02962962962962963 0.019791666666666666
0 0.32037037037037036 0.4205729166666667 0.03333333333333333 0.019270833333333334
0 0.5074074074074074 0.43723958333333335 0.02777777777777778 0.0171875
0 0.3837962962962963 0.46953125 0.03425925925925926 0.018229166666666668
0 0.3888888888888889 0.4895833333333333 0.031481481481481485 0.01875
0 0.38101851851851853 0.5924479166666666 0.028703703703703703 0.0203125
0 0.3597222222222222 0.6135416666666667 0.032407407407407406 0.01875
0 0.3842592592592593 0.6723958333333333 0.03888888888888889 0.022916666666666665
0 0.34814814814814815 0.7682291666666666 0.040740740740740744 0.020833333333333332
0 0.30648148148148147 0.7861979166666666 0.02777777777777778 0.0265625
0 0.7060185185185186 0.5955729166666667 0.02314814814814815 0.013020833333333334
0 0.5916666666666667 0.31640625 0.014814814814814815 0.011979166666666666
0 0.6537037037037037 0.2375 0.014814814814814815 0.010416666666666666
0 0.6893518518518519 0.22213541666666667 0.01388888888888889 0.013020833333333334
0 0.4328703703703704 0.70390625 0.026851851851851852 0.01614583333333333
0 0.48240740740740745 0.5869791666666666 0.02777777777777778 0.014583333333333334
0 0.5356481481481482 0.571875 0.03425925925925926 0.01875
0 0.549074074074074 0.61953125 0.022222222222222223 0.011979166666666666
0 0.6328703703703704 0.72265625 0.04351851851851852 0.022395833333333334
0 0.5263888888888889 0.7309895833333333 0.03425925925925926 0.021354166666666667
0 0.45972222222222225 0.72734375 0.036111111111111115 0.0234375
0 0.42453703703703705 0.75625 0.028703703703703703 0.015625
0 0.5967592592592593 0.7776041666666667 0.021296296296296296 0.019791666666666666
0 0.5833333333333334 0.7421875 0.03333333333333333 0.01875
0 0.7263888888888889 0.5239583333333333 0.026851851851851852 0.0125
0 0.513888888888889 0.3971354166666667 0.031481481481481485 0.022395833333333334
0 0.5199074074074074 0.41901041666666666 0.026851851851851852 0.0203125
0 0.5555555555555556 0.4302083333333333 0.031481481481481485 0.013541666666666667
0 0.5981481481481482 0.39869791666666665 0.02592592592592593 0.018229166666666668
0 0.6699074074074074 0.41640625 0.017592592592592594 0.01614583333333333
0 0.6208333333333333 0.40078125 0.036111111111111115 0.019270833333333334
0 0.7291666666666667 0.7505208333333333 0.02314814814814815 0.015625
0 0.6537037037037037 0.5583333333333333 0.02962962962962963 0.016666666666666666
0 0.05185185185185186 0.459375 0.02962962962962963 0.011458333333333333
0 0.5083333333333333 0.6127604166666667 0.018518518518518517 0.0140625
0 0.5069444444444444 0.60390625 0.028703703703703703 0.015104166666666667
0 0.43194444444444446 0.325 0.02314814814814815 0.014583333333333334
0 0.050462962962962966 0.4471354166666667 0.028703703703703703 0.0140625
0 0.9236111111111112 0.8229166666666666 0.036111111111111115 0.02395833333333333
0 0.7435185185185186 0.7020833333333333 0.03888888888888889 0.025
0 0.8430555555555556 0.8169270833333333 0.030555555555555558 0.019270833333333334
0 0.8791666666666667 0.7252604166666666 0.02314814814814815 0.018229166666666668
0 0.9393518518518519 0.6270833333333333 0.032407407407407406 0.015625
0 0.9 0.6348958333333333 0.016666666666666666 0.0125
0 0.9023148148148149 0.6518229166666667 0.032407407407407406 0.018229166666666668
0 0.913888888888889 0.61796875 0.03333333333333333 0.01614583333333333
0 0.8333333333333334 0.584375 0.020370370370370372 0.009375
0 0.8226851851851852 0.5731770833333333 0.012037037037037037 0.009895833333333333
0 0.762962962962963 0.5466145833333333 0.024074074074074074 0.013020833333333334
0 0.7407407407407408 0.48385416666666664 0.031481481481481485 0.017708333333333333
0 0.8310185185185186 0.55625 0.030555555555555558 0.016666666666666666
0 0.8162037037037038 0.3380208333333333 0.017592592592592594 0.011458333333333333
0 0.7856481481481482 0.5408854166666667 0.028703703703703703 0.0171875
0 0.800462962962963 0.5619791666666667 0.01388888888888889 0.008333333333333333
0 0.6606481481481482 0.43072916666666666 0.02314814814814815 0.013541666666666667
0 0.7402777777777778 0.3880208333333333 0.028703703703703703 0.015625
0 0.862962962962963 0.3890625 0.018518518518518517 0.010416666666666666
0 0.8236111111111112 0.39739583333333334 0.026851851851851852 0.016666666666666666
0 0.7527777777777778 0.33828125 0.018518518518518517 0.008854166666666666
0 0.8240740740740741 0.4361979166666667 0.024074074074074074 0.015104166666666667
0 0.8398148148148148 0.3619791666666667 0.020370370370370372 0.0125
0 0.7537037037037038 0.18046875 0.03888888888888889 0.027604166666666666
0 0.8180555555555555 0.22213541666666667 0.028703703703703703 0.0203125
0 0.7935185185185185 0.24635416666666665 0.018518518518518517 0.009375
0 0.8236111111111112 0.14921875 0.026851851851851852 0.019270833333333334
0 0.8282407407407407 0.16536458333333334 0.026851851851851852 0.013020833333333334
0 0.8578703703703704 0.12083333333333333 0.02314814814814815 0.01875
0 0.8773148148148149 0.1 0.03425925925925926 0.022916666666666665
0 0.875 0.11744791666666667 0.016666666666666666 0.0109375
0 0.7990740740740742 0.2565104166666667 0.018518518518518517 0.0109375
0 0.9888888888888889 0.59140625 0.022222222222222223 0.011979166666666666
0 0.9717592592592593 0.5484375 0.03425925925925926 0.016666666666666666
0 0.9722222222222222 0.39375 0.031481481481481485 0.015625
0 0.950925925925926 0.36822916666666666 0.03518518518518519 0.019791666666666666
0 0.9851851851851853 0.31979166666666664 0.02962962962962963 0.020833333333333332
0 0.9722222222222222 0.24817708333333333 0.031481481481481485 0.018229166666666668
0 0.8347222222222223 0.7848958333333333 0.036111111111111115 0.017708333333333333
0 0.7527777777777778 0.4127604166666667 0.02592592592592593 0.0140625
0 0.9314814814814815 0.6 0.022222222222222223 0.017708333333333333
0 0.9680555555555556 0.40859375 0.026851851851851852 0.0140625
0 0.825462962962963 0.8268229166666666 0.026851851851851852 0.018229166666666668
0 0.9652777777777778 0.34869791666666666 0.026851851851851852 0.015104166666666667
