0 0.06018518518518519 0.19895833333333332 0.024074074074074074 0.016666666666666666
0 0.15601851851851853 0.14895833333333333 0.025 0.014583333333333334
0 0.08935185185185185 0.12916666666666665 0.019444444444444445 0.010416666666666666
0 0.07685185185185185 0.11901041666666666 0.014814814814814815 0.011979166666666666
0 0.09166666666666667 0.09322916666666667 0.022222222222222223 0.014583333333333334
0 0.06481481481481481 0.3299479166666667 0.020370370370370372 0.011979166666666666
0 0.08564814814814815 0.33098958333333334 0.02314814814814815 0.011979166666666666
0 0.016203703703703703 0.41041666666666665 0.030555555555555558 0.019791666666666666
0 0.0699074074074074 0.46067708333333335 0.019444444444444445 0.0109375
0 0.11111111111111112 0.56171875 0.02592592592592593 0.018229166666666668
0 0.08240740740740742 0.4921875 0.02777777777777778 0.01875
0 0.11018518518518519 0.5377604166666666 0.03333333333333333 0.0140625
0 0.14305555555555557 0.5697916666666667 0.03425925925925926 0.01875
0 0.20092592592592592 0.6625 0.02592592592592593 0.020833333333333332
0 0.23287037037037037 0.6450520833333333 0.030555555555555558 0.018229166666666668
0 0.2638888888888889 0.6138020833333333 0.03333333333333333 0.0171875
0 0.19351851851851853 0.47682291666666665 0.03518518518518519 0.018229166666666668
0 0.2300925925925926 0.4453125 0.025 0.017708333333333333
0 0.19953703703703704 0.45468749999999997 0.03796296296296296 0.01875
0 0.2916666666666667 0.43385416666666665 0.037037037037037035 0.016666666666666666
0 0.2657407407407408 0.44427083333333334 0.03518518518518519 0.016666666666666666
0 0.40972222222222227 0.18385416666666665 0.02314814814814815 0.016666666666666666
0 0.412962962962963 0.128125 0.020370370370370372 0.017708333333333333
0 0.40972222222222227 0.24687499999999998 0.03425925925925926 0.01875
0 0.40046296296296297 0.2375 0.03796296296296296 0.026041666666666668
0 0.3773148148148148 0.2609375 0.036111111111111115 0.026041666666666668
0 0.32731481481481484 0.3268229166666667 0.036111111111111115 0.024479166666666666
0 0.3703703703703704 0.35078125 0.02962962962962963 0.018229166666666668
0 0.3625 0.3333333333333333 0.032407407407407406 0.017708333333333333
0 0.3458333333333333 0.4015625 0.021296296296296296 0.016666666666666666
0 0.3990740740740741 0.4231770833333333 0.02962962962962963 0.019270833333333334
0 0.30462962962962964 0.41875 0.03333333333333333 0.01875
0 0.49444444444444446 0.4359375 0.02777777777777778 0.017708333333333333
0 0.3685185185185185 0.46848958333333335 0.03518518518518519 0.018229166666666668
0 0.3731481481481482 0.48828125 0.03518518518518519 0.0171875
0 0.3648148148148148 0.59140625 0.02777777777777778 0.0203125
0 0.34351851851851856 0.6125 0.031481481481481485 0.01875
0 0.3712962962962963 0.6713541666666667 0.03518518518518519 0.022916666666666665
0 0.33472222222222225 0.7671875 0.03425925925925926 0.020833333333333332
0 0.2898148148148148 0.78515625 0.02962962962962963 0.025520833333333333
0 0.6935185185185185 0.5942708333333333 0.020370370370370372 0.014583333333333334
0 0.5773148148148148 0.3143229166666667 0.01388888888888889 0.011979166666666666
0 0.6412037037037037 0.23489583333333333 0.01388888888888889 0.010416666666666666
0 0.6768518518518519 0.2203125 0.012962962962962964 0.0125
0 0.4152777777777778 0.7028645833333333 0.025 0.0140625
0 0.46851851851851856 0.5861979166666667 0.02777777777777778 0.015104166666666667
0 0.5222222222222223 0.5708333333333333 0.03518518518518519 0.01875
0 0.5351851851851852 0.6184895833333334 0.022222222222222223 0.011979166666666666
0 0.6212962962962963 0.7223958333333333 0.03888888888888889 0.019791666666666666
0 0.5111111111111112 0.7299479166666667 0.037037037037037035 0.021354166666666667
0 0.4412037037037037 0.7265625 0.036111111111111115 0.02395833333333333
0 0.4087962962962963 0.75546875 0.030555555555555558 0.015104166666666667
0 0.5689814814814815 0.740625 0.03425925925925926 0.017708333333333333
0 0.7115740740740741 0.5229166666666667 0.026851851851851852 0.011458333333333333
0 0.4986111111111111 0.3953125 0.03425925925925926 0.021875
0 0.5041666666666667 0.4171875 0.026851851851851852 0.020833333333333332
0 0.5393518518518519 0.428125 0.032407407407407406 0.013541666666666667
0 0.5851851851851853 0.39739583333333334 0.02777777777777778 0.016666666666666666
0 0.6574074074074074 0.4161458333333333 0.018518518518518517 0.016666666666666666
0 0.6060185185185185 0.3989583333333333 0.03425925925925926 0.019791666666666666
0 0.638888888888889 0.5567708333333333 0.02962962962962963 0.016666666666666666
0 0.03657407407407408 0.4583333333333333 0.030555555555555558 0.011458333333333333
0 0.4930555555555556 0.61171875 0.017592592592592594 0.0140625
0 0.4935185185185185 0.6026041666666666 0.02777777777777778 0.014583333333333334
0 0.4175925925925926 0.3234375 0.024074074074074074 0.014583333333333334
0 0.5805555555555556 0.7765625 0.02592592592592593 0.01875
0 0.036111111111111115 0.44557291666666665 0.02962962962962963 0.0140625
0 0.9046296296296297 0.821875 0.03518518518518519 0.02395833333333333
0 0.7296296296296296 0.7010416666666667 0.037037037037037035 0.025
0 0.8282407407407407 0.8161458333333333 0.030555555555555558 0.01875
0 0.8638888888888889 0.72421875 0.024074074074074074 0.018229166666666668
0 0.9263888888888889 0.62578125 0.032407407407407406 0.01614583333333333
0 0.8865740740740741 0.6330729166666667 0.017592592592592594 0.013020833333333334
0 0.8893518518518518 0.65078125 0.032407407407407406 0.018229166666666668
0 0.9013888888888889 0.6169270833333333 0.036111111111111115 0.01614583333333333
0 0.8203703703703704 0.5833333333333334 0.024074074074074074 0.009375
0 0.8092592592592593 0.5721354166666667 0.012962962962962964 0.009895833333333333
0 0.7481481481481482 0.54453125 0.02592592592592593 0.013020833333333334
0 0.7263888888888889 0.4825520833333333 0.032407407407407406 0.018229166666666668
0 0.8171296296296297 0.55546875 0.030555555555555558 0.0171875
0 0.7708333333333334 0.5401041666666666 0.028703703703703703 0.017708333333333333
0 0.7861111111111111 0.5604166666666667 0.014814814814814815 0.008333333333333333
0 0.6490740740740741 0.42916666666666664 0.022222222222222223 0.0125
0 0.7268518518518519 0.38671875 0.02777777777777778 0.015104166666666667
0 0.8472222222222222 0.3880208333333333 0.018518518518518517 0.010416666666666666
0 0.8083333333333333 0.3958333333333333 0.02777777777777778 0.016666666666666666
0 0.7393518518518519 0.33671875 0.019444444444444445 0.008854166666666666
0 0.8097222222222222 0.43515624999999997 0.025 0.015104166666666667
0 0.825925925925926 0.3606770833333333 0.020370370370370372 0.013020833333333334
0 0.7393518518518519 0.178125 0.03796296296296296 0.028125
0 0.7925925925925926 0.16067708333333333 0.018518518518518517 0.0140625
0 0.8041666666666667 0.22057291666666667 0.028703703703703703 0.0203125
0 0.7810185185185186 0.24375 0.017592592592592594 0.010416666666666666
0 0.8111111111111111 0.146875 0.02592592592592593 0.019791666666666666
0 0.8157407407407408 0.16302083333333334 0.02777777777777778 0.0125
0 0.8458333333333333 0.11875 0.02314814814814815 0.01875
0 0.8648148148148148 0.09765625 0.03333333333333333 0.022395833333333334
0 0.862962962962963 0.11510416666666666 0.016666666666666666 0.011458333333333333
0 0.7851851851851852 0.2544270833333333 0.018518518518518517 0.0109375
0 0.9796296296296296 0.5908854166666666 0.02962962962962963 0.013020833333333334
0 0.9587962962962964 0.5471354166666667 0.03425925925925926 0.01614583333333333
0 0.987962962962963 0.5221354166666666 0.024074074074074074 0.015104166666666667
0 0.9615740740740741 0.3927083333333333 0.030555555555555558 0.015625
0 0.937962962962963 0.36614583333333334 0.03518518518518519 0.019791666666666666
0 0.9736111111111111 0.31796875 0.030555555555555558 0.0203125
0 0.9611111111111111 0.24687499999999998 0.031481481481481485 0.01875
0 0.9865740740740742 0.24687499999999998 0.021296296296296296 0.013541666666666667
0 0.9310185185185186 0.38125 0.032407407407407406 0.014583333333333334
0 0.8171296296296297 0.7838541666666666 0.036111111111111115 0.017708333333333333
0 0.7388888888888889 0.4109375 0.02592592592592593 0.013541666666666667
0 0.9175925925925926 0.59921875 0.020370370370370372 0.018229166666666668
0 0.9578703703703704 0.40729166666666666 0.026851851851851852 0.014583333333333334
0 0.8106481481481482 0.8255208333333334 0.026851851851851852 0.01875
0 0.9523148148148148 0.34713541666666664 0.026851851851851852 0.015104166666666667
