0 0.046759259259259264 0.19817708333333334 0.021296296296296296 0.0171875
0 0.14444444444444446 0.14895833333333333 0.02592592592592593 0.014583333333333334
0 0.050462962962962966 0.32916666666666666 0.021296296296296296 0.011458333333333333
0 0.07222222222222223 0.3307291666666667 0.022222222222222223 0.011458333333333333
0 0.055092592592592596 0.45989583333333334 0.019444444444444445 0.010416666666666666
0 0.07361111111111111 0.65390625 0.017592592592592594 0.011979166666666666
0 0.09583333333333334 0.5611979166666666 0.026851851851851852 0.018229166666666668
0 0.06712962962962964 0.49166666666666664 0.026851851851851852 0.01875
0 0.09537037037037037 0.5372395833333333 0.03518518518518519 0.013020833333333334
0 0.1277777777777778 0.5697916666666667 0.03333333333333333 0.01875
0 0.18796296296296297 0.66328125 0.02962962962962963 0.018229166666666668
0 0.17962962962962964 0.4770833333333333 0.03518518518518519 0.019791666666666666
0 0.21805555555555556 0.6450520833333333 0.030555555555555558 0.018229166666666668
0 0.24861111111111112 0.6138020833333333 0.030555555555555558 0.01614583333333333
0 0.2152777777777778 0.44505208333333335 0.025 0.0171875
0 0.18472222222222223 0.45468749999999997 0.03796296296296296 0.01875
0 0.2777777777777778 0.43359375 0.037037037037037035 0.01614583333333333
0 0.250462962962963 0.4440104166666667 0.03425925925925926 0.01614583333333333
0 0.39675925925925926 0.18411458333333333 0.02314814814814815 0.015104166666666667
0 0.40231481481481485 0.12916666666666665 0.021296296296296296 0.017708333333333333
0 0.39305555555555555 0.24661458333333333 0.032407407407407406 0.019270833333333334
0 0.38333333333333336 0.23776041666666667 0.03888888888888889 0.0265625
0 0.36064814814814816 0.26145833333333335 0.036111111111111115 0.026041666666666668
0 0.3125 0.3265625 0.036111111111111115 0.025
0 0.3564814814814815 0.35052083333333334 0.02962962962962963 0.01875
0 0.34953703703703703 0.33307291666666666 0.032407407407407406 0.0171875
0 0.3314814814814815 0.4015625 0.020370370370370372 0.016666666666666666
0 0.3856481481481482 0.4231770833333333 0.028703703703703703 0.019270833333333334
0 0.29074074074074074 0.41875 0.03333333333333333 0.01875
0 0.48240740740740745 0.4359375 0.02777777777777778 0.017708333333333333
0 0.35324074074074074 0.46822916666666664 0.03425925925925926 0.017708333333333333
0 0.3592592592592593 0.48828125 0.031481481481481485 0.018229166666666668
0 0.34814814814814815 0.5919270833333333 0.02777777777777778 0.0203125
0 0.3263888888888889 0.6125 0.030555555555555558 0.01875
0 0.35555555555555557 0.6716145833333333 0.03518518518518519 0.022395833333333334
0 0.31712962962962965 0.7674479166666667 0.03425925925925926 0.0203125
0 0.27222222222222225 0.7848958333333333 0.03518518518518519 0.021875
0 0.5648148148148149 0.31536458333333334 0.012962962962962964 0.011979166666666666
0 0.6300925925925926 0.23619791666666667 0.012037037037037037 0.0109375
0 0.6643518518518519 0.22135416666666666 0.012037037037037037 0.0125
0 0.39583333333333337 0.703125 0.025 0.011458333333333333
0 0.4532407407407408 0.5864583333333333 0.026851851851851852 0.014583333333333334
0 0.5078703703703704 0.5713541666666666 0.03425925925925926 0.01875
0 0.5199074074074074 0.6184895833333334 0.02314814814814815 0.011979166666666666
0 0.6060185185185185 0.72265625 0.04166666666666667 0.0203125
0 0.49444444444444446 0.7307291666666667 0.037037037037037035 0.021875
0 0.4217592592592593 0.7270833333333333 0.036111111111111115 0.02395833333333333
0 0.3912037037037037 0.7565104166666666 0.030555555555555558 0.0140625
0 0.5523148148148148 0.7416666666666667 0.032407407407407406 0.017708333333333333
0 0.6962962962962963 0.5244791666666666 0.02777777777777778 0.011458333333333333
0 0.48240740740740745 0.3958333333333333 0.03333333333333333 0.021875
0 0.48935185185185187 0.41770833333333335 0.026851851851851852 0.020833333333333332
0 0.5236111111111111 0.42890625 0.03425925925925926 0.013020833333333334
0 0.5694444444444444 0.39817708333333335 0.02777777777777778 0.01614583333333333
0 0.6439814814814815 0.4171875 0.017592592592592594 0.015625
0 0.5898148148148148 0.39947916666666666 0.031481481481481485 0.019791666666666666
0 0.6240740740740741 0.5575520833333333 0.02962962962962963 0.01614583333333333
0 0.024537037037037038 0.4578125 0.032407407407407406 0.011458333333333333
0 0.47824074074074074 0.6125 0.017592592592592594 0.013541666666666667
0 0.47824074074074074 0.6033854166666667 0.026851851851851852 0.015104166666666667
0 0.40370370370370373 0.3234375 0.024074074074074074 0.014583333333333334
0 0.5620370370370371 0.7776041666666667 0.02777777777777778 0.01875
0 0.02314814814814815 0.4458333333333333 0.02962962962962963 0.013541666666666667
0 0.8837962962962963 0.8236979166666667 0.03425925925925926 0.024479166666666666
0 0.712037037037037 0.7020833333333333 0.037037037037037035 0.025
0 0.8120370370370371 0.8177083333333334 0.02962962962962963 0.019791666666666666
0 0.8467592592592593 0.7252604166666666 0.025 0.019270833333333334
0 0.9106481481481482 0.6278645833333333 0.032407407407407406 0.01614583333333333
0 0.8717592592592593 0.6346354166666667 0.017592592592592594 0.013020833333333334
0 0.875 0.6526041666666667 0.02962962962962963 0.01875
0 0.8861111111111112 0.61875 0.03518518518518519 0.015625
0 0.8064814814814815 0.5856770833333333 0.02592592592592593 0.009895833333333333
0 0.7944444444444445 0.5729166666666666 0.012962962962962964 0.010416666666666666
0 0.7319444444444445 0.5455729166666666 0.025 0.013020833333333334
0 0.7115740740740741 0.484375 0.032407407407407406 0.017708333333333333
0 0.8013888888888889 0.55625 0.030555555555555558 0.017708333333333333
0 0.7546296296296297 0.540625 0.02962962962962963 0.017708333333333333
0 0.7708333333333334 0.5614583333333333 0.015740740740740743 0.008333333333333333
0 0.6370370370370371 0.43046875 0.022222222222222223 0.013020833333333334
0 0.712037037037037 0.38776041666666666 0.02777777777777778 0.015104166666666667
0 0.8300925925925926 0.3893229166666667 0.017592592592592594 0.0109375
0 0.7925925925925926 0.396875 0.02592592592592593 0.016666666666666666
0 0.725925925925926 0.33828125 0.018518518518518517 0.008854166666666666
0 0.7962962962962963 0.4361979166666667 0.024074074074074074 0.015104166666666667
0 0.8101851851851852 0.3625 0.020370370370370372 0.0125
0 0.7240740740740741 0.18020833333333333 0.037037037037037035 0.028125
0 0.7791666666666667 0.16302083333333334 0.019444444444444445 0.015625
0 0.7893518518518519 0.22265625 0.028703703703703703 0.0203125
0 0.7685185185185186 0.24557291666666667 0.018518518518518517 0.0109375
0 0.7967592592592593 0.14921875 0.025 0.019270833333333334
0 0.8027777777777778 0.16458333333333333 0.02777777777777778 0.0125
0 0.8328703703703704 0.12109375 0.02314814814814815 0.018229166666666668
0 0.8527777777777779 0.1 0.03333333333333333 0.022916666666666665
0 0.850925925925926 0.11770833333333333 0.016666666666666666 0.011458333333333333
0 0.7703703703703704 0.25625 0.018518518518518517 0.010416666666666666
0 0.9634259259259259 0.5924479166666666 0.030555555555555558 0.013020833333333334
0 0.9435185185185185 0.54921875 0.03333333333333333 0.01614583333333333
0 0.976388888888889 0.5244791666666666 0.030555555555555558 0.015625
0 0.9490740740740741 0.39453125 0.031481481481481485 0.015104166666666667
0 0.9240740740740742 0.36822916666666666 0.03518518518518519 0.019791666666666666
0 0.9578703703703704 0.3208333333333333 0.030555555555555558 0.020833333333333332
0 0.9476851851851852 0.24895833333333334 0.032407407407407406 0.01875
0 0.9726851851851852 0.25 0.021296296296296296 0.014583333333333334
0 0.9162037037037037 0.38307291666666665 0.03425925925925926 0.0140625
0 0.7981481481481482 0.7854166666666667 0.037037037037037035 0.017708333333333333
0 0.7236111111111111 0.4119791666666667 0.025 0.013541666666666667
0 0.9023148148148149 0.6013020833333333 0.021296296296296296 0.018229166666666668
0 0.9453703703703704 0.409375 0.02592592592592593 0.014583333333333334
0 0.7944444444444445 0.8270833333333333 0.02592592592592593 0.01875
0 0.938425925925926 0.34921875 0.026851851851851852 0.015104166666666667
