0 0.13796296296296298 0.14921875 0.02592592592592593 0.0140625
0 0.04398148148148148 0.32916666666666666 0.021296296296296296 0.011458333333333333
0 0.0638888888888889 0.33098958333333334 0.022222222222222223 0.011979166666666666
0 0.04722222222222222 0.46015625 0.018518518518518517 0.0109375
0 0.08703703703703704 0.5619791666666667 0.02777777777777778 0.017708333333333333
0 0.06527777777777778 0.6536458333333334 0.017592592592592594 0.011458333333333333
0 0.05787037037037037 0.4921875 0.026851851851851852 0.01875
0 0.08564814814814815 0.5372395833333333 0.03425925925925926 0.013020833333333334
0 0.11944444444444445 0.5697916666666667 0.03333333333333333 0.01875
0 0.1787037037037037 0.6640625 0.02962962962962963 0.017708333333333333
0 0.2087962962962963 0.6455729166666666 0.030555555555555558 0.018229166666666668
0 0.24027777777777778 0.6143229166666666 0.030555555555555558 0.0171875
0 0.1712962962962963 0.47734375 0.037037037037037035 0.018229166666666668
0 0.2064814814814815 0.44557291666666665 0.02592592592592593 0.0171875
0 0.17592592592592593 0.45468749999999997 0.03888888888888889 0.01875
0 0.26944444444444443 0.43385416666666665 0.037037037037037035 0.016666666666666666
0 0.24305555555555555 0.44453125 0.03425925925925926 0.0171875
0 0.38981481481481484 0.18515625 0.022222222222222223 0.015104166666666667
0 0.39537037037037037 0.13020833333333334 0.022222222222222223 0.017708333333333333
0 0.3837962962962963 0.24791666666666667 0.032407407407407406 0.01875
0 0.3736111111111111 0.23880208333333333 0.03796296296296296 0.025520833333333333
0 0.3523148148148148 0.2622395833333333 0.036111111111111115 0.025520833333333333
0 0.3037037037037037 0.32708333333333334 0.037037037037037035 0.025
0 0.3490740740740741 0.35182291666666665 0.02962962962962963 0.018229166666666668
0 0.3421296296296296 0.3341145833333333 0.032407407407407406 0.0171875
0 0.3236111111111111 0.40208333333333335 0.021296296296296296 0.015625
0 0.3787037037037037 0.4239583333333333 0.031481481481481485 0.01875
0 0.28194444444444444 0.41953124999999997 0.03425925925925926 0.019270833333333334
0 0.4763888888888889 0.43645833333333334 0.028703703703703703 0.017708333333333333
0 0.3458333333333333 0.46901041666666665 0.03425925925925926 0.0171875
0 0.350462962962963 0.48854166666666665 0.032407407407407406 0.017708333333333333
0 0.33981481481481485 0.5924479166666666 0.02777777777777778 0.0203125
0 0.3175925925925926 0.61328125 0.02962962962962963 0.019270833333333334
0 0.3462962962962963 0.6723958333333333 0.03518518518518519 0.022916666666666665
0 0.3074074074074074 0.7682291666666666 0.03518518518518519 0.020833333333333332
0 0.26157407407407407 0.7861979166666666 0.036111111111111115 0.021354166666666667
0 0.5578703703703703 0.31640625 0.01388888888888889 0.011979166666666666
0 0.6226851851851852 0.23776041666666667 0.012037037037037037 0.0109375
0 0.6574074074074074 0.22291666666666665 0.012962962962962964 0.0125
0 0.3856481481481482 0.7044270833333334 0.02314814814814815 0.011979166666666666
0 0.44583333333333336 0.5872395833333334 0.026851851851851852 0.015104166666666667
0 0.5 0.5721354166666667 0.03518518518518519 0.019270833333333334
0 0.512962962962963 0.6197916666666666 0.022222222222222223 0.0125
0 0.5967592592592593 0.7234375 0.04537037037037037 0.01875
0 0.4842592592592593 0.73203125 0.037037037037037035 0.022395833333333334
0 0.41111111111111115 0.7278645833333334 0.03518518518518519 0.024479166666666666
0 0.38101851851851853 0.75703125 0.030555555555555558 0.0140625
0 0.5435185185185185 0.7421875 0.03333333333333333 0.017708333333333333
0 0.688425925925926 0.5247395833333334 0.026851851851851852 0.013020833333333334
0 0.4740740740740741 0.3963541666666667 0.03333333333333333 0.021875
0 0.48055555555555557 0.41901041666666666 0.02777777777777778 0.021354166666666667
0 0.5148148148148148 0.42994791666666665 0.03333333333333333 0.013020833333333334
0 0.5606481481481481 0.39921875 0.026851851851851852 0.01614583333333333
0 0.6375000000000001 0.41822916666666665 0.017592592592592594 0.015625
0 0.5819444444444445 0.4010416666666667 0.032407407407407406 0.019791666666666666
0 0.6157407407407408 0.55859375 0.02962962962962963 0.01614583333333333
0 0.01712962962962963 0.4575520833333333 0.032407407407407406 0.011979166666666666
0 0.4703703703703704 0.6130208333333333 0.018518518518518517 0.013541666666666667
0 0.46990740740740744 0.6041666666666666 0.026851851851851852 0.014583333333333334
0 0.39722222222222225 0.32447916666666665 0.024074074074074074 0.014583333333333334
0 0.5523148148148148 0.7786458333333334 0.028703703703703703 0.01875
0 0.016666666666666666 0.44635416666666666 0.02962962962962963 0.013541666666666667
0 0.8731481481481482 0.825 0.03518518518518519 0.02395833333333333
0 0.7041666666666667 0.7028645833333333 0.036111111111111115 0.025520833333333333
0 0.8037037037037037 0.8195312499999999 0.02962962962962963 0.019270833333333334
0 0.8375 0.7263020833333333 0.026851851851851852 0.0203125
0 0.9032407407407408 0.6291666666666667 0.032407407407407406 0.015625
0 0.862962962962963 0.6359375 0.018518518518518517 0.013541666666666667
0 0.8657407407407408 0.65390625 0.031481481481481485 0.018229166666666668
0 0.8782407407407408 0.6197916666666666 0.036111111111111115 0.015625
0 0.799537037037037 0.5872395833333334 0.025 0.0109375
0 0.7870370370370371 0.57421875 0.012962962962962964 0.0109375
0 0.7231481481481482 0.5463541666666667 0.02592592592592593 0.0125
0 0.7032407407407407 0.4848958333333333 0.032407407407407406 0.017708333333333333
0 0.7930555555555556 0.5572916666666666 0.030555555555555558 0.017708333333333333
0 0.7462962962962963 0.5419270833333333 0.02962962962962963 0.018229166666666668
0 0.762962962962963 0.5625 0.016666666666666666 0.008333333333333333
0 0.6305555555555555 0.43124999999999997 0.022222222222222223 0.0125
0 0.7032407407407407 0.3888020833333333 0.026851851851851852 0.015104166666666667
0 0.8208333333333334 0.3911458333333333 0.017592592592592594 0.010416666666666666
0 0.7842592592592593 0.39791666666666664 0.02777777777777778 0.016666666666666666
0 0.7180555555555556 0.33958333333333335 0.017592592592592594 0.008333333333333333
0 0.787962962962963 0.43776041666666665 0.024074074074074074 0.015104166666666667
0 0.8027777777777778 0.3640625 0.020370370370370372 0.0125
0 0.7157407407407408 0.18151041666666667 0.037037037037037035 0.027604166666666666
0 0.7703703703703704 0.16510416666666666 0.020370370370370372 0.015625
0 0.7810185185185186 0.22421875 0.028703703703703703 0.0203125
0 0.7625000000000001 0.24661458333333333 0.017592592592592594 0.0109375
0 0.7898148148148149 0.15104166666666666 0.024074074074074074 0.01875
0 0.7953703703703704 0.16640625 0.02777777777777778 0.011979166666666666
0 0.8250000000000001 0.12291666666666666 0.024074074074074074 0.01875
0 0.8449074074074074 0.10234375 0.032407407407407406 0.022395833333333334
0 0.8425925925925927 0.11979166666666667 0.016666666666666666 0.011458333333333333
0 0.7620370370370371 0.25755208333333335 0.018518518518518517 0.009895833333333333
0 0.9555555555555556 0.5932291666666667 0.02962962962962963 0.013541666666666667
0 0.9356481481481482 0.5505208333333333 0.032407407407407406 0.016666666666666666
0 0.9680555555555556 0.5255208333333333 0.030555555555555558 0.015625
0 0.987962962962963 0.47994791666666664 0.024074074074074074 0.0140625
0 0.9425925925925926 0.39557291666666666 0.031481481481481485 0.01614583333333333
0 0.9884259259259259 0.35234375 0.02314814814814815 0.018229166666666668
0 0.9162037037037037 0.3692708333333333 0.036111111111111115 0.019791666666666666
0 0.9495370370370371 0.3221354166666667 0.030555555555555558 0.0203125
0 0.9398148148148149 0.25078125 0.031481481481481485 0.018229166666666668
0 0.9643518518518519 0.2515625 0.021296296296296296 0.014583333333333334
0 0.9092592592592593 0.3841145833333333 0.03333333333333333 0.0140625
0 0.788888888888889 0.78671875 0.037037037037037035 0.018229166666666668
0 0.7157407407407408 0.4145833333333333 0.024074074074074074 0.017708333333333333
0 0.8944444444444445 0.60234375 0.020370370370370372 0.018229166666666668
0 0.938425925925926 0.41041666666666665 0.026851851851851852 0.014583333333333334
0 0.7865740740740741 0.8283854166666667 0.026851851851851852 0.019270833333333334
0 0.9300925925925926 0.35052083333333334 0.026851851851851852 0.014583333333333334
