0 0.8925925925925926 0.15520833333333334 0.02592592592592593 0.014583333333333334
0 0.9898148148148148 0.3341145833333333 0.020370370370370372 0.011979166666666666
0 0.9689814814814816 0.3346354166666667 0.02314814814814815 0.013020833333333334
0 0.9875 0.4640625 0.017592592592592594 0.010416666666666666
0 0.9467592592592593 0.5653645833333333 0.028703703703703703 0.018229166666666668
0 0.9699074074074074 0.6578125 0.026851851851851852 0.009375
0 0.9800925925925926 0.49609375 0.025 0.018229166666666668
0 0.9472222222222223 0.54140625 0.03518518518518519 0.0140625
0 0.9148148148148149 0.5734375 0.03333333333333333 0.01875
0 0.8532407407407407 0.66796875 0.032407407407407406 0.018229166666666668
0 0.8245370370370371 0.6494791666666666 0.030555555555555558 0.017708333333333333
0 0.7944444444444445 0.6171875 0.02592592592592593 0.017708333333333333
0 0.8625 0.48020833333333335 0.03796296296296296 0.017708333333333333
0 0.8296296296296297 0.44869791666666664 0.02592592592592593 0.018229166666666668
0 0.8578703703703704 0.45859374999999997 0.03796296296296296 0.018229166666666668
0 0.763425925925926 0.43697916666666664 0.03796296296296296 0.016666666666666666
0 0.7921296296296296 0.4479166666666667 0.03425925925925926 0.016666666666666666
0 0.6490740740740741 0.19088541666666667 0.012962962962962964 0.015104166666666667
0 0.638425925925926 0.13541666666666666 0.021296296296296296 0.017708333333333333
0 0.6597222222222222 0.25286458333333334 0.032407407407407406 0.018229166666666668
0 0.6699074074074074 0.24322916666666666 0.03796296296296296 0.026041666666666668
0 0.6898148148148149 0.26666666666666666 0.037037037037037035 0.026041666666666668
0 0.7333333333333334 0.3307291666666667 0.037037037037037035 0.02395833333333333
0 0.6833333333333333 0.35546875 0.02962962962962963 0.018229166666666668
0 0.6921296296296297 0.3377604166666667 0.032407407407407406 0.0171875
0 0.7101851851851853 0.40598958333333335 0.020370370370370372 0.01614583333333333
0 0.6541666666666667 0.4270833333333333 0.03425925925925926 0.016666666666666666
0 0.7518518518518519 0.4231770833333333 0.03518518518518519 0.019270833333333334
0 0.5532407407407408 0.44036458333333334 0.028703703703703703 0.0171875
0 0.687962962962963 0.47265625 0.03518518518518519 0.0171875
0 0.6837962962962963 0.49166666666666664 0.032407407407407406 0.017708333333333333
0 0.701388888888889 0.51015625 0.02314814814814815 0.019270833333333334
0 0.6972222222222223 0.5955729166666667 0.02777777777777778 0.0203125
0 0.7212962962962963 0.6169270833333333 0.031481481481481485 0.019270833333333334
0 0.687962962962963 0.6755208333333333 0.037037037037037035 0.021875
0 0.7287037037037037 0.7723958333333333 0.03518518518518519 0.020833333333333332
0 0.7759259259259259 0.7895833333333333 0.037037037037037035 0.020833333333333332
0 0.475462962962963 0.32005208333333335 0.01388888888888889 0.011979166666666666
0 0.4083333333333333 0.240625 0.011111111111111112 0.009375
0 0.375462962962963 0.22734374999999998 0.012037037037037037 0.011979166666666666
0 0.6546296296296297 0.7075520833333333 0.020370370370370372 0.009895833333333333
0 0.5865740740740741 0.58984375 0.028703703703703703 0.015104166666666667
0 0.5328703703703704 0.575 0.03425925925925926 0.01875
0 0.5199074074074074 0.6231770833333333 0.02314814814814815 0.011979166666666666
0 0.43842592592592594 0.7234375 0.036111111111111115 0.017708333333333333
0 0.5504629629629629 0.73515625 0.036111111111111115 0.022395833333333334
0 0.6282407407407408 0.7315104166666666 0.03425925925925926 0.0234375
0 0.6527777777777778 0.7606770833333333 0.02592592592592593 0.0140625
0 0.48935185185185187 0.7458333333333333 0.03425925925925926 0.019791666666666666
0 0.3453703703703704 0.52734375 0.024074074074074074 0.013020833333333334
0 0.5606481481481481 0.4002604166666667 0.032407407407407406 0.022395833333333334
0 0.5583333333333333 0.42213541666666665 0.02777777777777778 0.0203125
0 0.524537037037037 0.43307291666666664 0.032407407407407406 0.013020833333333334
0 0.47824074074074074 0.40208333333333335 0.026851851851851852 0.015625
0 0.45787037037037037 0.40390624999999997 0.03425925925925926 0.019270833333333334
0 0.41620370370370374 0.5606770833333333 0.028703703703703703 0.01614583333333333
0 0.5625 0.61640625 0.017592592592592594 0.0140625
0 0.5625 0.6072916666666667 0.025 0.014583333333333334
0 0.6361111111111112 0.328125 0.022222222222222223 0.014583333333333334
0 0.4800925925925926 0.78046875 0.030555555555555558 0.01614583333333333
0 0.1675925925925926 0.8276041666666667 0.03518518518518519 0.02395833333333333
0 0.33101851851851855 0.70546875 0.03425925925925926 0.024479166666666666
0 0.22037037037037038 0.8229166666666666 0.014814814814814815 0.017708333333333333
0 0.1962962962962963 0.7283854166666667 0.02962962962962963 0.021354166666666667
0 0.22777777777777777 0.7091145833333333 0.014814814814814815 0.009895833333333333
0 0.0375 0.7098958333333333 0.032407407407407406 0.019791666666666666
0 0.014814814814814815 0.7020833333333333 0.022222222222222223 0.021875
0 0.12685185185185185 0.6307291666666667 0.031481481481481485 0.015625
0 0.16944444444444445 0.63828125 0.020370370370370372 0.0140625
0 0.16481481481481483 0.6559895833333333 0.031481481481481485 0.019270833333333334
0 0.15324074074074073 0.621875 0.036111111111111115 0.015625
0 0.24675925925925926 0.6015625 0.015740740740740743 0.009375
0 0.23101851851851854 0.5888020833333333 0.025 0.0109375
0 0.2439814814814815 0.5760416666666667 0.01388888888888889 0.010416666666666666
0 0.3125 0.5481770833333334 0.028703703703703703 0.013020833333333334
0 0.3314814814814815 0.48723958333333334 0.031481481481481485 0.0171875
0 0.24120370370370373 0.5596354166666666 0.030555555555555558 0.0171875
0 0.2898148148148148 0.5440104166666666 0.031481481481481485 0.018229166666666668
0 0.2712962962962963 0.5627604166666667 0.018518518518518517 0.011979166666666666
0 0.39814814814814814 0.43385416666666665 0.022222222222222223 0.011458333333333333
0 0.3314814814814815 0.39166666666666666 0.02592592592592593 0.014583333333333334
0 0.2199074074074074 0.3932291666666667 0.017592592592592594 0.010416666666666666
0 0.25277777777777777 0.40078125 0.02592592592592593 0.01614583333333333
0 0.31666666666666665 0.3424479166666667 0.018518518518518517 0.008854166666666666
0 0.24675925925925926 0.43984375 0.02314814814814815 0.015104166666666667
0 0.23425925925925928 0.36614583333333334 0.022222222222222223 0.011458333333333333
0 0.32407407407407407 0.18619791666666666 0.037037037037037035 0.027604166666666666
0 0.2675925925925926 0.16953125 0.018518518518518517 0.01614583333333333
0 0.25601851851851853 0.22864583333333333 0.028703703703703703 0.019791666666666666
0 0.2712962962962963 0.25 0.018518518518518517 0.010416666666666666
0 0.2476851851851852 0.15494791666666666 0.025 0.019270833333333334
0 0.24166666666666667 0.17291666666666666 0.022222222222222223 0.016666666666666666
0 0.2111111111111111 0.12708333333333333 0.024074074074074074 0.01875
0 0.19212962962962965 0.10598958333333333 0.032407407407407406 0.022395833333333334
0 0.19305555555555556 0.12395833333333334 0.017592592592592594 0.011458333333333333
0 0.27546296296296297 0.26067708333333334 0.017592592592592594 0.009895833333333333
0 0.25601851851851853 0.34453125 0.017592592592592594 0.009895833333333333
0 0.07685185185185185 0.5953125 0.02962962962962963 0.013541666666666667
0 0.09537037037037037 0.5518229166666666 0.03333333333333333 0.01614583333333333
0 0.06481481481481481 0.52734375 0.02962962962962963 0.01614583333333333
0 0.03935185185185185 0.48203124999999997 0.036111111111111115 0.0140625
0 0.08703703703703704 0.39791666666666664 0.02962962962962963 0.015625
0 0.0462962962962963 0.3546875 0.02962962962962963 0.017708333333333333
0 0.11712962962962964 0.371875 0.03425925925925926 0.019791666666666666
0 0.08611111111111111 0.3247395833333333 0.02962962962962963 0.0203125
0 0.09537037037037037 0.253125 0.02962962962962963 0.017708333333333333
0 0.0699074074074074 0.2546875 0.021296296296296296 0.015625
0 0.12222222222222223 0.38645833333333335 0.03333333333333333 0.013541666666666667
0 0.010185185185185186 0.22994791666666667 0.016666666666666666 0.021354166666666667
0 0.2476851851851852 0.7885416666666667 0.03796296296296296 0.017708333333333333
0 0.3189814814814815 0.41692708333333334 0.025 0.01614583333333333
0 0.1388888888888889 0.6041666666666666 0.020370370370370372 0.017708333333333333
0 0.08981481481481482 0.4122395833333333 0.02592592592592593 0.0140625
0 0.03287037037037037 0.4940104166666667 0.036111111111111115 0.0140625
0 0.24444444444444446 0.8309895833333333 0.024074074074074074 0.019270833333333334
0 0.10462962962962963 0.3528645833333333 0.02592592592592593 0.01614583333333333
