0 0.913888888888889 0.15859375 0.02592592592592593 0.0140625
0 0.9898148148148148 0.3372395833333333 0.020370370370370372 0.011979166666666666
0 0.9708333333333333 0.5690104166666666 0.026851851851851852 0.0171875
0 0.9893518518518519 0.6619791666666667 0.021296296296296296 0.009375
0 0.9699074074074074 0.54375 0.036111111111111115 0.013541666666666667
0 0.9407407407407408 0.5763020833333333 0.03333333333333333 0.019270833333333334
0 0.875925925925926 0.67109375 0.031481481481481485 0.018229166666666668
0 0.8481481481481482 0.6520833333333333 0.031481481481481485 0.017708333333333333
0 0.7851851851851852 0.44114583333333335 0.03518518518518519 0.019791666666666666
0 0.8199074074074074 0.6203125 0.021296296296296296 0.016666666666666666
0 0.888425925925926 0.4830729166666667 0.03796296296296296 0.018229166666666668
0 0.8550925925925926 0.4513020833333333 0.025 0.0171875
0 0.8805555555555555 0.46041666666666664 0.03518518518518519 0.019791666666666666
0 0.8171296296296297 0.45026041666666666 0.03425925925925926 0.0171875
0 0.6615740740740741 0.13932291666666666 0.021296296296296296 0.0171875
0 0.6902777777777778 0.2565104166666667 0.03425925925925926 0.018229166666666668
0 0.701388888888889 0.24661458333333333 0.03796296296296296 0.025520833333333333
0 0.7194444444444444 0.26953125 0.037037037037037035 0.025520833333333333
0 0.7611111111111112 0.3333333333333333 0.037037037037037035 0.02395833333333333
0 0.7064814814814815 0.3575520833333333 0.02962962962962963 0.018229166666666668
0 0.7157407407407408 0.340625 0.031481481481481485 0.017708333333333333
0 0.7347222222222223 0.40781249999999997 0.019444444444444445 0.015625
0 0.6773148148148148 0.42890625 0.03425925925925926 0.0171875
0 0.7763888888888889 0.42578125 0.03425925925925926 0.019270833333333334
0 0.5736111111111112 0.44244791666666666 0.028703703703703703 0.0171875
0 0.712037037037037 0.475 0.03518518518518519 0.017708333333333333
0 0.7092592592592593 0.4947916666666667 0.031481481481481485 0.01875
0 0.7277777777777779 0.5125 0.02962962962962963 0.01875
0 0.7245370370370371 0.5979166666666667 0.028703703703703703 0.020833333333333332
0 0.7490740740740741 0.6190104166666667 0.031481481481481485 0.019270833333333334
0 0.7134259259259259 0.678125 0.03425925925925926 0.021875
0 0.7546296296296297 0.7752604166666667 0.03518518518518519 0.0203125
0 0.8037037037037037 0.7921875 0.03888888888888889 0.020833333333333332
0 0.4986111111111111 0.3229166666666667 0.01388888888888889 0.011458333333333333
0 0.39861111111111114 0.22994791666666667 0.012037037037037037 0.011979166666666666
0 0.576388888888889 0.42526041666666664 0.032407407407407406 0.021354166666666667
0 0.6097222222222223 0.5924479166666666 0.028703703703703703 0.0140625
0 0.4337962962962963 0.45468749999999997 0.017592592592592594 0.013541666666666667
0 0.5560185185185186 0.57734375 0.03425925925925926 0.019270833333333334
0 0.5435185185185185 0.6252604166666667 0.022222222222222223 0.011979166666666666
0 0.4620370370370371 0.7231770833333333 0.020370370370370372 0.01614583333333333
0 0.5750000000000001 0.7385416666666667 0.037037037037037035 0.022916666666666665
0 0.6583333333333333 0.7346354166666667 0.03333333333333333 0.0234375
0 0.6800925925925926 0.7635416666666667 0.025 0.014583333333333334
0 0.513425925925926 0.7484375 0.032407407407407406 0.020833333333333332
0 0.3703703703703704 0.5291666666666667 0.024074074074074074 0.0125
0 0.587037037037037 0.40234375 0.031481481481481485 0.022395833333333334
0 0.5050925925925926 0.40546875 0.025 0.0171875
0 0.4861111111111111 0.40651041666666665 0.03518518518518519 0.019270833333333334
0 0.4398148148148148 0.5630208333333333 0.02962962962962963 0.016666666666666666
0 0.5865740740740741 0.61875 0.017592592592592594 0.013541666666666667
0 0.5865740740740741 0.6091145833333333 0.02314814814814815 0.0140625
0 0.6601851851851852 0.33046875 0.020370370370370372 0.0140625
0 0.5069444444444444 0.7833333333333333 0.03425925925925926 0.01875
0 0.35694444444444445 0.7067708333333333 0.03425925925925926 0.025
0 0.24305555555555555 0.825 0.01388888888888889 0.019791666666666666
0 0.22268518518518518 0.73125 0.03796296296296296 0.020833333333333332
0 0.2523148148148148 0.71015625 0.015740740740740743 0.009895833333333333
0 0.06481481481481481 0.7119791666666666 0.031481481481481485 0.019791666666666666
0 0.040740740740740744 0.7044270833333334 0.02777777777777778 0.0203125
0 0.15 0.6322916666666667 0.031481481481481485 0.015625
0 0.12916666666666668 0.6299479166666666 0.015740740740740743 0.009895833333333333
0 0.1925925925925926 0.63984375 0.020370370370370372 0.0140625
0 0.18888888888888888 0.6578125 0.03333333333333333 0.01875
0 0.17685185185185187 0.6234375 0.03518518518518519 0.016666666666666666
0 0.27083333333333337 0.6044270833333333 0.017592592592592594 0.011979166666666666
0 0.25416666666666665 0.590625 0.025 0.011458333333333333
0 0.26712962962962966 0.5776041666666667 0.015740740740740743 0.011458333333333333
0 0.33796296296296297 0.5497395833333333 0.02962962962962963 0.013020833333333334
0 0.3564814814814815 0.4895833333333333 0.031481481481481485 0.017708333333333333
0 0.2657407407407408 0.5619791666666667 0.02962962962962963 0.017708333333333333
0 0.3148148148148148 0.54609375 0.031481481481481485 0.018229166666666668
0 0.29583333333333334 0.5645833333333333 0.019444444444444445 0.0125
0 0.4199074074074074 0.43697916666666664 0.021296296296296296 0.010416666666666666
0 0.3574074074074074 0.39427083333333335 0.02592592592592593 0.014583333333333334
0 0.24861111111111112 0.3958333333333333 0.017592592592592594 0.010416666666666666
0 0.2796296296296296 0.403125 0.02592592592592593 0.016666666666666666
0 0.34074074074074073 0.3450520833333333 0.018518518518518517 0.008854166666666666
0 0.27083333333333337 0.44166666666666665 0.02314814814814815 0.014583333333333334
0 0.2606481481481482 0.3684895833333333 0.02314814814814815 0.0109375
0 0.3513888888888889 0.1890625 0.036111111111111115 0.028125
0 0.19953703703703704 0.8302083333333333 0.030555555555555558 0.022916666666666665
0 0.2935185185185185 0.17317708333333334 0.020370370370370372 0.01614583333333333
0 0.28240740740740744 0.23098958333333333 0.02962962962962963 0.019270833333333334
0 0.29444444444444445 0.25286458333333334 0.018518518518518517 0.0109375
0 0.27361111111111114 0.15885416666666666 0.025 0.01875
0 0.26666666666666666 0.1765625 0.022222222222222223 0.016666666666666666
0 0.23611111111111113 0.13125 0.024074074074074074 0.019791666666666666
0 0.2175925925925926 0.11015625 0.031481481481481485 0.022395833333333334
0 0.21805555555555556 0.12734375 0.017592592592592594 0.013020833333333334
0 0.3013888888888889 0.2638020833333333 0.017592592592592594 0.009895833333333333
0 0.28055555555555556 0.34791666666666665 0.016666666666666666 0.010416666666666666
0 0.10231481481481482 0.596875 0.030555555555555558 0.014583333333333334
0 0.11851851851851852 0.55390625 0.03333333333333333 0.01614583333333333
0 0.08842592592592594 0.5291666666666667 0.030555555555555558 0.016666666666666666
0 0.0625 0.48333333333333334 0.03425925925925926 0.014583333333333334
0 0.10925925925925926 0.40078125 0.02777777777777778 0.0140625
0 0.07222222222222223 0.35703125 0.02962962962962963 0.018229166666666668
0 0.1398148148148148 0.37421875 0.03333333333333333 0.019270833333333334
0 0.11157407407407408 0.32708333333333334 0.030555555555555558 0.020833333333333332
0 0.019444444444444445 0.33958333333333335 0.02777777777777778 0.014583333333333334
0 0.013425925925925926 0.3263020833333333 0.02314814814814815 0.018229166666666668
0 0.11990740740740741 0.2559895833333333 0.030555555555555558 0.0171875
0 0.09537037037037037 0.2578125 0.022222222222222223 0.015625
0 0.1462962962962963 0.3890625 0.03333333333333333 0.014583333333333334
0 0.024537037037037038 0.7736979166666667 0.028703703703703703 0.018229166666666668
0 0.02592592592592593 0.23255208333333333 0.03518518518518519 0.021354166666666667
0 0.27592592592592596 0.7911458333333333 0.037037037037037035 0.017708333333333333
0 0.34444444444444444 0.4184895833333333 0.024074074074074074 0.01614583333333333
0 0.1625 0.60625 0.017592592592592594 0.017708333333333333
0 0.11064814814814815 0.41562499999999997 0.026851851851851852 0.015625
0 0.05555555555555556 0.49557291666666664 0.03518518518518519 0.0140625
0 0.2689814814814815 0.8330729166666666 0.021296296296296296 0.019270833333333334
0 0.12962962962962962 0.35520833333333335 0.02592592592592593 0.015625
