0 0.987037037037037 0.5703125 0.02592592592592593 0.016666666666666666
0 0.9851851851851853 0.5447916666666667 0.02962962962962963 0.013541666666666667
0 0.8939814814814815 0.6705729166666666 0.032407407407407406 0.018229166666666668
0 0.9587962962962964 0.5770833333333333 0.032407407407407406 0.01875
0 0.8648148148148148 0.6528645833333333 0.02962962962962963 0.0171875
0 0.9050925925925927 0.48411458333333335 0.03796296296296296 0.018229166666666668
0 0.8726851851851852 0.45208333333333334 0.025 0.017708333333333333
0 0.8986111111111111 0.46041666666666664 0.03425925925925926 0.020833333333333332
0 0.8013888888888889 0.44140625 0.036111111111111115 0.019270833333333334
0 0.8342592592592593 0.4515625 0.03518518518518519 0.016666666666666666
0 0.675 0.14088541666666665 0.022222222222222223 0.0171875
0 0.7083333333333334 0.25807291666666665 0.03518518518518519 0.0171875
0 0.7203703703703704 0.24791666666666667 0.03888888888888889 0.026041666666666668
0 0.7375 0.27057291666666666 0.036111111111111115 0.025520833333333333
0 0.7782407407407408 0.334375 0.036111111111111115 0.02395833333333333
0 0.7222222222222222 0.35833333333333334 0.02962962962962963 0.017708333333333333
0 0.7314814814814815 0.3416666666666667 0.031481481481481485 0.017708333333333333
0 0.7472222222222222 0.40963541666666664 0.02592592592592593 0.0171875
0 0.6916666666666667 0.42994791666666665 0.037037037037037035 0.0171875
0 0.7930555555555556 0.4263020833333333 0.03425925925925926 0.019270833333333334
0 0.587962962962963 0.4432291666666667 0.02592592592592593 0.016666666666666666
0 0.7287037037037037 0.47578125 0.03518518518518519 0.0171875
0 0.725 0.49453125 0.02962962962962963 0.0171875
0 0.7425925925925926 0.5119791666666667 0.03518518518518519 0.017708333333333333
0 0.7425925925925926 0.5986979166666666 0.02962962962962963 0.0203125
0 0.7671296296296296 0.6205729166666667 0.030555555555555558 0.019270833333333334
0 0.7314814814814815 0.6791666666666667 0.03518518518518519 0.021875
0 0.7740740740740741 0.7765625 0.037037037037037035 0.020833333333333332
0 0.8226851851851852 0.79375 0.03796296296296296 0.020833333333333332
0 0.513425925925926 0.32395833333333335 0.01388888888888889 0.011458333333333333
0 0.4115740740740741 0.23151041666666666 0.012037037037037037 0.011979166666666666
0 0.674537037037037 0.7971354166666667 0.028703703703703703 0.021354166666666667
0 0.6245370370370371 0.5940104166666667 0.026851851851851852 0.0140625
0 0.5712962962962963 0.5778645833333333 0.03518518518518519 0.019270833333333334
0 0.5916666666666667 0.4244791666666667 0.03333333333333333 0.019791666666666666
0 0.5597222222222222 0.6265625 0.02314814814814815 0.0125
0 0.4814814814814815 0.7247395833333333 0.018518518518518517 0.015104166666666667
0 0.5930555555555556 0.7395833333333334 0.036111111111111115 0.022916666666666665
0 0.6777777777777778 0.7361979166666667 0.03333333333333333 0.0234375
0 0.700462962962963 0.7645833333333333 0.025 0.014583333333333334
0 0.5305555555555556 0.75078125 0.031481481481481485 0.022395833333333334
0 0.3856481481481482 0.5302083333333333 0.02314814814814815 0.0125
0 0.6027777777777777 0.40260416666666665 0.03333333333333333 0.022916666666666665
0 0.4481481481481482 0.4557291666666667 0.022222222222222223 0.0125
0 0.5217592592592593 0.40598958333333335 0.025 0.01614583333333333
0 0.5041666666666667 0.4075520833333333 0.03425925925925926 0.019270833333333334
0 0.4569444444444445 0.5643229166666667 0.028703703703703703 0.01614583333333333
0 0.6027777777777777 0.61953125 0.018518518518518517 0.0140625
0 0.6027777777777777 0.61015625 0.022222222222222223 0.0140625
0 0.4351851851851852 0.4380208333333333 0.018518518518518517 0.010416666666666666
0 0.675462962962963 0.33177083333333335 0.019444444444444445 0.014583333333333334
0 0.524537037037037 0.78515625 0.032407407407407406 0.019270833333333334
0 0.375 0.7088541666666667 0.03333333333333333 0.02395833333333333
0 0.26203703703703707 0.8263020833333333 0.014814814814814815 0.0203125
0 0.23796296296296296 0.73203125 0.03518518518518519 0.021354166666666667
0 0.010185185185185186 0.8044270833333333 0.016666666666666666 0.018229166666666668
0 0.25925925925925924 0.703125 0.024074074074074074 0.015625
0 0.08194444444444444 0.71328125 0.032407407407407406 0.019270833333333334
0 0.05555555555555556 0.70625 0.02962962962962963 0.019791666666666666
0 0.16574074074074074 0.6338541666666666 0.031481481481481485 0.015625
0 0.1439814814814815 0.6315104166666666 0.015740740740740743 0.009895833333333333
0 0.20787037037037037 0.64140625 0.019444444444444445 0.0140625
0 0.20370370370370372 0.65703125 0.031481481481481485 0.0140625
0 0.19212962962962965 0.6247395833333333 0.03425925925925926 0.0171875
0 0.28750000000000003 0.6059895833333333 0.017592592592592594 0.011979166666666666
0 0.27037037037037037 0.5919270833333333 0.024074074074074074 0.011979166666666666
0 0.28194444444444444 0.5786458333333333 0.015740740740740743 0.011458333333333333
0 0.35462962962962963 0.55078125 0.02962962962962963 0.013020833333333334
0 0.3712962962962963 0.490625 0.031481481481481485 0.017708333333333333
0 0.28055555555555556 0.5630208333333333 0.02962962962962963 0.017708333333333333
0 0.32685185185185184 0.546875 0.02592592592592593 0.017708333333333333
0 0.3111111111111111 0.5653645833333333 0.018518518518518517 0.013020833333333334
0 0.3736111111111111 0.39609375 0.025 0.0140625
0 0.26712962962962966 0.3971354166666667 0.017592592592592594 0.0109375
0 0.2962962962962963 0.4044270833333333 0.02592592592592593 0.01614583333333333
0 0.35555555555555557 0.34609375 0.018518518518518517 0.008854166666666666
0 0.2847222222222222 0.44296874999999997 0.02314814814814815 0.0140625
0 0.27546296296296297 0.3697916666666667 0.021296296296296296 0.011458333333333333
0 0.3666666666666667 0.19114583333333332 0.037037037037037035 0.028125
0 0.3074074074074074 0.17526041666666667 0.022222222222222223 0.01614583333333333
0 0.2972222222222222 0.23255208333333333 0.02962962962962963 0.019270833333333334
0 0.2189814814814815 0.8322916666666667 0.032407407407407406 0.025
0 0.3078703703703704 0.25494791666666666 0.019444444444444445 0.0109375
0 0.28611111111111115 0.16119791666666666 0.022222222222222223 0.0203125
0 0.2814814814814815 0.17838541666666666 0.024074074074074074 0.0171875
0 0.25 0.13359375 0.024074074074074074 0.0203125
0 0.23194444444444445 0.1125 0.032407407407407406 0.021875
0 0.23101851851851854 0.12942708333333333 0.017592592592592594 0.013020833333333334
0 0.3162037037037037 0.26588541666666665 0.017592592592592594 0.009895833333333333
0 0.2953703703703704 0.3489583333333333 0.014814814814814815 0.010416666666666666
0 0.1175925925925926 0.5979166666666667 0.02962962962962963 0.014583333333333334
0 0.13333333333333333 0.55546875 0.03333333333333333 0.01614583333333333
0 0.10370370370370371 0.5309895833333333 0.02962962962962963 0.01614583333333333
0 0.07731481481481482 0.48463541666666665 0.03425925925925926 0.0140625
0 0.1212962962962963 0.40234375 0.02777777777777778 0.0140625
0 0.08472222222222223 0.35885416666666664 0.025 0.01875
0 0.15324074074074073 0.37604166666666666 0.032407407407407406 0.01875
0 0.12731481481481483 0.3286458333333333 0.030555555555555558 0.020833333333333332
0 0.03425925925925926 0.3416666666666667 0.02962962962962963 0.015625
0 0.020833333333333336 0.328125 0.03796296296296296 0.016666666666666666
0 0.13240740740740742 0.2578125 0.031481481481481485 0.016666666666666666
0 0.10833333333333334 0.26015625 0.022222222222222223 0.01614583333333333
0 0.1574074074074074 0.39036458333333335 0.02962962962962963 0.015104166666666667
0 0.04259259259259259 0.77578125 0.02962962962962963 0.018229166666666668
0 0.04027777777777778 0.23463541666666665 0.036111111111111115 0.021354166666666667
0 0.2935185185185185 0.7924479166666667 0.037037037037037035 0.018229166666666668
0 0.3592592592592593 0.4200520833333333 0.024074074074074074 0.01614583333333333
0 0.17916666666666667 0.6078125 0.017592592592592594 0.017708333333333333
0 0.12314814814814816 0.4158854166666667 0.02592592592592593 0.0140625
0 0.07175925925925926 0.496875 0.03425925925925926 0.013541666666666667
0 0.2851851851851852 0.8348958333333333 0.020370370370370372 0.019791666666666666
0 0.1439814814814815 0.3567708333333333 0.025 0.015625
