0 0.012962962962962964 0.5786458333333333 0.024074074074074074 0.019791666666666666
0 0.07222222222222223 0.67265625 0.02962962962962963 0.0171875
0 0.10370370370370371 0.6541666666666667 0.02962962962962963 0.017708333333333333
0 0.0625 0.48463541666666665 0.03796296296296296 0.018229166666666668
0 0.09305555555555556 0.45260416666666664 0.02314814814814815 0.01875
0 0.06851851851851852 0.4614583333333333 0.03518518518518519 0.020833333333333332
0 0.16805555555555557 0.4419270833333333 0.036111111111111115 0.019270833333333334
0 0.28935185185185186 0.19479166666666667 0.021296296296296296 0.015625
0 0.13333333333333333 0.4515625 0.03518518518518519 0.016666666666666666
0 0.2962962962962963 0.14036458333333332 0.022222222222222223 0.0171875
0 0.25277777777777777 0.25859375 0.03518518518518519 0.0171875
0 0.2388888888888889 0.24765625 0.03888888888888889 0.025520833333333333
0 0.22453703703703703 0.2703125 0.036111111111111115 0.025
0 0.1865740740740741 0.3346354166666667 0.03796296296296296 0.0234375
0 0.24953703703703706 0.35833333333333334 0.030555555555555558 0.017708333333333333
0 0.2388888888888889 0.3416666666666667 0.031481481481481485 0.017708333333333333
0 0.22175925925925927 0.40963541666666664 0.025 0.0171875
0 0.28425925925925927 0.43046875 0.02777777777777778 0.0171875
0 0.17546296296296296 0.42682291666666666 0.036111111111111115 0.019270833333333334
0 0.3837962962962963 0.36432291666666666 0.021296296296296296 0.01614583333333333
0 0.3875 0.4434895833333333 0.028703703703703703 0.0171875
0 0.24120370370370373 0.47604166666666664 0.036111111111111115 0.017708333333333333
0 0.24444444444444446 0.49583333333333335 0.031481481481481485 0.017708333333333333
0 0.23194444444444445 0.5125 0.03796296296296296 0.014583333333333334
0 0.22314814814814815 0.5994791666666667 0.02962962962962963 0.019791666666666666
0 0.19675925925925927 0.62109375 0.03425925925925926 0.0171875
0 0.2351851851851852 0.68046875 0.037037037037037035 0.021354166666666667
0 0.1912037037037037 0.778125 0.036111111111111115 0.021875
0 0.14120370370370372 0.7950520833333333 0.03981481481481482 0.0203125
0 0.45833333333333337 0.32395833333333335 0.012962962962962964 0.011458333333333333
0 0.562962962962963 0.23151041666666666 0.014814814814814815 0.011979166666666666
0 0.3462962962962963 0.5947916666666666 0.02777777777777778 0.013541666666666667
0 0.375462962962963 0.42604166666666665 0.030555555555555558 0.01875
0 0.39861111111111114 0.57890625 0.03425925925925926 0.019270833333333334
0 0.40972222222222227 0.6268229166666667 0.025 0.011979166666666666
0 0.375 0.7408854166666666 0.037037037037037035 0.0234375
0 0.28240740740740744 0.7375 0.031481481481481485 0.02395833333333333
0 0.26435185185185184 0.765625 0.025 0.014583333333333334
0 0.2828703703703704 0.7989583333333333 0.030555555555555558 0.019791666666666666
0 0.4375 0.7518229166666667 0.03425925925925926 0.021354166666666667
0 0.5847222222222223 0.5302083333333333 0.02314814814814815 0.0125
0 0.3652777777777778 0.403125 0.030555555555555558 0.021875
0 0.5277777777777778 0.45468749999999997 0.018518518518518517 0.009375
0 0.44351851851851853 0.40598958333333335 0.024074074074074074 0.015104166666666667
0 0.46296296296296297 0.4088541666666667 0.02962962962962963 0.016666666666666666
0 0.5143518518518518 0.5643229166666667 0.028703703703703703 0.01614583333333333
0 0.36712962962962964 0.6208333333333333 0.017592592592592594 0.013541666666666667
0 0.3666666666666667 0.6109375 0.020370370370370372 0.013541666666666667
0 0.2953703703703704 0.33203125 0.018518518518518517 0.013020833333333334
0 0.44537037037037036 0.78828125 0.02777777777777778 0.021354166666666667
0 0.7402777777777778 0.8325520833333333 0.03425925925925926 0.024479166666666666
0 0.5944444444444444 0.7096354166666666 0.03518518518518519 0.0234375
0 0.7064814814814815 0.8270833333333333 0.016666666666666666 0.020833333333333332
0 0.7310185185185185 0.73203125 0.03425925925925926 0.022395833333333334
0 0.9555555555555556 0.8046875 0.018518518518518517 0.017708333333333333
0 0.737037037037037 0.7067708333333333 0.014814814814814815 0.009375
0 0.8847222222222223 0.7138020833333333 0.032407407407407406 0.019270833333333334
0 0.9148148148148149 0.7065104166666667 0.03333333333333333 0.019270833333333334
0 0.8652777777777778 0.6833333333333333 0.021296296296296296 0.0125
0 0.8069444444444445 0.634375 0.030555555555555558 0.015625
0 0.8282407407407407 0.63125 0.017592592592592594 0.010416666666666666
0 0.763425925925926 0.6411458333333333 0.021296296296296296 0.014583333333333334
0 0.7685185185185186 0.6575520833333334 0.02962962962962963 0.015104166666666667
0 0.7805555555555556 0.6247395833333333 0.03518518518518519 0.0171875
0 0.6828703703703703 0.6065104166666666 0.021296296296296296 0.011979166666666666
0 0.7032407407407407 0.5921875 0.025 0.011458333333333333
0 0.6907407407407408 0.57890625 0.016666666666666666 0.011979166666666666
0 0.6162037037037037 0.55078125 0.028703703703703703 0.013020833333333334
0 0.5981481481481482 0.490625 0.031481481481481485 0.017708333333333333
0 0.6888888888888889 0.5630208333333333 0.02962962962962963 0.017708333333333333
0 0.6425925925925926 0.5473958333333333 0.02592592592592593 0.017708333333333333
0 0.6597222222222222 0.565625 0.019444444444444445 0.013541666666666667
0 0.5962962962962963 0.3966145833333333 0.024074074074074074 0.013020833333333334
0 0.6986111111111112 0.3971354166666667 0.017592592592592594 0.0109375
0 0.6712962962962963 0.4046875 0.02592592592592593 0.015625
0 0.6148148148148148 0.34609375 0.018518518518518517 0.008854166666666666
0 0.6856481481481482 0.4432291666666667 0.021296296296296296 0.014583333333333334
0 0.6925925925925926 0.36953125 0.022222222222222223 0.011979166666666666
0 0.5990740740740741 0.19036458333333334 0.037037037037037035 0.027604166666666666
0 0.6615740740740741 0.17447916666666666 0.02314814814814815 0.015625
0 0.6722222222222223 0.23177083333333334 0.02777777777777778 0.019791666666666666
0 0.6662037037037037 0.25416666666666665 0.017592592592592594 0.010416666666666666
0 0.6837962962962963 0.16067708333333333 0.02314814814814815 0.0203125
0 0.6916666666666667 0.17760416666666667 0.022222222222222223 0.016666666666666666
0 0.7203703703703704 0.1328125 0.024074074074074074 0.020833333333333332
0 0.7388888888888889 0.11119791666666666 0.031481481481481485 0.022395833333333334
0 0.7398148148148148 0.12838541666666667 0.018518518518518517 0.013020833333333334
0 0.6513888888888889 0.26536458333333335 0.017592592592592594 0.009895833333333333
0 0.6768518518518519 0.3502604166666667 0.016666666666666666 0.0109375
0 0.8523148148148149 0.5984375 0.028703703703703703 0.014583333333333334
0 0.8398148148148148 0.5549479166666667 0.03333333333333333 0.01614583333333333
0 0.8680555555555556 0.5307291666666667 0.030555555555555558 0.016666666666666666
0 0.9717592592592593 0.5255208333333333 0.04166666666666667 0.019791666666666666
0 0.9703703703703704 0.71640625 0.03888888888888889 0.019270833333333334
0 0.9671296296296297 0.6908854166666667 0.03425925925925926 0.015104166666666667
0 0.9888888888888889 0.4596354166666667 0.022222222222222223 0.018229166666666668
0 0.8949074074074075 0.48515625 0.03425925925925926 0.0140625
0 0.8546296296296296 0.40182291666666664 0.02592592592592593 0.0140625
0 0.8847222222222223 0.35833333333333334 0.026851851851851852 0.01875
0 0.8189814814814815 0.37578125 0.032407407407407406 0.019270833333333334
0 0.8435185185185186 0.328125 0.031481481481481485 0.020833333333333332
0 0.9365740740740741 0.34088541666666666 0.030555555555555558 0.01614583333333333
0 0.950925925925926 0.328125 0.037037037037037035 0.016666666666666666
0 0.8393518518518519 0.25677083333333334 0.032407407407407406 0.015625
0 0.8634259259259259 0.2596354166666667 0.02314814814814815 0.0171875
0 0.813425925925926 0.39010416666666664 0.030555555555555558 0.014583333333333334
0 0.9240740740740742 0.7755208333333333 0.02962962962962963 0.017708333333333333
0 0.9314814814814815 0.23333333333333334 0.03518518518518519 0.020833333333333332
0 0.6722222222222223 0.7934895833333333 0.037037037037037035 0.018229166666666668
0 0.6101851851851852 0.4200520833333333 0.024074074074074074 0.01614583333333333
0 0.7921296296296296 0.6078125 0.015740740740740743 0.016666666666666666
0 0.8532407407407407 0.4158854166666667 0.025 0.0140625
0 0.9023148148148149 0.49557291666666664 0.032407407407407406 0.0140625
0 0.6856481481481482 0.8364583333333333 0.017592592592592594 0.01875
0 0.8273148148148148 0.35625 0.025 0.015625
