0 0.007870370370370371 0.5786458333333333 0.01388888888888889 0.01875
0 0.06527777777777778 0.6721354166666667 0.032407407407407406 0.018229166666666668
0 0.09398148148148149 0.6544270833333333 0.030555555555555558 0.0171875
0 0.05185185185185186 0.484375 0.03888888888888889 0.017708333333333333
0 0.08148148148148149 0.45234375 0.024074074074074074 0.018229166666666668
0 0.05787037037037037 0.46119791666666665 0.03425925925925926 0.021354166666666667
0 0.15833333333333333 0.44140625 0.037037037037037035 0.019270833333333334
0 0.27870370370370373 0.19401041666666666 0.024074074074074074 0.0171875
0 0.12268518518518519 0.4515625 0.036111111111111115 0.016666666666666666
0 0.28703703703703703 0.13932291666666666 0.022222222222222223 0.0171875
0 0.24074074074074076 0.25703125 0.037037037037037035 0.0171875
0 0.22731481481481483 0.24687499999999998 0.03981481481481482 0.026041666666666668
0 0.21296296296296297 0.26953125 0.037037037037037035 0.025520833333333333
0 0.17546296296296296 0.3341145833333333 0.03796296296296296 0.0234375
0 0.23935185185185187 0.3580729166666667 0.030555555555555558 0.018229166666666668
0 0.22962962962962963 0.3411458333333333 0.031481481481481485 0.017708333333333333
0 0.21157407407407408 0.4088541666666667 0.025 0.017708333333333333
0 0.27546296296296297 0.4302083333333333 0.028703703703703703 0.016666666666666666
0 0.16527777777777777 0.4263020833333333 0.036111111111111115 0.019270833333333334
0 0.37453703703703706 0.3640625 0.021296296296296296 0.016666666666666666
0 0.3787037037037037 0.44296874999999997 0.031481481481481485 0.0171875
0 0.23055555555555557 0.47604166666666664 0.037037037037037035 0.017708333333333333
0 0.23425925925925928 0.49557291666666664 0.031481481481481485 0.018229166666666668
0 0.22083333333333335 0.5125 0.03981481481481482 0.015625
0 0.2125 0.5994791666666667 0.030555555555555558 0.019791666666666666
0 0.1851851851851852 0.62109375 0.03333333333333333 0.0171875
0 0.22546296296296298 0.6807291666666666 0.036111111111111115 0.021875
0 0.18055555555555555 0.7786458333333334 0.037037037037037035 0.021875
0 0.12962962962962962 0.7955729166666666 0.03888888888888889 0.021354166666666667
0 0.44953703703703707 0.3229166666666667 0.01388888888888889 0.011458333333333333
0 0.5560185185185186 0.23020833333333332 0.015740740740740743 0.0125
0 0.337037037037037 0.5942708333333333 0.02777777777777778 0.013541666666666667
0 0.36712962962962964 0.4236979166666667 0.032407407407407406 0.019270833333333334
0 0.38981481481481484 0.57890625 0.03518518518518519 0.019270833333333334
0 0.4027777777777778 0.6268229166666667 0.022222222222222223 0.0109375
0 0.3648148148148148 0.7411458333333333 0.037037037037037035 0.022916666666666665
0 0.27175925925925926 0.7372395833333333 0.032407407407407406 0.0234375
0 0.2537037037037037 0.7653645833333333 0.024074074074074074 0.0140625
0 0.6972222222222223 0.8268229166666666 0.016666666666666666 0.022395833333333334
0 0.26990740740740743 0.7994791666666666 0.030555555555555558 0.019791666666666666
0 0.42824074074074076 0.7518229166666667 0.03425925925925926 0.0203125
0 0.5750000000000001 0.5302083333333333 0.024074074074074074 0.0125
0 0.35555555555555557 0.4028645833333333 0.031481481481481485 0.022395833333333334
0 0.5208333333333334 0.45416666666666666 0.019444444444444445 0.008333333333333333
0 0.4328703703703704 0.40572916666666664 0.025 0.015625
0 0.4527777777777778 0.4083333333333333 0.02777777777777778 0.017708333333333333
0 0.5055555555555555 0.5643229166666667 0.02962962962962963 0.01614583333333333
0 0.3574074074074074 0.6203125 0.016666666666666666 0.013541666666666667
0 0.3574074074074074 0.6109375 0.020370370370370372 0.013541666666666667
0 0.28611111111111115 0.33177083333333335 0.018518518518518517 0.013541666666666667
0 0.4356481481481482 0.7885416666666667 0.028703703703703703 0.021875
0 0.7291666666666667 0.8325520833333333 0.03425925925925926 0.024479166666666666
0 0.5842592592592593 0.709375 0.037037037037037035 0.02395833333333333
0 0.7240740740740741 0.7325520833333333 0.031481481481481485 0.022395833333333334
0 0.9453703703703704 0.8044270833333333 0.018518518518518517 0.018229166666666668
0 0.7277777777777779 0.70625 0.014814814814814815 0.010416666666666666
0 0.8745370370370371 0.7127604166666667 0.030555555555555558 0.019270833333333334
0 0.9055555555555556 0.70546875 0.03333333333333333 0.019270833333333334
0 0.8574074074074074 0.6828125 0.022222222222222223 0.0125
0 0.7986111111111112 0.6338541666666666 0.030555555555555558 0.015625
0 0.8203703703703704 0.6307291666666667 0.016666666666666666 0.010416666666666666
0 0.7555555555555555 0.6411458333333333 0.022222222222222223 0.014583333333333334
0 0.7601851851851852 0.6567708333333333 0.02962962962962963 0.014583333333333334
0 0.7726851851851853 0.62421875 0.03425925925925926 0.0171875
0 0.6736111111111112 0.60625 0.021296296296296296 0.0125
0 0.6949074074074074 0.5919270833333333 0.025 0.011979166666666666
0 0.6828703703703703 0.578125 0.017592592592592594 0.0125
0 0.6069444444444445 0.5502604166666667 0.028703703703703703 0.013020833333333334
0 0.5898148148148148 0.4903645833333333 0.031481481481481485 0.018229166666666668
0 0.6805555555555556 0.5625 0.02962962962962963 0.017708333333333333
0 0.6342592592592593 0.5473958333333333 0.02592592592592593 0.017708333333333333
0 0.6513888888888889 0.5653645833333333 0.019444444444444445 0.013020833333333334
0 0.5875 0.3958333333333333 0.025 0.013541666666666667
0 0.6893518518518519 0.3963541666666667 0.017592592592592594 0.010416666666666666
0 0.6625 0.4041666666666667 0.025 0.015625
0 0.6060185185185185 0.3455729166666667 0.017592592592592594 0.008854166666666666
0 0.6777777777777778 0.44296874999999997 0.022222222222222223 0.0140625
0 0.6842592592592592 0.3690104166666667 0.022222222222222223 0.011979166666666666
0 0.5898148148148148 0.1890625 0.037037037037037035 0.028125
0 0.6537037037037037 0.1734375 0.022222222222222223 0.016666666666666666
0 0.6638888888888889 0.23046875 0.02777777777777778 0.019270833333333334
0 0.6550925925925927 0.24166666666666667 0.015740740740740743 0.0125
0 0.6583333333333333 0.25338541666666664 0.018518518518518517 0.0109375
0 0.6759259259259259 0.159375 0.022222222222222223 0.020833333333333332
0 0.6833333333333333 0.17604166666666665 0.022222222222222223 0.016666666666666666
0 0.712962962962963 0.13177083333333334 0.024074074074074074 0.020833333333333332
0 0.7319444444444445 0.11015625 0.030555555555555558 0.022395833333333334
0 0.7324074074074074 0.12682291666666667 0.018518518518518517 0.013020833333333334
0 0.6430555555555556 0.2643229166666667 0.017592592592592594 0.009895833333333333
0 0.6717592592592593 0.3494791666666667 0.017592592592592594 0.010416666666666666
0 0.8449074074074074 0.59765625 0.028703703703703703 0.015104166666666667
0 0.8337962962962964 0.5544270833333333 0.030555555555555558 0.0171875
0 0.8606481481481482 0.53046875 0.030555555555555558 0.0171875
0 0.962962962962963 0.5255208333333333 0.040740740740740744 0.019791666666666666
0 0.9615740740740741 0.7158854166666666 0.03796296296296296 0.019270833333333334
0 0.9583333333333334 0.690625 0.03518518518518519 0.015625
0 0.9847222222222223 0.45859374999999997 0.030555555555555558 0.018229166666666668
0 0.8875000000000001 0.48463541666666665 0.03425925925925926 0.015104166666666667
0 0.8472222222222222 0.4015625 0.02592592592592593 0.014583333333333334
0 0.8763888888888889 0.35703125 0.026851851851851852 0.019270833333333334
0 0.8106481481481482 0.37526041666666665 0.032407407407407406 0.019270833333333334
0 0.8347222222222223 0.32734375 0.030555555555555558 0.021354166666666667
0 0.9287037037037037 0.34010416666666665 0.031481481481481485 0.015625
0 0.9425925925925926 0.32760416666666664 0.037037037037037035 0.016666666666666666
0 0.8314814814814815 0.2559895833333333 0.031481481481481485 0.01614583333333333
0 0.8555555555555556 0.25885416666666666 0.022222222222222223 0.017708333333333333
0 0.8069444444444445 0.38958333333333334 0.032407407407407406 0.014583333333333334
0 0.9148148148148149 0.77578125 0.02962962962962963 0.018229166666666668
0 0.9240740740740742 0.23255208333333333 0.03518518518518519 0.021354166666666667
0 0.6615740740740741 0.7934895833333333 0.036111111111111115 0.018229166666666668
0 0.6023148148148149 0.41953124999999997 0.025 0.01614583333333333
0 0.7833333333333333 0.6072916666666667 0.014814814814814815 0.016666666666666666
0 0.8472222222222222 0.4153645833333333 0.024074074074074074 0.0140625
0 0.8944444444444445 0.4947916666666667 0.03333333333333333 0.013541666666666667
0 0.6763888888888889 0.8361979166666667 0.017592592592592594 0.018229166666666668
0 0.8194444444444445 0.35520833333333335 0.024074074074074074 0.015625
