0 0.053703703703703705 0.67265625 0.031481481481481485 0.01614583333333333
0 0.08472222222222223 0.6541666666666667 0.030555555555555558 0.017708333333333333
0 0.04212962962962963 0.48359375 0.03796296296296296 0.018229166666666668
0 0.0712962962962963 0.4510416666666667 0.024074074074074074 0.017708333333333333
0 0.046759259259259264 0.46067708333333335 0.03425925925925926 0.021354166666666667
0 0.14814814814814814 0.44088541666666664 0.037037037037037035 0.019270833333333334
0 0.2712962962962963 0.19244791666666666 0.024074074074074074 0.01614583333333333
0 0.1125 0.4510416666666667 0.036111111111111115 0.016666666666666666
0 0.27870370370370373 0.1375 0.022222222222222223 0.017708333333333333
0 0.22824074074074074 0.25546875 0.03981481481481482 0.01614583333333333
0 0.21481481481481482 0.24505208333333334 0.03888888888888889 0.025520833333333333
0 0.20092592592592592 0.26796875 0.037037037037037035 0.025520833333333333
0 0.16481481481481483 0.3328125 0.037037037037037035 0.02395833333333333
0 0.23101851851851854 0.35651041666666666 0.030555555555555558 0.018229166666666668
0 0.22037037037037038 0.34010416666666665 0.031481481481481485 0.017708333333333333
0 0.20231481481481484 0.4080729166666667 0.025 0.0171875
0 0.26666666666666666 0.42916666666666664 0.02777777777777778 0.016666666666666666
0 0.15601851851851853 0.42578125 0.036111111111111115 0.019270833333333334
0 0.36712962962962964 0.36328125 0.021296296296296296 0.0171875
0 0.3731481481481482 0.4421875 0.031481481481481485 0.016666666666666666
0 0.22222222222222224 0.475 0.037037037037037035 0.017708333333333333
0 0.22685185185185186 0.4953125 0.03333333333333333 0.01875
0 0.2101851851851852 0.51171875 0.040740740740740744 0.01614583333333333
0 0.20277777777777778 0.5984375 0.02962962962962963 0.019791666666666666
0 0.17500000000000002 0.6203125 0.03518518518518519 0.016666666666666666
0 0.2152777777777778 0.68046875 0.03981481481481482 0.021354166666666667
0 0.17083333333333334 0.7786458333333334 0.036111111111111115 0.021875
0 0.11898148148148148 0.7958333333333333 0.03981481481481482 0.021875
0 0.44212962962962965 0.3216145833333333 0.01388888888888889 0.0109375
0 0.5476851851851852 0.22838541666666667 0.01388888888888889 0.0109375
0 0.3277777777777778 0.59375 0.02777777777777778 0.013541666666666667
0 0.35555555555555557 0.4239583333333333 0.02962962962962963 0.021875
0 0.3824074074074074 0.578125 0.03518518518518519 0.01875
0 0.3939814814814815 0.6276041666666666 0.02314814814814815 0.0125
0 0.3564814814814815 0.7408854166666666 0.037037037037037035 0.0234375
0 0.2601851851851852 0.7375 0.031481481481481485 0.02395833333333333
0 0.24305555555555555 0.765625 0.021296296296296296 0.013541666666666667
0 0.2587962962962963 0.79921875 0.030555555555555558 0.0203125
0 0.4185185185185185 0.75078125 0.03518518518518519 0.0203125
0 0.5666666666666667 0.5296875 0.024074074074074074 0.0125
0 0.3458333333333333 0.4010416666666667 0.032407407407407406 0.022916666666666665
0 0.513425925925926 0.45338541666666665 0.019444444444444445 0.008854166666666666
0 0.42314814814814816 0.40390624999999997 0.02592592592592593 0.015104166666666667
0 0.44351851851851853 0.4067708333333333 0.02777777777777778 0.017708333333333333
0 0.4967592592592593 0.5635416666666666 0.028703703703703703 0.016666666666666666
0 0.34861111111111115 0.6197916666666666 0.017592592592592594 0.013541666666666667
0 0.34953703703703703 0.6104166666666666 0.019444444444444445 0.013541666666666667
0 0.4273148148148148 0.7885416666666667 0.026851851851851852 0.021875
0 0.7185185185185186 0.83203125 0.03333333333333333 0.024479166666666666
0 0.5768518518518518 0.7080729166666666 0.037037037037037035 0.0234375
0 0.7157407407407408 0.7322916666666667 0.02962962962962963 0.021875
0 0.9356481481481482 0.8039062499999999 0.019444444444444445 0.019270833333333334
0 0.7199074074074074 0.7059895833333333 0.015740740740740743 0.0109375
0 0.8662037037037037 0.7125 0.030555555555555558 0.019791666666666666
0 0.8976851851851853 0.7052083333333333 0.03425925925925926 0.01875
0 0.850925925925926 0.6822916666666666 0.020370370370370372 0.0125
0 0.7907407407407407 0.6330729166666667 0.031481481481481485 0.01614583333333333
0 0.8138888888888889 0.63046875 0.016666666666666666 0.009895833333333333
0 0.7476851851851852 0.6401041666666667 0.02314814814814815 0.014583333333333334
0 0.7527777777777778 0.6565104166666667 0.02962962962962963 0.015104166666666667
0 0.7652777777777778 0.6236979166666666 0.03425925925925926 0.0171875
0 0.6657407407407407 0.60546875 0.022222222222222223 0.013020833333333334
0 0.687962962962963 0.5908854166666666 0.024074074074074074 0.0109375
0 0.674537037037037 0.57734375 0.017592592592592594 0.013020833333333334
0 0.5986111111111111 0.5494791666666666 0.028703703703703703 0.0125
0 0.5810185185185185 0.48932291666666666 0.032407407407407406 0.018229166666666668
0 0.6722222222222223 0.5622395833333333 0.02962962962962963 0.0171875
0 0.625925925925926 0.54609375 0.02592592592592593 0.018229166666666668
0 0.6430555555555556 0.5645833333333333 0.019444444444444445 0.013541666666666667
0 0.5796296296296296 0.39479166666666665 0.024074074074074074 0.0125
0 0.6810185185185186 0.3953125 0.017592592592592594 0.010416666666666666
0 0.6541666666666667 0.4028645833333333 0.025 0.01614583333333333
0 0.5981481481481482 0.3442708333333333 0.018518518518518517 0.009375
0 0.6699074074074074 0.44244791666666666 0.021296296296296296 0.0140625
0 0.6763888888888889 0.36796875 0.021296296296296296 0.011979166666666666
0 0.5805555555555556 0.18776041666666665 0.037037037037037035 0.028645833333333332
0 0.6458333333333334 0.17213541666666665 0.02314814814814815 0.01614583333333333
0 0.6587962962962963 0.228125 0.02314814814814815 0.017708333333333333
0 0.6472222222222223 0.23984375 0.016666666666666666 0.013020833333333334
0 0.6509259259259259 0.2518229166666667 0.018518518518518517 0.0109375
0 0.6680555555555556 0.1578125 0.02314814814814815 0.020833333333333332
0 0.6763888888888889 0.17421875 0.02314814814814815 0.0171875
0 0.7055555555555556 0.12942708333333333 0.024074074074074074 0.021354166666666667
0 0.725 0.10755208333333333 0.031481481481481485 0.022395833333333334
0 0.725 0.125 0.018518518518518517 0.013541666666666667
0 0.6351851851851852 0.26276041666666666 0.018518518518518517 0.009895833333333333
0 0.6657407407407407 0.34791666666666665 0.016666666666666666 0.010416666666666666
0 0.837037037037037 0.5971354166666667 0.02777777777777778 0.015104166666666667
0 0.825925925925926 0.5533854166666666 0.02962962962962963 0.01614583333333333
0 0.8532407407407407 0.5299479166666666 0.030555555555555558 0.0171875
0 0.9550925925925926 0.5244791666666666 0.04166666666666667 0.019791666666666666
0 0.9532407407407407 0.715625 0.03796296296296296 0.019791666666666666
0 0.951388888888889 0.6903645833333333 0.03425925925925926 0.015104166666666667
0 0.9805555555555556 0.4575520833333333 0.037037037037037035 0.018229166666666668
0 0.8805555555555555 0.48333333333333334 0.03333333333333333 0.014583333333333334
0 0.8421296296296297 0.3997395833333333 0.026851851851851852 0.015104166666666667
0 0.8689814814814815 0.3559895833333333 0.026851851851851852 0.019270833333333334
0 0.8041666666666667 0.3736979166666667 0.032407407407407406 0.019270833333333334
0 0.8282407407407407 0.3260416666666667 0.030555555555555558 0.020833333333333332
0 0.9217592592592593 0.33932291666666664 0.032407407407407406 0.01614583333333333
0 0.9342592592592593 0.3255208333333333 0.037037037037037035 0.016666666666666666
0 0.8250000000000001 0.25416666666666665 0.03333333333333333 0.015625
0 0.8495370370370371 0.25729166666666664 0.02314814814814815 0.017708333333333333
0 0.8009259259259259 0.3890625 0.031481481481481485 0.015625
0 0.9046296296296297 0.775 0.02962962962962963 0.01875
0 0.9175925925925926 0.23124999999999998 0.03518518518518519 0.020833333333333332
0 0.6518518518518519 0.79296875 0.037037037037037035 0.018229166666666668
0 0.5935185185185186 0.41822916666666665 0.024074074074074074 0.015625
0 0.7759259259259259 0.60703125 0.014814814814814815 0.01614583333333333
0 0.8412037037037038 0.41380208333333335 0.02314814814814815 0.0140625
0 0.8875000000000001 0.4942708333333333 0.030555555555555558 0.013541666666666667
0 0.6680555555555556 0.8356770833333333 0.017592592592592594 0.018229166666666668
0 0.8125 0.3541666666666667 0.025 0.015625
