0 0.04583333333333334 0.671875 0.03425925925925926 0.016666666666666666
0 0.07546296296296297 0.6533854166666666 0.030555555555555558 0.018229166666666668
0 0.031018518518518518 0.4822916666666667 0.03796296296296296 0.01875
0 0.06064814814814815 0.4497395833333333 0.025 0.018229166666666668
0 0.03657407407407408 0.4588541666666667 0.03425925925925926 0.020833333333333332
0 0.13935185185185187 0.4395833333333333 0.03796296296296296 0.019791666666666666
0 0.10324074074074074 0.44921875 0.036111111111111115 0.0171875
0 0.27037037037037037 0.13515625 0.022222222222222223 0.0171875
0 0.2611111111111111 0.18984375 0.024074074074074074 0.01614583333333333
0 0.2189814814814815 0.253125 0.03796296296296296 0.017708333333333333
0 0.20277777777777778 0.24270833333333333 0.03888888888888889 0.026041666666666668
0 0.19074074074074074 0.26588541666666665 0.037037037037037035 0.025520833333333333
0 0.15416666666666667 0.33125 0.03796296296296296 0.02395833333333333
0 0.22268518518518518 0.35546875 0.030555555555555558 0.018229166666666668
0 0.21157407407407408 0.3385416666666667 0.032407407407407406 0.017708333333333333
0 0.19305555555555556 0.40651041666666665 0.025 0.0171875
0 0.2587962962962963 0.4276041666666667 0.028703703703703703 0.016666666666666666
0 0.14675925925925926 0.42421875 0.036111111111111115 0.019270833333333334
0 0.3601851851851852 0.3619791666666667 0.022222222222222223 0.017708333333333333
0 0.36388888888888893 0.44140625 0.03333333333333333 0.01614583333333333
0 0.21296296296296297 0.4734375 0.037037037037037035 0.017708333333333333
0 0.21712962962962964 0.4942708333333333 0.032407407407407406 0.017708333333333333
0 0.19907407407407407 0.5111979166666667 0.03888888888888889 0.0171875
0 0.1925925925925926 0.5981770833333333 0.031481481481481485 0.019270833333333334
0 0.16435185185185186 0.6197916666666666 0.03425925925925926 0.016666666666666666
0 0.2064814814814815 0.6802083333333333 0.040740740740740744 0.021875
0 0.16064814814814815 0.7783854166666666 0.036111111111111115 0.022395833333333334
0 0.1087962962962963 0.79453125 0.03981481481481482 0.019270833333333334
0 0.4337962962962963 0.3203125 0.01388888888888889 0.011458333333333333
0 0.5393518518518519 0.2265625 0.012037037037037037 0.011458333333333333
0 0.34675925925925927 0.42213541666666665 0.030555555555555558 0.021354166666666667
0 0.3199074074074074 0.5932291666666667 0.026851851851851852 0.013541666666666667
0 0.3731481481481482 0.5770833333333333 0.03518518518518519 0.01875
0 0.3856481481481482 0.6265625 0.02314814814814815 0.0125
0 0.34675925925925927 0.7401041666666667 0.03796296296296296 0.022916666666666665
0 0.25 0.73671875 0.031481481481481485 0.0234375
0 0.23287037037037037 0.7643229166666666 0.02314814814814815 0.013020833333333334
0 0.24722222222222223 0.7984375 0.02962962962962963 0.019791666666666666
0 0.4101851851851852 0.75 0.03518518518518519 0.019791666666666666
0 0.5587962962962963 0.5278645833333333 0.02314814814814815 0.011979166666666666
0 0.33611111111111114 0.39947916666666666 0.031481481481481485 0.022916666666666665
0 0.5064814814814815 0.45234375 0.018518518518518517 0.008854166666666666
0 0.41435185185185186 0.403125 0.025 0.015625
0 0.4342592592592593 0.40572916666666664 0.02777777777777778 0.017708333333333333
0 0.48888888888888893 0.5625 0.02962962962962963 0.016666666666666666
0 0.33981481481481485 0.6192708333333333 0.016666666666666666 0.013541666666666667
0 0.3402777777777778 0.6091145833333333 0.019444444444444445 0.0140625
0 0.4175925925925926 0.78828125 0.02592592592592593 0.022395833333333334
0 0.7083333333333334 0.8315104166666667 0.03333333333333333 0.024479166666666666
0 0.5675925925925926 0.7072916666666667 0.037037037037037035 0.02395833333333333
0 0.7078703703703704 0.7317708333333334 0.030555555555555558 0.022916666666666665
0 0.9263888888888889 0.8028645833333333 0.019444444444444445 0.019270833333333334
0 0.7125 0.70546875 0.017592592592592594 0.0109375
0 0.8578703703703704 0.71171875 0.030555555555555558 0.019270833333333334
0 0.888888888888889 0.70390625 0.03333333333333333 0.019270833333333334
0 0.8425925925925927 0.6817708333333333 0.020370370370370372 0.0125
0 0.7847222222222222 0.6317708333333333 0.030555555555555558 0.015625
0 0.8055555555555556 0.62890625 0.016666666666666666 0.009895833333333333
0 0.7402777777777778 0.6395833333333333 0.02314814814814815 0.014583333333333334
0 0.7458333333333333 0.6557291666666667 0.030555555555555558 0.014583333333333334
0 0.7574074074074074 0.62265625 0.03518518518518519 0.0171875
0 0.6587962962962963 0.6046875 0.021296296296296296 0.0125
0 0.6805555555555556 0.590625 0.024074074074074074 0.011458333333333333
0 0.6671296296296296 0.5768229166666666 0.017592592592592594 0.013020833333333334
0 0.5902777777777778 0.5486979166666667 0.028703703703703703 0.013020833333333334
0 0.5726851851851852 0.48828125 0.032407407407407406 0.018229166666666668
0 0.6648148148148149 0.5609375 0.02962962962962963 0.017708333333333333
0 0.6185185185185186 0.5453125 0.02592592592592593 0.017708333333333333
0 0.6356481481481482 0.5635416666666666 0.019444444444444445 0.013541666666666667
0 0.5712962962962963 0.39348958333333334 0.024074074074074074 0.013020833333333334
0 0.6722222222222223 0.39401041666666664 0.018518518518518517 0.0109375
0 0.6462962962962964 0.40182291666666664 0.02592592592592593 0.01614583333333333
0 0.5916666666666667 0.34296875 0.018518518518518517 0.008854166666666666
0 0.6625 0.44140625 0.021296296296296296 0.0140625
0 0.6699074074074074 0.36666666666666664 0.021296296296296296 0.0125
0 0.5722222222222223 0.18515625 0.037037037037037035 0.028645833333333332
0 0.637962962962963 0.16979166666666667 0.024074074074074074 0.016666666666666666
0 0.649537037037037 0.2265625 0.026851851851851852 0.017708333333333333
0 0.6398148148148148 0.2375 0.016666666666666666 0.013541666666666667
0 0.6444444444444445 0.25026041666666665 0.018518518518518517 0.0109375
0 0.6601851851851852 0.15546875 0.022222222222222223 0.021354166666666667
0 0.6699074074074074 0.17213541666666665 0.02314814814814815 0.0171875
0 0.6995370370370371 0.12682291666666667 0.025 0.021354166666666667
0 0.7185185185185186 0.10520833333333333 0.031481481481481485 0.022916666666666665
0 0.7194444444444444 0.12265625 0.018518518518518517 0.0140625
0 0.6273148148148149 0.2609375 0.017592592592592594 0.010416666666666666
0 0.6611111111111111 0.34661458333333334 0.014814814814814815 0.009895833333333333
0 0.8291666666666667 0.5955729166666667 0.028703703703703703 0.015104166666666667
0 0.8203703703703704 0.5520833333333334 0.02777777777777778 0.016666666666666666
0 0.8467592592592593 0.5283854166666666 0.030555555555555558 0.0171875
0 0.9476851851851852 0.5239583333333333 0.04166666666666667 0.019791666666666666
0 0.9462962962962963 0.7145833333333333 0.037037037037037035 0.01875
0 0.9435185185185185 0.6890625 0.03333333333333333 0.014583333333333334
0 0.9726851851851852 0.45677083333333335 0.03796296296296296 0.017708333333333333
0 0.8745370370370371 0.48203124999999997 0.032407407407407406 0.0140625
0 0.8351851851851853 0.3989583333333333 0.02592592592592593 0.014583333333333334
0 0.8611111111111112 0.3546875 0.02777777777777778 0.019791666666666666
0 0.7981481481481482 0.37265625 0.031481481481481485 0.019270833333333334
0 0.8212962962962963 0.3247395833333333 0.031481481481481485 0.021354166666666667
0 0.9148148148148149 0.3377604166666667 0.031481481481481485 0.01614583333333333
0 0.9277777777777778 0.32421875 0.037037037037037035 0.0171875
0 0.8189814814814815 0.2520833333333333 0.032407407407407406 0.015625
0 0.8421296296296297 0.2557291666666667 0.02314814814814815 0.017708333333333333
0 0.7949074074074074 0.3875 0.032407407407407406 0.015625
0 0.8962962962962964 0.7739583333333333 0.02962962962962963 0.01875
0 0.9115740740740741 0.22890625 0.03425925925925926 0.021354166666666667
0 0.6430555555555556 0.7924479166666667 0.03796296296296296 0.018229166666666668
0 0.5856481481481481 0.4171875 0.025 0.016666666666666666
0 0.7680555555555556 0.6057291666666667 0.015740740740740743 0.016666666666666666
0 0.8356481481481481 0.4127604166666667 0.025 0.0140625
0 0.8810185185185185 0.49296875 0.032407407407407406 0.0140625
0 0.6597222222222222 0.834375 0.017592592592592594 0.01875
0 0.8046296296296297 0.35260416666666666 0.024074074074074074 0.015625
