0 0.9847222222222223 0.6690104166666666 0.030555555555555558 0.018229166666666668
0 0.9546296296296297 0.6510416666666666 0.031481481481481485 0.017708333333333333
0 0.9907407407407408 0.4809895833333333 0.018518518518518517 0.0234375
0 0.9740740740740741 0.44635416666666666 0.02592592592592593 0.017708333333333333
0 0.9898148148148148 0.4557291666666667 0.020370370370370372 0.020833333333333332
0 0.8925925925925926 0.43697916666666664 0.03888888888888889 0.020833333333333332
0 0.9300925925925926 0.4458333333333333 0.03796296296296296 0.017708333333333333
0 0.7601851851851852 0.12630208333333334 0.022222222222222223 0.018229166666666668
0 0.7699074074074075 0.18203125 0.025 0.01614583333333333
0 0.8162037037037038 0.24557291666666667 0.03425925925925926 0.018229166666666668
0 0.837962962962963 0.23541666666666666 0.040740740740740744 0.027083333333333334
0 0.8495370370370371 0.25859375 0.03796296296296296 0.025520833333333333
0 0.8814814814814815 0.3260416666666667 0.03888888888888889 0.02395833333333333
0 0.8087962962962963 0.35 0.030555555555555558 0.01875
0 0.8194444444444445 0.3328125 0.03333333333333333 0.017708333333333333
0 0.837962962962963 0.40208333333333335 0.02777777777777778 0.017708333333333333
0 0.7699074074074075 0.4236979166666667 0.030555555555555558 0.0171875
0 0.8861111111111112 0.4200520833333333 0.037037037037037035 0.019270833333333334
0 0.8314814814814815 0.509375 0.03518518518518519 0.016666666666666666
0 0.6694444444444445 0.3567708333333333 0.022222222222222223 0.015625
0 0.6643518518518519 0.43906249999999997 0.026851851851851852 0.0125
0 0.8189814814814815 0.47031249999999997 0.03796296296296296 0.017708333333333333
0 0.8152777777777778 0.490625 0.03425925925925926 0.01875
0 0.8402777777777778 0.5947916666666666 0.032407407407407406 0.019791666666666666
0 0.8694444444444445 0.6169270833333333 0.03518518518518519 0.01614583333333333
0 0.8231481481481482 0.678125 0.037037037037037035 0.020833333333333332
0 0.8712962962962963 0.7755208333333333 0.03518518518518519 0.021875
0 0.9166666666666667 0.79375 0.044444444444444446 0.021875
0 0.5935185185185186 0.31536458333333334 0.014814814814814815 0.0109375
0 0.487962962962963 0.21953124999999998 0.011111111111111112 0.0109375
0 0.7087962962962964 0.590625 0.026851851851851852 0.013541666666666667
0 0.6546296296296297 0.5744791666666667 0.03518518518518519 0.01875
0 0.6416666666666667 0.6234375 0.024074074074074074 0.0125
0 0.6824074074074075 0.7375 0.03888888888888889 0.022916666666666665
0 0.7856481481481482 0.7348958333333333 0.030555555555555558 0.02395833333333333
0 0.8013888888888889 0.7635416666666667 0.019444444444444445 0.011458333333333333
0 0.7898148148148149 0.7971354166666667 0.02962962962962963 0.0203125
0 0.6194444444444445 0.746875 0.03333333333333333 0.01875
0 0.46944444444444444 0.525 0.024074074074074074 0.0125
0 0.6962962962962963 0.3950520833333333 0.03333333333333333 0.022395833333333334
0 0.5199074074074074 0.4484375 0.017592592592592594 0.008333333333333333
0 0.6189814814814815 0.39791666666666664 0.026851851851851852 0.015625
0 0.5 0.4161458333333333 0.022222222222222223 0.013541666666666667
0 0.5986111111111111 0.40130208333333334 0.026851851851851852 0.018229166666666668
0 0.5375 0.5596354166666666 0.028703703703703703 0.01614583333333333
0 0.6893518518518519 0.6161458333333333 0.015740740740740743 0.013541666666666667
0 0.687962962962963 0.60625 0.018518518518518517 0.013541666666666667
0 0.6125 0.7854166666666667 0.026851851851851852 0.022916666666666665
0 0.32592592592592595 0.8283854166666667 0.03333333333333333 0.024479166666666666
0 0.46111111111111114 0.7044270833333334 0.037037037037037035 0.0234375
0 0.5907407407407408 0.7013020833333333 0.014814814814814815 0.008854166666666666
0 0.3180555555555556 0.7302083333333333 0.028703703703703703 0.021875
0 0.10416666666666667 0.7997395833333333 0.019444444444444445 0.019270833333333334
0 0.31342592592592594 0.7033854166666667 0.019444444444444445 0.009895833333333333
0 0.17175925925925928 0.70859375 0.030555555555555558 0.019270833333333334
0 0.1398148148148148 0.7010416666666667 0.03333333333333333 0.01875
0 0.1814814814814815 0.67890625 0.022222222222222223 0.013020833333333334
0 0.24120370370370373 0.6286458333333333 0.030555555555555558 0.015625
0 0.21944444444444444 0.6255208333333333 0.016666666666666666 0.010416666666666666
0 0.2847222222222222 0.6356770833333333 0.02314814814814815 0.0140625
0 0.2800925925925926 0.65234375 0.030555555555555558 0.015104166666666667
0 0.26712962962962966 0.61953125 0.03425925925925926 0.0171875
0 0.3680555555555556 0.6010416666666667 0.021296296296296296 0.0125
0 0.3453703703703704 0.5872395833333334 0.024074074074074074 0.0109375
0 0.35833333333333334 0.5731770833333333 0.018518518518518517 0.013020833333333334
0 0.4375 0.5453125 0.028703703703703703 0.013541666666666667
0 0.4550925925925926 0.48463541666666665 0.032407407407407406 0.018229166666666668
0 0.3625 0.5578125 0.028703703703703703 0.017708333333333333
0 0.40925925925925927 0.5421875 0.02592592592592593 0.017708333333333333
0 0.3907407407407408 0.5604166666666667 0.020370370370370372 0.013541666666666667
0 0.4569444444444445 0.3893229166666667 0.02314814814814815 0.013020833333333334
0 0.3592592592592593 0.3893229166666667 0.018518518518518517 0.0109375
0 0.3819444444444445 0.3971354166666667 0.025 0.01614583333333333
0 0.4361111111111111 0.3375 0.018518518518518517 0.009375
0 0.36388888888888893 0.43671875 0.020370370370370372 0.013020833333333334
0 0.3592592592592593 0.3619791666666667 0.022222222222222223 0.0125
0 0.45833333333333337 0.17760416666666667 0.037037037037037035 0.029166666666666667
0 0.3893518518518519 0.1625 0.025 0.01875
0 0.37777777777777777 0.21953124999999998 0.02592592592592593 0.0171875
0 0.38842592592592595 0.23098958333333333 0.017592592592592594 0.0140625
0 0.37962962962962965 0.24348958333333334 0.018518518518518517 0.0109375
0 0.3662037037037037 0.14765625 0.02314814814814815 0.021354166666666667
0 0.35694444444444445 0.16458333333333333 0.025 0.017708333333333333
0 0.3263888888888889 0.11927083333333333 0.025 0.021875
0 0.30833333333333335 0.09635416666666667 0.031481481481481485 0.022916666666666665
0 0.3060185185185185 0.11432291666666666 0.019444444444444445 0.0140625
0 0.40185185185185185 0.2546875 0.018518518518518517 0.010416666666666666
0 0.36435185185185187 0.3416666666666667 0.015740740740740743 0.010416666666666666
0 0.19768518518518519 0.5927083333333333 0.028703703703703703 0.014583333333333334
0 0.2050925925925926 0.5486979166666667 0.028703703703703703 0.0171875
0 0.17916666666666667 0.5252604166666667 0.030555555555555558 0.0171875
0 0.07962962962962963 0.5197916666666667 0.040740740740740744 0.019791666666666666
0 0.08148148148148149 0.71171875 0.03518518518518519 0.019270833333333334
0 0.08425925925925926 0.6856770833333333 0.03333333333333333 0.015104166666666667
0 0.015277777777777779 0.725 0.026851851851851852 0.02395833333333333
0 0.05324074074074074 0.45260416666666664 0.03796296296296296 0.017708333333333333
0 0.15 0.4783854166666667 0.03333333333333333 0.0140625
0 0.1865740740740741 0.3950520833333333 0.025 0.0140625
0 0.16481481481481483 0.3497395833333333 0.02962962962962963 0.0203125
0 0.2263888888888889 0.3677083333333333 0.032407407407407406 0.019791666666666666
0 0.20462962962962963 0.31953125 0.031481481481481485 0.021354166666666667
0 0.11018518518518519 0.3325520833333333 0.031481481481481485 0.01614583333333333
0 0.09722222222222222 0.3190104166666667 0.03888888888888889 0.0171875
0 0.20601851851851852 0.24583333333333332 0.032407407407407406 0.015625
0 0.1814814814814815 0.25 0.024074074074074074 0.017708333333333333
0 0.02314814814814815 0.18776041666666665 0.04259259259259259 0.021354166666666667
0 0.2300925925925926 0.38307291666666665 0.030555555555555558 0.015104166666666667
0 0.13333333333333333 0.77109375 0.02962962962962963 0.018229166666666668
0 0.11157407407407408 0.22291666666666665 0.03425925925925926 0.021875
0 0.38796296296296295 0.7893229166666667 0.037037037037037035 0.0171875
0 0.4416666666666667 0.4125 0.024074074074074074 0.015625
0 0.25787037037037036 0.6028645833333334 0.01388888888888889 0.015104166666666667
0 0.18564814814814815 0.40911458333333334 0.02314814814814815 0.0140625
0 0.14351851851851852 0.4895833333333333 0.031481481481481485 0.013541666666666667
0 0.36712962962962964 0.8309895833333333 0.017592592592592594 0.018229166666666668
0 0.2199074074074074 0.34765625 0.02314814814814815 0.01614583333333333
