0 0.01712962962962963 0.6690104166666666 0.030555555555555558 0.018229166666666668
0 0.04722222222222222 0.6510416666666666 0.031481481481481485 0.017708333333333333
0 0.010648148148148148 0.48072916666666665 0.019444444444444445 0.022916666666666665
0 0.02777777777777778 0.44635416666666666 0.02592592592592593 0.017708333333333333
0 0.011574074074074075 0.45546875 0.021296296296296296 0.0203125
0 0.10925925925925926 0.43697916666666664 0.03888888888888889 0.020833333333333332
0 0.07175925925925926 0.4458333333333333 0.03796296296296296 0.017708333333333333
0 0.24166666666666667 0.12630208333333334 0.022222222222222223 0.018229166666666668
0 0.23194444444444445 0.18203125 0.025 0.01614583333333333
0 0.18564814814814815 0.24557291666666667 0.03425925925925926 0.018229166666666668
0 0.1638888888888889 0.23541666666666666 0.040740740740740744 0.027083333333333334
0 0.15231481481481482 0.25859375 0.03796296296296296 0.025520833333333333
0 0.12037037037037038 0.3260416666666667 0.03888888888888889 0.02395833333333333
0 0.19305555555555556 0.35 0.030555555555555558 0.01875
0 0.1824074074074074 0.3328125 0.03333333333333333 0.017708333333333333
0 0.1638888888888889 0.40208333333333335 0.02777777777777778 0.017708333333333333
0 0.23194444444444445 0.4236979166666667 0.030555555555555558 0.0171875
0 0.11574074074074074 0.4200520833333333 0.037037037037037035 0.019270833333333334
0 0.17037037037037037 0.509375 0.03518518518518519 0.016666666666666666
0 0.33240740740740743 0.3567708333333333 0.022222222222222223 0.015625
0 0.3375 0.43906249999999997 0.026851851851851852 0.0125
0 0.18287037037037038 0.47031249999999997 0.03796296296296296 0.017708333333333333
0 0.1865740740740741 0.490625 0.03425925925925926 0.01875
0 0.1615740740740741 0.5947916666666666 0.032407407407407406 0.019791666666666666
0 0.13240740740740742 0.6169270833333333 0.03518518518518519 0.01614583333333333
0 0.1787037037037037 0.678125 0.037037037037037035 0.020833333333333332
0 0.13055555555555556 0.7755208333333333 0.03518518518518519 0.021875
0 0.08518518518518518 0.79375 0.044444444444444446 0.021875
0 0.4083333333333333 0.31536458333333334 0.014814814814814815 0.0109375
0 0.513888888888889 0.21953124999999998 0.011111111111111112 0.0109375
0 0.29305555555555557 0.590625 0.026851851851851852 0.013541666666666667
0 0.3472222222222222 0.5744791666666667 0.03518518518518519 0.01875
0 0.3601851851851852 0.6234375 0.024074074074074074 0.0125
0 0.3194444444444445 0.7375 0.03888888888888889 0.022916666666666665
0 0.2162037037037037 0.7348958333333333 0.030555555555555558 0.02395833333333333
0 0.20046296296296298 0.7635416666666667 0.019444444444444445 0.011458333333333333
0 0.21203703703703705 0.7971354166666667 0.02962962962962963 0.0203125
0 0.3824074074074074 0.746875 0.03333333333333333 0.01875
0 0.5324074074074074 0.525 0.024074074074074074 0.0125
0 0.3055555555555556 0.3950520833333333 0.03333333333333333 0.022395833333333334
0 0.48194444444444445 0.4484375 0.017592592592592594 0.008333333333333333
0 0.38287037037037036 0.39791666666666664 0.026851851851851852 0.015625
0 0.5018518518518519 0.4161458333333333 0.022222222222222223 0.013541666666666667
0 0.40324074074074073 0.40130208333333334 0.026851851851851852 0.018229166666666668
0 0.46435185185185185 0.5596354166666666 0.028703703703703703 0.01614583333333333
0 0.3125 0.6161458333333333 0.015740740740740743 0.013541666666666667
0 0.3138888888888889 0.60625 0.018518518518518517 0.013541666666666667
0 0.3893518518518519 0.7854166666666667 0.026851851851851852 0.022916666666666665
0 0.6759259259259259 0.8283854166666667 0.03333333333333333 0.024479166666666666
0 0.5407407407407407 0.7044270833333334 0.037037037037037035 0.0234375
0 0.41111111111111115 0.7013020833333333 0.014814814814814815 0.008854166666666666
0 0.6837962962962963 0.7302083333333333 0.028703703703703703 0.021875
0 0.8976851851851853 0.7997395833333333 0.019444444444444445 0.019270833333333334
0 0.688425925925926 0.7033854166666667 0.019444444444444445 0.009895833333333333
0 0.8300925925925926 0.70859375 0.030555555555555558 0.019270833333333334
0 0.862037037037037 0.7010416666666667 0.03333333333333333 0.01875
0 0.8203703703703704 0.67890625 0.022222222222222223 0.013020833333333334
0 0.7606481481481482 0.6286458333333333 0.030555555555555558 0.015625
0 0.7824074074074074 0.6255208333333333 0.016666666666666666 0.010416666666666666
0 0.7171296296296297 0.6356770833333333 0.02314814814814815 0.0140625
0 0.7217592592592593 0.65234375 0.030555555555555558 0.015104166666666667
0 0.7347222222222223 0.61953125 0.03425925925925926 0.0171875
0 0.6337962962962963 0.6010416666666667 0.021296296296296296 0.0125
0 0.6564814814814816 0.5872395833333334 0.024074074074074074 0.0109375
0 0.6435185185185185 0.5731770833333333 0.018518518518518517 0.013020833333333334
0 0.5643518518518519 0.5453125 0.028703703703703703 0.013541666666666667
0 0.5467592592592593 0.48463541666666665 0.032407407407407406 0.018229166666666668
0 0.6393518518518518 0.5578125 0.028703703703703703 0.017708333333333333
0 0.5925925925925926 0.5421875 0.02592592592592593 0.017708333333333333
0 0.6111111111111112 0.5604166666666667 0.020370370370370372 0.013541666666666667
0 0.5449074074074074 0.3893229166666667 0.02314814814814815 0.013020833333333334
0 0.6425925925925926 0.3893229166666667 0.018518518518518517 0.0109375
0 0.6199074074074075 0.3971354166666667 0.025 0.01614583333333333
0 0.5657407407407408 0.3375 0.018518518518518517 0.009375
0 0.637962962962963 0.43671875 0.020370370370370372 0.013020833333333334
0 0.6425925925925926 0.3619791666666667 0.022222222222222223 0.0125
0 0.5435185185185185 0.17760416666666667 0.037037037037037035 0.029166666666666667
0 0.6125 0.1625 0.025 0.01875
0 0.6240740740740741 0.21953124999999998 0.02592592592592593 0.0171875
0 0.6134259259259259 0.23098958333333333 0.017592592592592594 0.0140625
0 0.6222222222222222 0.24348958333333334 0.018518518518518517 0.0109375
0 0.6356481481481482 0.14765625 0.02314814814814815 0.021354166666666667
0 0.6449074074074075 0.16458333333333333 0.025 0.017708333333333333
0 0.675462962962963 0.11927083333333333 0.025 0.021875
0 0.6935185185185185 0.09635416666666667 0.031481481481481485 0.022916666666666665
0 0.6958333333333334 0.11432291666666666 0.019444444444444445 0.0140625
0 0.6 0.2546875 0.018518518518518517 0.010416666666666666
0 0.6375000000000001 0.3416666666666667 0.015740740740740743 0.010416666666666666
0 0.8041666666666667 0.5927083333333333 0.028703703703703703 0.014583333333333334
0 0.7967592592592593 0.5486979166666667 0.028703703703703703 0.0171875
0 0.8226851851851852 0.5252604166666667 0.030555555555555558 0.0171875
0 0.9222222222222223 0.5197916666666667 0.040740740740740744 0.019791666666666666
0 0.9203703703703704 0.71171875 0.03518518518518519 0.019270833333333334
0 0.9175925925925926 0.6856770833333333 0.03333333333333333 0.015104166666666667
0 0.9865740740740742 0.725 0.026851851851851852 0.02395833333333333
0 0.9486111111111112 0.45260416666666664 0.03796296296296296 0.017708333333333333
0 0.8518518518518519 0.4783854166666667 0.03333333333333333 0.0140625
0 0.8152777777777778 0.3950520833333333 0.025 0.0140625
0 0.837037037037037 0.3497395833333333 0.02962962962962963 0.0203125
0 0.775462962962963 0.3677083333333333 0.032407407407407406 0.019791666666666666
0 0.7972222222222223 0.31953125 0.031481481481481485 0.021354166666666667
0 0.8916666666666667 0.3325520833333333 0.031481481481481485 0.01614583333333333
0 0.9046296296296297 0.3190104166666667 0.03888888888888889 0.0171875
0 0.7958333333333334 0.24583333333333332 0.032407407407407406 0.015625
0 0.8203703703703704 0.25 0.024074074074074074 0.017708333333333333
0 0.9787037037037037 0.18776041666666665 0.04259259259259259 0.021354166666666667
0 0.7717592592592593 0.38307291666666665 0.030555555555555558 0.015104166666666667
0 0.8685185185185186 0.77109375 0.02962962962962963 0.018229166666666668
0 0.8902777777777778 0.22291666666666665 0.03425925925925926 0.021875
0 0.6138888888888889 0.7893229166666667 0.037037037037037035 0.0171875
0 0.5601851851851852 0.4125 0.024074074074074074 0.015625
0 0.7439814814814815 0.6028645833333334 0.01388888888888889 0.015104166666666667
0 0.8162037037037038 0.40911458333333334 0.02314814814814815 0.0140625
0 0.8583333333333334 0.4895833333333333 0.031481481481481485 0.013541666666666667
0 0.6347222222222223 0.8309895833333333 0.017592592592592594 0.018229166666666668
0 0.7819444444444444 0.34765625 0.02314814814814815 0.01614583333333333
