0 0.9740740740740741 0.65 0.031481481481481485 0.017708333333333333
0 0.9851851851851853 0.4440104166666667 0.02962962962962963 0.0203125
0 0.9115740740740741 0.4348958333333333 0.03796296296296296 0.020833333333333332
0 0.950925925925926 0.44375 0.03888888888888889 0.017708333333333333
0 0.7768518518518519 0.12265625 0.022222222222222223 0.018229166666666668
0 0.7865740740740741 0.17838541666666666 0.025 0.01614583333333333
0 0.837962962962963 0.2421875 0.03518518518518519 0.01875
0 0.8606481481481482 0.23151041666666666 0.04166666666666667 0.027604166666666666
0 0.8712962962962963 0.2552083333333333 0.03888888888888889 0.026041666666666668
0 0.9023148148148149 0.32265625 0.03981481481481482 0.0234375
0 0.825925925925926 0.34765625 0.031481481481481485 0.018229166666666668
0 0.8365740740740741 0.3302083333333333 0.03425925925925926 0.017708333333333333
0 0.8564814814814815 0.4002604166666667 0.02777777777777778 0.018229166666666668
0 0.7865740740740741 0.42213541666666665 0.030555555555555558 0.018229166666666668
0 0.9055555555555556 0.41770833333333335 0.03888888888888889 0.019791666666666666
0 0.6861111111111111 0.35494791666666664 0.024074074074074074 0.01614583333333333
0 0.6800925925925926 0.43776041666666665 0.02314814814814815 0.013020833333333334
0 0.8375 0.46848958333333335 0.03796296296296296 0.018229166666666668
0 0.8337962962962964 0.48932291666666666 0.03425925925925926 0.019270833333333334
0 0.851388888888889 0.5072916666666667 0.03981481481481482 0.016666666666666666
0 0.8597222222222223 0.5942708333333333 0.03425925925925926 0.01875
0 0.8907407407407407 0.6161458333333333 0.037037037037037035 0.015625
0 0.8435185185185186 0.6768229166666666 0.03518518518518519 0.0203125
0 0.8916666666666667 0.7755208333333333 0.037037037037037035 0.021875
0 0.937962962962963 0.7934895833333333 0.044444444444444446 0.021354166666666667
0 0.6087962962962963 0.31328125 0.015740740740740743 0.0109375
0 0.5023148148148149 0.21744791666666666 0.010185185185185186 0.009895833333333333
0 0.725925925925926 0.5893229166666667 0.02777777777777778 0.0140625
0 0.6717592592592593 0.5731770833333333 0.036111111111111115 0.019270833333333334
0 0.6587962962962963 0.6229166666666667 0.025 0.0125
0 0.700925925925926 0.7369791666666666 0.03888888888888889 0.02395833333333333
0 0.8083333333333333 0.734375 0.02962962962962963 0.02395833333333333
0 0.8236111111111112 0.7630208333333334 0.017592592592592594 0.010416666666666666
0 0.8138888888888889 0.7966145833333333 0.02962962962962963 0.0203125
0 0.6370370370370371 0.74609375 0.03333333333333333 0.018229166666666668
0 0.48564814814814816 0.52421875 0.02314814814814815 0.011979166666666666
0 0.7157407407407408 0.3932291666666667 0.03333333333333333 0.021875
0 0.5337962962962963 0.4471354166666667 0.017592592592592594 0.008854166666666666
0 0.638888888888889 0.39557291666666666 0.02777777777777778 0.015104166666666667
0 0.5152777777777778 0.41432291666666665 0.025 0.015104166666666667
0 0.6171296296296297 0.39921875 0.025 0.018229166666666668
0 0.5550925925925926 0.5572916666666666 0.028703703703703703 0.014583333333333334
0 0.7074074074074075 0.6151041666666667 0.016666666666666666 0.013541666666666667
0 0.7060185185185186 0.60546875 0.017592592592592594 0.013020833333333334
0 0.6314814814814815 0.7848958333333333 0.02777777777777778 0.022916666666666665
0 0.34814814814814815 0.82890625 0.03518518518518519 0.024479166666666666
0 0.4175925925925926 0.7229166666666667 0.016666666666666666 0.013541666666666667
0 0.4791666666666667 0.70390625 0.036111111111111115 0.0234375
0 0.6060185185185185 0.70078125 0.015740740740740743 0.008854166666666666
0 0.33194444444444443 0.7317708333333334 0.025 0.01875
0 0.12361111111111112 0.7994791666666666 0.019444444444444445 0.01875
0 0.3282407407407408 0.703125 0.017592592592592594 0.010416666666666666
0 0.1902777777777778 0.7088541666666667 0.030555555555555558 0.01875
0 0.15787037037037038 0.7010416666666667 0.032407407407407406 0.01875
0 0.19768518518518519 0.6794270833333333 0.02314814814814815 0.013020833333333334
0 0.25601851851851853 0.6286458333333333 0.030555555555555558 0.015625
0 0.2337962962962963 0.6255208333333333 0.017592592592592594 0.010416666666666666
0 0.3 0.6356770833333333 0.024074074074074074 0.0140625
0 0.29583333333333334 0.6520833333333333 0.030555555555555558 0.014583333333333334
0 0.28240740740740744 0.6190104166666667 0.03518518518518519 0.0171875
0 0.3837962962962963 0.6005208333333333 0.021296296296296296 0.0125
0 0.3597222222222222 0.5864583333333333 0.02314814814814815 0.011458333333333333
0 0.37453703703703706 0.57265625 0.019444444444444445 0.013020833333333334
0 0.4532407407407408 0.5450520833333333 0.028703703703703703 0.013020833333333334
0 0.4712962962962963 0.48385416666666664 0.031481481481481485 0.017708333333333333
0 0.37824074074074077 0.5567708333333333 0.026851851851851852 0.017708333333333333
0 0.42592592592592593 0.54140625 0.02592592592592593 0.018229166666666668
0 0.40740740740740744 0.5596354166666666 0.020370370370370372 0.0140625
0 0.47314814814814815 0.3875 0.022222222222222223 0.0125
0 0.37592592592592594 0.38776041666666666 0.018518518518518517 0.0109375
0 0.39861111111111114 0.39609375 0.025 0.01614583333333333
0 0.45046296296296295 0.33619791666666665 0.019444444444444445 0.008854166666666666
0 0.3787037037037037 0.4359375 0.022222222222222223 0.013541666666666667
0 0.37453703703703706 0.3611979166666667 0.021296296296296296 0.013020833333333334
0 0.47500000000000003 0.175 0.037037037037037035 0.029166666666666667
0 0.4041666666666667 0.16041666666666665 0.026851851851851852 0.019791666666666666
0 0.39212962962962966 0.2171875 0.025 0.017708333333333333
0 0.4027777777777778 0.22890625 0.020370370370370372 0.013020833333333334
0 0.39305555555555555 0.24192708333333332 0.017592592592592594 0.0109375
0 0.38101851851851853 0.14479166666666665 0.02314814814814815 0.021875
0 0.37083333333333335 0.16223958333333333 0.025 0.018229166666666668
0 0.3402777777777778 0.11640625 0.025 0.022395833333333334
0 0.3212962962962963 0.09375 0.031481481481481485 0.022916666666666665
0 0.3199074074074074 0.11197916666666667 0.019444444444444445 0.014583333333333334
0 0.4175925925925926 0.2526041666666667 0.018518518518518517 0.010416666666666666
0 0.3791666666666667 0.33958333333333335 0.017592592592592594 0.011458333333333333
0 0.3592592592592593 0.33489583333333334 0.012962962962962964 0.009375
0 0.21342592592592594 0.5919270833333333 0.028703703703703703 0.015104166666666667
0 0.22083333333333335 0.5481770833333334 0.028703703703703703 0.0171875
0 0.19351851851851853 0.5247395833333334 0.02962962962962963 0.0171875
0 0.09537037037037037 0.5197916666666667 0.040740740740740744 0.019791666666666666
0 0.0976851851851852 0.7114583333333333 0.036111111111111115 0.01875
0 0.1 0.6861979166666666 0.03333333333333333 0.015104166666666667
0 0.02638888888888889 0.725 0.03981481481481482 0.02395833333333333
0 0.015740740740740743 0.6049479166666667 0.02777777777777778 0.018229166666666668
0 0.014814814814814815 0.565625 0.02592592592592593 0.016666666666666666
0 0.06805555555555556 0.45208333333333334 0.03796296296296296 0.017708333333333333
0 0.16481481481481483 0.4783854166666667 0.03333333333333333 0.0140625
0 0.19861111111111113 0.39401041666666664 0.025 0.0140625
0 0.17962962962962964 0.3489583333333333 0.02962962962962963 0.019791666666666666
0 0.23981481481481481 0.3671875 0.031481481481481485 0.019791666666666666
0 0.21851851851851853 0.3182291666666667 0.031481481481481485 0.020833333333333332
0 0.12314814814814816 0.33229166666666665 0.031481481481481485 0.016666666666666666
0 0.11111111111111112 0.3182291666666667 0.037037037037037035 0.016666666666666666
0 0.21851851851851853 0.24479166666666666 0.031481481481481485 0.016666666666666666
0 0.1953703703703704 0.24869791666666666 0.024074074074074074 0.018229166666666668
0 0.037037037037037035 0.18619791666666666 0.044444444444444446 0.022395833333333334
0 0.24212962962962964 0.38255208333333335 0.030555555555555558 0.01614583333333333
0 0.15231481481481482 0.7705729166666666 0.030555555555555558 0.018229166666666668
0 0.12546296296296297 0.22161458333333334 0.03425925925925926 0.021354166666666667
0 0.40740740740740744 0.7893229166666667 0.03518518518518519 0.0171875
0 0.45972222222222225 0.4114583333333333 0.02314814814814815 0.015625
0 0.2740740740740741 0.603125 0.014814814814814815 0.014583333333333334
0 0.19722222222222224 0.4080729166666667 0.022222222222222223 0.0140625
0 0.1574074074074074 0.48828125 0.02962962962962963 0.013020833333333334
0 0.38472222222222224 0.8302083333333333 0.015740740740740743 0.017708333333333333
0 0.2337962962962963 0.346875 0.02314814814814815 0.016666666666666666
