0 0.013425925925925926 0.6497395833333334 0.02314814814814815 0.018229166666666668
0 0.07268518518518519 0.43385416666666665 0.03981481481481482 0.021875
0 0.031481481481481485 0.44244791666666666 0.03888888888888889 0.0171875
0 0.2101851851851852 0.12109375 0.022222222222222223 0.018229166666666668
0 0.19907407407407407 0.1765625 0.02592592592592593 0.016666666666666666
0 0.14212962962962963 0.23958333333333334 0.03425925925925926 0.01875
0 0.11898148148148148 0.2296875 0.04166666666666667 0.027083333333333334
0 0.10925925925925926 0.25364583333333335 0.03888888888888889 0.026041666666666668
0 0.08009259259259259 0.32109375 0.03981481481481482 0.0234375
0 0.15925925925925927 0.3463541666666667 0.031481481481481485 0.01875
0 0.14907407407407408 0.32916666666666666 0.03333333333333333 0.017708333333333333
0 0.12685185185185185 0.3989583333333333 0.02962962962962963 0.01875
0 0.2 0.42083333333333334 0.031481481481481485 0.017708333333333333
0 0.0787037037037037 0.41692708333333334 0.03888888888888889 0.0203125
0 0.300462962962963 0.35442708333333334 0.026851851851851852 0.01614583333333333
0 0.14675925925925926 0.46796875 0.03796296296296296 0.018229166666666668
0 0.15 0.4890625 0.03518518518518519 0.019791666666666666
0 0.13148148148148148 0.5067708333333333 0.040740740740740744 0.017708333333333333
0 0.12222222222222223 0.5942708333333333 0.03518518518518519 0.01875
0 0.08981481481481482 0.6158854166666666 0.03518518518518519 0.01614583333333333
0 0.1398148148148148 0.6768229166666666 0.03333333333333333 0.0203125
0 0.0912037037037037 0.7755208333333333 0.03796296296296296 0.021875
0 0.04351851851851852 0.79375 0.0462962962962963 0.020833333333333332
0 0.3787037037037037 0.31197916666666664 0.014814814814814815 0.011458333333333333
0 0.4620370370370371 0.23020833333333332 0.011111111111111112 0.010416666666666666
0 0.48703703703703705 0.21536458333333333 0.011111111111111112 0.008854166666666666
0 0.2601851851851852 0.5888020833333333 0.02777777777777778 0.0140625
0 0.31342592592592594 0.5729166666666666 0.036111111111111115 0.01875
0 0.32685185185185184 0.6229166666666667 0.02592592592592593 0.0125
0 0.28240740740740744 0.7377604166666667 0.03888888888888889 0.0234375
0 0.17083333333333334 0.7346354166666667 0.026851851851851852 0.0234375
0 0.16296296296296298 0.7981770833333334 0.02592592592592593 0.021354166666666667
0 0.34675925925925927 0.7463541666666667 0.03425925925925926 0.01875
0 0.5023148148148149 0.5244791666666666 0.021296296296296296 0.010416666666666666
0 0.2689814814814815 0.3921875 0.03425925925925926 0.021875
0 0.45740740740740743 0.4453125 0.020370370370370372 0.010416666666666666
0 0.788425925925926 0.6796875 0.02314814814814815 0.0125
0 0.34814814814814815 0.3958333333333333 0.02592592592592593 0.015625
0 0.4726851851851852 0.41328125 0.02314814814814815 0.015104166666666667
0 0.36574074074074076 0.3989583333333333 0.024074074074074074 0.017708333333333333
0 0.4300925925925926 0.5580729166666667 0.03425925925925926 0.01614583333333333
0 0.27731481481481485 0.6153645833333333 0.015740740740740743 0.013020833333333334
0 0.2796296296296296 0.6049479166666667 0.016666666666666666 0.013020833333333334
0 0.3527777777777778 0.7854166666666667 0.02777777777777778 0.021875
0 0.6328703703703704 0.8291666666666666 0.03425925925925926 0.025
0 0.5657407407407408 0.7234375 0.016666666666666666 0.013541666666666667
0 0.5050925925925926 0.7041666666666666 0.03796296296296296 0.022916666666666665
0 0.3814814814814815 0.70078125 0.014814814814814815 0.008854166666666666
0 0.6527777777777778 0.7317708333333334 0.02777777777777778 0.01875
0 0.8606481481481482 0.7997395833333333 0.019444444444444445 0.019270833333333334
0 0.6587962962962963 0.703125 0.017592592592592594 0.010416666666666666
0 0.7949074074074074 0.70859375 0.030555555555555558 0.019270833333333334
0 0.8273148148148148 0.70078125 0.032407407407407406 0.018229166666666668
0 0.7310185185185185 0.6286458333333333 0.030555555555555558 0.015625
0 0.7532407407407408 0.6252604166666667 0.017592592592592594 0.009895833333333333
0 0.6870370370370371 0.6354166666666666 0.024074074074074074 0.014583333333333334
0 0.6916666666666667 0.65234375 0.031481481481481485 0.015104166666666667
0 0.7041666666666667 0.61875 0.03425925925925926 0.016666666666666666
0 0.6027777777777777 0.6005208333333333 0.022222222222222223 0.0125
0 0.6273148148148149 0.5861979166666667 0.02314814814814815 0.0109375
0 0.6134259259259259 0.5723958333333333 0.019444444444444445 0.013541666666666667
0 0.5319444444444444 0.5447916666666667 0.028703703703703703 0.013541666666666667
0 0.5152777777777778 0.4830729166666667 0.032407407407407406 0.018229166666666668
0 0.6074074074074074 0.55703125 0.02777777777777778 0.0171875
0 0.5601851851851852 0.5408854166666667 0.02592592592592593 0.018229166666666668
0 0.5791666666666667 0.5591145833333333 0.019444444444444445 0.0140625
0 0.512962962962963 0.38671875 0.022222222222222223 0.013020833333333334
0 0.6083333333333334 0.38776041666666666 0.018518518518518517 0.0109375
0 0.587037037037037 0.39557291666666666 0.02592592592592593 0.01614583333333333
0 0.5356481481481482 0.33541666666666664 0.019444444444444445 0.009375
0 0.6083333333333334 0.4359375 0.020370370370370372 0.013541666666666667
0 0.612037037037037 0.36041666666666666 0.022222222222222223 0.0125
0 0.5101851851851852 0.17369791666666667 0.037037037037037035 0.0296875
0 0.5833333333333334 0.15911458333333334 0.02592592592592593 0.0203125
0 0.5935185185185186 0.21562499999999998 0.024074074074074074 0.016666666666666666
0 0.5842592592592593 0.22760416666666666 0.020370370370370372 0.013541666666666667
0 0.5949074074074074 0.24036458333333333 0.017592592592592594 0.0109375
0 0.6055555555555556 0.14401041666666667 0.024074074074074074 0.021354166666666667
0 0.6166666666666667 0.16119791666666666 0.02592592592592593 0.018229166666666668
0 0.6481481481481481 0.11484375 0.02592592592592593 0.022395833333333334
0 0.6666666666666667 0.0921875 0.031481481481481485 0.022916666666666665
0 0.6689814814814815 0.11041666666666666 0.019444444444444445 0.014583333333333334
0 0.5685185185185185 0.2515625 0.018518518518518517 0.010416666666666666
0 0.6087962962962963 0.33880208333333334 0.017592592592592594 0.0109375
0 0.6273148148148149 0.3341145833333333 0.01388888888888889 0.008854166666666666
0 0.7731481481481481 0.5924479166666666 0.02777777777777778 0.015104166666666667
0 0.7675925925925926 0.54765625 0.02777777777777778 0.0171875
0 0.7944444444444445 0.5247395833333334 0.02962962962962963 0.018229166666666668
0 0.8902777777777778 0.5192708333333333 0.03981481481481482 0.019791666666666666
0 0.8898148148148148 0.7114583333333333 0.03518518518518519 0.01875
0 0.8865740740740741 0.6859375 0.032407407407407406 0.015625
0 0.9606481481481481 0.7252604166666666 0.03981481481481482 0.024479166666666666
0 0.9925925925925926 0.6833333333333333 0.014814814814814815 0.0125
0 0.975925925925926 0.6049479166666667 0.037037037037037035 0.018229166666666668
0 0.976388888888889 0.565625 0.036111111111111115 0.015625
0 0.9856481481481482 0.47994791666666664 0.028703703703703703 0.018229166666666668
0 0.9189814814814815 0.4515625 0.03796296296296296 0.017708333333333333
0 0.8240740740740741 0.4778645833333333 0.031481481481481485 0.0140625
0 0.7907407407407407 0.39348958333333334 0.024074074074074074 0.013020833333333334
0 0.8074074074074075 0.3481770833333333 0.02962962962962963 0.0203125
0 0.7481481481481482 0.36614583333333334 0.031481481481481485 0.019791666666666666
0 0.7675925925925926 0.31744791666666666 0.031481481481481485 0.021354166666666667
0 0.8643518518518519 0.33098958333333334 0.030555555555555558 0.01614583333333333
0 0.875925925925926 0.3169270833333333 0.037037037037037035 0.0171875
0 0.7689814814814815 0.24401041666666667 0.030555555555555558 0.01614583333333333
0 0.7930555555555556 0.24765625 0.025 0.018229166666666668
0 0.9486111111111112 0.18541666666666667 0.04537037037037037 0.022916666666666665
0 0.7458333333333333 0.38203125 0.030555555555555558 0.01614583333333333
0 0.8328703703703704 0.7713541666666667 0.030555555555555558 0.017708333333333333
0 0.8634259259259259 0.2203125 0.03425925925925926 0.021875
0 0.575925925925926 0.7895833333333333 0.03518518518518519 0.017708333333333333
0 0.5268518518518519 0.4106770833333333 0.022222222222222223 0.01614583333333333
0 0.7916666666666667 0.4075520833333333 0.022222222222222223 0.0140625
0 0.8296296296296297 0.48776041666666664 0.02777777777777778 0.013020833333333334
0 0.7537037037037038 0.3463541666666667 0.022222222222222223 0.016666666666666666
