0 0.04583333333333334 0.43385416666666665 0.03981481481481482 0.021875
0 0.1824074074074074 0.11848958333333333 0.022222222222222223 0.018229166666666668
0 0.1712962962962963 0.17526041666666667 0.02592592592592593 0.01614583333333333
0 0.10694444444444445 0.23802083333333332 0.036111111111111115 0.019791666666666666
0 0.08240740740740742 0.22890625 0.040740740740740744 0.027604166666666666
0 0.07453703703703704 0.25234375 0.03981481481481482 0.0265625
0 0.04814814814814815 0.32057291666666665 0.040740740740740744 0.0234375
0 0.13333333333333333 0.34609375 0.031481481481481485 0.018229166666666668
0 0.12222222222222223 0.3286458333333333 0.03333333333333333 0.017708333333333333
0 0.10277777777777779 0.39869791666666665 0.031481481481481485 0.018229166666666668
0 0.17592592592592593 0.4205729166666667 0.031481481481481485 0.018229166666666668
0 0.05185185185185186 0.4161458333333333 0.03888888888888889 0.019791666666666666
0 0.27546296296296297 0.3533854166666667 0.028703703703703703 0.0171875
0 0.12083333333333333 0.46796875 0.03981481481481482 0.018229166666666668
0 0.12361111111111112 0.4890625 0.036111111111111115 0.019791666666666666
0 0.1050925925925926 0.5065104166666666 0.04351851851851852 0.018229166666666668
0 0.09583333333333334 0.59453125 0.036111111111111115 0.019270833333333334
0 0.062037037037037036 0.6158854166666666 0.03518518518518519 0.015104166666666667
0 0.11435185185185186 0.6763020833333333 0.03425925925925926 0.0171875
0 0.06666666666666667 0.7760416666666666 0.03888888888888889 0.022916666666666665
0 0.020370370370370372 0.7940104166666666 0.03888888888888889 0.0203125
0 0.41620370370370374 0.7252604166666666 0.025 0.0203125
0 0.35370370370370374 0.3104166666666667 0.016666666666666666 0.011458333333333333
0 0.4375 0.22760416666666666 0.01388888888888889 0.010416666666666666
0 0.46574074074074073 0.21354166666666666 0.016666666666666666 0.010416666666666666
0 0.14166666666666666 0.7080729166666666 0.02777777777777778 0.022395833333333334
0 0.23796296296296296 0.5872395833333334 0.02592592592592593 0.0171875
0 0.29074074074074074 0.5729166666666666 0.037037037037037035 0.01875
0 0.30324074074074076 0.6208333333333333 0.026851851851851852 0.011458333333333333
0 0.2587962962962963 0.7380208333333333 0.03981481481481482 0.022916666666666665
0 0.14074074074074075 0.7354166666666666 0.02592592592592593 0.02395833333333333
0 0.1337962962962963 0.7981770833333334 0.025 0.021354166666666667
0 0.5291666666666667 0.7533854166666667 0.021296296296296296 0.0203125
0 0.3236111111111111 0.74609375 0.03425925925925926 0.018229166666666668
0 0.47824074074074074 0.5234375 0.021296296296296296 0.011458333333333333
0 0.23935185185185187 0.39140625 0.03425925925925926 0.021354166666666667
0 0.4351851851851852 0.44427083333333334 0.020370370370370372 0.011458333333333333
0 0.6291666666666667 0.7299479166666667 0.028703703703703703 0.0203125
0 0.3180555555555556 0.3950520833333333 0.026851851851851852 0.015104166666666667
0 0.45 0.41302083333333334 0.020370370370370372 0.013541666666666667
0 0.33564814814814814 0.39765625 0.025 0.018229166666666668
0 0.40740740740740744 0.5580729166666667 0.02777777777777778 0.01614583333333333
0 0.2537037037037037 0.6153645833333333 0.014814814814814815 0.013020833333333334
0 0.2555555555555556 0.6046875 0.016666666666666666 0.0125
0 0.19074074074074074 0.3151041666666667 0.022222222222222223 0.010416666666666666
0 0.32962962962962966 0.7854166666666667 0.02777777777777778 0.022916666666666665
0 0.6041666666666667 0.8286458333333333 0.03425925925925926 0.025
0 0.5407407407407407 0.72265625 0.016666666666666666 0.0140625
0 0.4814814814814815 0.70390625 0.037037037037037035 0.0234375
0 0.36342592592592593 0.7002604166666666 0.015740740740740743 0.0078125
0 0.8347222222222223 0.7986979166666667 0.019444444444444445 0.019270833333333334
0 0.7703703703703704 0.7075520833333333 0.02962962962962963 0.019270833333333334
0 0.8041666666666667 0.6997395833333333 0.032407407407407406 0.018229166666666668
0 0.7097222222222223 0.6270833333333333 0.030555555555555558 0.015625
0 0.7324074074074074 0.62421875 0.016666666666666666 0.009895833333333333
0 0.6652777777777779 0.634375 0.02314814814814815 0.014583333333333334
0 0.6694444444444445 0.6513020833333333 0.031481481481481485 0.015104166666666667
0 0.6833333333333333 0.6177083333333333 0.03333333333333333 0.017708333333333333
0 0.5796296296296296 0.5994791666666667 0.022222222222222223 0.0125
0 0.6060185185185185 0.5854166666666667 0.02314814814814815 0.011458333333333333
0 0.5916666666666667 0.57109375 0.020370370370370372 0.0140625
0 0.5078703703703704 0.5447916666666667 0.028703703703703703 0.013541666666666667
0 0.4902777777777778 0.4825520833333333 0.032407407407407406 0.018229166666666668
0 0.5837962962962964 0.5559895833333334 0.026851851851851852 0.018229166666666668
0 0.5356481481481482 0.5401041666666666 0.026851851851851852 0.017708333333333333
0 0.5560185185185186 0.55859375 0.019444444444444445 0.0140625
0 0.48703703703703705 0.3854166666666667 0.022222222222222223 0.0125
0 0.5796296296296296 0.3859375 0.018518518518518517 0.010416666666666666
0 0.5601851851851852 0.39401041666666664 0.02592592592592593 0.01614583333333333
0 0.5111111111111112 0.3341145833333333 0.018518518518518517 0.008854166666666666
0 0.5842592592592593 0.434375 0.020370370370370372 0.013541666666666667
0 0.5861111111111111 0.35859375 0.022222222222222223 0.013020833333333334
0 0.48055555555555557 0.17083333333333334 0.03888888888888889 0.029166666666666667
0 0.5550925925925926 0.15651041666666665 0.026851851851851852 0.021354166666666667
0 0.5666666666666667 0.21354166666666666 0.024074074074074074 0.016666666666666666
0 0.5578703703703703 0.22526041666666666 0.021296296296296296 0.0140625
0 0.5708333333333333 0.23828125 0.017592592592592594 0.0109375
0 0.5791666666666667 0.140625 0.025 0.021875
0 0.5935185185185186 0.15807291666666667 0.022222222222222223 0.018229166666666668
0 0.6217592592592592 0.11145833333333333 0.026851851851851852 0.022916666666666665
0 0.6402777777777778 0.08854166666666667 0.032407407407407406 0.022916666666666665
0 0.6430555555555556 0.10677083333333333 0.019444444444444445 0.015625
0 0.5412037037037037 0.24947916666666667 0.017592592592592594 0.010416666666666666
0 0.5856481481481481 0.3375 0.015740740740740743 0.008333333333333333
0 0.6032407407407407 0.33229166666666665 0.019444444444444445 0.009375
0 0.750462962962963 0.5911458333333334 0.028703703703703703 0.015625
0 0.7462962962962963 0.54609375 0.02777777777777778 0.0171875
0 0.7722222222222223 0.5231770833333333 0.02962962962962963 0.0171875
0 0.8671296296296297 0.5177083333333333 0.03981481481481482 0.019791666666666666
0 0.8898148148148148 0.5171875 0.020370370370370372 0.019791666666666666
0 0.8666666666666667 0.7098958333333333 0.03518518518518519 0.01875
0 0.8638888888888889 0.6846354166666666 0.031481481481481485 0.01614583333333333
0 0.937962962962963 0.7234375 0.03888888888888889 0.02395833333333333
0 0.9777777777777779 0.6825520833333333 0.02962962962962963 0.0140625
0 0.9555555555555556 0.6028645833333334 0.037037037037037035 0.018229166666666668
0 0.9773148148148149 0.5825520833333333 0.03425925925925926 0.015104166666666667
0 0.9833333333333334 0.56796875 0.031481481481481485 0.019270833333333334
0 0.9523148148148148 0.5640625 0.036111111111111115 0.015625
0 0.9606481481481481 0.4786458333333333 0.030555555555555558 0.01875
0 0.8944444444444445 0.4497395833333333 0.037037037037037035 0.018229166666666668
0 0.8013888888888889 0.47604166666666664 0.030555555555555558 0.014583333333333334
0 0.7708333333333334 0.39140625 0.02314814814814815 0.013020833333333334
0 0.7819444444444444 0.34609375 0.030555555555555558 0.0203125
0 0.725462962962963 0.3645833333333333 0.030555555555555558 0.019791666666666666
0 0.7439814814814815 0.31536458333333334 0.032407407407407406 0.021354166666666667
0 0.8407407407407408 0.32890625 0.031481481481481485 0.015104166666666667
0 0.851388888888889 0.31484375 0.036111111111111115 0.0171875
0 0.7449074074074075 0.24114583333333334 0.032407407407407406 0.016666666666666666
0 0.7699074074074075 0.24427083333333333 0.025 0.017708333333333333
0 0.9212962962962963 0.18177083333333333 0.044444444444444446 0.02395833333333333
0 0.7245370370370371 0.37994791666666666 0.030555555555555558 0.0171875
0 0.8078703703703703 0.7703125 0.030555555555555558 0.017708333333333333
0 0.8398148148148148 0.21666666666666667 0.03333333333333333 0.021875
0 0.5504629629629629 0.7893229166666667 0.03425925925925926 0.018229166666666668
0 0.5013888888888889 0.40911458333333334 0.021296296296296296 0.01614583333333333
0 0.7726851851851853 0.40572916666666664 0.02314814814814815 0.014583333333333334
0 0.8074074074074075 0.48541666666666666 0.02592592592592593 0.011458333333333333
0 0.7305555555555556 0.34375 0.022222222222222223 0.016666666666666666
0 0.9606481481481481 0.703125 0.032407407407407406 0.016666666666666666
