0 0.028703703703703703 0.43463541666666666 0.040740740740740744 0.0203125
0 0.16527777777777777 0.11875 0.02314814814814815 0.01875
0 0.15416666666666667 0.17473958333333334 0.026851851851851852 0.01614583333333333
0 0.08518518518518518 0.23854166666666665 0.03518518518518519 0.019791666666666666
0 0.1125 0.24296874999999998 0.025 0.0171875
0 0.05694444444444444 0.22838541666666667 0.03981481481481482 0.028645833333333332
0 0.05185185185185186 0.25234375 0.040740740740740744 0.0265625
0 0.028703703703703703 0.3208333333333333 0.040740740740740744 0.02395833333333333
0 0.11574074074074074 0.3463541666666667 0.031481481481481485 0.01875
0 0.10416666666666667 0.3286458333333333 0.03425925925925926 0.017708333333333333
0 0.08472222222222223 0.39869791666666665 0.030555555555555558 0.018229166666666668
0 0.16018518518518518 0.42135416666666664 0.02962962962962963 0.017708333333333333
0 0.03287037037037037 0.4171875 0.03981481481481482 0.019791666666666666
0 0.2587962962962963 0.3536458333333333 0.028703703703703703 0.016666666666666666
0 0.10277777777777779 0.46822916666666664 0.03888888888888889 0.01875
0 0.10601851851851853 0.48932291666666666 0.036111111111111115 0.019270833333333334
0 0.08564814814814815 0.5067708333333333 0.04722222222222222 0.019791666666666666
0 0.07731481481481482 0.5953125 0.03796296296296296 0.01875
0 0.04166666666666667 0.6166666666666667 0.03518518518518519 0.015625
0 0.09675925925925927 0.6770833333333334 0.032407407407407406 0.016666666666666666
0 0.04722222222222222 0.7776041666666667 0.03888888888888889 0.022916666666666665
0 0.3375 0.3109375 0.015740740740740743 0.011458333333333333
0 0.42083333333333334 0.22786458333333334 0.012037037037037037 0.0109375
0 0.45 0.21432291666666667 0.016666666666666666 0.0109375
0 0.12037037037037038 0.7088541666666667 0.02777777777777778 0.022916666666666665
0 0.2212962962962963 0.58828125 0.02592592592592593 0.0171875
0 0.27361111111111114 0.5736979166666667 0.036111111111111115 0.019270833333333334
0 0.2865740740740741 0.6208333333333333 0.026851851851851852 0.010416666666666666
0 0.3990740740740741 0.7265625 0.02592592592592593 0.019791666666666666
0 0.24027777777777778 0.7388020833333333 0.03981481481481482 0.0234375
0 0.11990740740740741 0.7364583333333333 0.026851851851851852 0.02395833333333333
0 0.11157407407407408 0.7997395833333333 0.025 0.021354166666666667
0 0.3050925925925926 0.7466145833333333 0.03425925925925926 0.018229166666666668
0 0.46064814814814814 0.5239583333333333 0.021296296296296296 0.011458333333333333
0 0.2199074074074074 0.39140625 0.03425925925925926 0.021354166666666667
0 0.4222222222222222 0.44427083333333334 0.016666666666666666 0.011458333333333333
0 0.2986111111111111 0.39479166666666665 0.026851851851851852 0.014583333333333334
0 0.4342592592592593 0.4127604166666667 0.020370370370370372 0.0140625
0 0.3148148148148148 0.3984375 0.02592592592592593 0.01875
0 0.5120370370370371 0.7546875 0.024074074074074074 0.019791666666666666
0 0.3902777777777778 0.5583333333333333 0.028703703703703703 0.016666666666666666
0 0.23611111111111113 0.6158854166666666 0.014814814814814815 0.013020833333333334
0 0.23796296296296296 0.6049479166666667 0.014814814814814815 0.011979166666666666
0 0.17314814814814816 0.31536458333333334 0.022222222222222223 0.0109375
0 0.3101851851851852 0.7861979166666666 0.02777777777777778 0.022395833333333334
0 0.5824074074074075 0.8296875 0.03333333333333333 0.025
0 0.5217592592592593 0.7236979166666666 0.017592592592592594 0.0140625
0 0.4638888888888889 0.7046875 0.037037037037037035 0.02395833333333333
0 0.3476851851851852 0.70078125 0.015740740740740743 0.008854166666666666
0 0.6171296296296297 0.7309895833333333 0.021296296296296296 0.018229166666666668
0 0.8157407407407408 0.7994791666666666 0.020370370370370372 0.01875
0 0.7513888888888889 0.70859375 0.028703703703703703 0.019270833333333334
0 0.788425925925926 0.7 0.03425925925925926 0.019791666666666666
0 0.6939814814814815 0.6278645833333333 0.028703703703703703 0.015104166666666667
0 0.7171296296296297 0.6247395833333333 0.017592592592592594 0.009895833333333333
0 0.649537037037037 0.6354166666666666 0.025 0.014583333333333334
0 0.6537037037037037 0.65234375 0.02962962962962963 0.015104166666666667
0 0.6680555555555556 0.6182291666666666 0.032407407407407406 0.017708333333333333
0 0.5643518518518519 0.5997395833333333 0.02314814814814815 0.011979166666666666
0 0.5902777777777778 0.5856770833333333 0.02314814814814815 0.011979166666666666
0 0.5773148148148148 0.5708333333333333 0.02314814814814815 0.016666666666666666
0 0.49074074074074076 0.5453125 0.02962962962962963 0.014583333333333334
0 0.47453703703703703 0.4828125 0.032407407407407406 0.01875
0 0.5680555555555555 0.55625 0.026851851851851852 0.017708333333333333
0 0.5180555555555556 0.540625 0.026851851851851852 0.017708333333333333
0 0.5402777777777777 0.5591145833333333 0.019444444444444445 0.0140625
0 0.46990740740740744 0.3854166666666667 0.02314814814814815 0.0125
0 0.5597222222222222 0.38619791666666664 0.019444444444444445 0.0109375
0 0.5425925925925926 0.39479166666666665 0.024074074074074074 0.015625
0 0.49444444444444446 0.3346354166666667 0.020370370370370372 0.009895833333333333
0 0.5671296296296297 0.43463541666666666 0.021296296296296296 0.013020833333333334
0 0.6018518518518519 0.378125 0.012962962962962964 0.011458333333333333
0 0.5694444444444444 0.359375 0.022222222222222223 0.013541666666666667
0 0.4620370370370371 0.17161458333333332 0.03888888888888889 0.0296875
0 0.5375 0.15755208333333334 0.028703703703703703 0.021354166666666667
0 0.549074074074074 0.21432291666666667 0.024074074074074074 0.0171875
0 0.5407407407407407 0.22578125 0.022222222222222223 0.0140625
0 0.5560185185185186 0.23984375 0.017592592592592594 0.009895833333333333
0 0.5615740740740741 0.14114583333333333 0.025 0.021875
0 0.576388888888889 0.15859375 0.02314814814814815 0.018229166666666668
0 0.6055555555555556 0.11276041666666667 0.02592592592592593 0.022395833333333334
0 0.6240740740740741 0.08958333333333333 0.031481481481481485 0.022916666666666665
0 0.6263888888888889 0.10781249999999999 0.019444444444444445 0.015625
0 0.5666666666666667 0.19270833333333334 0.02962962962962963 0.016666666666666666
0 0.5296296296296297 0.2794270833333333 0.018518518518518517 0.0078125
0 0.5231481481481481 0.25 0.018518518518518517 0.010416666666666666
0 0.5703703703703704 0.3377604166666667 0.014814814814814815 0.008854166666666666
0 0.587962962962963 0.33359375 0.020370370370370372 0.009895833333333333
0 0.7342592592592593 0.5924479166666666 0.02962962962962963 0.0140625
0 0.7296296296296296 0.546875 0.02777777777777778 0.017708333333333333
0 0.7560185185185185 0.5234375 0.030555555555555558 0.017708333333333333
0 0.8481481481481482 0.5182291666666666 0.03888888888888889 0.019791666666666666
0 0.8708333333333333 0.5182291666666666 0.021296296296296296 0.019791666666666666
0 0.850462962962963 0.7106770833333333 0.03425925925925926 0.019270833333333334
0 0.8481481481481482 0.6854166666666667 0.03518518518518519 0.016666666666666666
0 0.9199074074074074 0.7236979166666666 0.03796296296296296 0.024479166666666666
0 0.9861111111111112 0.7950520833333333 0.02777777777777778 0.019270833333333334
0 0.9592592592592593 0.68359375 0.02962962962962963 0.015104166666666667
0 0.9412037037037038 0.6033854166666667 0.04351851851851852 0.019270833333333334
0 0.9601851851851853 0.58359375 0.037037037037037035 0.015104166666666667
0 0.9662037037037038 0.5690104166666666 0.03425925925925926 0.0203125
0 0.9351851851851852 0.5645833333333333 0.03518518518518519 0.016666666666666666
0 0.9416666666666667 0.47890625 0.031481481481481485 0.019270833333333334
0 0.8763888888888889 0.45078124999999997 0.03796296296296296 0.018229166666666668
0 0.9819444444444445 0.44921875 0.02314814814814815 0.015104166666666667
0 0.7861111111111111 0.47734375 0.031481481481481485 0.01614583333333333
0 0.7564814814814815 0.3924479166666667 0.022222222222222223 0.013020833333333334
0 0.7675925925925926 0.34791666666666665 0.02592592592592593 0.019791666666666666
0 0.7101851851851853 0.36484375 0.02962962962962963 0.019270833333333334
0 0.7268518518518519 0.31588541666666664 0.031481481481481485 0.021354166666666667
0 0.8250000000000001 0.3294270833333333 0.02962962962962963 0.015104166666666667
0 0.8333333333333334 0.31640625 0.03518518518518519 0.018229166666666668
0 0.7291666666666667 0.24192708333333332 0.028703703703703703 0.0140625
0 0.7527777777777778 0.24557291666666667 0.02592592592592593 0.0171875
0 0.9032407407407408 0.18125 0.04351851851851852 0.019791666666666666
0 0.9273148148148148 0.1953125 0.021296296296296296 0.014583333333333334
0 0.8467592592592593 0.37265625 0.025 0.0140625
0 0.7078703703703704 0.38125 0.030555555555555558 0.016666666666666666
0 0.7912037037037037 0.7692708333333333 0.032407407407407406 0.021875
0 0.8231481481481482 0.21796875 0.03333333333333333 0.022395833333333334
0 0.5310185185185186 0.7901041666666666 0.03425925925925926 0.017708333333333333
0 0.48333333333333334 0.409375 0.020370370370370372 0.014583333333333334
0 0.7587962962962963 0.40651041666666665 0.02314814814814815 0.0140625
0 0.7912037037037037 0.4864583333333333 0.025 0.011458333333333333
0 0.7138888888888889 0.3442708333333333 0.022222222222222223 0.016666666666666666
0 0.9421296296296297 0.7041666666666666 0.03425925925925926 0.017708333333333333
