0 0.01990740740740741 0.4348958333333333 0.03796296296296296 0.019791666666666666
0 0.15601851851851853 0.11953124999999999 0.02314814814814815 0.018229166666666668
0 0.14537037037037037 0.17552083333333332 0.02777777777777778 0.016666666666666666
0 0.07314814814814816 0.23932291666666666 0.03518518518518519 0.0203125
0 0.10277777777777779 0.24322916666666666 0.02592592592592593 0.017708333333333333
0 0.04537037037037037 0.22890625 0.03888888888888889 0.028645833333333332
0 0.040740740740740744 0.25286458333333334 0.040740740740740744 0.0265625
0 0.01990740740740741 0.3216145833333333 0.036111111111111115 0.0234375
0 0.10648148148148148 0.34713541666666664 0.031481481481481485 0.018229166666666668
0 0.09490740740740741 0.3296875 0.03425925925925926 0.017708333333333333
0 0.07453703703703704 0.4 0.030555555555555558 0.017708333333333333
0 0.1513888888888889 0.42161458333333335 0.030555555555555558 0.0171875
0 0.02314814814814815 0.41770833333333335 0.040740740740740744 0.019791666666666666
0 0.250462962962963 0.3546875 0.028703703703703703 0.017708333333333333
0 0.09305555555555556 0.46875 0.03981481481481482 0.01875
0 0.09675925925925927 0.48984374999999997 0.03796296296296296 0.019270833333333334
0 0.07685185185185185 0.5075520833333333 0.0462962962962963 0.019270833333333334
0 0.06666666666666667 0.5958333333333333 0.03888888888888889 0.01875
0 0.031018518518518518 0.6174479166666667 0.03425925925925926 0.015104166666666667
0 0.08657407407407408 0.6783854166666666 0.032407407407407406 0.01614583333333333
0 0.03518518518518519 0.7786458333333334 0.03888888888888889 0.022916666666666665
0 0.3282407407407408 0.31145833333333334 0.015740740740740743 0.011458333333333333
0 0.44212962962962965 0.21588541666666666 0.017592592592592594 0.0109375
0 0.10972222222222222 0.7098958333333333 0.030555555555555558 0.02395833333333333
0 0.21157407407407408 0.5890625 0.026851851851851852 0.017708333333333333
0 0.26481481481481484 0.57421875 0.037037037037037035 0.019270833333333334
0 0.2777777777777778 0.62109375 0.02777777777777778 0.009895833333333333
0 0.3912037037037037 0.7278645833333334 0.026851851851851852 0.019270833333333334
0 0.2300925925925926 0.73984375 0.03981481481481482 0.0234375
0 0.10833333333333334 0.7380208333333333 0.02962962962962963 0.02395833333333333
0 0.09907407407407408 0.8015625 0.02592592592592593 0.021875
0 0.2949074074074074 0.74765625 0.03425925925925926 0.018229166666666668
0 0.4518518518518519 0.5247395833333334 0.022222222222222223 0.0109375
0 0.20972222222222223 0.3924479166666667 0.03425925925925926 0.022395833333333334
0 0.41435185185185186 0.4453125 0.017592592592592594 0.011458333333333333
0 0.287962962962963 0.39609375 0.02592592592592593 0.0140625
0 0.42638888888888893 0.41354166666666664 0.021296296296296296 0.013541666666666667
0 0.3050925925925926 0.3989583333333333 0.025 0.01875
0 0.5046296296296297 0.75625 0.02777777777777778 0.019791666666666666
0 0.38101851851851853 0.5591145833333333 0.028703703703703703 0.01614583333333333
0 0.22546296296296298 0.6166666666666667 0.01388888888888889 0.0125
0 0.22824074074074074 0.6059895833333333 0.01388888888888889 0.011979166666666666
0 0.16435185185185186 0.31588541666666664 0.02314814814814815 0.009895833333333333
0 0.30092592592592593 0.7872395833333333 0.02777777777777778 0.022395833333333334
0 0.5708333333333333 0.8315104166666667 0.03425925925925926 0.024479166666666666
0 0.5125000000000001 0.7244791666666667 0.017592592592592594 0.014583333333333334
0 0.4537037037037037 0.7057291666666666 0.037037037037037035 0.021875
0 0.3402777777777778 0.70234375 0.015740740740740743 0.008854166666666666
0 0.6074074074074074 0.7325520833333333 0.022222222222222223 0.019270833333333334
0 0.8055555555555556 0.8005208333333333 0.020370370370370372 0.01875
0 0.7412037037037037 0.7091145833333333 0.028703703703703703 0.019270833333333334
0 0.7796296296296297 0.7013020833333333 0.03518518518518519 0.0203125
0 0.6856481481481482 0.62890625 0.028703703703703703 0.015104166666666667
0 0.7087962962962964 0.6255208333333333 0.017592592592592594 0.010416666666666666
0 0.6407407407407407 0.6364583333333333 0.024074074074074074 0.014583333333333334
0 0.6453703703703704 0.6526041666666667 0.02962962962962963 0.015625
0 0.6587962962962963 0.6190104166666667 0.032407407407407406 0.0171875
0 0.5550925925925926 0.6010416666666667 0.02314814814814815 0.0125
0 0.5819444444444445 0.5869791666666666 0.02314814814814815 0.011458333333333333
0 0.5694444444444444 0.5713541666666666 0.022222222222222223 0.016666666666666666
0 0.4814814814814815 0.54609375 0.02962962962962963 0.0140625
0 0.4652777777777778 0.48385416666666664 0.032407407407407406 0.01875
0 0.5592592592592592 0.5572916666666666 0.02777777777777778 0.017708333333333333
0 0.5083333333333333 0.5421875 0.02592592592592593 0.017708333333333333
0 0.5305555555555556 0.5598958333333334 0.020370370370370372 0.014583333333333334
0 0.4615740740740741 0.38619791666666664 0.02314814814814815 0.011979166666666666
0 0.549537037037037 0.3875 0.019444444444444445 0.011458333333333333
0 0.5333333333333333 0.3958333333333333 0.024074074074074074 0.015625
0 0.48564814814814816 0.33567708333333335 0.019444444444444445 0.009895833333333333
0 0.5583333333333333 0.4361979166666667 0.020370370370370372 0.013020833333333334
0 0.5921296296296297 0.3794270833333333 0.012037037037037037 0.011979166666666666
0 0.5592592592592592 0.36041666666666666 0.022222222222222223 0.013541666666666667
0 0.45231481481481484 0.17265625 0.03796296296296296 0.0296875
0 0.5282407407407408 0.15833333333333333 0.028703703703703703 0.020833333333333332
0 0.5393518518518519 0.21536458333333333 0.025 0.018229166666666668
0 0.5319444444444444 0.22708333333333333 0.02314814814814815 0.014583333333333334
0 0.5481481481481482 0.24140625 0.018518518518518517 0.008854166666666666
0 0.5532407407407408 0.14192708333333334 0.025 0.021354166666666667
0 0.5675925925925926 0.15989583333333332 0.024074074074074074 0.017708333333333333
0 0.5972222222222222 0.11380208333333333 0.02592592592592593 0.022395833333333334
0 0.6143518518518519 0.090625 0.032407407407407406 0.022916666666666665
0 0.6171296296296297 0.10885416666666667 0.019444444444444445 0.015625
0 0.5574074074074075 0.19401041666666666 0.02962962962962963 0.01614583333333333
0 0.5203703703703704 0.28046875 0.018518518518518517 0.0078125
0 0.513888888888889 0.25078125 0.018518518518518517 0.009895833333333333
0 0.5657407407407408 0.3380208333333333 0.014814814814814815 0.008333333333333333
0 0.5800925925925926 0.3341145833333333 0.019444444444444445 0.009895833333333333
0 0.725 0.5932291666666667 0.02962962962962963 0.014583333333333334
0 0.7212962962962963 0.5473958333333333 0.02777777777777778 0.017708333333333333
0 0.7476851851851852 0.5244791666666666 0.028703703703703703 0.017708333333333333
0 0.8388888888888889 0.5192708333333333 0.03888888888888889 0.019791666666666666
0 0.8615740740740742 0.5190104166666667 0.021296296296296296 0.0203125
0 0.8421296296296297 0.71171875 0.03425925925925926 0.019270833333333334
0 0.8402777777777778 0.6861979166666666 0.036111111111111115 0.01614583333333333
0 0.9111111111111111 0.7252604166666666 0.037037037037037035 0.024479166666666666
0 0.9814814814814815 0.79609375 0.037037037037037035 0.019270833333333334
0 0.9500000000000001 0.684375 0.02962962962962963 0.014583333333333334
0 0.9328703703703705 0.6041666666666666 0.04351851851851852 0.01875
0 0.951388888888889 0.5846354166666666 0.036111111111111115 0.0140625
0 0.9569444444444445 0.5703125 0.03425925925925926 0.019791666666666666
0 0.925462962962963 0.5658854166666667 0.03425925925925926 0.01614583333333333
0 0.9314814814814815 0.48046875 0.031481481481481485 0.019270833333333334
0 0.8671296296296297 0.4515625 0.03796296296296296 0.01875
0 0.9717592592592593 0.45026041666666666 0.025 0.015104166666666667
0 0.7773148148148148 0.47812499999999997 0.030555555555555558 0.015625
0 0.7481481481481482 0.39296875 0.020370370370370372 0.013020833333333334
0 0.7587962962962963 0.34869791666666666 0.025 0.0203125
0 0.701388888888889 0.3658854166666667 0.028703703703703703 0.019270833333333334
0 0.7180555555555556 0.3171875 0.030555555555555558 0.021875
0 0.8157407407407408 0.33046875 0.02962962962962963 0.015104166666666667
0 0.8240740740740741 0.3171875 0.03518518518518519 0.01875
0 0.7199074074074074 0.24296874999999998 0.028703703703703703 0.0140625
0 0.7439814814814815 0.24635416666666665 0.025 0.017708333333333333
0 0.8935185185185186 0.18203125 0.04259259259259259 0.0203125
0 0.9162037037037037 0.19661458333333334 0.02314814814814815 0.015104166666666667
0 0.837037037037037 0.3736979166666667 0.02592592592592593 0.0140625
0 0.7000000000000001 0.38177083333333334 0.031481481481481485 0.016666666666666666
0 0.7814814814814816 0.7703125 0.031481481481481485 0.021875
0 0.8138888888888889 0.21953124999999998 0.03333333333333333 0.021354166666666667
0 0.5199074074074074 0.79140625 0.03425925925925926 0.018229166666666668
0 0.4740740740740741 0.4106770833333333 0.020370370370370372 0.015104166666666667
0 0.750462962962963 0.4075520833333333 0.021296296296296296 0.0140625
0 0.7819444444444444 0.4875 0.02314814814814815 0.011458333333333333
0 0.7050925925925926 0.3458333333333333 0.021296296296296296 0.016666666666666666
0 0.9337962962962963 0.7046875 0.03425925925925926 0.017708333333333333
