0 0.015277777777777779 0.43671875 0.028703703703703703 0.019270833333333334
0 0.14814814814814814 0.12057291666666667 0.024074074074074074 0.018229166666666668
0 0.13611111111111113 0.17682291666666666 0.02777777777777778 0.01614583333333333
0 0.06157407407407408 0.24010416666666667 0.036111111111111115 0.019791666666666666
0 0.09305555555555556 0.24375 0.028703703703703703 0.01875
0 0.02962962962962963 0.25364583333333335 0.040740740740740744 0.026041666666666668
0 0.01388888888888889 0.3223958333333333 0.02592592592592593 0.02395833333333333
0 0.0976851851851852 0.34765625 0.030555555555555558 0.018229166666666668
0 0.08564814814814815 0.33046875 0.03425925925925926 0.0171875
0 0.06481481481481481 0.4002604166666667 0.031481481481481485 0.018229166666666668
0 0.14212962962962963 0.42265625 0.030555555555555558 0.0171875
0 0.017592592592592594 0.41822916666666665 0.03333333333333333 0.019791666666666666
0 0.24120370370370373 0.35520833333333335 0.028703703703703703 0.017708333333333333
0 0.08333333333333334 0.46979166666666666 0.040740740740740744 0.01875
0 0.08703703703703704 0.4908854166666667 0.037037037037037035 0.019270833333333334
0 0.06712962962962964 0.5080729166666667 0.04537037037037037 0.019270833333333334
0 0.05555555555555556 0.596875 0.040740740740740744 0.01875
0 0.019444444444444445 0.6190104166666667 0.03518518518518519 0.015104166666666667
0 0.0763888888888889 0.6796875 0.032407407407407406 0.016666666666666666
0 0.025 0.78046875 0.040740740740740744 0.0234375
0 0.3199074074074074 0.31223958333333335 0.015740740740740743 0.011979166666666666
0 0.43194444444444446 0.21640625 0.015740740740740743 0.0109375
0 0.0976851851851852 0.71171875 0.030555555555555558 0.024479166666666666
0 0.20231481481481484 0.5901041666666667 0.026851851851851852 0.017708333333333333
0 0.25462962962962965 0.5752604166666666 0.037037037037037035 0.019270833333333334
0 0.26805555555555555 0.62265625 0.026851851851851852 0.009895833333333333
0 0.38333333333333336 0.7291666666666666 0.02592592592592593 0.019791666666666666
0 0.22083333333333335 0.74140625 0.03981481481481482 0.0234375
0 0.09953703703703703 0.7390625 0.03425925925925926 0.02395833333333333
0 0.08518518518518518 0.8039062499999999 0.024074074074074074 0.022395833333333334
0 0.2851851851851852 0.74921875 0.03333333333333333 0.018229166666666668
0 0.44212962962962965 0.5260416666666666 0.021296296296296296 0.011458333333333333
0 0.20046296296296298 0.39296875 0.03425925925925926 0.022395833333333334
0 0.4064814814814815 0.4458333333333333 0.018518518518518517 0.010416666666666666
0 0.2777777777777778 0.3966145833333333 0.02592592592592593 0.0140625
0 0.41805555555555557 0.41484375 0.019444444444444445 0.0140625
0 0.2990740740740741 0.39921875 0.037037037037037035 0.021354166666666667
0 0.4981481481481482 0.7572916666666667 0.031481481481481485 0.019791666666666666
0 0.37083333333333335 0.56015625 0.026851851851851852 0.0171875
0 0.2162037037037037 0.6182291666666666 0.01388888888888889 0.0125
0 0.21805555555555556 0.60703125 0.01388888888888889 0.011979166666666666
0 0.1537037037037037 0.31666666666666665 0.024074074074074074 0.010416666666666666
0 0.29120370370370374 0.7890625 0.026851851851851852 0.022916666666666665
0 0.5601851851851852 0.8330729166666666 0.03333333333333333 0.024479166666666666
0 0.5018518518518519 0.7263020833333333 0.018518518518518517 0.015104166666666667
0 0.4444444444444445 0.7067708333333333 0.037037037037037035 0.021875
0 0.33240740740740743 0.7036458333333333 0.016666666666666666 0.008333333333333333
0 0.5981481481481482 0.7330729166666666 0.024074074074074074 0.021354166666666667
0 0.7949074074074074 0.8018229166666666 0.019444444444444445 0.019270833333333334
0 0.7319444444444445 0.7104166666666667 0.028703703703703703 0.019791666666666666
0 0.7708333333333334 0.7020833333333333 0.036111111111111115 0.019791666666666666
0 0.6773148148148148 0.6296875 0.028703703703703703 0.015625
0 0.700462962962963 0.6265625 0.017592592592592594 0.010416666666666666
0 0.6324074074074074 0.6372395833333333 0.024074074074074074 0.015104166666666667
0 0.6370370370370371 0.6541666666666667 0.02962962962962963 0.014583333333333334
0 0.6509259259259259 0.6200520833333333 0.031481481481481485 0.0171875
0 0.5462962962962963 0.6015625 0.024074074074074074 0.0125
0 0.5736111111111112 0.5880208333333333 0.02314814814814815 0.011458333333333333
0 0.5601851851851852 0.5716145833333334 0.022222222222222223 0.0171875
0 0.47175925925925927 0.5471354166666667 0.028703703703703703 0.0140625
0 0.45601851851851855 0.4848958333333333 0.032407407407407406 0.01875
0 0.549074074074074 0.5583333333333333 0.02592592592592593 0.017708333333333333
0 0.5 0.54296875 0.02592592592592593 0.0171875
0 0.5217592592592593 0.5606770833333333 0.019444444444444445 0.0140625
0 0.4513888888888889 0.3872395833333333 0.02314814814814815 0.011979166666666666
0 0.5388888888888889 0.3885416666666667 0.018518518518518517 0.011458333333333333
0 0.5236111111111111 0.3971354166666667 0.025 0.01614583333333333
0 0.4759259259259259 0.33619791666666665 0.020370370370370372 0.009895833333333333
0 0.5504629629629629 0.43671875 0.019444444444444445 0.013020833333333334
0 0.5828703703703704 0.38046875 0.01388888888888889 0.011979166666666666
0 0.55 0.3611979166666667 0.022222222222222223 0.013020833333333334
0 0.4425925925925926 0.17369791666666667 0.03888888888888889 0.0296875
0 0.5189814814814815 0.15989583333333332 0.030555555555555558 0.020833333333333332
0 0.5296296296296297 0.21614583333333334 0.02592592592592593 0.017708333333333333
0 0.5208333333333334 0.22786458333333334 0.02314814814814815 0.0140625
0 0.5398148148148149 0.24192708333333332 0.018518518518518517 0.008854166666666666
0 0.5439814814814815 0.14322916666666666 0.025 0.021875
0 0.5583333333333333 0.1609375 0.022222222222222223 0.017708333333333333
0 0.587037037037037 0.11510416666666666 0.02592592592592593 0.021875
0 0.6046296296296296 0.09192708333333333 0.031481481481481485 0.0234375
0 0.6078703703703704 0.10989583333333333 0.019444444444444445 0.015625
0 0.5486111111111112 0.19401041666666666 0.032407407407407406 0.015104166666666667
0 0.5120370370370371 0.28151041666666665 0.018518518518518517 0.0078125
0 0.5041666666666667 0.2518229166666667 0.017592592592592594 0.009895833333333333
0 0.5574074074074075 0.3385416666666667 0.012962962962962964 0.008333333333333333
0 0.5726851851851852 0.33515625 0.019444444444444445 0.009895833333333333
0 0.7162037037037037 0.59375 0.028703703703703703 0.014583333333333334
0 0.712962962962963 0.5486979166666667 0.02777777777777778 0.018229166666666668
0 0.7388888888888889 0.5255208333333333 0.02962962962962963 0.017708333333333333
0 0.8296296296296297 0.5200520833333333 0.03888888888888889 0.0203125
0 0.8518518518518519 0.5197916666666667 0.020370370370370372 0.019791666666666666
0 0.8328703703703704 0.7125 0.03425925925925926 0.01875
0 0.8310185185185186 0.6869791666666667 0.036111111111111115 0.015625
0 0.9023148148148149 0.72578125 0.03796296296296296 0.024479166666666666
0 0.9736111111111111 0.7971354166666667 0.04166666666666667 0.019270833333333334
0 0.9402777777777778 0.68515625 0.028703703703703703 0.015104166666666667
0 0.924537037037037 0.6044270833333333 0.04537037037037037 0.019270833333333334
0 0.9421296296296297 0.58515625 0.036111111111111115 0.0140625
0 0.9472222222222223 0.5703125 0.03518518518518519 0.019791666666666666
0 0.9162037037037037 0.56640625 0.03425925925925926 0.01614583333333333
0 0.9217592592592593 0.48072916666666665 0.032407407407407406 0.01875
0 0.9884259259259259 0.47578125 0.02314814814814815 0.019270833333333334
0 0.8569444444444445 0.45234375 0.03796296296296296 0.018229166666666668
0 0.962037037037037 0.45078124999999997 0.024074074074074074 0.015104166666666667
0 0.7435185185185186 0.4083333333333333 0.022222222222222223 0.013541666666666667
0 0.7689814814814815 0.4786458333333333 0.030555555555555558 0.015625
0 0.7402777777777778 0.39453125 0.019444444444444445 0.013020833333333334
0 0.7490740740740741 0.3497395833333333 0.02592592592592593 0.0203125
0 0.6925925925925926 0.36666666666666664 0.02962962962962963 0.019791666666666666
0 0.7087962962962964 0.3182291666666667 0.030555555555555558 0.020833333333333332
0 0.8060185185185186 0.33151041666666664 0.028703703703703703 0.015104166666666667
0 0.8148148148148149 0.31796875 0.03518518518518519 0.0171875
0 0.7111111111111111 0.24453125 0.02777777777777778 0.0140625
0 0.7356481481481482 0.24713541666666666 0.025 0.0171875
0 0.8828703703703704 0.18307291666666667 0.03981481481481482 0.0203125
0 0.9046296296296297 0.19765625 0.024074074074074074 0.0140625
0 0.8273148148148148 0.37447916666666664 0.026851851851851852 0.014583333333333334
0 0.9930555555555556 0.6328125 0.01388888888888889 0.010416666666666666
0 0.9902777777777778 0.3325520833333333 0.019444444444444445 0.015104166666666667
0 0.6916666666666667 0.38307291666666665 0.031481481481481485 0.01614583333333333
0 0.7712962962962964 0.7705729166666666 0.031481481481481485 0.022395833333333334
0 0.8041666666666667 0.22005208333333334 0.032407407407407406 0.021354166666666667
0 0.5106481481481482 0.7924479166666667 0.03425925925925926 0.018229166666666668
0 0.46481481481481485 0.4114583333333333 0.020370370370370372 0.015625
0 0.7726851851851853 0.48854166666666665 0.02314814814814815 0.011458333333333333
0 0.6967592592592593 0.3463541666666667 0.021296296296296296 0.016666666666666666
0 0.9240740740740742 0.70546875 0.03333333333333333 0.018229166666666668
