0 0.11064814814814815 0.1171875 0.02314814814814815 0.01875
0 0.09722222222222222 0.1734375 0.02777777777777778 0.016666666666666666
0 0.016203703703703703 0.2375 0.030555555555555558 0.020833333333333332
0 0.055092592592592596 0.24114583333333334 0.025 0.019791666666666666
0 0.059722222222222225 0.34609375 0.032407407407407406 0.018229166666666668
0 0.04583333333333334 0.3286458333333333 0.03425925925925926 0.017708333333333333
0 0.024537037037037038 0.40130208333333334 0.03425925925925926 0.0203125
0 0.10740740740740741 0.42161458333333335 0.031481481481481485 0.018229166666666668
0 0.20694444444444446 0.3528645833333333 0.030555555555555558 0.018229166666666668
0 0.19212962962962965 0.3734375 0.02314814814814815 0.013541666666666667
0 0.04398148148148148 0.4692708333333333 0.04166666666666667 0.01875
0 0.04722222222222222 0.4908854166666667 0.03888888888888889 0.019270833333333334
0 0.028240740740740743 0.5083333333333333 0.04351851851851852 0.019791666666666666
0 0.01898148148148148 0.5973958333333333 0.03425925925925926 0.017708333333333333
0 0.03657407407407408 0.6817708333333333 0.032407407407407406 0.015625
0 0.2847222222222222 0.30963541666666666 0.015740740740740743 0.011979166666666666
0 0.4013888888888889 0.21354166666666666 0.017592592592592594 0.011458333333333333
0 0.053703703703703705 0.7111979166666667 0.03518518518518519 0.025520833333333333
0 0.16574074074074074 0.5895833333333333 0.02777777777777778 0.017708333333333333
0 0.21944444444444444 0.5752604166666666 0.037037037037037035 0.019270833333333334
0 0.2337962962962963 0.6221354166666666 0.028703703703703703 0.0109375
0 0.35185185185185186 0.7286458333333333 0.02592592592592593 0.019791666666666666
0 0.1824074074074074 0.7424479166666667 0.040740740740740744 0.0234375
0 0.05416666666666667 0.7408854166666666 0.03425925925925926 0.0234375
0 0.0375 0.8057291666666666 0.02314814814814815 0.021875
0 0.24814814814814815 0.7484375 0.03518518518518519 0.014583333333333334
0 0.40740740740740744 0.52421875 0.022222222222222223 0.0109375
0 0.15833333333333333 0.3919270833333333 0.03518518518518519 0.022395833333333334
0 0.375 0.4440104166666667 0.020370370370370372 0.0109375
0 0.23935185185185187 0.3963541666666667 0.019444444444444445 0.015625
0 0.38657407407407407 0.41302083333333334 0.019444444444444445 0.013541666666666667
0 0.2587962962962963 0.3966145833333333 0.03796296296296296 0.022395833333333334
0 0.33611111111111114 0.5591145833333333 0.02777777777777778 0.01614583333333333
0 0.17962962962962964 0.6182291666666666 0.012962962962962964 0.0125
0 0.18333333333333335 0.6067708333333334 0.012962962962962964 0.011458333333333333
0 0.11712962962962964 0.3171875 0.030555555555555558 0.014583333333333334
0 0.25462962962962965 0.78984375 0.02777777777777778 0.022395833333333334
0 0.5171296296296296 0.8325520833333333 0.03425925925925926 0.024479166666666666
0 0.46435185185185185 0.7255208333333333 0.019444444444444445 0.015625
0 0.4078703703703704 0.7065104166666667 0.03796296296296296 0.022395833333333334
0 0.3023148148148148 0.7041666666666666 0.015740740740740743 0.010416666666666666
0 0.27361111111111114 0.5388020833333333 0.025 0.015104166666666667
0 0.27731481481481485 0.3770833333333333 0.019444444444444445 0.008333333333333333
0 0.562962962962963 0.7325520833333333 0.02962962962962963 0.019270833333333334
0 0.7578703703703704 0.8005208333333333 0.021296296296296296 0.01875
0 0.6967592592592593 0.7091145833333333 0.028703703703703703 0.019270833333333334
0 0.7356481481481482 0.70078125 0.03425925925925926 0.018229166666666668
0 0.6476851851851853 0.6278645833333333 0.028703703703703703 0.015104166666666667
0 0.6708333333333334 0.6247395833333333 0.017592592592592594 0.009895833333333333
0 0.6018518518518519 0.6361979166666667 0.024074074074074074 0.0140625
0 0.6050925925925926 0.6528645833333333 0.030555555555555558 0.015104166666666667
0 0.6212962962962963 0.6184895833333334 0.031481481481481485 0.0171875
0 0.5157407407407407 0.60078125 0.024074074074074074 0.011979166666666666
0 0.5435185185185185 0.58671875 0.022222222222222223 0.011979166666666666
0 0.5305555555555556 0.5705729166666667 0.022222222222222223 0.0171875
0 0.4375 0.5463541666666667 0.028703703703703703 0.014583333333333334
0 0.42129629629629634 0.48359375 0.03333333333333333 0.019270833333333334
0 0.5162037037037037 0.5572916666666666 0.026851851851851852 0.017708333333333333
0 0.46574074074074073 0.54140625 0.02592592592592593 0.0171875
0 0.48888888888888893 0.559375 0.018518518518518517 0.014583333333333334
0 0.41712962962962963 0.38515625 0.02314814814814815 0.011979166666666666
0 0.500925925925926 0.38619791666666664 0.018518518518518517 0.0109375
0 0.487962962962963 0.39453125 0.024074074074074074 0.01614583333333333
0 0.44212962962962965 0.33359375 0.019444444444444445 0.009895833333333333
0 0.5175925925925926 0.43515624999999997 0.020370370370370372 0.011979166666666666
0 0.5472222222222223 0.37838541666666664 0.016666666666666666 0.011979166666666666
0 0.5166666666666667 0.35911458333333335 0.022222222222222223 0.013020833333333334
0 0.4041666666666667 0.16953125 0.03981481481481482 0.0296875
0 0.4847222222222222 0.15598958333333332 0.030555555555555558 0.021354166666666667
0 0.4939814814814815 0.21276041666666667 0.026851851851851852 0.018229166666666668
0 0.48750000000000004 0.22447916666666667 0.02314814814814815 0.014583333333333334
0 0.5097222222222222 0.23828125 0.017592592592592594 0.009895833333333333
0 0.5097222222222222 0.13932291666666666 0.025 0.022395833333333334
0 0.5263888888888889 0.15755208333333334 0.02314814814814815 0.018229166666666668
0 0.5560185185185186 0.11067708333333333 0.026851851851851852 0.022395833333333334
0 0.5731481481481482 0.0875 0.031481481481481485 0.022916666666666665
0 0.5773148148148148 0.10572916666666667 0.021296296296296296 0.016666666666666666
0 0.5157407407407407 0.18932291666666667 0.02962962962962963 0.013020833333333334
0 0.4800925925925926 0.2796875 0.019444444444444445 0.009375
0 0.4689814814814815 0.24895833333333334 0.017592592592592594 0.010416666666666666
0 0.5263888888888889 0.33619791666666665 0.015740740740740743 0.008854166666666666
0 0.5430555555555556 0.3328125 0.019444444444444445 0.010416666666666666
0 0.6842592592592592 0.5924479166666666 0.02962962962962963 0.0140625
0 0.6847222222222222 0.546875 0.02314814814814815 0.01875
0 0.7087962962962964 0.5234375 0.028703703703703703 0.017708333333333333
0 0.7962962962962963 0.51796875 0.03888888888888889 0.0203125
0 0.8189814814814815 0.51796875 0.021296296296296296 0.0203125
0 0.8009259259259259 0.7109375 0.03333333333333333 0.01875
0 0.7986111111111112 0.68515625 0.036111111111111115 0.015104166666666667
0 0.8689814814814815 0.72421875 0.03796296296296296 0.024479166666666666
0 0.9407407407407408 0.7955729166666666 0.04259259259259259 0.019270833333333334
0 0.9069444444444444 0.6838541666666667 0.028703703703703703 0.015625
0 0.8939814814814815 0.6028645833333334 0.04166666666666667 0.019270833333333334
0 0.9101851851851852 0.5833333333333334 0.037037037037037035 0.014583333333333334
0 0.9143518518518519 0.56875 0.03425925925925926 0.019791666666666666
0 0.8833333333333334 0.5645833333333333 0.03333333333333333 0.016666666666666666
0 0.887962962962963 0.47890625 0.031481481481481485 0.019270833333333334
0 0.9615740740740741 0.4744791666666667 0.03425925925925926 0.019791666666666666
0 0.8245370370370371 0.4505208333333333 0.036111111111111115 0.01875
0 0.9287037037037037 0.44921875 0.024074074074074074 0.015104166666666667
0 0.7398148148148148 0.47760416666666666 0.031481481481481485 0.017708333333333333
0 0.7157407407407408 0.34765625 0.02962962962962963 0.022395833333333334
0 0.6648148148148149 0.36432291666666666 0.02962962962962963 0.0203125
0 0.6768518518518519 0.31536458333333334 0.031481481481481485 0.021354166666666667
0 0.7763888888888889 0.32838541666666665 0.028703703703703703 0.015104166666666667
0 0.7824074074074074 0.315625 0.03333333333333333 0.01875
0 0.6814814814814815 0.24192708333333332 0.02777777777777778 0.015104166666666667
0 0.7064814814814815 0.24348958333333334 0.024074074074074074 0.0171875
0 0.850462962962963 0.17916666666666667 0.03981481481481482 0.019791666666666666
0 0.8722222222222222 0.19270833333333334 0.02592592592592593 0.014583333333333334
0 0.7986111111111112 0.37265625 0.030555555555555558 0.0171875
0 0.9638888888888889 0.63125 0.020370370370370372 0.011458333333333333
0 0.9884259259259259 0.7169270833333333 0.02314814814814815 0.015104166666666667
0 0.9685185185185186 0.3299479166666667 0.02592592592592593 0.015104166666666667
0 0.6620370370370371 0.3809895833333333 0.031481481481481485 0.01614583333333333
0 0.9203703703703704 0.13619791666666667 0.020370370370370372 0.0109375
0 0.7351851851851852 0.7690104166666667 0.031481481481481485 0.0234375
0 0.775462962962963 0.21692708333333333 0.032407407407407406 0.021354166666666667
0 0.47222222222222227 0.79140625 0.037037037037037035 0.018229166666666668
0 0.4300925925925926 0.40963541666666664 0.019444444444444445 0.01614583333333333
0 0.6666666666666667 0.34375 0.022222222222222223 0.017708333333333333
0 0.8902777777777778 0.7041666666666666 0.032407407407407406 0.017708333333333333
