0 0.8912037037037037 0.1171875 0.02314814814814815 0.01875
0 0.9046296296296297 0.1734375 0.02777777777777778 0.016666666666666666
0 0.9851851851851853 0.23776041666666667 0.02962962962962963 0.021354166666666667
0 0.9467592592592593 0.24114583333333334 0.025 0.019791666666666666
0 0.9421296296296297 0.34609375 0.032407407407407406 0.018229166666666668
0 0.9560185185185186 0.3286458333333333 0.03425925925925926 0.017708333333333333
0 0.9773148148148149 0.40130208333333334 0.03425925925925926 0.0203125
0 0.8944444444444445 0.42161458333333335 0.031481481481481485 0.018229166666666668
0 0.7949074074074074 0.3528645833333333 0.030555555555555558 0.018229166666666668
0 0.8097222222222222 0.3734375 0.02314814814814815 0.013541666666666667
0 0.9578703703703704 0.4692708333333333 0.04166666666666667 0.01875
0 0.9546296296296297 0.4908854166666667 0.03888888888888889 0.019270833333333334
0 0.9736111111111111 0.5083333333333333 0.04351851851851852 0.019791666666666666
0 0.9828703703703704 0.5973958333333333 0.03425925925925926 0.017708333333333333
0 0.9652777777777778 0.6817708333333333 0.032407407407407406 0.015625
0 0.7171296296296297 0.30963541666666666 0.015740740740740743 0.011979166666666666
0 0.600462962962963 0.21354166666666666 0.017592592592592594 0.011458333333333333
0 0.9481481481481482 0.7111979166666667 0.03518518518518519 0.025520833333333333
0 0.8361111111111111 0.5895833333333333 0.02777777777777778 0.017708333333333333
0 0.7824074074074074 0.5752604166666666 0.037037037037037035 0.019270833333333334
0 0.7680555555555556 0.6221354166666666 0.028703703703703703 0.0109375
0 0.65 0.7286458333333333 0.02592592592592593 0.019791666666666666
0 0.8194444444444445 0.7424479166666667 0.040740740740740744 0.0234375
0 0.9476851851851852 0.7408854166666666 0.03425925925925926 0.0234375
0 0.9643518518518519 0.8057291666666666 0.02314814814814815 0.021875
0 0.7537037037037038 0.7484375 0.03518518518518519 0.014583333333333334
0 0.5944444444444444 0.52421875 0.022222222222222223 0.0109375
0 0.8435185185185186 0.3919270833333333 0.03518518518518519 0.022395833333333334
0 0.6268518518518519 0.4440104166666667 0.020370370370370372 0.0109375
0 0.7625000000000001 0.3963541666666667 0.019444444444444445 0.015625
0 0.6152777777777778 0.41302083333333334 0.019444444444444445 0.013541666666666667
0 0.7430555555555556 0.3966145833333333 0.03796296296296296 0.022395833333333334
0 0.6657407407407407 0.5591145833333333 0.02777777777777778 0.01614583333333333
0 0.8222222222222223 0.6182291666666666 0.012962962962962964 0.0125
0 0.8185185185185185 0.6067708333333334 0.012962962962962964 0.011458333333333333
0 0.8847222222222223 0.3171875 0.030555555555555558 0.014583333333333334
0 0.7472222222222222 0.78984375 0.02777777777777778 0.022395833333333334
0 0.4847222222222222 0.8325520833333333 0.03425925925925926 0.024479166666666666
0 0.5375 0.7255208333333333 0.019444444444444445 0.015625
0 0.5939814814814816 0.7065104166666667 0.03796296296296296 0.022395833333333334
0 0.6995370370370371 0.7041666666666666 0.015740740740740743 0.010416666666666666
0 0.7282407407407407 0.5388020833333333 0.025 0.015104166666666667
0 0.7245370370370371 0.3770833333333333 0.019444444444444445 0.008333333333333333
0 0.4388888888888889 0.7325520833333333 0.02962962962962963 0.019270833333333334
0 0.2439814814814815 0.8005208333333333 0.021296296296296296 0.01875
0 0.3050925925925926 0.7091145833333333 0.028703703703703703 0.019270833333333334
0 0.2662037037037037 0.70078125 0.03425925925925926 0.018229166666666668
0 0.3541666666666667 0.6278645833333333 0.028703703703703703 0.015104166666666667
0 0.33101851851851855 0.6247395833333333 0.017592592592592594 0.009895833333333333
0 0.4 0.6361979166666667 0.024074074074074074 0.0140625
0 0.39675925925925926 0.6528645833333333 0.030555555555555558 0.015104166666666667
0 0.3805555555555556 0.6184895833333334 0.031481481481481485 0.0171875
0 0.4861111111111111 0.60078125 0.024074074074074074 0.011979166666666666
0 0.45833333333333337 0.58671875 0.022222222222222223 0.011979166666666666
0 0.4712962962962963 0.5705729166666667 0.022222222222222223 0.0171875
0 0.5643518518518519 0.5463541666666667 0.028703703703703703 0.014583333333333334
0 0.5805555555555556 0.48359375 0.03333333333333333 0.019270833333333334
0 0.48564814814814816 0.5572916666666666 0.026851851851851852 0.017708333333333333
0 0.5361111111111111 0.54140625 0.02592592592592593 0.0171875
0 0.512962962962963 0.559375 0.018518518518518517 0.014583333333333334
0 0.5847222222222223 0.38515625 0.02314814814814815 0.011979166666666666
0 0.500925925925926 0.38619791666666664 0.018518518518518517 0.0109375
0 0.513888888888889 0.39453125 0.024074074074074074 0.01614583333333333
0 0.5597222222222222 0.33359375 0.019444444444444445 0.009895833333333333
0 0.4842592592592593 0.43515624999999997 0.020370370370370372 0.011979166666666666
0 0.45462962962962966 0.37838541666666664 0.016666666666666666 0.011979166666666666
0 0.4851851851851852 0.35911458333333335 0.022222222222222223 0.013020833333333334
0 0.5976851851851852 0.16953125 0.03981481481481482 0.0296875
0 0.5171296296296296 0.15598958333333332 0.030555555555555558 0.021354166666666667
0 0.5078703703703704 0.21276041666666667 0.026851851851851852 0.018229166666666668
0 0.5143518518518518 0.22447916666666667 0.02314814814814815 0.014583333333333334
0 0.49212962962962964 0.23828125 0.017592592592592594 0.009895833333333333
0 0.49212962962962964 0.13932291666666666 0.025 0.022395833333333334
0 0.475462962962963 0.15755208333333334 0.02314814814814815 0.018229166666666668
0 0.44583333333333336 0.11067708333333333 0.026851851851851852 0.022395833333333334
0 0.4287037037037037 0.0875 0.031481481481481485 0.022916666666666665
0 0.42453703703703705 0.10572916666666667 0.021296296296296296 0.016666666666666666
0 0.4861111111111111 0.18932291666666667 0.02962962962962963 0.013020833333333334
0 0.5217592592592593 0.2796875 0.019444444444444445 0.009375
0 0.5328703703703704 0.24895833333333334 0.017592592592592594 0.010416666666666666
0 0.475462962962963 0.33619791666666665 0.015740740740740743 0.008854166666666666
0 0.4587962962962963 0.3328125 0.019444444444444445 0.010416666666666666
0 0.3175925925925926 0.5924479166666666 0.02962962962962963 0.0140625
0 0.31712962962962965 0.546875 0.02314814814814815 0.01875
0 0.29305555555555557 0.5234375 0.028703703703703703 0.017708333333333333
0 0.20555555555555557 0.51796875 0.03888888888888889 0.0203125
0 0.18287037037037038 0.51796875 0.021296296296296296 0.0203125
0 0.20092592592592592 0.7109375 0.03333333333333333 0.01875
0 0.20324074074074075 0.68515625 0.036111111111111115 0.015104166666666667
0 0.1328703703703704 0.72421875 0.03796296296296296 0.024479166666666666
0 0.061111111111111116 0.7955729166666666 0.04259259259259259 0.019270833333333334
0 0.09490740740740741 0.6838541666666667 0.028703703703703703 0.015625
0 0.10787037037037038 0.6028645833333334 0.04166666666666667 0.019270833333333334
0 0.09166666666666667 0.5833333333333334 0.037037037037037035 0.014583333333333334
0 0.08750000000000001 0.56875 0.03425925925925926 0.019791666666666666
0 0.11851851851851852 0.5645833333333333 0.03333333333333333 0.016666666666666666
0 0.11388888888888889 0.47890625 0.031481481481481485 0.019270833333333334
0 0.04027777777777778 0.4744791666666667 0.03425925925925926 0.019791666666666666
0 0.17731481481481481 0.4505208333333333 0.036111111111111115 0.01875
0 0.07314814814814816 0.44921875 0.024074074074074074 0.015104166666666667
0 0.26203703703703707 0.47760416666666666 0.031481481481481485 0.017708333333333333
0 0.28611111111111115 0.34765625 0.02962962962962963 0.022395833333333334
0 0.337037037037037 0.36432291666666666 0.02962962962962963 0.0203125
0 0.325 0.31536458333333334 0.031481481481481485 0.021354166666666667
0 0.22546296296296298 0.32838541666666665 0.028703703703703703 0.015104166666666667
0 0.21944444444444444 0.315625 0.03333333333333333 0.01875
0 0.32037037037037036 0.24192708333333332 0.02777777777777778 0.015104166666666667
0 0.2953703703703704 0.24348958333333334 0.024074074074074074 0.0171875
0 0.1513888888888889 0.17916666666666667 0.03981481481481482 0.019791666666666666
0 0.12962962962962962 0.19270833333333334 0.02592592592592593 0.014583333333333334
0 0.20324074074074075 0.37265625 0.030555555555555558 0.0171875
0 0.03796296296296296 0.63125 0.020370370370370372 0.011458333333333333
0 0.013425925925925926 0.7169270833333333 0.02314814814814815 0.015104166666666667
0 0.03333333333333333 0.3299479166666667 0.02592592592592593 0.015104166666666667
0 0.33981481481481485 0.3809895833333333 0.031481481481481485 0.01614583333333333
0 0.08148148148148149 0.13619791666666667 0.020370370370370372 0.0109375
0 0.26666666666666666 0.7690104166666667 0.031481481481481485 0.0234375
0 0.2263888888888889 0.21692708333333333 0.032407407407407406 0.021354166666666667
0 0.5296296296296297 0.79140625 0.037037037037037035 0.018229166666666668
0 0.5717592592592593 0.40963541666666664 0.019444444444444445 0.01614583333333333
0 0.3351851851851852 0.34375 0.022222222222222223 0.017708333333333333
0 0.11157407407407408 0.7041666666666666 0.032407407407407406 0.017708333333333333
