0 0.09953703703703703 0.11510416666666666 0.02314814814814815 0.01875
0 0.08425925925925926 0.17161458333333332 0.02777777777777778 0.0171875
0 0.04351851851851852 0.23880208333333333 0.024074074074074074 0.021354166666666667
0 0.04722222222222222 0.34453125 0.031481481481481485 0.019270833333333334
0 0.03287037037037037 0.3265625 0.036111111111111115 0.016666666666666666
0 0.014814814814814815 0.39739583333333334 0.02777777777777778 0.019791666666666666
0 0.09490740740740741 0.4200520833333333 0.032407407407407406 0.018229166666666668
0 0.19583333333333333 0.3515625 0.030555555555555558 0.01875
0 0.17685185185185187 0.37213541666666666 0.022222222222222223 0.0140625
0 0.030092592592592594 0.4671875 0.04166666666666667 0.01875
0 0.03333333333333333 0.4888020833333333 0.03888888888888889 0.019270833333333334
0 0.018518518518518517 0.5059895833333333 0.03518518518518519 0.0203125
0 0.020370370370370372 0.6802083333333333 0.031481481481481485 0.015625
0 0.27222222222222225 0.30885416666666665 0.016666666666666666 0.0125
0 0.3907407407407408 0.21328125 0.018518518518518517 0.011979166666666666
0 0.1513888888888889 0.5885416666666666 0.028703703703703703 0.017708333333333333
0 0.2050925925925926 0.5739583333333333 0.03796296296296296 0.01875
0 0.21851851851851853 0.6213541666666667 0.02962962962962963 0.010416666666666666
0 0.337037037037037 0.7283854166666667 0.02592592592592593 0.0203125
0 0.16481481481481483 0.74140625 0.040740740740740744 0.0234375
0 0.033796296296296297 0.7388020833333333 0.03425925925925926 0.0234375
0 0.015740740740740743 0.8039062499999999 0.02592592592592593 0.0203125
0 0.23287037037037037 0.7479166666666667 0.03425925925925926 0.013541666666666667
0 0.39305555555555555 0.52421875 0.02314814814814815 0.009895833333333333
0 0.14351851851851852 0.39036458333333335 0.03333333333333333 0.021354166666666667
0 0.36388888888888893 0.44375 0.020370370370370372 0.011458333333333333
0 0.2240740740740741 0.3953125 0.020370370370370372 0.015625
0 0.3736111111111111 0.4119791666666667 0.019444444444444445 0.013541666666666667
0 0.24212962962962964 0.39557291666666666 0.04351851851851852 0.022395833333333334
0 0.32175925925925924 0.5588541666666667 0.026851851851851852 0.016666666666666666
0 0.1638888888888889 0.6171875 0.012962962962962964 0.0125
0 0.1685185185185185 0.6057291666666667 0.012962962962962964 0.011458333333333333
0 0.1050925925925926 0.31536458333333334 0.032407407407407406 0.015104166666666667
0 0.23703703703703705 0.7890625 0.02592592592592593 0.021875
0 0.4962962962962963 0.8333333333333334 0.03333333333333333 0.02395833333333333
0 0.4476851851851852 0.72578125 0.019444444444444445 0.015104166666666667
0 0.39166666666666666 0.70625 0.037037037037037035 0.022916666666666665
0 0.2888888888888889 0.7052083333333333 0.016666666666666666 0.013541666666666667
0 0.2606481481481482 0.5375 0.025 0.014583333333333334
0 0.2657407407407408 0.37526041666666665 0.018518518518518517 0.008854166666666666
0 0.5462962962962963 0.7325520833333333 0.031481481481481485 0.019270833333333334
0 0.7384259259259259 0.8010416666666667 0.021296296296296296 0.01875
0 0.5657407407407408 0.7002604166666666 0.020370370370370372 0.013020833333333334
0 0.6800925925925926 0.7096354166666666 0.028703703703703703 0.019270833333333334
0 0.7194444444444444 0.7013020833333333 0.03518518518518519 0.018229166666666668
0 0.6328703703703704 0.6286458333333333 0.028703703703703703 0.015625
0 0.6574074074074074 0.6255208333333333 0.016666666666666666 0.010416666666666666
0 0.587962962962963 0.6361979166666667 0.024074074074074074 0.0140625
0 0.5912037037037037 0.653125 0.030555555555555558 0.015625
0 0.6064814814814815 0.6190104166666667 0.031481481481481485 0.0171875
0 0.5013888888888889 0.60078125 0.025 0.011979166666666666
0 0.5296296296296297 0.5864583333333333 0.022222222222222223 0.011458333333333333
0 0.5162037037037037 0.5708333333333333 0.021296296296296296 0.016666666666666666
0 0.4226851851851852 0.5458333333333333 0.028703703703703703 0.014583333333333334
0 0.4064814814814815 0.48333333333333334 0.03333333333333333 0.019791666666666666
0 0.5023148148148149 0.5567708333333333 0.026851851851851852 0.017708333333333333
0 0.45092592592592595 0.54140625 0.02592592592592593 0.0171875
0 0.475462962962963 0.559375 0.019444444444444445 0.014583333333333334
0 0.40324074074074073 0.384375 0.02314814814814815 0.011458333333333333
0 0.4851851851851852 0.38645833333333335 0.018518518518518517 0.011458333333333333
0 0.4740740740740741 0.39427083333333335 0.024074074074074074 0.015625
0 0.4300925925925926 0.3333333333333333 0.019444444444444445 0.009375
0 0.5064814814814815 0.43515624999999997 0.022222222222222223 0.011979166666666666
0 0.5324074074074074 0.37838541666666664 0.016666666666666666 0.011979166666666666
0 0.5027777777777778 0.35859375 0.022222222222222223 0.013020833333333334
0 0.3907407407407408 0.16770833333333332 0.040740740740740744 0.028125
0 0.47175925925925927 0.15572916666666667 0.030555555555555558 0.021875
0 0.4814814814814815 0.21223958333333334 0.02592592592592593 0.018229166666666668
0 0.47500000000000003 0.22421875 0.022222222222222223 0.0140625
0 0.4986111111111111 0.23802083333333332 0.017592592592592594 0.010416666666666666
0 0.4981481481481482 0.13880208333333333 0.02592592592592593 0.022395833333333334
0 0.5148148148148148 0.15703125 0.024074074074074074 0.018229166666666668
0 0.5449074074074074 0.11067708333333333 0.026851851851851852 0.022395833333333334
0 0.5611111111111111 0.0875 0.031481481481481485 0.022916666666666665
0 0.5657407407407408 0.10598958333333333 0.020370370370370372 0.01614583333333333
0 0.5037037037037038 0.18880208333333334 0.031481481481481485 0.011979166666666666
0 0.4671296296296297 0.2794270833333333 0.021296296296296296 0.009895833333333333
0 0.45555555555555555 0.24817708333333333 0.018518518518518517 0.009895833333333333
0 0.5152777777777778 0.33619791666666665 0.015740740740740743 0.0078125
0 0.5319444444444444 0.3333333333333333 0.019444444444444445 0.010416666666666666
0 0.6694444444444445 0.5932291666666667 0.02962962962962963 0.014583333333333334
0 0.6708333333333334 0.5471354166666667 0.025 0.018229166666666668
0 0.6953703703703704 0.52421875 0.02777777777777778 0.018229166666666668
0 0.7819444444444444 0.51875 0.03796296296296296 0.019791666666666666
0 0.8037037037037037 0.5190104166666667 0.022222222222222223 0.019270833333333334
0 0.7851851851851852 0.7119791666666666 0.03333333333333333 0.01875
0 0.7833333333333333 0.6859375 0.03518518518518519 0.015625
0 0.8523148148148149 0.7252604166666666 0.03796296296296296 0.024479166666666666
0 0.925 0.796875 0.040740740740740744 0.019791666666666666
0 0.8907407407407407 0.6848958333333334 0.02962962962962963 0.015625
0 0.8791666666666667 0.60390625 0.03981481481481482 0.019270833333333334
0 0.8944444444444445 0.5848958333333333 0.037037037037037035 0.013541666666666667
0 0.899537037037037 0.5703125 0.03425925925925926 0.019791666666666666
0 0.8680555555555556 0.565625 0.03425925925925926 0.016666666666666666
0 0.8717592592592593 0.47994791666666664 0.032407407407407406 0.019270833333333334
0 0.9458333333333334 0.47578125 0.03425925925925926 0.0203125
0 0.8097222222222222 0.4510416666666667 0.036111111111111115 0.01875
0 0.9120370370370371 0.45 0.024074074074074074 0.015625
0 0.7273148148148149 0.47812499999999997 0.030555555555555558 0.017708333333333333
0 0.700925925925926 0.34869791666666666 0.031481481481481485 0.0234375
0 0.6518518518518519 0.3645833333333333 0.02962962962962963 0.019791666666666666
0 0.663425925925926 0.31588541666666664 0.030555555555555558 0.021354166666666667
0 0.763425925925926 0.3294270833333333 0.028703703703703703 0.015104166666666667
0 0.7680555555555556 0.31614583333333335 0.03425925925925926 0.017708333333333333
0 0.6694444444444445 0.24192708333333332 0.02777777777777778 0.015104166666666667
0 0.6944444444444444 0.24427083333333333 0.024074074074074074 0.016666666666666666
0 0.8351851851851853 0.18125 0.03888888888888889 0.021875
0 0.8564814814814815 0.19401041666666666 0.02777777777777778 0.0140625
0 0.7842592592592593 0.3723958333333333 0.031481481481481485 0.014583333333333334
0 0.9462962962962963 0.6322916666666667 0.020370370370370372 0.011458333333333333
0 0.9750000000000001 0.7174479166666666 0.02962962962962963 0.0140625
0 0.9564814814814815 0.33151041666666664 0.02592592592592593 0.015104166666666667
0 0.650462962962963 0.38125 0.030555555555555558 0.016666666666666666
0 0.9060185185185186 0.13854166666666667 0.02314814814814815 0.0125
0 0.7175925925925927 0.76953125 0.031481481481481485 0.0234375
0 0.763425925925926 0.21770833333333334 0.032407407407407406 0.021875
0 0.45416666666666666 0.7916666666666666 0.03796296296296296 0.017708333333333333
0 0.4152777777777778 0.40911458333333334 0.017592592592592594 0.015104166666666667
0 0.6532407407407408 0.3442708333333333 0.021296296296296296 0.017708333333333333
0 0.875462962962963 0.7049479166666667 0.03425925925925926 0.018229166666666668
