0 0.09212962962962963 0.11588541666666667 0.02314814814814815 0.018229166666666668
0 0.07777777777777778 0.17213541666666665 0.02777777777777778 0.0171875
0 0.036111111111111115 0.23958333333333334 0.024074074074074074 0.019791666666666666
0 0.03888888888888889 0.3450520833333333 0.031481481481481485 0.019270833333333334
0 0.025 0.32734375 0.03518518518518519 0.0171875
0 0.011111111111111112 0.39739583333333334 0.020370370370370372 0.019791666666666666
0 0.08750000000000001 0.42083333333333334 0.032407407407407406 0.017708333333333333
0 0.1875 0.35234375 0.030555555555555558 0.018229166666666668
0 0.16805555555555557 0.3723958333333333 0.02314814814814815 0.013541666666666667
0 0.02175925925925926 0.46796875 0.03981481481481482 0.019270833333333334
0 0.024537037037037038 0.4888020833333333 0.03981481481481482 0.019270833333333334
0 0.01388888888888889 0.50625 0.02592592592592593 0.019791666666666666
0 0.013425925925925926 0.6809895833333334 0.025 0.01614583333333333
0 0.26481481481481484 0.309375 0.016666666666666666 0.0125
0 0.38287037037037036 0.2140625 0.017592592592592594 0.011458333333333333
0 0.2240740740740741 0.7513020833333334 0.03518518518518519 0.019270833333333334
0 0.14212962962962963 0.5890625 0.028703703703703703 0.017708333333333333
0 0.19675925925925927 0.5752604166666666 0.03796296296296296 0.019270833333333334
0 0.21064814814814817 0.621875 0.030555555555555558 0.010416666666666666
0 0.3300925925925926 0.7294270833333333 0.026851851851851852 0.0203125
0 0.1564814814814815 0.7421875 0.040740740740740744 0.02395833333333333
0 0.022685185185185187 0.7395833333333334 0.03425925925925926 0.02395833333333333
0 0.38472222222222224 0.5247395833333334 0.02314814814814815 0.0109375
0 0.13472222222222222 0.39088541666666665 0.03425925925925926 0.022395833333333334
0 0.35694444444444445 0.44479166666666664 0.021296296296296296 0.011458333333333333
0 0.21481481481481482 0.39609375 0.020370370370370372 0.01614583333333333
0 0.36574074074074076 0.4125 0.018518518518518517 0.0125
0 0.23333333333333334 0.396875 0.044444444444444446 0.021875
0 0.312962962962963 0.55859375 0.02777777777777778 0.015104166666666667
0 0.15555555555555556 0.6174479166666667 0.012962962962962964 0.013020833333333334
0 0.15972222222222224 0.6065104166666666 0.01388888888888889 0.0109375
0 0.09814814814814815 0.31614583333333335 0.031481481481481485 0.014583333333333334
0 0.22777777777777777 0.78984375 0.024074074074074074 0.022395833333333334
0 0.48564814814814816 0.8341145833333333 0.03425925925925926 0.024479166666666666
0 0.437962962962963 0.7265625 0.020370370370370372 0.015625
0 0.3819444444444445 0.7072916666666667 0.03796296296296296 0.022916666666666665
0 0.28194444444444444 0.70625 0.015740740740740743 0.013541666666666667
0 0.25416666666666665 0.5385416666666667 0.025 0.014583333333333334
0 0.2587962962962963 0.3763020833333333 0.017592592592592594 0.008854166666666666
0 0.5375 0.7338541666666667 0.030555555555555558 0.01875
0 0.7296296296296296 0.80234375 0.020370370370370372 0.019270833333333334
0 0.5587962962962963 0.7020833333333333 0.019444444444444445 0.014583333333333334
0 0.6703703703703704 0.71015625 0.02777777777777778 0.019270833333333334
0 0.7106481481481481 0.70234375 0.03425925925925926 0.018229166666666668
0 0.625 0.6291666666666667 0.02962962962962963 0.015625
0 0.649537037037037 0.6260416666666666 0.017592592592592594 0.010416666666666666
0 0.5796296296296296 0.6364583333333333 0.024074074074074074 0.014583333333333334
0 0.5828703703703704 0.6536458333333334 0.030555555555555558 0.015625
0 0.5995370370370371 0.6197916666666666 0.030555555555555558 0.016666666666666666
0 0.4939814814814815 0.6013020833333333 0.025 0.011979166666666666
0 0.5217592592592593 0.5875 0.02314814814814815 0.011458333333333333
0 0.5087962962962963 0.5716145833333334 0.021296296296296296 0.0171875
0 0.41435185185185186 0.546875 0.028703703703703703 0.014583333333333334
0 0.39675925925925926 0.48411458333333335 0.03425925925925926 0.019270833333333334
0 0.4930555555555556 0.5578125 0.026851851851851852 0.017708333333333333
0 0.4416666666666667 0.5419270833333333 0.02592592592592593 0.0171875
0 0.4671296296296297 0.56015625 0.017592592592592594 0.0140625
0 0.3944444444444445 0.38515625 0.022222222222222223 0.011979166666666666
0 0.4759259259259259 0.3875 0.018518518518518517 0.011458333333333333
0 0.46481481481481485 0.3953125 0.024074074074074074 0.015625
0 0.4217592592592593 0.334375 0.019444444444444445 0.009375
0 0.4981481481481482 0.4359375 0.022222222222222223 0.0125
0 0.524537037037037 0.37916666666666665 0.017592592592592594 0.011458333333333333
0 0.4935185185185185 0.35963541666666665 0.022222222222222223 0.013020833333333334
0 0.38101851851851853 0.16927083333333334 0.04166666666666667 0.028125
0 0.46342592592592596 0.15703125 0.030555555555555558 0.021354166666666667
0 0.4726851851851852 0.21380208333333334 0.026851851851851852 0.018229166666666668
0 0.4666666666666667 0.22526041666666666 0.022222222222222223 0.015104166666666667
0 0.4902777777777778 0.23932291666666666 0.017592592592592594 0.009895833333333333
0 0.48888888888888893 0.14010416666666667 0.024074074074074074 0.021875
0 0.5064814814814815 0.15859375 0.024074074074074074 0.018229166666666668
0 0.5361111111111111 0.11223958333333334 0.02592592592592593 0.022395833333333334
0 0.5532407407407408 0.08854166666666667 0.030555555555555558 0.022916666666666665
0 0.5578703703703703 0.10703125 0.021296296296296296 0.01614583333333333
0 0.4949074074074074 0.18984375 0.030555555555555558 0.011979166666666666
0 0.45925925925925926 0.28046875 0.020370370370370372 0.009895833333333333
0 0.4467592592592593 0.24921875 0.017592592592592594 0.009895833333333333
0 0.5083333333333333 0.3372395833333333 0.014814814814814815 0.0078125
0 0.525 0.334375 0.018518518518518517 0.010416666666666666
0 0.6606481481481482 0.5934895833333333 0.028703703703703703 0.0140625
0 0.662962962962963 0.5481770833333334 0.024074074074074074 0.018229166666666668
0 0.6875 0.5247395833333334 0.026851851851851852 0.018229166666666668
0 0.7726851851851853 0.5197916666666667 0.03796296296296296 0.019791666666666666
0 0.7944444444444445 0.5192708333333333 0.022222222222222223 0.019791666666666666
0 0.7768518518518519 0.7125 0.03333333333333333 0.01875
0 0.7736111111111111 0.6864583333333333 0.03425925925925926 0.015625
0 0.8430555555555556 0.72578125 0.03796296296296296 0.024479166666666666
0 0.9157407407407407 0.79765625 0.040740740740740744 0.019270833333333334
0 0.8814814814814815 0.6859375 0.02962962962962963 0.015625
0 0.8699074074074075 0.6044270833333333 0.03981481481481482 0.019270833333333334
0 0.8856481481481482 0.58515625 0.036111111111111115 0.0140625
0 0.8893518518518518 0.5708333333333333 0.03425925925925926 0.019791666666666666
0 0.8587962962962963 0.565625 0.03425925925925926 0.016666666666666666
0 0.8611111111111112 0.48072916666666665 0.03333333333333333 0.01875
0 0.9356481481481482 0.47604166666666664 0.03425925925925926 0.019791666666666666
0 0.800462962962963 0.4518229166666667 0.036111111111111115 0.018229166666666668
0 0.9027777777777778 0.45078124999999997 0.024074074074074074 0.015104166666666667
0 0.7175925925925927 0.4786458333333333 0.02962962962962963 0.017708333333333333
0 0.6925925925925926 0.35 0.031481481481481485 0.022916666666666665
0 0.6435185185185185 0.365625 0.02962962962962963 0.019791666666666666
0 0.6555555555555556 0.31666666666666665 0.031481481481481485 0.020833333333333332
0 0.7546296296296297 0.3307291666666667 0.02777777777777778 0.014583333333333334
0 0.7592592592592593 0.31666666666666665 0.03333333333333333 0.017708333333333333
0 0.6615740740740741 0.24348958333333334 0.026851851851851852 0.015104166666666667
0 0.6861111111111111 0.24583333333333332 0.024074074074074074 0.017708333333333333
0 0.8240740740740741 0.18255208333333334 0.03888888888888889 0.021354166666666667
0 0.8462962962962963 0.19505208333333332 0.02777777777777778 0.0140625
0 0.775462962962963 0.3734375 0.032407407407407406 0.014583333333333334
0 0.9375 0.6330729166666667 0.019444444444444445 0.011979166666666666
0 0.9666666666666667 0.71796875 0.02962962962962963 0.0140625
0 0.9481481481481482 0.3328125 0.02592592592592593 0.014583333333333334
0 0.6430555555555556 0.38177083333333334 0.030555555555555558 0.016666666666666666
0 0.8944444444444445 0.140625 0.024074074074074074 0.013541666666666667
0 0.7087962962962964 0.7703125 0.030555555555555558 0.02395833333333333
0 0.7541666666666667 0.21875 0.032407407407407406 0.021875
0 0.4444444444444445 0.7916666666666666 0.037037037037037035 0.016666666666666666
0 0.40694444444444444 0.41015625 0.017592592592592594 0.01614583333333333
0 0.6449074074074075 0.3450520833333333 0.021296296296296296 0.0171875
0 0.8662037037037037 0.70546875 0.03425925925925926 0.018229166666666668
