0 0.07685185185185185 0.12005208333333334 0.022222222222222223 0.018229166666666668
0 0.06157407407407408 0.1765625 0.028703703703703703 0.016666666666666666
0 0.01990740740740741 0.24322916666666666 0.02314814814814815 0.020833333333333332
0 0.022685185185185187 0.3481770833333333 0.030555555555555558 0.019270833333333334
0 0.013425925925925926 0.3307291666666667 0.025 0.016666666666666666
0 0.07175925925925926 0.4239583333333333 0.032407407407407406 0.016666666666666666
0 0.17222222222222222 0.35546875 0.031481481481481485 0.018229166666666668
0 0.14953703703703705 0.3755208333333333 0.02314814814814815 0.013541666666666667
0 0.0125 0.4700520833333333 0.02314814814814815 0.0171875
0 0.014814814814814815 0.49140625 0.02777777777777778 0.021354166666666667
0 0.2490740740740741 0.31223958333333335 0.016666666666666666 0.011979166666666666
0 0.3675925925925926 0.21796875 0.016666666666666666 0.011979166666666666
0 0.12685185185185185 0.5916666666666667 0.02777777777777778 0.017708333333333333
0 0.18055555555555555 0.578125 0.03888888888888889 0.01875
0 0.19398148148148148 0.6247395833333333 0.030555555555555558 0.0109375
0 0.31157407407407406 0.7325520833333333 0.028703703703703703 0.019270833333333334
0 0.1388888888888889 0.7450520833333333 0.040740740740740744 0.0234375
0 0.2050925925925926 0.7541666666666667 0.03425925925925926 0.017708333333333333
0 0.3680555555555556 0.5270833333333333 0.02314814814814815 0.011458333333333333
0 0.11574074074074074 0.39401041666666664 0.03333333333333333 0.022395833333333334
0 0.3421296296296296 0.4473958333333333 0.021296296296296296 0.0125
0 0.1953703703703704 0.39791666666666664 0.020370370370370372 0.014583333333333334
0 0.350462962962963 0.4153645833333333 0.019444444444444445 0.013020833333333334
0 0.21203703703703705 0.3997395833333333 0.044444444444444446 0.021354166666666667
0 0.29583333333333334 0.5606770833333333 0.026851851851851852 0.0140625
0 0.1388888888888889 0.61953125 0.012962962962962964 0.013020833333333334
0 0.14305555555555557 0.6091145833333333 0.01388888888888889 0.0109375
0 0.08148148148148149 0.31953125 0.031481481481481485 0.015104166666666667
0 0.20787037037037037 0.79296875 0.021296296296296296 0.021354166666666667
0 0.46435185185185185 0.8369791666666666 0.03425925925925926 0.02395833333333333
0 0.4199074074074074 0.72890625 0.021296296296296296 0.015104166666666667
0 0.3652777777777778 0.7098958333333333 0.036111111111111115 0.022916666666666665
0 0.2675925925925926 0.7088541666666667 0.016666666666666666 0.013541666666666667
0 0.2425925925925926 0.5401041666666666 0.022222222222222223 0.0125
0 0.24351851851851852 0.3794270833333333 0.020370370370370372 0.009895833333333333
0 0.5226851851851853 0.73671875 0.030555555555555558 0.018229166666666668
0 0.7111111111111111 0.8052083333333333 0.022222222222222223 0.019791666666666666
0 0.5453703703703704 0.70546875 0.018518518518518517 0.015104166666666667
0 0.6518518518518519 0.7125 0.02962962962962963 0.01875
0 0.6925925925925926 0.7049479166666667 0.03333333333333333 0.018229166666666668
0 0.6097222222222223 0.63125 0.028703703703703703 0.015625
0 0.6342592592592593 0.6286458333333333 0.016666666666666666 0.010416666666666666
0 0.5648148148148149 0.6395833333333333 0.024074074074074074 0.014583333333333334
0 0.5671296296296297 0.65625 0.030555555555555558 0.015625
0 0.5847222222222223 0.6221354166666666 0.030555555555555558 0.0171875
0 0.4763888888888889 0.60390625 0.025 0.011979166666666666
0 0.5074074074074074 0.5895833333333333 0.022222222222222223 0.0125
0 0.4930555555555556 0.5736979166666667 0.021296296296296296 0.0171875
0 0.3976851851851852 0.5494791666666666 0.028703703703703703 0.014583333333333334
0 0.38101851851851853 0.48671875 0.03425925925925926 0.019270833333333334
0 0.47685185185185186 0.56015625 0.02777777777777778 0.0171875
0 0.425462962962963 0.54453125 0.025 0.0171875
0 0.4513888888888889 0.5627604166666667 0.017592592592592594 0.0140625
0 0.35462962962962963 0.4317708333333333 0.018518518518518517 0.011458333333333333
0 0.3773148148148148 0.38776041666666666 0.02314814814814815 0.011979166666666666
0 0.45601851851851855 0.39010416666666664 0.019444444444444445 0.011458333333333333
0 0.4476851851851852 0.39869791666666665 0.02314814814814815 0.015104166666666667
0 0.40601851851851856 0.3372395833333333 0.019444444444444445 0.009895833333333333
0 0.48333333333333334 0.43776041666666665 0.022222222222222223 0.011979166666666666
0 0.5064814814814815 0.38203125 0.018518518518518517 0.011979166666666666
0 0.4759259259259259 0.36223958333333334 0.022222222222222223 0.013020833333333334
0 0.3625 0.1734375 0.04166666666666667 0.028125
0 0.44583333333333336 0.16197916666666667 0.030555555555555558 0.020833333333333332
0 0.4550925925925926 0.21744791666666666 0.026851851851851852 0.0171875
0 0.44953703703703707 0.22890625 0.02314814814814815 0.0140625
0 0.475462962962963 0.24270833333333333 0.017592592592592594 0.010416666666666666
0 0.47175925925925927 0.14479166666666665 0.025 0.021875
0 0.4898148148148148 0.16276041666666666 0.024074074074074074 0.018229166666666668
0 0.5194444444444445 0.11692708333333333 0.02592592592592593 0.022395833333333334
0 0.5361111111111111 0.09375 0.031481481481481485 0.022916666666666665
0 0.5407407407407407 0.11223958333333334 0.020370370370370372 0.01614583333333333
0 0.47824074074074074 0.19427083333333334 0.032407407407407406 0.0125
0 0.4430555555555556 0.28463541666666664 0.019444444444444445 0.0109375
0 0.42824074074074076 0.2526041666666667 0.017592592592592594 0.009375
0 0.4935185185185185 0.34010416666666665 0.014814814814814815 0.007291666666666667
0 0.5106481481481482 0.3375 0.019444444444444445 0.010416666666666666
0 0.6449074074074075 0.5963541666666666 0.028703703703703703 0.014583333333333334
0 0.6472222222222223 0.5502604166666667 0.02592592592592593 0.018229166666666668
0 0.6712962962962963 0.52734375 0.02777777777777778 0.018229166666666668
0 0.7550925925925926 0.5216145833333333 0.03796296296296296 0.019270833333333334
0 0.7773148148148148 0.521875 0.02314814814814815 0.019791666666666666
0 0.7606481481481482 0.7151041666666667 0.032407407407407406 0.01875
0 0.7578703703703704 0.6888020833333334 0.03425925925925926 0.015104166666666667
0 0.8273148148148148 0.728125 0.03796296296296296 0.025
0 0.899537037037037 0.8002604166666667 0.03981481481481482 0.019270833333333334
0 0.8648148148148148 0.6880208333333333 0.02962962962962963 0.016666666666666666
0 0.8541666666666667 0.6067708333333334 0.03981481481481482 0.01875
0 0.8703703703703703 0.5872395833333334 0.03518518518518519 0.0140625
0 0.8726851851851852 0.5723958333333333 0.03425925925925926 0.019791666666666666
0 0.8416666666666667 0.5684895833333333 0.03333333333333333 0.01614583333333333
0 0.8421296296296297 0.4830729166666667 0.032407407407407406 0.019270833333333334
0 0.9166666666666667 0.4786458333333333 0.03333333333333333 0.019791666666666666
0 0.7828703703703704 0.4544270833333333 0.03796296296296296 0.018229166666666668
0 0.8833333333333334 0.4536458333333333 0.024074074074074074 0.015625
0 0.701388888888889 0.48151041666666666 0.026851851851851852 0.0171875
0 0.674537037037037 0.353125 0.032407407407407406 0.022916666666666665
0 0.6282407407407408 0.36822916666666666 0.028703703703703703 0.019791666666666666
0 0.637962962962963 0.31979166666666664 0.031481481481481485 0.020833333333333332
0 0.737962962962963 0.3338541666666667 0.02777777777777778 0.014583333333333334
0 0.7416666666666667 0.32005208333333335 0.031481481481481485 0.0171875
0 0.6444444444444445 0.24713541666666666 0.02592592592592593 0.015104166666666667
0 0.6703703703703704 0.25 0.024074074074074074 0.017708333333333333
0 0.8037037037037037 0.18619791666666666 0.03888888888888889 0.0203125
0 0.826388888888889 0.19947916666666665 0.028703703703703703 0.013541666666666667
0 0.7587962962962963 0.3770833333333333 0.03425925925925926 0.016666666666666666
0 0.9208333333333334 0.6356770833333333 0.021296296296296296 0.011979166666666666
0 0.951388888888889 0.7200520833333334 0.030555555555555558 0.0140625
0 0.9333333333333333 0.33567708333333335 0.02592592592592593 0.015104166666666667
0 0.9722222222222222 0.51875 0.037037037037037035 0.021875
0 0.6282407407407408 0.3846354166666667 0.030555555555555558 0.01614583333333333
0 0.8740740740740741 0.14505208333333333 0.02592592592592593 0.0140625
0 0.6907407407407408 0.7729166666666667 0.02962962962962963 0.02395833333333333
0 0.737037037037037 0.22291666666666665 0.031481481481481485 0.021875
0 0.38981481481481484 0.4125 0.016666666666666666 0.015625
0 0.6291666666666667 0.34791666666666665 0.021296296296296296 0.01875
0 0.8495370370370371 0.7080729166666666 0.03425925925925926 0.018229166666666668
