0 0.9319444444444445 0.12265625 0.021296296296296296 0.018229166666666668
0 0.9472222222222223 0.17916666666666667 0.02777777777777778 0.016666666666666666
0 0.987037037037037 0.24557291666666667 0.022222222222222223 0.0203125
0 0.9842592592592593 0.3497395833333333 0.02962962962962963 0.019270833333333334
0 0.9912037037037037 0.33307291666666666 0.017592592592592594 0.0171875
0 0.9370370370370371 0.42526041666666664 0.03333333333333333 0.0171875
0 0.8356481481481481 0.35703125 0.030555555555555558 0.018229166666666668
0 0.8601851851851852 0.37734375 0.022222222222222223 0.013020833333333334
0 0.7597222222222223 0.3143229166666667 0.017592592592592594 0.011979166666666666
0 0.6402777777777778 0.2203125 0.017592592592592594 0.011458333333333333
0 0.8833333333333334 0.5934895833333333 0.02777777777777778 0.0171875
0 0.8287037037037037 0.5791666666666666 0.03888888888888889 0.01875
0 0.8152777777777778 0.6260416666666666 0.030555555555555558 0.011458333333333333
0 0.6967592592592593 0.7333333333333333 0.026851851851851852 0.019791666666666666
0 0.8708333333333333 0.7458333333333333 0.04166666666666667 0.02395833333333333
0 0.8046296296296297 0.7552083333333334 0.03333333333333333 0.017708333333333333
0 0.6416666666666667 0.5283854166666666 0.024074074074074074 0.0109375
0 0.8930555555555556 0.3958333333333333 0.03425925925925926 0.022916666666666665
0 0.6657407407407407 0.44921875 0.020370370370370372 0.011979166666666666
0 0.8143518518518519 0.4002604166666667 0.019444444444444445 0.0140625
0 0.7967592592592593 0.4010416666666667 0.04166666666666667 0.021875
0 0.712962962962963 0.5619791666666667 0.02592592592592593 0.013541666666666667
0 0.8712962962962963 0.621875 0.012962962962962964 0.013541666666666667
0 0.8657407407407408 0.6098958333333333 0.014814814814814815 0.010416666666666666
0 0.9282407407407408 0.32135416666666666 0.032407407407407406 0.016666666666666666
0 0.8032407407407408 0.7953125 0.019444444444444445 0.019791666666666666
0 0.5472222222222223 0.83828125 0.03333333333333333 0.024479166666666666
0 0.5902777777777778 0.73046875 0.021296296296296296 0.01614583333333333
0 0.6444444444444445 0.7119791666666666 0.037037037037037035 0.022916666666666665
0 0.7402777777777778 0.7106770833333333 0.015740740740740743 0.0140625
0 0.763425925925926 0.5416666666666666 0.019444444444444445 0.011458333333333333
0 0.7643518518518518 0.37916666666666665 0.019444444444444445 0.010416666666666666
0 0.48703703703703705 0.7380208333333333 0.02962962962962963 0.01875
0 0.2986111111111111 0.8057291666666666 0.021296296296296296 0.019791666666666666
0 0.46342592592592596 0.7067708333333333 0.017592592592592594 0.014583333333333334
0 0.35694444444444445 0.7140625 0.028703703703703703 0.01875
0 0.31666666666666665 0.7059895833333333 0.03333333333333333 0.018229166666666668
0 0.3976851851851852 0.6328125 0.028703703703703703 0.015625
0 0.3736111111111111 0.6296875 0.017592592592592594 0.010416666666666666
0 0.4439814814814815 0.6403645833333333 0.025 0.0140625
0 0.44074074074074077 0.6575520833333334 0.031481481481481485 0.01614583333333333
0 0.4236111111111111 0.6234375 0.030555555555555558 0.016666666666666666
0 0.5319444444444444 0.6052083333333333 0.025 0.0125
0 0.500925925925926 0.5911458333333334 0.024074074074074074 0.011458333333333333
0 0.5148148148148148 0.5752604166666666 0.022222222222222223 0.018229166666666668
0 0.611574074074074 0.5505208333333333 0.028703703703703703 0.014583333333333334
0 0.6282407407407408 0.48828125 0.03425925925925926 0.019270833333333334
0 0.5319444444444444 0.5614583333333333 0.026851851851851852 0.017708333333333333
0 0.5842592592592593 0.5453125 0.02592592592592593 0.016666666666666666
0 0.5569444444444445 0.5643229166666667 0.017592592592592594 0.0140625
0 0.6541666666666667 0.43333333333333335 0.019444444444444445 0.0125
0 0.6324074074074074 0.3893229166666667 0.022222222222222223 0.011979166666666666
0 0.5541666666666667 0.39140625 0.019444444444444445 0.011979166666666666
0 0.563425925925926 0.39947916666666666 0.02314814814814815 0.014583333333333334
0 0.6032407407407407 0.33880208333333334 0.019444444444444445 0.009895833333333333
0 0.525 0.4393229166666667 0.022222222222222223 0.011979166666666666
0 0.5037037037037038 0.38359375 0.018518518518518517 0.011979166666666666
0 0.5333333333333333 0.3640625 0.022222222222222223 0.0125
0 0.6462962962962964 0.17552083333333332 0.04259259259259259 0.027083333333333334
0 0.5638888888888889 0.16432291666666665 0.02962962962962963 0.021354166666666667
0 0.5546296296296297 0.21953124999999998 0.02592592592592593 0.0171875
0 0.5597222222222222 0.23072916666666665 0.02314814814814815 0.014583333333333334
0 0.5333333333333333 0.24453125 0.016666666666666666 0.009895833333333333
0 0.5375 0.14739583333333334 0.025 0.021875
0 0.5185185185185185 0.16484375 0.024074074074074074 0.018229166666666668
0 0.4898148148148148 0.11927083333333333 0.02592592592592593 0.021875
0 0.4726851851851852 0.09635416666666667 0.030555555555555558 0.022916666666666665
0 0.46851851851851856 0.11432291666666666 0.020370370370370372 0.01614583333333333
0 0.5314814814814816 0.19609375 0.03333333333333333 0.011979166666666666
0 0.5657407407407408 0.28619791666666666 0.018518518518518517 0.0109375
0 0.5810185185185185 0.2546875 0.017592592592592594 0.009375
0 0.513888888888889 0.3411458333333333 0.014814814814814815 0.007291666666666667
0 0.4981481481481482 0.33880208333333334 0.018518518518518517 0.009895833333333333
0 0.3648148148148148 0.5971354166666667 0.02962962962962963 0.0140625
0 0.36203703703703705 0.5513020833333333 0.02592592592592593 0.018229166666666668
0 0.337037037037037 0.5283854166666666 0.02777777777777778 0.018229166666666668
0 0.25462962962962965 0.5229166666666667 0.037037037037037035 0.019791666666666666
0 0.23240740740740742 0.5231770833333333 0.022222222222222223 0.019270833333333334
0 0.2476851851851852 0.7161458333333334 0.032407407407407406 0.01875
0 0.2513888888888889 0.6901041666666666 0.03425925925925926 0.014583333333333334
0 0.1814814814814815 0.7299479166666667 0.037037037037037035 0.024479166666666666
0 0.1087962962962963 0.8015625 0.03981481481481482 0.019791666666666666
0 0.14444444444444446 0.6890625 0.02962962962962963 0.016666666666666666
0 0.15416666666666667 0.6080729166666666 0.03796296296296296 0.019270833333333334
0 0.1398148148148148 0.5880208333333333 0.03518518518518519 0.013541666666666667
0 0.13703703703703704 0.5739583333333333 0.03333333333333333 0.019791666666666666
0 0.1685185185185185 0.5690104166666666 0.03333333333333333 0.01614583333333333
0 0.1675925925925926 0.484375 0.031481481481481485 0.01875
0 0.09351851851851853 0.47994791666666664 0.03333333333333333 0.019270833333333334
0 0.2263888888888889 0.4557291666666667 0.03796296296296296 0.017708333333333333
0 0.12685185185185185 0.45468749999999997 0.024074074074074074 0.014583333333333334
0 0.30648148148148147 0.4825520833333333 0.02962962962962963 0.018229166666666668
0 0.33472222222222225 0.3546875 0.032407407407407406 0.022916666666666665
0 0.3805555555555556 0.3703125 0.02777777777777778 0.01875
0 0.37083333333333335 0.321875 0.030555555555555558 0.020833333333333332
0 0.27175925925925926 0.33515625 0.026851851851851852 0.015104166666666667
0 0.26805555555555555 0.321875 0.032407407407407406 0.016666666666666666
0 0.36435185185185187 0.24895833333333334 0.026851851851851852 0.015625
0 0.3388888888888889 0.2518229166666667 0.024074074074074074 0.0171875
0 0.20740740740740743 0.18828125 0.03888888888888889 0.0203125
0 0.1837962962962963 0.20104166666666667 0.028703703703703703 0.0125
0 0.2490740740740741 0.37838541666666664 0.037037037037037035 0.01614583333333333
0 0.08842592592592594 0.6369791666666667 0.021296296296296296 0.011458333333333333
0 0.05740740740740741 0.7216145833333333 0.031481481481481485 0.0140625
0 0.07453703703703704 0.33697916666666666 0.025 0.014583333333333334
0 0.010648148148148148 0.3229166666666667 0.017592592592592594 0.014583333333333334
0 0.036111111111111115 0.5200520833333333 0.03888888888888889 0.019270833333333334
0 0.3805555555555556 0.38645833333333335 0.02962962962962963 0.016666666666666666
0 0.13657407407407407 0.146875 0.026851851851851852 0.013541666666666667
0 0.3189814814814815 0.7739583333333333 0.030555555555555558 0.02395833333333333
0 0.27175925925925926 0.225 0.030555555555555558 0.021875
0 0.6199074074074075 0.4140625 0.017592592592592594 0.015625
0 0.37962962962962965 0.3497395833333333 0.022222222222222223 0.0171875
0 0.15972222222222224 0.709375 0.03425925925925926 0.01875
