0 0.059722222222222225 0.12760416666666666 0.021296296296296296 0.017708333333333333
0 0.04351851851851852 0.1828125 0.02777777777777778 0.016666666666666666
0 0.007870370370370371 0.24895833333333334 0.01388888888888889 0.019791666666666666
0 0.05324074074074074 0.42734374999999997 0.030555555555555558 0.0171875
0 0.15462962962962964 0.35963541666666665 0.031481481481481485 0.018229166666666668
0 0.1277777777777778 0.37994791666666666 0.022222222222222223 0.013020833333333334
0 0.2300925925925926 0.3169270833333333 0.017592592592592594 0.011979166666666666
0 0.34953703703703703 0.22317708333333333 0.017592592592592594 0.011979166666666666
0 0.10648148148148148 0.5953125 0.02777777777777778 0.017708333333333333
0 0.16018518518518518 0.5809895833333333 0.03888888888888889 0.019270833333333334
0 0.17314814814814816 0.628125 0.031481481481481485 0.011458333333333333
0 0.29212962962962963 0.7348958333333333 0.025 0.020833333333333332
0 0.11574074074074074 0.7484375 0.040740740740740744 0.022916666666666665
0 0.18194444444444446 0.75703125 0.032407407407407406 0.01614583333333333
0 0.34675925925925927 0.5299479166666666 0.02314814814814815 0.0109375
0 0.09351851851851853 0.39817708333333335 0.03333333333333333 0.022395833333333334
0 0.325 0.4513020833333333 0.020370370370370372 0.011979166666666666
0 0.1712962962962963 0.40182291666666664 0.018518518518518517 0.013020833333333334
0 0.18888888888888888 0.4036458333333333 0.04259259259259259 0.021875
0 0.27546296296296297 0.5630208333333333 0.026851851851851852 0.013541666666666667
0 0.11712962962962964 0.6229166666666667 0.012037037037037037 0.013541666666666667
0 0.12361111111111112 0.6119791666666666 0.01388888888888889 0.010416666666666666
0 0.06435185185185185 0.32447916666666665 0.030555555555555558 0.015625
0 0.1814814814814815 0.79765625 0.014814814814814815 0.018229166666666668
0 0.4356481481481482 0.8401041666666667 0.03425925925925926 0.025
0 0.39583333333333337 0.7317708333333334 0.021296296296296296 0.015625
0 0.3416666666666667 0.7138020833333333 0.037037037037037035 0.0234375
0 0.24953703703703706 0.7119791666666666 0.015740740740740743 0.013541666666666667
0 0.22685185185185186 0.54375 0.020370370370370372 0.0125
0 0.22731481481481483 0.38125 0.02314814814814815 0.011458333333333333
0 0.500925925925926 0.7395833333333334 0.031481481481481485 0.01875
0 0.6861111111111111 0.8083333333333333 0.022222222222222223 0.019791666666666666
0 0.524537037037037 0.7088541666666667 0.019444444444444445 0.014583333333333334
0 0.6282407407407408 0.7158854166666666 0.028703703703703703 0.019270833333333334
0 0.6699074074074074 0.7078125 0.032407407407407406 0.01875
0 0.5912037037037037 0.6348958333333333 0.028703703703703703 0.015625
0 0.6152777777777778 0.6317708333333333 0.017592592592592594 0.010416666666666666
0 0.5453703703703704 0.6421875 0.024074074074074074 0.014583333333333334
0 0.5476851851851852 0.6598958333333333 0.030555555555555558 0.015625
0 0.5638888888888889 0.62578125 0.031481481481481485 0.01614583333333333
0 0.45601851851851855 0.6067708333333334 0.025 0.0125
0 0.487962962962963 0.5932291666666667 0.024074074074074074 0.011458333333333333
0 0.4740740740740741 0.5768229166666666 0.022222222222222223 0.018229166666666668
0 0.3763888888888889 0.5520833333333334 0.028703703703703703 0.014583333333333334
0 0.3597222222222222 0.48932291666666666 0.03425925925925926 0.019270833333333334
0 0.45555555555555555 0.56328125 0.02777777777777778 0.0171875
0 0.40370370370370373 0.5473958333333333 0.02592592592592593 0.016666666666666666
0 0.4310185185185185 0.565625 0.017592592592592594 0.013541666666666667
0 0.33564814814814814 0.43515624999999997 0.021296296296296296 0.011979166666666666
0 0.35555555555555557 0.3919270833333333 0.022222222222222223 0.011979166666666666
0 0.4314814814814815 0.39401041666666664 0.018518518518518517 0.011979166666666666
0 0.4240740740740741 0.40234375 0.024074074074074074 0.0140625
0 0.3856481481481482 0.34140625 0.019444444444444445 0.009895833333333333
0 0.46342592592592596 0.44140625 0.02314814814814815 0.013020833333333334
0 0.48379629629629634 0.38567708333333334 0.017592592592592594 0.011979166666666666
0 0.45462962962962966 0.36640625 0.022222222222222223 0.013020833333333334
0 0.33981481481481485 0.17916666666666667 0.04259259259259259 0.027083333333333334
0 0.42453703703703705 0.16822916666666665 0.030555555555555558 0.020833333333333332
0 0.43333333333333335 0.22291666666666665 0.02592592592592593 0.017708333333333333
0 0.4287037037037037 0.23385416666666667 0.022222222222222223 0.013541666666666667
0 0.45601851851851855 0.24739583333333334 0.017592592592592594 0.010416666666666666
0 0.4513888888888889 0.15104166666666666 0.025 0.021875
0 0.6268518518518519 0.5533854166666666 0.02962962962962963 0.0171875
0 0.46944444444444444 0.16848958333333333 0.024074074074074074 0.018229166666666668
0 0.4990740740740741 0.12317708333333333 0.02592592592592593 0.021354166666666667
0 0.5162037037037037 0.10078125 0.030555555555555558 0.022395833333333334
0 0.5212962962962964 0.11822916666666666 0.020370370370370372 0.015625
0 0.4569444444444445 0.19947916666666665 0.026851851851851852 0.015625
0 0.42314814814814816 0.28932291666666665 0.020370370370370372 0.0109375
0 0.40740740740740744 0.2578125 0.016666666666666666 0.009375
0 0.47500000000000003 0.34375 0.014814814814814815 0.007291666666666667
0 0.49259259259259264 0.3416666666666667 0.018518518518518517 0.009375
0 0.6236111111111111 0.5989583333333334 0.028703703703703703 0.014583333333333334
0 0.6509259259259259 0.5307291666666667 0.02777777777777778 0.01875
0 0.7324074074074074 0.5247395833333334 0.037037037037037035 0.019270833333333334
0 0.7546296296296297 0.5252604166666667 0.024074074074074074 0.019270833333333334
0 0.7388888888888889 0.71796875 0.031481481481481485 0.019270833333333334
0 0.7351851851851852 0.6921875 0.03518518518518519 0.014583333333333334
0 0.8046296296296297 0.7317708333333334 0.037037037037037035 0.025
0 0.8787037037037038 0.8036458333333333 0.03888888888888889 0.019791666666666666
0 0.8416666666666667 0.6911458333333333 0.02962962962962963 0.016666666666666666
0 0.8324074074074075 0.609375 0.037037037037037035 0.01875
0 0.8472222222222222 0.5903645833333333 0.03518518518518519 0.013020833333333334
0 0.8495370370370371 0.5760416666666667 0.03425925925925926 0.019791666666666666
0 0.8185185185185185 0.5708333333333333 0.031481481481481485 0.016666666666666666
0 0.8180555555555555 0.4861979166666667 0.032407407407407406 0.019270833333333334
0 0.8916666666666667 0.4817708333333333 0.03333333333333333 0.01875
0 0.7597222222222223 0.45729166666666665 0.03796296296296296 0.017708333333333333
0 0.8583333333333334 0.45729166666666665 0.024074074074074074 0.014583333333333334
0 0.6814814814814815 0.484375 0.02962962962962963 0.017708333333333333
0 0.6527777777777778 0.3567708333333333 0.03333333333333333 0.022916666666666665
0 0.6078703703703704 0.37213541666666666 0.026851851851851852 0.018229166666666668
0 0.6162037037037037 0.32395833333333335 0.030555555555555558 0.020833333333333332
0 0.7157407407407408 0.3380208333333333 0.02592592592592593 0.014583333333333334
0 0.7185185185185186 0.32447916666666665 0.031481481481481485 0.016666666666666666
0 0.625 0.2518229166666667 0.02592592592592593 0.015104166666666667
0 0.65 0.25494791666666666 0.024074074074074074 0.018229166666666668
0 0.7773148148148148 0.1921875 0.03981481481481482 0.020833333333333332
0 0.8009259259259259 0.20442708333333334 0.02962962962962963 0.013020833333333334
0 0.736574074074074 0.3794270833333333 0.036111111111111115 0.015104166666666667
0 0.8976851851851853 0.6388020833333333 0.021296296296296296 0.011979166666666666
0 0.9287037037037037 0.7234375 0.031481481481481485 0.014583333333333334
0 0.9143518518518519 0.33932291666666664 0.025 0.0140625
0 0.9837962962962963 0.32578125 0.028703703703703703 0.015104166666666667
0 0.9462962962962963 0.5239583333333333 0.03518518518518519 0.02395833333333333
0 0.6087962962962963 0.38828125 0.028703703703703703 0.01614583333333333
0 0.8486111111111111 0.15052083333333333 0.030555555555555558 0.013541666666666667
0 0.6666666666666667 0.77578125 0.02962962962962963 0.024479166666666666
0 0.7157407407407408 0.22786458333333334 0.02962962962962963 0.021354166666666667
0 0.3689814814814815 0.4166666666666667 0.015740740740740743 0.015625
0 0.6074074074074074 0.3520833333333333 0.022222222222222223 0.016666666666666666
0 0.8273148148148148 0.7111979166666667 0.03425925925925926 0.018229166666666668
