0 0.05324074074074074 0.12916666666666665 0.021296296296296296 0.017708333333333333
0 0.03796296296296296 0.18411458333333333 0.02777777777777778 0.01614583333333333
0 0.0462962962962963 0.4283854166666667 0.02962962962962963 0.01614583333333333
0 0.14814814814814814 0.36041666666666666 0.031481481481481485 0.01875
0 0.11851851851851852 0.3807291666666667 0.024074074074074074 0.011458333333333333
0 0.22314814814814815 0.31796875 0.016666666666666666 0.011979166666666666
0 0.34305555555555556 0.22447916666666667 0.017592592592592594 0.0125
0 0.09814814814814815 0.5963541666666666 0.02777777777777778 0.017708333333333333
0 0.15185185185185185 0.58203125 0.03888888888888889 0.019270833333333334
0 0.16481481481481483 0.6294270833333333 0.031481481481481485 0.0109375
0 0.28425925925925927 0.7359375 0.024074074074074074 0.020833333333333332
0 0.10648148148148148 0.7494791666666667 0.040740740740740744 0.022916666666666665
0 0.17314814814814816 0.7583333333333333 0.03333333333333333 0.017708333333333333
0 0.33842592592592596 0.53125 0.021296296296296296 0.011458333333333333
0 0.08518518518518518 0.39869791666666665 0.03333333333333333 0.022395833333333334
0 0.3180555555555556 0.4518229166666667 0.021296296296296296 0.011979166666666666
0 0.16342592592592592 0.4028645833333333 0.017592592592592594 0.013020833333333334
0 0.1800925925925926 0.40390624999999997 0.04351851851851852 0.022395833333333334
0 0.26712962962962966 0.5640625 0.026851851851851852 0.0125
0 0.1087962962962963 0.6239583333333333 0.012037037037037037 0.013541666666666667
0 0.05648148148148149 0.325 0.031481481481481485 0.015625
0 0.1712962962962963 0.7997395833333333 0.012962962962962964 0.0171875
0 0.4240740740740741 0.8416666666666667 0.03518518518518519 0.025
0 0.3861111111111111 0.73359375 0.022222222222222223 0.01614583333333333
0 0.33240740740740743 0.71484375 0.037037037037037035 0.0234375
0 0.24212962962962964 0.71328125 0.015740740740740743 0.0140625
0 0.21944444444444444 0.5447916666666667 0.020370370370370372 0.0125
0 0.21805555555555556 0.3828125 0.026851851851851852 0.010416666666666666
0 0.49212962962962964 0.740625 0.030555555555555558 0.01875
0 0.675462962962963 0.8091145833333333 0.021296296296296296 0.019270833333333334
0 0.5162037037037037 0.7098958333333333 0.021296296296296296 0.014583333333333334
0 0.6194444444444445 0.7177083333333333 0.02777777777777778 0.01875
0 0.6611111111111111 0.7088541666666667 0.031481481481481485 0.01875
0 0.5824074074074075 0.6359375 0.02777777777777778 0.015625
0 0.6074074074074074 0.6322916666666667 0.018518518518518517 0.010416666666666666
0 0.5365740740740741 0.6434895833333333 0.025 0.0140625
0 0.5393518518518519 0.6606770833333333 0.030555555555555558 0.01614583333333333
0 0.5560185185185186 0.6265625 0.030555555555555558 0.016666666666666666
0 0.4476851851851852 0.6075520833333333 0.025 0.011979166666666666
0 0.4800925925925926 0.59375 0.02314814814814815 0.011458333333333333
0 0.46574074074074073 0.5776041666666667 0.022222222222222223 0.017708333333333333
0 0.36712962962962964 0.5533854166666666 0.028703703703703703 0.0140625
0 0.35185185185185186 0.490625 0.03333333333333333 0.01875
0 0.44722222222222224 0.5643229166666667 0.02777777777777778 0.0171875
0 0.3944444444444445 0.5486979166666667 0.02592592592592593 0.01614583333333333
0 0.4217592592592593 0.5666666666666667 0.017592592592592594 0.013541666666666667
0 0.32916666666666666 0.4361979166666667 0.021296296296296296 0.011979166666666666
0 0.3472222222222222 0.3924479166666667 0.022222222222222223 0.011979166666666666
0 0.42129629629629634 0.3950520833333333 0.018518518518518517 0.011979166666666666
0 0.4152777777777778 0.40390624999999997 0.02314814814814815 0.0140625
0 0.3773148148148148 0.34322916666666664 0.019444444444444445 0.009375
0 0.4550925925925926 0.4427083333333333 0.02314814814814815 0.0125
0 0.4759259259259259 0.38671875 0.018518518518518517 0.011979166666666666
0 0.4462962962962963 0.3677083333333333 0.022222222222222223 0.0125
0 0.33101851851851855 0.18098958333333334 0.04166666666666667 0.0265625
0 0.4166666666666667 0.16953125 0.02962962962962963 0.021354166666666667
0 0.425 0.22447916666666667 0.02592592592592593 0.016666666666666666
0 0.4203703703703704 0.23541666666666666 0.022222222222222223 0.013541666666666667
0 0.4486111111111111 0.24895833333333334 0.017592592592592594 0.010416666666666666
0 0.4430555555555556 0.15286458333333333 0.025 0.021354166666666667
0 0.4620370370370371 0.16979166666666667 0.024074074074074074 0.017708333333333333
0 0.4912037037037037 0.12473958333333333 0.025 0.021354166666666667
0 0.5078703703703704 0.10260416666666666 0.030555555555555558 0.021875
0 0.513425925925926 0.12005208333333334 0.021296296296296296 0.01614583333333333
0 0.4486111111111111 0.20078125 0.03796296296296296 0.013020833333333334
0 0.41481481481481486 0.2908854166666667 0.018518518518518517 0.0109375
0 0.39814814814814814 0.259375 0.016666666666666666 0.009375
0 0.46805555555555556 0.3453125 0.015740740740740743 0.007291666666666667
0 0.4851851851851852 0.34270833333333334 0.018518518518518517 0.009375
0 0.4861111111111111 0.5471354166666667 0.014814814814814815 0.015104166666666667
0 0.6143518518518519 0.6 0.028703703703703703 0.014583333333333334
0 0.6240740740740741 0.5544270833333333 0.02592592592592593 0.018229166666666668
0 0.6435185185185185 0.5317708333333333 0.02777777777777778 0.017708333333333333
0 0.7240740740740741 0.5263020833333333 0.037037037037037035 0.019270833333333334
0 0.7449074074074075 0.5265625 0.02314814814814815 0.019791666666666666
0 0.7305555555555556 0.7192708333333333 0.031481481481481485 0.01875
0 0.7268518518518519 0.6934895833333333 0.03518518518518519 0.015104166666666667
0 0.7953703703703704 0.7322916666666667 0.037037037037037035 0.025
0 0.8699074074074075 0.8046875 0.03981481481481482 0.019791666666666666
0 0.8314814814814815 0.6924479166666666 0.02962962962962963 0.01614583333333333
0 0.8231481481481482 0.6104166666666666 0.037037037037037035 0.01875
0 0.8388888888888889 0.5911458333333334 0.03518518518518519 0.0125
0 0.8398148148148148 0.5770833333333333 0.03333333333333333 0.019791666666666666
0 0.8097222222222222 0.5723958333333333 0.032407407407407406 0.016666666666666666
0 0.8083333333333333 0.4875 0.031481481481481485 0.01875
0 0.8814814814814815 0.4830729166666667 0.03333333333333333 0.019270833333333334
0 0.750925925925926 0.4591145833333333 0.037037037037037035 0.018229166666666668
0 0.8490740740740741 0.45859374999999997 0.024074074074074074 0.015104166666666667
0 0.6736111111111112 0.48541666666666666 0.028703703703703703 0.017708333333333333
0 0.6444444444444445 0.35833333333333334 0.03333333333333333 0.022916666666666665
0 0.600462962962963 0.3736979166666667 0.026851851851851852 0.018229166666666668
0 0.6078703703703704 0.3255208333333333 0.030555555555555558 0.020833333333333332
0 0.7074074074074075 0.3390625 0.02592592592592593 0.014583333333333334
0 0.7097222222222223 0.3260416666666667 0.030555555555555558 0.016666666666666666
0 0.6162037037037037 0.25338541666666664 0.026851851851851852 0.015104166666666667
0 0.6416666666666667 0.2559895833333333 0.024074074074074074 0.018229166666666668
0 0.7671296296296296 0.19401041666666666 0.03981481481481482 0.0203125
0 0.7907407407407407 0.20572916666666666 0.02962962962962963 0.0125
0 0.7273148148148149 0.3807291666666667 0.036111111111111115 0.014583333333333334
0 0.888425925925926 0.63984375 0.021296296296296296 0.011979166666666666
0 0.9203703703703704 0.7244791666666667 0.031481481481481485 0.014583333333333334
0 0.9060185185185186 0.340625 0.025 0.014583333333333334
0 0.9750000000000001 0.3268229166666667 0.02777777777777778 0.015104166666666667
0 0.9356481481481482 0.5239583333333333 0.03796296296296296 0.021875
0 0.6018518518518519 0.38984375 0.02962962962962963 0.01614583333333333
0 0.8384259259259259 0.15286458333333333 0.032407407407407406 0.0140625
0 0.6569444444444444 0.77734375 0.030555555555555558 0.024479166666666666
0 0.7064814814814815 0.22942708333333334 0.02962962962962963 0.021354166666666667
0 0.3601851851851852 0.41744791666666664 0.016666666666666666 0.015104166666666667
0 0.6 0.35390625 0.022222222222222223 0.01614583333333333
0 0.8175925925925926 0.7127604166666667 0.03333333333333333 0.018229166666666668
