0 0.9671296296296297 0.13177083333333334 0.021296296296296296 0.017708333333333333
0 0.9837962962962963 0.18697916666666667 0.028703703703703703 0.016666666666666666
0 0.975462962962963 0.42994791666666665 0.028703703703703703 0.0171875
0 0.8722222222222222 0.36223958333333334 0.031481481481481485 0.018229166666666668
0 0.9032407407407408 0.3828125 0.025 0.010416666666666666
0 0.7976851851851852 0.32005208333333335 0.017592592592592594 0.011979166666666666
0 0.6773148148148148 0.22630208333333332 0.017592592592592594 0.011979166666666666
0 0.9236111111111112 0.5984375 0.026851851851851852 0.017708333333333333
0 0.8689814814814815 0.5848958333333333 0.03981481481481482 0.01875
0 0.8564814814814815 0.63203125 0.031481481481481485 0.011979166666666666
0 0.7351851851851852 0.7380208333333333 0.020370370370370372 0.020833333333333332
0 0.9152777777777779 0.7528645833333333 0.04166666666666667 0.0234375
0 0.8481481481481482 0.7625 0.03518518518518519 0.020833333333333332
0 0.6828703703703703 0.5330729166666667 0.021296296296296296 0.0109375
0 0.9375 0.4010416666666667 0.03425925925925926 0.021875
0 0.700925925925926 0.4536458333333333 0.020370370370370372 0.0125
0 0.8606481481481482 0.40520833333333334 0.017592592592592594 0.013541666666666667
0 0.8435185185185186 0.40625 0.044444444444444446 0.020833333333333332
0 0.7527777777777778 0.565625 0.02777777777777778 0.013541666666666667
0 0.9643518518518519 0.32786458333333335 0.030555555555555558 0.01614583333333333
0 0.8555555555555556 0.8026041666666667 0.012962962962962964 0.015625
0 0.600462962962963 0.84453125 0.03425925925925926 0.024479166666666666
0 0.6351851851851852 0.73515625 0.022222222222222223 0.01614583333333333
0 0.6898148148148149 0.7177083333333333 0.037037037037037035 0.022916666666666665
0 0.7759259259259259 0.7158854166666666 0.014814814814814815 0.0140625
0 0.7976851851851852 0.546875 0.02314814814814815 0.013541666666666667
0 0.7972222222222223 0.3848958333333333 0.020370370370370372 0.010416666666666666
0 0.5277777777777778 0.7427083333333333 0.031481481481481485 0.01875
0 0.3462962962962963 0.8109375 0.022222222222222223 0.019791666666666666
0 0.5018518518518519 0.7114583333333333 0.022222222222222223 0.014583333333333334
0 0.40185185185185185 0.7190104166666667 0.02777777777777778 0.019270833333333334
0 0.3601851851851852 0.7104166666666667 0.031481481481481485 0.01875
0 0.4356481481481482 0.6369791666666667 0.028703703703703703 0.015625
0 0.41111111111111115 0.6341145833333334 0.018518518518518517 0.0109375
0 0.48240740740740745 0.6450520833333333 0.02592592592592593 0.015104166666666667
0 0.47962962962962963 0.6625 0.031481481481481485 0.015625
0 0.4625 0.6278645833333333 0.030555555555555558 0.01614583333333333
0 0.5726851851851852 0.6098958333333333 0.025 0.0125
0 0.5388888888888889 0.5958333333333333 0.024074074074074074 0.011458333333333333
0 0.5527777777777778 0.5796875 0.024074074074074074 0.017708333333333333
0 0.6532407407407408 0.5552083333333333 0.028703703703703703 0.014583333333333334
0 0.6685185185185185 0.49244791666666665 0.03333333333333333 0.019270833333333334
0 0.5736111111111112 0.5661458333333333 0.026851851851851852 0.017708333333333333
0 0.625925925925926 0.5502604166666667 0.02592592592592593 0.01614583333333333
0 0.5976851851851852 0.5684895833333333 0.017592592592592594 0.0140625
0 0.6902777777777778 0.43828125 0.021296296296296296 0.0109375
0 0.674537037037037 0.39453125 0.021296296296296296 0.011979166666666666
0 0.600925925925926 0.396875 0.018518518518518517 0.011458333333333333
0 0.6069444444444445 0.40546875 0.02314814814814815 0.0140625
0 0.6435185185185185 0.34479166666666666 0.018518518518518517 0.009375
0 0.5638888888888889 0.4440104166666667 0.020370370370370372 0.011979166666666666
0 0.5453703703703704 0.38828125 0.018518518518518517 0.011979166666666666
0 0.575462962962963 0.3692708333333333 0.021296296296296296 0.0125
0 0.6921296296296297 0.18307291666666667 0.04166666666666667 0.0265625
0 0.6046296296296296 0.17161458333333332 0.031481481481481485 0.0203125
0 0.5972222222222222 0.22604166666666667 0.02592592592592593 0.017708333333333333
0 0.600925925925926 0.23723958333333334 0.022222222222222223 0.013020833333333334
0 0.5712962962962963 0.25104166666666666 0.018518518518518517 0.010416666666666666
0 0.5787037037037037 0.15494791666666666 0.02592592592592593 0.021354166666666667
0 0.5592592592592592 0.171875 0.024074074074074074 0.017708333333333333
0 0.5296296296296297 0.12682291666666667 0.02592592592592593 0.021354166666666667
0 0.513888888888889 0.10442708333333334 0.02962962962962963 0.022395833333333334
0 0.5078703703703704 0.12213541666666666 0.021296296296296296 0.01614583333333333
0 0.5712962962962963 0.20234375 0.03518518518518519 0.013020833333333334
0 0.6060185185185185 0.29270833333333335 0.019444444444444445 0.011458333333333333
0 0.6240740740740741 0.26145833333333335 0.016666666666666666 0.009375
0 0.5509259259259259 0.34661458333333334 0.014814814814814815 0.0067708333333333336
0 0.5333333333333333 0.3442708333333333 0.020370370370370372 0.009375
0 0.5328703703703704 0.5489583333333333 0.01388888888888889 0.015625
0 0.4046296296296297 0.6015625 0.02777777777777778 0.014583333333333334
0 0.39537037037037037 0.55546875 0.02777777777777778 0.018229166666666668
0 0.37592592592592594 0.5328125 0.02777777777777778 0.017708333333333333
0 0.29814814814814816 0.5268229166666667 0.037037037037037035 0.019270833333333334
0 0.2689814814814815 0.5278645833333333 0.02314814814814815 0.019270833333333334
0 0.2884259259259259 0.7203125 0.030555555555555558 0.01875
0 0.29212962962962963 0.69453125 0.03425925925925926 0.015104166666666667
0 0.22453703703703703 0.73359375 0.036111111111111115 0.024479166666666666
0 0.15 0.8057291666666666 0.037037037037037035 0.019791666666666666
0 0.18796296296296297 0.6927083333333334 0.02962962962962963 0.016666666666666666
0 0.19583333333333333 0.6111979166666667 0.036111111111111115 0.018229166666666668
0 0.18194444444444446 0.5919270833333333 0.03425925925925926 0.013020833333333334
0 0.1800925925925926 0.5778645833333333 0.03425925925925926 0.019270833333333334
0 0.21157407407407408 0.5729166666666666 0.032407407407407406 0.016666666666666666
0 0.21342592592592594 0.48802083333333335 0.032407407407407406 0.01875
0 0.14027777777777778 0.48333333333333334 0.03425925925925926 0.01875
0 0.26990740740740743 0.4596354166666667 0.036111111111111115 0.018229166666666668
0 0.17314814814814816 0.4591145833333333 0.024074074074074074 0.015104166666666667
0 0.3472222222222222 0.4861979166666667 0.02777777777777778 0.0171875
0 0.3763888888888889 0.3598958333333333 0.03425925925925926 0.022916666666666665
0 0.41805555555555557 0.37473958333333335 0.026851851851851852 0.018229166666666668
0 0.41250000000000003 0.32734375 0.030555555555555558 0.0203125
0 0.31342592592592594 0.34010416666666665 0.025 0.014583333333333334
0 0.31342592592592594 0.32708333333333334 0.030555555555555558 0.016666666666666666
0 0.4041666666666667 0.2546875 0.026851851851851852 0.014583333333333334
0 0.3787037037037037 0.25755208333333335 0.024074074074074074 0.018229166666666668
0 0.25601851851851853 0.19479166666666667 0.03981481481481482 0.019791666666666666
0 0.23240740740740742 0.20703125 0.02962962962962963 0.013020833333333334
0 0.2935185185185185 0.38177083333333334 0.037037037037037035 0.014583333333333334
0 0.13240740740740742 0.6403645833333333 0.022222222222222223 0.011979166666666666
0 0.09907407407407408 0.7252604166666666 0.031481481481481485 0.0140625
0 0.011574074074074075 0.62265625 0.019444444444444445 0.0171875
0 0.01388888888888889 0.43385416666666665 0.024074074074074074 0.016666666666666666
0 0.1125 0.34088541666666666 0.025 0.0140625
0 0.04351851851851852 0.32734375 0.02777777777777778 0.015104166666666667
0 0.08842592592592594 0.5234375 0.03981481481481482 0.022916666666666665
0 0.41712962962962963 0.390625 0.028703703703703703 0.016666666666666666
0 0.1851851851851852 0.153125 0.03518518518518519 0.013541666666666667
0 0.36388888888888893 0.7786458333333334 0.02962962962962963 0.025
0 0.6606481481481482 0.41901041666666666 0.015740740740740743 0.015104166666666667
0 0.20185185185185187 0.7130208333333333 0.031481481481481485 0.017708333333333333
