0 0.024537037037037038 0.13177083333333334 0.021296296296296296 0.017708333333333333
0 0.012037037037037037 0.1875 0.020370370370370372 0.016666666666666666
0 0.017592592592592594 0.43046875 0.02777777777777778 0.0171875
0 0.12037037037037038 0.36223958333333334 0.031481481481481485 0.018229166666666668
0 0.08796296296296297 0.38307291666666665 0.024074074074074074 0.0109375
0 0.19490740740740742 0.31979166666666664 0.017592592592592594 0.0125
0 0.3162037037037037 0.22682291666666665 0.017592592592592594 0.011979166666666666
0 0.06851851851851852 0.5994791666666667 0.02777777777777778 0.017708333333333333
0 0.12407407407407407 0.58515625 0.03888888888888889 0.019270833333333334
0 0.13564814814814816 0.6325520833333333 0.032407407407407406 0.011979166666666666
0 0.2587962962962963 0.7385416666666667 0.019444444444444445 0.020833333333333332
0 0.0763888888888889 0.75390625 0.04166666666666667 0.0234375
0 0.1449074074074074 0.7653645833333333 0.03425925925925926 0.024479166666666666
0 0.3101851851851852 0.5328125 0.022222222222222223 0.011458333333333333
0 0.052314814814814814 0.40208333333333335 0.03425925925925926 0.021875
0 0.29305555555555557 0.45390625 0.021296296296296296 0.011979166666666666
0 0.1476851851851852 0.40703125 0.04537037037037037 0.022395833333333334
0 0.2425925925925926 0.5666666666666667 0.03333333333333333 0.013541666666666667
0 0.027314814814814816 0.32838541666666665 0.030555555555555558 0.01614583333333333
0 0.38981481481481484 0.8450520833333334 0.03333333333333333 0.024479166666666666
0 0.3564814814814815 0.7359375 0.022222222222222223 0.015625
0 0.3027777777777778 0.7184895833333333 0.037037037037037035 0.0234375
0 0.21851851851851853 0.71640625 0.014814814814814815 0.0140625
0 0.19490740740740742 0.5473958333333333 0.02314814814814815 0.013541666666666667
0 0.1962962962962963 0.3859375 0.018518518518518517 0.009375
0 0.46574074074074073 0.7427083333333333 0.031481481481481485 0.01875
0 0.6462962962962964 0.8114583333333333 0.022222222222222223 0.019791666666666666
0 0.4930555555555556 0.7122395833333334 0.02314814814814815 0.0140625
0 0.5907407407407408 0.7190104166666667 0.02777777777777778 0.019270833333333334
0 0.6333333333333333 0.7104166666666667 0.031481481481481485 0.01875
0 0.5574074074074075 0.6375 0.02777777777777778 0.015625
0 0.5819444444444445 0.6341145833333334 0.017592592592592594 0.0109375
0 0.5125000000000001 0.6453125 0.025 0.014583333333333334
0 0.5143518518518518 0.6627604166666666 0.030555555555555558 0.01614583333333333
0 0.5314814814814816 0.6283854166666667 0.02962962962962963 0.01614583333333333
0 0.4203703703703704 0.6098958333333333 0.024074074074074074 0.0125
0 0.4550925925925926 0.5958333333333333 0.02314814814814815 0.011458333333333333
0 0.4412037037037037 0.5796875 0.02314814814814815 0.017708333333333333
0 0.33935185185185185 0.5557291666666666 0.028703703703703703 0.014583333333333334
0 0.32407407407407407 0.4927083333333333 0.03333333333333333 0.01875
0 0.4199074074074074 0.56640625 0.026851851851851852 0.0171875
0 0.3666666666666667 0.5505208333333333 0.02592592592592593 0.015625
0 0.39583333333333337 0.5690104166666666 0.017592592592592594 0.0140625
0 0.3041666666666667 0.43828125 0.021296296296296296 0.0109375
0 0.31851851851851853 0.39453125 0.022222222222222223 0.011979166666666666
0 0.38981481481481484 0.39739583333333334 0.018518518518518517 0.011458333333333333
0 0.3856481481481482 0.40546875 0.02314814814814815 0.0140625
0 0.34953703703703703 0.34453125 0.019444444444444445 0.009895833333333333
0 0.4310185185185185 0.44375 0.017592592592592594 0.0125
0 0.44722222222222224 0.38828125 0.018518518518518517 0.011979166666666666
0 0.41712962962962963 0.36953125 0.021296296296296296 0.013020833333333334
0 0.29953703703703705 0.18307291666666667 0.04166666666666667 0.0265625
0 0.38703703703703707 0.17135416666666667 0.031481481481481485 0.020833333333333332
0 0.39583333333333337 0.22604166666666667 0.026851851851851852 0.017708333333333333
0 0.3912037037037037 0.23776041666666667 0.02314814814814815 0.013020833333333334
0 0.4222222222222222 0.2505208333333333 0.018518518518518517 0.010416666666666666
0 0.4134259259259259 0.15442708333333333 0.025 0.021354166666666667
0 0.4337962962962963 0.17161458333333332 0.025 0.018229166666666668
0 0.46296296296296297 0.12682291666666667 0.02592592592592593 0.021354166666666667
0 0.4791666666666667 0.10416666666666667 0.030555555555555558 0.022916666666666665
0 0.48564814814814816 0.12161458333333333 0.021296296296296296 0.01614583333333333
0 0.4217592592592593 0.20208333333333334 0.032407407407407406 0.013541666666666667
0 0.38657407407407407 0.2921875 0.019444444444444445 0.011458333333333333
0 0.3675925925925926 0.26145833333333335 0.016666666666666666 0.009375
0 0.4430555555555556 0.34661458333333334 0.01388888888888889 0.0067708333333333336
0 0.45972222222222225 0.3442708333333333 0.019444444444444445 0.009375
0 0.4601851851851852 0.54921875 0.014814814814814815 0.01614583333333333
0 0.5884259259259259 0.6015625 0.028703703703703703 0.014583333333333334
0 0.5986111111111111 0.5557291666666666 0.026851851851851852 0.01875
0 0.6175925925925926 0.5330729166666667 0.02777777777777778 0.018229166666666668
0 0.6953703703703704 0.5268229166666667 0.037037037037037035 0.019270833333333334
0 0.7245370370370371 0.5276041666666667 0.02314814814814815 0.019791666666666666
0 0.7050925925925926 0.7203125 0.030555555555555558 0.01875
0 0.700925925925926 0.69453125 0.03333333333333333 0.015104166666666667
0 0.7689814814814815 0.73359375 0.036111111111111115 0.024479166666666666
0 0.8439814814814816 0.8052083333333333 0.03796296296296296 0.019791666666666666
0 0.8050925925925926 0.69296875 0.030555555555555558 0.0171875
0 0.7986111111111112 0.6111979166666667 0.03425925925925926 0.019270833333333334
0 0.8115740740740741 0.59140625 0.03425925925925926 0.013020833333333334
0 0.8125 0.5776041666666667 0.032407407407407406 0.019791666666666666
0 0.7819444444444444 0.5729166666666666 0.032407407407407406 0.016666666666666666
0 0.7791666666666667 0.48802083333333335 0.032407407407407406 0.01875
0 0.8527777777777779 0.4828125 0.03333333333333333 0.01875
0 0.7231481481481482 0.45989583333333334 0.037037037037037035 0.017708333333333333
0 0.8194444444444445 0.4588541666666667 0.024074074074074074 0.014583333333333334
0 0.6472222222222223 0.4861979166666667 0.02777777777777778 0.018229166666666668
0 0.6162037037037037 0.35963541666666665 0.03425925925925926 0.0234375
0 0.5750000000000001 0.375 0.02777777777777778 0.01875
0 0.5800925925925926 0.3268229166666667 0.030555555555555558 0.0203125
0 0.6805555555555556 0.34010416666666665 0.02592592592592593 0.014583333333333334
0 0.6796296296296297 0.3263020833333333 0.02962962962962963 0.01614583333333333
0 0.5824074074074075 0.38958333333333334 0.022222222222222223 0.019791666666666666
0 0.5893518518518519 0.2546875 0.026851851851851852 0.014583333333333334
0 0.6148148148148148 0.25755208333333335 0.024074074074074074 0.018229166666666668
0 0.7356481481481482 0.19453125 0.03981481481481482 0.0203125
0 0.7592592592592593 0.20625 0.02962962962962963 0.0125
0 0.700462962962963 0.3815104166666667 0.03796296296296296 0.015104166666666667
0 0.8611111111111112 0.63984375 0.022222222222222223 0.011979166666666666
0 0.8949074074074075 0.725 0.030555555555555558 0.014583333333333334
0 0.9865740740740742 0.6223958333333334 0.026851851851851852 0.017708333333333333
0 0.9837962962962963 0.4341145833333333 0.030555555555555558 0.01614583333333333
0 0.8824074074074074 0.34088541666666666 0.024074074074074074 0.0140625
0 0.951388888888889 0.3268229166666667 0.026851851851851852 0.015104166666666667
0 0.9060185185185186 0.5236979166666667 0.04166666666666667 0.0203125
0 0.8064814814814815 0.15338541666666666 0.03518518518518519 0.0140625
0 0.6291666666666667 0.7786458333333334 0.028703703703703703 0.025
0 0.33101851851851855 0.4197916666666667 0.015740740740740743 0.014583333333333334
0 0.7916666666666667 0.7130208333333333 0.031481481481481485 0.017708333333333333
