0 0.08518518518518518 0.35859375 0.02592592592592593 0.0171875
0 0.11666666666666667 0.4419270833333333 0.037037037037037035 0.015104166666666667
0 0.3189814814814815 0.6140625 0.019444444444444445 0.013541666666666667
0 0.16296296296296298 0.31588541666666664 0.016666666666666666 0.013020833333333334
0 0.28750000000000003 0.22109375 0.017592592592592594 0.011979166666666666
0 0.03564814814814815 0.5973958333333333 0.026851851851851852 0.017708333333333333
0 0.08935185185185185 0.5833333333333334 0.03981481481481482 0.01875
0 0.10324074074074074 0.6307291666666667 0.032407407407407406 0.0125
0 0.04120370370370371 0.7526041666666666 0.04166666666666667 0.02395833333333333
0 0.10601851851851853 0.7640625 0.032407407407407406 0.021875
0 0.27731481481481485 0.5307291666666667 0.02314814814814815 0.011458333333333333
0 0.016203703703703703 0.3984375 0.030555555555555558 0.022916666666666665
0 0.2652777777777778 0.4505208333333333 0.021296296296296296 0.011458333333333333
0 0.10925925925925926 0.4036458333333333 0.0462962962962963 0.022916666666666665
0 0.34861111111111115 0.8434895833333333 0.03425925925925926 0.024479166666666666
0 0.32037037037037036 0.734375 0.024074074074074074 0.016666666666666666
0 0.26851851851851855 0.7174479166666666 0.037037037037037035 0.024479166666666666
0 0.18981481481481483 0.7143229166666667 0.014814814814814815 0.0140625
0 0.16666666666666669 0.5453125 0.02592592592592593 0.014583333333333334
0 0.16296296296296298 0.3815104166666667 0.02592592592592593 0.011979166666666666
0 0.4342592592592593 0.7408854166666666 0.031481481481481485 0.018229166666666668
0 0.6101851851851852 0.8096354166666666 0.024074074074074074 0.0203125
0 0.4476851851851852 0.7138020833333333 0.017592592592592594 0.013020833333333334
0 0.46481481481481485 0.7096354166666666 0.022222222222222223 0.0140625
0 0.5569444444444445 0.7174479166666666 0.028703703703703703 0.019270833333333334
0 0.600462962962963 0.70859375 0.032407407407407406 0.018229166666666668
0 0.5287037037037037 0.6354166666666666 0.02777777777777778 0.015625
0 0.5537037037037037 0.6322916666666667 0.018518518518518517 0.010416666666666666
0 0.48240740740740745 0.6432291666666666 0.02592592592592593 0.014583333333333334
0 0.4865740740740741 0.6596354166666667 0.026851851851851852 0.015104166666666667
0 0.5027777777777778 0.6270833333333333 0.02962962962962963 0.014583333333333334
0 0.38981481481481484 0.6075520833333333 0.024074074074074074 0.011979166666666666
0 0.42685185185185187 0.5934895833333333 0.02592592592592593 0.011979166666666666
0 0.41203703703703703 0.57890625 0.022222222222222223 0.015104166666666667
0 0.30648148148148147 0.5533854166666666 0.02962962962962963 0.015104166666666667
0 0.29120370370370374 0.490625 0.032407407407407406 0.01875
0 0.38842592592592595 0.5643229166666667 0.026851851851851852 0.0171875
0 0.3314814814814815 0.5466145833333333 0.024074074074074074 0.0140625
0 0.36435185185185187 0.5669270833333333 0.019444444444444445 0.0140625
0 0.2726851851851852 0.43463541666666666 0.021296296296296296 0.011979166666666666
0 0.28611111111111115 0.3911458333333333 0.020370370370370372 0.0125
0 0.3541666666666667 0.39348958333333334 0.019444444444444445 0.0109375
0 0.3527777777777778 0.40182291666666664 0.024074074074074074 0.0140625
0 0.3180555555555556 0.340625 0.019444444444444445 0.009375
0 0.40046296296296297 0.44088541666666664 0.017592592592592594 0.011979166666666666
0 0.41481481481481486 0.3848958333333333 0.018518518518518517 0.011458333333333333
0 0.38472222222222224 0.365625 0.021296296296296296 0.0125
0 0.2625 0.1765625 0.03981481481481482 0.027083333333333334
0 0.35555555555555557 0.16510416666666666 0.031481481481481485 0.019791666666666666
0 0.3625 0.22057291666666667 0.026851851851851852 0.018229166666666668
0 0.3592592592592593 0.23203125 0.022222222222222223 0.0140625
0 0.39490740740740743 0.24557291666666667 0.019444444444444445 0.0109375
0 0.38287037037037036 0.1484375 0.026851851851851852 0.021875
0 0.4041666666666667 0.165625 0.025 0.017708333333333333
0 0.4342592592592593 0.1203125 0.02592592592592593 0.021875
0 0.45 0.096875 0.02962962962962963 0.022916666666666665
0 0.45601851851851855 0.11510416666666666 0.02314814814814815 0.016666666666666666
0 0.39212962962962966 0.19713541666666667 0.03425925925925926 0.0140625
0 0.35555555555555557 0.28828125 0.020370370370370372 0.0109375
0 0.3106481481481482 0.26328125 0.02314814814814815 0.008854166666666666
0 0.3351851851851852 0.2557291666666667 0.016666666666666666 0.009375
0 0.41574074074074074 0.3424479166666667 0.014814814814814815 0.0067708333333333336
0 0.43333333333333335 0.34088541666666666 0.020370370370370372 0.009895833333333333
0 0.4337962962962963 0.546875 0.019444444444444445 0.015625
0 0.5620370370370371 0.5997395833333333 0.031481481481481485 0.015104166666666667
0 0.5685185185185185 0.5528645833333333 0.02592592592592593 0.018229166666666668
0 0.5912037037037037 0.53046875 0.025 0.018229166666666668
0 0.6638888888888889 0.5244791666666666 0.03518518518518519 0.019791666666666666
0 0.6935185185185185 0.5263020833333333 0.022222222222222223 0.018229166666666668
0 0.6736111111111112 0.71875 0.030555555555555558 0.01875
0 0.6703703703703704 0.6927083333333334 0.03333333333333333 0.015625
0 0.737037037037037 0.73203125 0.037037037037037035 0.024479166666666666
0 0.8115740740740741 0.8039062499999999 0.03796296296296296 0.0203125
0 0.774537037037037 0.6911458333333333 0.026851851851851852 0.016666666666666666
0 0.7731481481481481 0.60859375 0.037037037037037035 0.018229166666666668
0 0.7837962962962963 0.5901041666666667 0.036111111111111115 0.013541666666666667
0 0.7819444444444444 0.57578125 0.032407407407407406 0.019270833333333334
0 0.750925925925926 0.5700520833333333 0.031481481481481485 0.0171875
0 0.7481481481481482 0.4856770833333333 0.03333333333333333 0.019270833333333334
0 0.8212962962962963 0.48020833333333335 0.03333333333333333 0.01875
0 0.6935185185185185 0.45677083333333335 0.037037037037037035 0.017708333333333333
0 0.7870370370370371 0.45598958333333334 0.024074074074074074 0.015104166666666667
0 0.6189814814814815 0.48333333333333334 0.028703703703703703 0.017708333333333333
0 0.6199074074074075 0.3971354166666667 0.019444444444444445 0.0140625
0 0.587037037037037 0.35546875 0.03518518518518519 0.0234375
0 0.5435185185185185 0.37135416666666665 0.024074074074074074 0.019791666666666666
0 0.5509259259259259 0.321875 0.031481481481481485 0.01875
0 0.6537037037037037 0.33541666666666664 0.02962962962962963 0.014583333333333334
0 0.6532407407407408 0.32317708333333334 0.030555555555555558 0.0171875
0 0.5625 0.24947916666666667 0.026851851851851852 0.014583333333333334
0 0.5875 0.2526041666666667 0.025 0.01875
0 0.7046296296296296 0.18984375 0.040740740740740744 0.022395833333333334
0 0.7277777777777779 0.20130208333333333 0.02962962962962963 0.015104166666666667
0 0.6759259259259259 0.37604166666666666 0.03888888888888889 0.020833333333333332
0 0.8296296296296297 0.6385416666666667 0.022222222222222223 0.0125
0 0.8643518518518519 0.7231770833333333 0.030555555555555558 0.0140625
0 0.9587962962962964 0.6200520833333333 0.032407407407407406 0.018229166666666668
0 0.9796296296296296 0.5247395833333334 0.03518518518518519 0.018229166666666668
0 0.9324074074074075 0.4895833333333333 0.018518518518518517 0.011458333333333333
0 0.9768518518518519 0.4747395833333333 0.02962962962962963 0.018229166666666668
0 0.9569444444444445 0.43072916666666666 0.030555555555555558 0.016666666666666666
0 0.8592592592592593 0.3375 0.024074074074074074 0.014583333333333334
0 0.9287037037037037 0.32317708333333334 0.02592592592592593 0.015104166666666667
0 0.8722222222222222 0.5221354166666666 0.037037037037037035 0.019270833333333334
0 0.6180555555555556 0.409375 0.017592592592592594 0.008333333333333333
0 0.5578703703703703 0.384375 0.019444444444444445 0.015625
0 0.7763888888888889 0.14739583333333334 0.032407407407407406 0.016666666666666666
0 0.5949074074074074 0.7768229166666667 0.028703703703703703 0.0265625
0 0.6060185185185185 0.6825520833333333 0.015740740740740743 0.013020833333333334
0 0.29814814814814816 0.4158854166666667 0.014814814814814815 0.0140625
0 0.7587962962962963 0.7109375 0.030555555555555558 0.01875
