0 0.07453703703703704 0.3578125 0.02314814814814815 0.016666666666666666
0 0.10555555555555556 0.440625 0.03888888888888889 0.016666666666666666
0 0.3092592592592593 0.6135416666666667 0.020370370370370372 0.014583333333333334
0 0.1537037037037037 0.31484375 0.016666666666666666 0.013020833333333334
0 0.27824074074074073 0.21979166666666666 0.017592592592592594 0.0125
0 0.02592592592592593 0.59765625 0.02592592592592593 0.0171875
0 0.07962962962962963 0.5830729166666666 0.040740740740740744 0.019270833333333334
0 0.0925925925925926 0.63046875 0.03333333333333333 0.011979166666666666
0 0.030092592592592594 0.7528645833333333 0.04166666666666667 0.0234375
0 0.350462962962963 0.7635416666666667 0.021296296296296296 0.016666666666666666
0 0.09537037037037037 0.7640625 0.03333333333333333 0.021875
0 0.2675925925925926 0.53046875 0.022222222222222223 0.011979166666666666
0 0.2569444444444445 0.4497395833333333 0.021296296296296296 0.0109375
0 0.09722222222222222 0.403125 0.0462962962962963 0.022916666666666665
0 0.3375 0.84375 0.036111111111111115 0.02395833333333333
0 0.3101851851851852 0.7338541666666667 0.024074074074074074 0.016666666666666666
0 0.2587962962962963 0.7171875 0.036111111111111115 0.02395833333333333
0 0.18194444444444446 0.7145833333333333 0.015740740740740743 0.013541666666666667
0 0.15925925925925927 0.5447916666666667 0.02592592592592593 0.014583333333333334
0 0.15462962962962964 0.37786458333333334 0.02592592592592593 0.0171875
0 0.425462962962963 0.740625 0.030555555555555558 0.01875
0 0.6 0.8091145833333333 0.024074074074074074 0.019270833333333334
0 0.43842592592592594 0.7138020833333333 0.017592592592592594 0.013020833333333334
0 0.4564814814814815 0.7091145833333333 0.022222222222222223 0.0140625
0 0.5467592592592593 0.7169270833333333 0.028703703703703703 0.019270833333333334
0 0.5921296296296297 0.7080729166666666 0.030555555555555558 0.0171875
0 0.5203703703703704 0.6348958333333333 0.02777777777777778 0.015625
0 0.5462962962962963 0.6317708333333333 0.018518518518518517 0.010416666666666666
0 0.47453703703703703 0.6432291666666666 0.025 0.014583333333333334
0 0.4777777777777778 0.6591145833333333 0.02592592592592593 0.015104166666666667
0 0.4949074074074074 0.6265625 0.030555555555555558 0.014583333333333334
0 0.3805555555555556 0.6075520833333333 0.024074074074074074 0.011979166666666666
0 0.45 0.6015625 0.016666666666666666 0.011458333333333333
0 0.4185185185185185 0.5934895833333333 0.02592592592592593 0.011979166666666666
0 0.40370370370370373 0.5786458333333333 0.022222222222222223 0.014583333333333334
0 0.2962962962962963 0.553125 0.02962962962962963 0.014583333333333334
0 0.2828703703703704 0.4895833333333333 0.032407407407407406 0.01875
0 0.3791666666666667 0.5638020833333334 0.026851851851851852 0.0171875
0 0.32222222222222224 0.5455729166666666 0.024074074074074074 0.0140625
0 0.3550925925925926 0.5661458333333333 0.019444444444444445 0.013541666666666667
0 0.2652777777777778 0.434375 0.021296296296296296 0.0125
0 0.27546296296296297 0.38984375 0.021296296296296296 0.011979166666666666
0 0.34305555555555556 0.3927083333333333 0.019444444444444445 0.011458333333333333
0 0.3421296296296296 0.4015625 0.02314814814814815 0.013541666666666667
0 0.3087962962962963 0.33984375 0.019444444444444445 0.008854166666666666
0 0.39166666666666666 0.44036458333333334 0.018518518518518517 0.013020833333333334
0 0.40555555555555556 0.384375 0.018518518518518517 0.011458333333333333
0 0.375 0.3645833333333333 0.022222222222222223 0.0125
0 0.2513888888888889 0.17473958333333334 0.03981481481481482 0.0265625
0 0.3462962962962963 0.16354166666666667 0.031481481481481485 0.020833333333333332
0 0.3527777777777778 0.21927083333333333 0.02777777777777778 0.017708333333333333
0 0.350462962962963 0.23098958333333333 0.02314814814814815 0.0140625
0 0.38703703703703707 0.24401041666666667 0.018518518518518517 0.0109375
0 0.3736111111111111 0.146875 0.026851851851851852 0.021875
0 0.3939814814814815 0.16432291666666665 0.025 0.018229166666666668
0 0.4240740740740741 0.11875 0.02592592592592593 0.021875
0 0.44027777777777777 0.0953125 0.030555555555555558 0.022916666666666665
0 0.4462962962962963 0.11328125 0.022222222222222223 0.01614583333333333
0 0.3851851851851852 0.19609375 0.03333333333333333 0.013020833333333334
0 0.3472222222222222 0.2872395833333333 0.020370370370370372 0.0109375
0 0.300462962962963 0.26197916666666665 0.02314814814814815 0.008333333333333333
0 0.325 0.2546875 0.016666666666666666 0.009375
0 0.40740740740740744 0.3421875 0.014814814814814815 0.007291666666666667
0 0.425462962962963 0.33984375 0.019444444444444445 0.009895833333333333
0 0.42453703703703705 0.5471354166666667 0.017592592592592594 0.015104166666666667
0 0.5523148148148148 0.5989583333333334 0.028703703703703703 0.015625
0 0.5601851851851852 0.5526041666666667 0.02592592592592593 0.01875
0 0.5828703703703704 0.5302083333333333 0.025 0.017708333333333333
0 0.6550925925925927 0.5236979166666667 0.036111111111111115 0.019270833333333334
0 0.6837962962962963 0.5260416666666666 0.02314814814814815 0.017708333333333333
0 0.6652777777777779 0.7182291666666667 0.030555555555555558 0.01875
0 0.6606481481481482 0.6924479166666666 0.032407407407407406 0.01614583333333333
0 0.7282407407407407 0.7315104166666666 0.036111111111111115 0.024479166666666666
0 0.8032407407407408 0.8028645833333333 0.03796296296296296 0.0203125
0 0.7648148148148148 0.690625 0.02777777777777778 0.016666666666666666
0 0.7657407407407407 0.60859375 0.03518518518518519 0.018229166666666668
0 0.774537037037037 0.5893229166666667 0.036111111111111115 0.0140625
0 0.7731481481481481 0.575 0.03333333333333333 0.019791666666666666
0 0.7421296296296297 0.56953125 0.032407407407407406 0.0171875
0 0.7384259259259259 0.484375 0.032407407407407406 0.01875
0 0.8120370370370371 0.48020833333333335 0.03333333333333333 0.01875
0 0.6837962962962963 0.45625 0.036111111111111115 0.017708333333333333
0 0.7782407407407408 0.4552083333333333 0.025 0.015625
0 0.6106481481481482 0.4828125 0.028703703703703703 0.017708333333333333
0 0.6125 0.39609375 0.021296296296296296 0.0140625
0 0.5782407407407407 0.3541666666666667 0.036111111111111115 0.021875
0 0.5351851851851852 0.3703125 0.024074074074074074 0.019791666666666666
0 0.5412037037037037 0.3208333333333333 0.032407407407407406 0.01875
0 0.6462962962962964 0.33489583333333334 0.02962962962962963 0.015625
0 0.6462962962962964 0.32109375 0.03333333333333333 0.01614583333333333
0 0.5537037037037037 0.2484375 0.02592592592592593 0.014583333333333334
0 0.5787037037037037 0.2515625 0.02592592592592593 0.01875
0 0.6953703703703704 0.18828125 0.040740740740740744 0.022395833333333334
0 0.7180555555555556 0.19973958333333333 0.030555555555555558 0.015104166666666667
0 0.6643518518518519 0.37421875 0.03796296296296296 0.021354166666666667
0 0.8208333333333334 0.6380208333333334 0.02314814814814815 0.0125
0 0.8560185185185185 0.72265625 0.030555555555555558 0.0140625
0 0.950462962962963 0.6190104166666667 0.032407407407407406 0.018229166666666668
0 0.9703703703703704 0.5239583333333333 0.03518518518518519 0.01875
0 0.9888888888888889 0.4869791666666667 0.022222222222222223 0.020833333333333332
0 0.9259259259259259 0.4888020833333333 0.018518518518518517 0.0109375
0 0.9685185185185186 0.4731770833333333 0.02962962962962963 0.018229166666666668
0 0.9495370370370371 0.42994791666666665 0.030555555555555558 0.01614583333333333
0 0.8518518518518519 0.3364583333333333 0.024074074074074074 0.014583333333333334
0 0.9208333333333334 0.3221354166666667 0.026851851851851852 0.015104166666666667
0 0.8638888888888889 0.5203125 0.03518518518518519 0.01875
0 0.611574074074074 0.40911458333333334 0.017592592592592594 0.009895833333333333
0 0.5486111111111112 0.38359375 0.019444444444444445 0.01614583333333333
0 0.7671296296296296 0.14505208333333333 0.03425925925925926 0.0171875
0 0.5851851851851853 0.7763020833333333 0.02777777777777778 0.0265625
0 0.5967592592592593 0.6822916666666666 0.015740740740740743 0.013541666666666667
0 0.287962962962963 0.4161458333333333 0.014814814814814815 0.014583333333333334
0 0.750462962962963 0.7106770833333333 0.030555555555555558 0.018229166666666668
