0 0.04351851851851852 0.35572916666666665 0.016666666666666666 0.015625
0 0.08287037037037037 0.440625 0.036111111111111115 0.015625
0 0.2837962962962963 0.6138020833333333 0.019444444444444445 0.015104166666666667
0 0.12453703703703704 0.3130208333333333 0.015740740740740743 0.0125
0 0.2513888888888889 0.21692708333333333 0.017592592592592594 0.013020833333333334
0 0.05324074074074074 0.5825520833333333 0.04166666666666667 0.019270833333333334
0 0.06712962962962964 0.6307291666666667 0.032407407407407406 0.0125
0 0.32685185185185184 0.7643229166666666 0.018518518518518517 0.0140625
0 0.0712962962962963 0.7645833333333333 0.03518518518518519 0.022916666666666665
0 0.24074074074074076 0.5296875 0.024074074074074074 0.011458333333333333
0 0.23240740740740742 0.4484375 0.022222222222222223 0.010416666666666666
0 0.06342592592592593 0.4015625 0.04537037037037037 0.02395833333333333
0 0.3041666666666667 0.8442708333333333 0.03425925925925926 0.025
0 0.28194444444444444 0.7341145833333333 0.025 0.0171875
0 0.23148148148148148 0.7171875 0.03518518518518519 0.02395833333333333
0 0.15972222222222224 0.7143229166666667 0.015740740740740743 0.0140625
0 0.13657407407407407 0.5442708333333334 0.025 0.014583333333333334
0 0.1300925925925926 0.37473958333333335 0.025 0.018229166666666668
0 0.3662037037037037 0.8393229166666667 0.012037037037037037 0.019270833333333334
0 0.40046296296296297 0.7403645833333333 0.030555555555555558 0.019270833333333334
0 0.5722222222222223 0.8083333333333333 0.024074074074074074 0.019791666666666666
0 0.41435185185185186 0.71328125 0.02314814814814815 0.013020833333333334
0 0.4351851851851852 0.7091145833333333 0.022222222222222223 0.0140625
0 0.5194444444444445 0.71640625 0.02962962962962963 0.019270833333333334
0 0.5666666666666667 0.7078125 0.02962962962962963 0.017708333333333333
0 0.4981481481481482 0.6341145833333334 0.02777777777777778 0.015104166666666667
0 0.5231481481481481 0.6307291666666667 0.018518518518518517 0.010416666666666666
0 0.45092592592592595 0.6424479166666667 0.02592592592592593 0.015104166666666667
0 0.45462962962962966 0.65859375 0.02592592592592593 0.015104166666666667
0 0.4712962962962963 0.62578125 0.02962962962962963 0.015104166666666667
0 0.3564814814814815 0.60703125 0.024074074074074074 0.011979166666666666
0 0.42685185185185187 0.6010416666666667 0.018518518518518517 0.011458333333333333
0 0.39537037037037037 0.59296875 0.02592592592592593 0.011979166666666666
0 0.3805555555555556 0.5783854166666667 0.022222222222222223 0.0140625
0 0.26805555555555555 0.55234375 0.030555555555555558 0.015104166666666667
0 0.25462962962962965 0.48828125 0.03333333333333333 0.018229166666666668
0 0.35370370370370374 0.5630208333333333 0.02592592592592593 0.016666666666666666
0 0.2949074074074074 0.5450520833333333 0.025 0.0140625
0 0.3314814814814815 0.5669270833333333 0.016666666666666666 0.0109375
0 0.24305555555555555 0.4328125 0.021296296296296296 0.011458333333333333
0 0.24675925925925926 0.38828125 0.021296296296296296 0.011979166666666666
0 0.31157407407407406 0.39088541666666665 0.019444444444444445 0.0109375
0 0.31342592592592594 0.4002604166666667 0.02314814814814815 0.013020833333333334
0 0.28055555555555556 0.3375 0.020370370370370372 0.009375
0 0.3652777777777778 0.43906249999999997 0.019444444444444445 0.0125
0 0.37777777777777777 0.3828125 0.018518518518518517 0.011458333333333333
0 0.34675925925925927 0.36276041666666664 0.021296296296296296 0.011979166666666666
0 0.21712962962962964 0.17109375 0.03981481481481482 0.0265625
0 0.2439814814814815 0.18307291666666667 0.017592592592592594 0.0140625
0 0.31666666666666665 0.15963541666666667 0.031481481481481485 0.0203125
0 0.3236111111111111 0.21588541666666666 0.026851851851851852 0.018229166666666668
0 0.32175925925925924 0.22786458333333334 0.02314814814814815 0.0140625
0 0.3615740740740741 0.24140625 0.019444444444444445 0.0109375
0 0.34490740740740744 0.14296875 0.026851851851851852 0.022395833333333334
0 0.36712962962962964 0.16067708333333333 0.025 0.018229166666666668
0 0.3976851851851852 0.11432291666666666 0.026851851851851852 0.022395833333333334
0 0.4138888888888889 0.09088541666666666 0.031481481481481485 0.0234375
0 0.4203703703703704 0.10885416666666667 0.024074074074074074 0.016666666666666666
0 0.35694444444444445 0.1921875 0.03425925925925926 0.013541666666666667
0 0.3199074074074074 0.28515625 0.019444444444444445 0.0109375
0 0.2763888888888889 0.2604166666666667 0.015740740740740743 0.009375
0 0.2953703703703704 0.2520833333333333 0.016666666666666666 0.009375
0 0.3837962962962963 0.34010416666666665 0.01388888888888889 0.008333333333333333
0 0.40231481481481485 0.3377604166666667 0.019444444444444445 0.009895833333333333
0 0.40046296296296297 0.546875 0.019444444444444445 0.014583333333333334
0 0.5282407407407408 0.5981770833333333 0.030555555555555558 0.01614583333333333
0 0.5370370370370371 0.5515625 0.02777777777777778 0.01875
0 0.5597222222222222 0.52890625 0.025 0.018229166666666668
0 0.6287037037037038 0.52265625 0.03518518518518519 0.019270833333333334
0 0.6587962962962963 0.5244791666666666 0.02314814814814815 0.017708333333333333
0 0.6421296296296296 0.7174479166666666 0.028703703703703703 0.018229166666666668
0 0.6370370370370371 0.6919270833333333 0.03333333333333333 0.01614583333333333
0 0.7032407407407407 0.7307291666666667 0.036111111111111115 0.02395833333333333
0 0.7787037037037038 0.80234375 0.037037037037037035 0.0203125
0 0.7407407407407408 0.6901041666666666 0.02777777777777778 0.016666666666666666
0 0.7421296296296297 0.6072916666666667 0.036111111111111115 0.017708333333333333
0 0.750462962962963 0.5880208333333333 0.03425925925925926 0.013541666666666667
0 0.7481481481481482 0.5734375 0.03333333333333333 0.019791666666666666
0 0.7166666666666667 0.5684895833333333 0.031481481481481485 0.0171875
0 0.7125 0.48333333333333334 0.032407407407407406 0.01875
0 0.7856481481481482 0.47812499999999997 0.032407407407407406 0.01875
0 0.6597222222222222 0.45468749999999997 0.036111111111111115 0.017708333333333333
0 0.7518518518518519 0.4536458333333333 0.02592592592592593 0.015625
0 0.5925925925925926 0.48151041666666666 0.031481481481481485 0.018229166666666668
0 0.5902777777777778 0.39401041666666664 0.021296296296296296 0.013020833333333334
0 0.6055555555555556 0.3997395833333333 0.018518518518518517 0.011979166666666666
0 0.5532407407407408 0.35234375 0.036111111111111115 0.022395833333333334
0 0.5111111111111112 0.3684895833333333 0.024074074074074074 0.0203125
0 0.5166666666666667 0.3184895833333333 0.031481481481481485 0.019270833333333334
0 0.6217592592592592 0.33229166666666665 0.030555555555555558 0.014583333333333334
0 0.6208333333333333 0.3177083333333333 0.030555555555555558 0.014583333333333334
0 0.5291666666666667 0.24583333333333332 0.026851851851851852 0.015625
0 0.5546296296296297 0.2484375 0.02592592592592593 0.01875
0 0.6680555555555556 0.184375 0.03981481481481482 0.021875
0 0.6912037037037038 0.19791666666666666 0.032407407407407406 0.01875
0 0.6439814814814815 0.3734375 0.036111111111111115 0.01875
0 0.7967592592592593 0.6372395833333333 0.02314814814814815 0.0140625
0 0.8333333333333334 0.7213541666666666 0.02962962962962963 0.013541666666666667
0 0.9282407407407408 0.61796875 0.030555555555555558 0.018229166666666668
0 0.9907407407407408 0.7302083333333333 0.018518518518518517 0.017708333333333333
0 0.9486111111111112 0.5223958333333333 0.03425925925925926 0.01875
0 0.9712962962962963 0.48541666666666666 0.03333333333333333 0.019791666666666666
0 0.9046296296296297 0.4869791666666667 0.018518518518518517 0.011458333333333333
0 0.9458333333333334 0.47213541666666664 0.030555555555555558 0.018229166666666668
0 0.9273148148148148 0.4283854166666667 0.030555555555555558 0.0171875
0 0.8324074074074075 0.3338541666666667 0.024074074074074074 0.014583333333333334
0 0.9009259259259259 0.31979166666666664 0.02592592592592593 0.014583333333333334
0 0.9856481481481482 0.35182291666666665 0.028703703703703703 0.0203125
0 0.8365740740740741 0.51875 0.036111111111111115 0.017708333333333333
0 0.5907407407407408 0.40781249999999997 0.018518518518518517 0.009375
0 0.5273148148148148 0.3815104166666667 0.019444444444444445 0.01614583333333333
0 0.7412037037037037 0.14192708333333334 0.032407407407407406 0.019270833333333334
0 0.5578703703703703 0.7755208333333333 0.026851851851851852 0.027083333333333334
0 0.5731481481481482 0.6815104166666667 0.016666666666666666 0.0140625
0 0.25925925925925924 0.41484375 0.014814814814814815 0.0140625
0 0.7263888888888889 0.7096354166666666 0.030555555555555558 0.018229166666666668
