0 0.976388888888889 0.3536458333333333 0.01388888888888889 0.014583333333333334
0 0.9337962962962963 0.43854166666666666 0.036111111111111115 0.01875
0 0.7356481481481482 0.61328125 0.021296296296296296 0.015104166666666667
0 0.8935185185185186 0.31145833333333334 0.016666666666666666 0.0125
0 0.7643518518518518 0.21562499999999998 0.017592592592592594 0.0125
0 0.9671296296296297 0.58203125 0.04166666666666667 0.019270833333333334
0 0.9523148148148148 0.63046875 0.032407407407407406 0.013020833333333334
0 0.9490740740740741 0.7638020833333333 0.031481481481481485 0.024479166666666666
0 0.775462962962963 0.528125 0.02314814814814815 0.010416666666666666
0 0.7842592592592593 0.4471354166666667 0.022222222222222223 0.009895833333333333
0 0.9578703703703704 0.4 0.04537037037037037 0.02395833333333333
0 0.7199074074074074 0.8450520833333334 0.03425925925925926 0.024479166666666666
0 0.7398148148148148 0.734375 0.024074074074074074 0.017708333333333333
0 0.7907407407407407 0.7171875 0.03518518518518519 0.02395833333333333
0 0.8583333333333334 0.7143229166666667 0.014814814814814815 0.0140625
0 0.8810185185185185 0.54375 0.026851851851851852 0.014583333333333334
0 0.8865740740740741 0.37395833333333334 0.026851851851851852 0.017708333333333333
0 0.6555555555555556 0.8401041666666667 0.012962962962962964 0.021875
0 0.6185185185185186 0.7403645833333333 0.031481481481481485 0.019270833333333334
0 0.44907407407407407 0.80859375 0.024074074074074074 0.019270833333333334
0 0.6041666666666667 0.7140625 0.025 0.014583333333333334
0 0.5824074074074075 0.70859375 0.022222222222222223 0.0140625
0 0.500925925925926 0.71640625 0.02777777777777778 0.019270833333333334
0 0.4532407407407408 0.7080729166666666 0.028703703703703703 0.0171875
0 0.5194444444444445 0.6338541666666666 0.02777777777777778 0.015625
0 0.4935185185185185 0.6307291666666667 0.018518518518518517 0.010416666666666666
0 0.5662037037037038 0.6424479166666667 0.025 0.015104166666666667
0 0.563425925925926 0.65859375 0.026851851851851852 0.015104166666666667
0 0.5462962962962963 0.6255208333333333 0.02962962962962963 0.015625
0 0.6625 0.6065104166666666 0.025 0.011979166666666666
0 0.5907407407407408 0.60078125 0.018518518518518517 0.0109375
0 0.6231481481481481 0.5924479166666666 0.02592592592592593 0.011979166666666666
0 0.6361111111111112 0.5778645833333333 0.022222222222222223 0.0140625
0 0.750462962962963 0.5518229166666666 0.030555555555555558 0.0140625
0 0.7648148148148148 0.48776041666666664 0.03333333333333333 0.018229166666666668
0 0.6666666666666667 0.5627604166666667 0.02592592592592593 0.0171875
0 0.7240740740740741 0.5447916666666667 0.024074074074074074 0.013541666666666667
0 0.6865740740740741 0.5671875 0.017592592592592594 0.010416666666666666
0 0.7777777777777778 0.4317708333333333 0.024074074074074074 0.013541666666666667
0 0.7722222222222223 0.3872395833333333 0.022222222222222223 0.011979166666666666
0 0.7097222222222223 0.38984375 0.019444444444444445 0.0109375
0 0.7069444444444445 0.39947916666666666 0.02314814814814815 0.013541666666666667
0 0.737037037037037 0.3364583333333333 0.020370370370370372 0.009375
0 0.6490740740740741 0.4375 0.012962962962962964 0.011458333333333333
0 0.6407407407407407 0.38177083333333334 0.018518518518518517 0.011458333333333333
0 0.6717592592592593 0.3619791666666667 0.021296296296296296 0.0125
0 0.8023148148148148 0.16901041666666666 0.03981481481481482 0.0265625
0 0.775 0.18098958333333334 0.018518518518518517 0.0140625
0 0.7000000000000001 0.15755208333333334 0.031481481481481485 0.0203125
0 0.6939814814814815 0.21458333333333332 0.026851851851851852 0.017708333333333333
0 0.6958333333333334 0.22682291666666665 0.02314814814814815 0.0140625
0 0.6546296296296297 0.240625 0.020370370370370372 0.011458333333333333
0 0.6717592592592593 0.14114583333333333 0.026851851851851852 0.022916666666666665
0 0.6490740740740741 0.159375 0.02592592592592593 0.01875
0 0.6189814814814815 0.11302083333333333 0.026851851851851852 0.021875
0 0.6027777777777777 0.08932291666666667 0.031481481481481485 0.024479166666666666
0 0.5953703703703704 0.10807291666666667 0.024074074074074074 0.01614583333333333
0 0.6597222222222222 0.19088541666666667 0.03425925925925926 0.0140625
0 0.6972222222222223 0.28411458333333334 0.020370370370370372 0.0109375
0 0.7407407407407408 0.2596354166666667 0.016666666666666666 0.0109375
0 0.7226851851851852 0.25104166666666666 0.017592592592592594 0.009375
0 0.6310185185185185 0.34010416666666665 0.01388888888888889 0.008333333333333333
0 0.6134259259259259 0.33671875 0.019444444444444445 0.009895833333333333
0 0.6171296296296297 0.546875 0.019444444444444445 0.014583333333333334
0 0.48888888888888893 0.5981770833333333 0.02962962962962963 0.015104166666666667
0 0.48055555555555557 0.5513020833333333 0.02777777777777778 0.018229166666666668
0 0.45740740740740743 0.5286458333333334 0.02592592592592593 0.01875
0 0.3888888888888889 0.5223958333333333 0.03518518518518519 0.019791666666666666
0 0.3592592592592593 0.5244791666666666 0.022222222222222223 0.017708333333333333
0 0.37592592592592594 0.7177083333333333 0.02777777777777778 0.01875
0 0.3819444444444445 0.6921875 0.032407407407407406 0.016666666666666666
0 0.3162037037037037 0.73046875 0.036111111111111115 0.0234375
0 0.24027777777777778 0.80234375 0.036111111111111115 0.0203125
0 0.2777777777777778 0.6901041666666666 0.02777777777777778 0.016666666666666666
0 0.275 0.6072916666666667 0.03518518518518519 0.016666666666666666
0 0.26712962962962966 0.5885416666666666 0.03425925925925926 0.013541666666666667
0 0.26944444444444443 0.5736979166666667 0.03333333333333333 0.019270833333333334
0 0.3013888888888889 0.56875 0.032407407407407406 0.016666666666666666
0 0.3060185185185185 0.4830729166666667 0.032407407407407406 0.018229166666666668
0 0.23194444444444445 0.47812499999999997 0.032407407407407406 0.01875
0 0.3578703703703704 0.45468749999999997 0.036111111111111115 0.017708333333333333
0 0.2657407407407408 0.45416666666666666 0.02777777777777778 0.016666666666666666
0 0.42453703703703705 0.4825520833333333 0.030555555555555558 0.019270833333333334
0 0.4240740740740741 0.39375 0.022222222222222223 0.0125
0 0.4087962962962963 0.39921875 0.019444444444444445 0.011979166666666666
0 0.46435185185185185 0.3520833333333333 0.036111111111111115 0.022916666666666665
0 0.5046296296296297 0.36822916666666666 0.024074074074074074 0.019791666666666666
0 0.500462962962963 0.31744791666666666 0.032407407407407406 0.019270833333333334
0 0.39351851851851855 0.33151041666666664 0.02777777777777778 0.015104166666666667
0 0.39537037037037037 0.3171875 0.031481481481481485 0.013541666666666667
0 0.4865740740740741 0.24505208333333334 0.026851851851851852 0.015104166666666667
0 0.46064814814814814 0.24765625 0.026851851851851852 0.019270833333333334
0 0.34953703703703703 0.184375 0.03981481481481482 0.021875
0 0.32731481481481484 0.19869791666666667 0.032407407407407406 0.021354166666666667
0 0.37083333333333335 0.3729166666666667 0.03425925925925926 0.01875
0 0.2212962962962963 0.6372395833333333 0.022222222222222223 0.0140625
0 0.18611111111111112 0.721875 0.031481481481481485 0.013541666666666667
0 0.08935185185185185 0.6177083333333333 0.030555555555555558 0.017708333333333333
0 0.024537037037037038 0.7309895833333333 0.02314814814814815 0.0171875
0 0.4138888888888889 0.49140625 0.018518518518518517 0.01614583333333333
0 0.06712962962962964 0.5229166666666667 0.03425925925925926 0.01875
0 0.04537037037037037 0.4856770833333333 0.03333333333333333 0.0203125
0 0.10925925925925926 0.4869791666666667 0.018518518518518517 0.011458333333333333
0 0.07083333333333333 0.47213541666666664 0.032407407407407406 0.018229166666666668
0 0.08888888888888889 0.4278645833333333 0.02962962962962963 0.0171875
0 0.022222222222222223 0.42552083333333335 0.016666666666666666 0.011458333333333333
0 0.1824074074074074 0.334375 0.024074074074074074 0.014583333333333334
0 0.11342592592592593 0.32005208333333335 0.025 0.015104166666666667
0 0.024074074074074074 0.35130208333333335 0.037037037037037035 0.0171875
0 0.17546296296296296 0.5174479166666667 0.032407407407407406 0.025520833333333333
0 0.4236111111111111 0.4075520833333333 0.019444444444444445 0.008854166666666666
0 0.48750000000000004 0.3809895833333333 0.021296296296296296 0.01614583333333333
0 0.27361111111111114 0.14166666666666666 0.028703703703703703 0.019791666666666666
0 0.4615740740740741 0.7755208333333333 0.026851851851851852 0.027083333333333334
0 0.44537037037037036 0.6809895833333334 0.018518518518518517 0.013020833333333334
0 0.7606481481481482 0.41484375 0.01388888888888889 0.0140625
0 0.29305555555555557 0.7098958333333333 0.030555555555555558 0.017708333333333333
