0 0.01712962962962963 0.35234375 0.012037037037037037 0.0140625
0 0.06157407407407408 0.43697916666666664 0.03425925925925926 0.019791666666666666
0 0.2587962962962963 0.6127604166666667 0.021296296296296296 0.015104166666666667
0 0.10092592592592593 0.3104166666666667 0.016666666666666666 0.0125
0 0.23055555555555557 0.21510416666666665 0.018518518518518517 0.0125
0 0.025462962962962965 0.5817708333333333 0.04166666666666667 0.019791666666666666
0 0.040740740740740744 0.6299479166666666 0.03333333333333333 0.013020833333333334
0 0.04212962962962963 0.7638020833333333 0.026851851851851852 0.025520833333333333
0 0.21805555555555556 0.5278645833333333 0.025 0.0109375
0 0.2111111111111111 0.44635416666666666 0.022222222222222223 0.009375
0 0.03518518518518519 0.3989583333333333 0.044444444444444446 0.02395833333333333
0 0.27037037037037037 0.8447916666666666 0.03518518518518519 0.02395833333333333
0 0.25277777777777777 0.7338541666666667 0.024074074074074074 0.017708333333333333
0 0.20277777777777778 0.7169270833333333 0.03518518518518519 0.0234375
0 0.13611111111111113 0.7138020833333333 0.014814814814814815 0.0140625
0 0.11435185185185186 0.5434895833333333 0.026851851851851852 0.015104166666666667
0 0.10787037037037038 0.3729166666666667 0.028703703703703703 0.01875
0 0.337037037037037 0.840625 0.012962962962962964 0.021875
0 0.375462962962963 0.7403645833333333 0.032407407407407406 0.019270833333333334
0 0.5430555555555556 0.80859375 0.025 0.019270833333333334
0 0.38981481481481484 0.7138020833333333 0.02592592592592593 0.0140625
0 0.412962962962963 0.7083333333333334 0.022222222222222223 0.013541666666666667
0 0.49259259259259264 0.71640625 0.02777777777777778 0.019270833333333334
0 0.5407407407407407 0.7075520833333333 0.02962962962962963 0.0171875
0 0.475462962962963 0.63359375 0.026851851851851852 0.015104166666666667
0 0.500925925925926 0.6302083333333334 0.018518518518518517 0.010416666666666666
0 0.42824074074074076 0.6419270833333334 0.025 0.015104166666666667
0 0.4305555555555556 0.65859375 0.02592592592592593 0.015104166666666667
0 0.44953703703703707 0.6247395833333333 0.030555555555555558 0.01614583333333333
0 0.33101851851851855 0.6059895833333333 0.025 0.011979166666666666
0 0.4041666666666667 0.6005208333333333 0.019444444444444445 0.011458333333333333
0 0.37222222222222223 0.5919270833333333 0.02592592592592593 0.011979166666666666
0 0.3574074074074074 0.5770833333333333 0.022222222222222223 0.014583333333333334
0 0.24305555555555555 0.5520833333333334 0.030555555555555558 0.014583333333333334
0 0.22962962962962963 0.48723958333333334 0.03333333333333333 0.018229166666666668
0 0.3282407407407408 0.5622395833333333 0.025 0.0171875
0 0.26944444444444443 0.5440104166666666 0.024074074074074074 0.0140625
0 0.3074074074074074 0.56640625 0.016666666666666666 0.0109375
0 0.2175925925925926 0.43046875 0.02592592592592593 0.013020833333333334
0 0.2212962962962963 0.38645833333333335 0.022222222222222223 0.0125
0 0.2837962962962963 0.38984375 0.019444444444444445 0.0109375
0 0.28703703703703703 0.39869791666666665 0.024074074074074074 0.013020833333333334
0 0.2574074074074074 0.3359375 0.020370370370370372 0.009375
0 0.3453703703703704 0.4375 0.014814814814814815 0.011458333333333333
0 0.35324074074074074 0.38125 0.019444444444444445 0.011458333333333333
0 0.3226851851851852 0.3611979166666667 0.021296296296296296 0.011979166666666666
0 0.19074074074074074 0.16744791666666667 0.03888888888888889 0.0265625
0 0.21944444444444444 0.17994791666666665 0.018518518518518517 0.0140625
0 0.29444444444444445 0.15703125 0.031481481481481485 0.0203125
0 0.3013888888888889 0.21380208333333334 0.026851851851851852 0.018229166666666668
0 0.29953703703703705 0.22578125 0.02314814814814815 0.0140625
0 0.34120370370370373 0.23932291666666666 0.019444444444444445 0.0109375
0 0.3236111111111111 0.14010416666666667 0.026851851851851852 0.022916666666666665
0 0.3462962962962963 0.15833333333333333 0.02592592592592593 0.01875
0 0.3773148148148148 0.11171874999999999 0.026851851851851852 0.022395833333333334
0 0.3925925925925926 0.0890625 0.031481481481481485 0.02395833333333333
0 0.40092592592592596 0.10729166666666666 0.024074074074074074 0.016666666666666666
0 0.3351851851851852 0.19010416666666666 0.03518518518518519 0.013541666666666667
0 0.2976851851851852 0.28359375 0.019444444444444445 0.0109375
0 0.25324074074074077 0.25859375 0.017592592592592594 0.009895833333333333
0 0.27083333333333337 0.25026041666666665 0.017592592592592594 0.009895833333333333
0 0.36435185185185187 0.3390625 0.01388888888888889 0.008333333333333333
0 0.3814814814814815 0.3364583333333333 0.020370370370370372 0.010416666666666666
0 0.3773148148148148 0.5463541666666667 0.021296296296296296 0.014583333333333334
0 0.5055555555555555 0.5979166666666667 0.02777777777777778 0.016666666666666666
0 0.5143518518518518 0.55078125 0.028703703703703703 0.018229166666666668
0 0.5370370370370371 0.5283854166666666 0.02592592592592593 0.018229166666666668
0 0.6055555555555556 0.521875 0.03518518518518519 0.019791666666666666
0 0.6356481481481482 0.5244791666666666 0.02314814814814815 0.017708333333333333
0 0.6175925925925926 0.7171875 0.02777777777777778 0.01875
0 0.6129629629629629 0.6919270833333333 0.031481481481481485 0.01614583333333333
0 0.6773148148148148 0.73046875 0.036111111111111115 0.0234375
0 0.7532407407407408 0.80234375 0.036111111111111115 0.0203125
0 0.7157407407407408 0.68984375 0.02777777777777778 0.0171875
0 0.7194444444444444 0.6075520833333333 0.03518518518518519 0.0171875
0 0.7273148148148149 0.5885416666666666 0.03425925925925926 0.013541666666666667
0 0.7245370370370371 0.5734375 0.032407407407407406 0.019791666666666666
0 0.6930555555555555 0.5682291666666667 0.032407407407407406 0.016666666666666666
0 0.687962962962963 0.48333333333333334 0.03333333333333333 0.01875
0 0.7620370370370371 0.47812499999999997 0.03333333333333333 0.01875
0 0.6365740740740741 0.45416666666666666 0.036111111111111115 0.017708333333333333
0 0.7287037037037037 0.45416666666666666 0.02777777777777778 0.016666666666666666
0 0.5708333333333333 0.4817708333333333 0.030555555555555558 0.01875
0 0.5712962962962963 0.39375 0.022222222222222223 0.0125
0 0.5884259259259259 0.3989583333333333 0.019444444444444445 0.0125
0 0.5310185185185186 0.35182291666666665 0.036111111111111115 0.022395833333333334
0 0.49074074074074076 0.3677083333333333 0.024074074074074074 0.019791666666666666
0 0.4949074074074074 0.31744791666666666 0.032407407407407406 0.019270833333333334
0 0.6018518518518519 0.33098958333333334 0.02777777777777778 0.0140625
0 0.5990740740740741 0.31666666666666665 0.031481481481481485 0.013541666666666667
0 0.5087962962962963 0.24453125 0.026851851851851852 0.015104166666666667
0 0.5351851851851852 0.24739583333333334 0.02592592592592593 0.01875
0 0.6449074074074075 0.18359375 0.03981481481481482 0.022395833333333334
0 0.6675925925925926 0.1984375 0.03333333333333333 0.021875
0 0.6277777777777778 0.3731770833333333 0.02777777777777778 0.0171875
0 0.7726851851851853 0.6372395833333333 0.02314814814814815 0.0140625
0 0.8087962962962963 0.7213541666666666 0.030555555555555558 0.013541666666666667
0 0.9055555555555556 0.6182291666666666 0.031481481481481485 0.017708333333333333
0 0.9699074074074074 0.73125 0.02314814814814815 0.017708333333333333
0 0.9268518518518519 0.5229166666666667 0.03333333333333333 0.01875
0 0.9490740740740741 0.4856770833333333 0.03333333333333333 0.0203125
0 0.8865740740740741 0.48671875 0.019444444444444445 0.011979166666666666
0 0.924537037037037 0.47213541666666664 0.032407407407407406 0.018229166666666668
0 0.9893518518518519 0.4588541666666667 0.021296296296296296 0.0125
0 0.9064814814814816 0.428125 0.02962962962962963 0.016666666666666666
0 0.9726851851851852 0.425 0.017592592592592594 0.011458333333333333
0 0.8148148148148149 0.3341145833333333 0.024074074074074074 0.015104166666666667
0 0.8837962962962963 0.31979166666666664 0.025 0.014583333333333334
0 0.9717592592592593 0.35104166666666664 0.036111111111111115 0.016666666666666666
0 0.8171296296296297 0.5171875 0.030555555555555558 0.025
0 0.5731481481481482 0.40729166666666666 0.018518518518518517 0.008333333333333333
0 0.5069444444444444 0.38125 0.019444444444444445 0.016666666666666666
0 0.9893518518518519 0.13567708333333334 0.021296296296296296 0.021354166666666667
0 0.7208333333333333 0.140625 0.032407407407407406 0.019791666666666666
0 0.5305555555555556 0.7760416666666666 0.02592592592592593 0.027083333333333334
0 0.549074074074074 0.68125 0.018518518518518517 0.0125
0 0.23425925925925928 0.41328125 0.014814814814814815 0.0140625
0 0.5805555555555556 0.4908854166666667 0.016666666666666666 0.0171875
0 0.7000000000000001 0.7098958333333333 0.02962962962962963 0.017708333333333333
