0 0.05462962962962963 0.43723958333333335 0.03518518518518519 0.019270833333333334
0 0.2518518518518519 0.6127604166666667 0.022222222222222223 0.0140625
0 0.09351851851851853 0.3098958333333333 0.016666666666666666 0.0125
0 0.2240740740740741 0.21484375 0.018518518518518517 0.013020833333333334
0 0.020370370370370372 0.58125 0.037037037037037035 0.019791666666666666
0 0.032407407407407406 0.6299479166666666 0.03333333333333333 0.013020833333333334
0 0.03333333333333333 0.7640625 0.02777777777777778 0.028125
0 0.2101851851851852 0.5270833333333333 0.024074074074074074 0.010416666666666666
0 0.20416666666666666 0.4458333333333333 0.02314814814814815 0.009375
0 0.02592592592592593 0.39791666666666664 0.044444444444444446 0.02395833333333333
0 0.25972222222222224 0.84453125 0.03425925925925926 0.024479166666666666
0 0.2439814814814815 0.73359375 0.025 0.018229166666666668
0 0.19398148148148148 0.7171875 0.03425925925925926 0.02395833333333333
0 0.1287037037037037 0.7138020833333333 0.014814814814814815 0.0140625
0 0.10833333333333334 0.54296875 0.02592592592592593 0.0140625
0 0.10138888888888889 0.37265625 0.028703703703703703 0.018229166666666668
0 0.3277777777777778 0.8403645833333333 0.014814814814814815 0.022395833333333334
0 0.36712962962962964 0.7401041666666667 0.032407407407407406 0.019791666666666666
0 0.5337962962962963 0.8088541666666667 0.025 0.019791666666666666
0 0.3819444444444445 0.7138020833333333 0.025 0.0140625
0 0.40555555555555556 0.7083333333333334 0.022222222222222223 0.013541666666666667
0 0.48379629629629634 0.71640625 0.028703703703703703 0.019270833333333334
0 0.5324074074074074 0.7078125 0.02777777777777778 0.017708333333333333
0 0.46851851851851856 0.6333333333333333 0.02777777777777778 0.015625
0 0.4935185185185185 0.6299479166666666 0.018518518518518517 0.0109375
0 0.42083333333333334 0.6424479166666667 0.025 0.015104166666666667
0 0.42314814814814816 0.65859375 0.02592592592592593 0.015104166666666667
0 0.44212962962962965 0.625 0.030555555555555558 0.015625
0 0.32407407407407407 0.6059895833333333 0.02592592592592593 0.011979166666666666
0 0.3976851851851852 0.6 0.019444444444444445 0.011458333333333333
0 0.3648148148148148 0.5919270833333333 0.02592592592592593 0.011979166666666666
0 0.3509259259259259 0.5768229166666666 0.022222222222222223 0.015104166666666667
0 0.2351851851851852 0.5510416666666667 0.031481481481481485 0.014583333333333334
0 0.22175925925925927 0.48671875 0.03425925925925926 0.018229166666666668
0 0.32037037037037036 0.56171875 0.02592592592592593 0.0171875
0 0.2611111111111111 0.5440104166666666 0.024074074074074074 0.0140625
0 0.3 0.56640625 0.016666666666666666 0.0109375
0 0.21203703703703705 0.42994791666666665 0.024074074074074074 0.013020833333333334
0 0.2138888888888889 0.38567708333333334 0.022222222222222223 0.011979166666666666
0 0.274537037037037 0.3888020833333333 0.019444444444444445 0.0109375
0 0.2791666666666667 0.39791666666666664 0.02314814814814815 0.013541666666666667
0 0.25 0.33541666666666664 0.020370370370370372 0.009375
0 0.33842592592592596 0.43671875 0.01388888888888889 0.0109375
0 0.3462962962962963 0.38125 0.018518518518518517 0.011458333333333333
0 0.31527777777777777 0.3611979166666667 0.021296296296296296 0.011979166666666666
0 0.18287037037037038 0.16692708333333334 0.03796296296296296 0.0265625
0 0.2111111111111111 0.1796875 0.018518518518518517 0.014583333333333334
0 0.287962962962963 0.15651041666666665 0.031481481481481485 0.0203125
0 0.29305555555555557 0.21328125 0.026851851851851852 0.018229166666666668
0 0.29212962962962963 0.22526041666666666 0.02314814814814815 0.0140625
0 0.33472222222222225 0.23906249999999998 0.019444444444444445 0.011458333333333333
0 0.31666666666666665 0.13958333333333334 0.02592592592592593 0.022916666666666665
0 0.33935185185185185 0.1578125 0.025 0.01875
0 0.37083333333333335 0.11171874999999999 0.026851851851851852 0.022395833333333334
0 0.3861111111111111 0.08828125 0.031481481481481485 0.024479166666666666
0 0.3944444444444445 0.10651041666666666 0.024074074074074074 0.01614583333333333
0 0.32916666666666666 0.18984375 0.03425925925925926 0.0140625
0 0.29074074074074074 0.2830729166666667 0.020370370370370372 0.0109375
0 0.24583333333333335 0.2583333333333333 0.017592592592592594 0.010416666666666666
0 0.2638888888888889 0.24973958333333332 0.016666666666666666 0.009895833333333333
0 0.3574074074074074 0.3390625 0.014814814814814815 0.008333333333333333
0 0.375 0.33619791666666665 0.020370370370370372 0.009895833333333333
0 0.3712962962962963 0.5463541666666667 0.022222222222222223 0.014583333333333334
0 0.49722222222222223 0.5981770833333333 0.02962962962962963 0.01614583333333333
0 0.5069444444444444 0.55078125 0.028703703703703703 0.018229166666666668
0 0.5296296296296297 0.5283854166666666 0.02592592592592593 0.018229166666666668
0 0.5981481481481482 0.5221354166666666 0.03518518518518519 0.019270833333333334
0 0.6268518518518519 0.5239583333333333 0.024074074074074074 0.017708333333333333
0 0.6097222222222223 0.7171875 0.028703703703703703 0.01875
0 0.6050925925925926 0.6919270833333333 0.032407407407407406 0.01614583333333333
0 0.6699074074074074 0.7307291666666667 0.036111111111111115 0.02395833333333333
0 0.7444444444444445 0.8028645833333333 0.03518518518518519 0.0203125
0 0.7074074074074075 0.6901041666666666 0.02777777777777778 0.017708333333333333
0 0.7125 0.6075520833333333 0.03425925925925926 0.0171875
0 0.7199074074074074 0.5885416666666666 0.03425925925925926 0.013541666666666667
0 0.7166666666666667 0.5736979166666667 0.03333333333333333 0.019270833333333334
0 0.6842592592592592 0.5684895833333333 0.03333333333333333 0.0171875
0 0.6796296296296297 0.48333333333333334 0.03333333333333333 0.01875
0 0.7532407407407408 0.47812499999999997 0.032407407407407406 0.01875
0 0.6296296296296297 0.45416666666666666 0.03518518518518519 0.017708333333333333
0 0.7208333333333333 0.4536458333333333 0.026851851851851852 0.015625
0 0.563425925925926 0.48125 0.030555555555555558 0.017708333333333333
0 0.5652777777777778 0.39375 0.021296296296296296 0.0125
0 0.5819444444444445 0.3989583333333333 0.021296296296296296 0.011458333333333333
0 0.5240740740740741 0.35130208333333335 0.03518518518518519 0.022395833333333334
0 0.48379629629629634 0.3671875 0.02314814814814815 0.019791666666666666
0 0.48750000000000004 0.3171875 0.032407407407407406 0.01875
0 0.5953703703703704 0.33098958333333334 0.02592592592592593 0.0140625
0 0.5925925925925926 0.31666666666666665 0.031481481481481485 0.013541666666666667
0 0.5032407407407408 0.24427083333333333 0.026851851851851852 0.015625
0 0.5287037037037037 0.24713541666666666 0.02592592592592593 0.019270833333333334
0 0.6365740740740741 0.18385416666666665 0.03981481481481482 0.022916666666666665
0 0.6606481481481482 0.19817708333333334 0.032407407407407406 0.0234375
0 0.6231481481481481 0.3736979166666667 0.02962962962962963 0.0171875
0 0.7648148148148148 0.6372395833333333 0.022222222222222223 0.0140625
0 0.800462962962963 0.721875 0.030555555555555558 0.013541666666666667
0 0.8976851851851853 0.6182291666666666 0.030555555555555558 0.017708333333333333
0 0.962037037037037 0.7315104166666666 0.024074074074074074 0.018229166666666668
0 0.9888888888888889 0.7322916666666667 0.022222222222222223 0.020833333333333332
0 0.9203703703703704 0.5229166666666667 0.03333333333333333 0.01875
0 0.9416666666666667 0.48593749999999997 0.03333333333333333 0.019791666666666666
0 0.8805555555555555 0.4869791666666667 0.020370370370370372 0.011458333333333333
0 0.9171296296296296 0.47265625 0.030555555555555558 0.018229166666666668
0 0.9847222222222223 0.459375 0.025 0.0125
0 0.899537037037037 0.4283854166666667 0.028703703703703703 0.0171875
0 0.9666666666666667 0.42578125 0.018518518518518517 0.011979166666666666
0 0.8074074074074075 0.334375 0.024074074074074074 0.014583333333333334
0 0.8773148148148149 0.31979166666666664 0.025 0.014583333333333334
0 0.9652777777777778 0.35104166666666664 0.03425925925925926 0.016666666666666666
0 0.8087962962962963 0.5174479166666667 0.032407407407407406 0.024479166666666666
0 0.5680555555555555 0.40729166666666666 0.017592592592592594 0.008333333333333333
0 0.500925925925926 0.3809895833333333 0.020370370370370372 0.01614583333333333
0 0.9865740740740742 0.13723958333333333 0.026851851851851852 0.022395833333333334
0 0.7134259259259259 0.14088541666666665 0.032407407407407406 0.0203125
0 0.5222222222222223 0.7763020833333333 0.02592592592592593 0.0265625
0 0.5407407407407407 0.6807291666666666 0.018518518518518517 0.0125
0 0.22731481481481483 0.4125 0.015740740740740743 0.014583333333333334
0 0.5726851851851852 0.49114583333333334 0.017592592592592594 0.016666666666666666
0 0.6916666666666667 0.7096354166666666 0.02962962962962963 0.018229166666666668
