0 0.9472222222222223 0.43723958333333335 0.03518518518518519 0.019270833333333334
0 0.75 0.6127604166666667 0.022222222222222223 0.0140625
0 0.9083333333333333 0.3098958333333333 0.016666666666666666 0.0125
0 0.7777777777777778 0.21484375 0.018518518518518517 0.013020833333333334
0 0.9814814814814815 0.58125 0.037037037037037035 0.019791666666666666
0 0.9694444444444444 0.6299479166666666 0.03333333333333333 0.013020833333333334
0 0.9685185185185186 0.7640625 0.02777777777777778 0.028125
0 0.7916666666666667 0.5270833333333333 0.024074074074074074 0.010416666666666666
0 0.7976851851851852 0.4458333333333333 0.02314814814814815 0.009375
0 0.975925925925926 0.39791666666666664 0.044444444444444446 0.02395833333333333
0 0.7421296296296297 0.84453125 0.03425925925925926 0.024479166666666666
0 0.7578703703703704 0.73359375 0.025 0.018229166666666668
0 0.8078703703703703 0.7171875 0.03425925925925926 0.02395833333333333
0 0.8731481481481482 0.7138020833333333 0.014814814814814815 0.0140625
0 0.8935185185185186 0.54296875 0.02592592592592593 0.0140625
0 0.900462962962963 0.37265625 0.028703703703703703 0.018229166666666668
0 0.674074074074074 0.8403645833333333 0.014814814814814815 0.022395833333333334
0 0.6347222222222223 0.7401041666666667 0.032407407407407406 0.019791666666666666
0 0.46805555555555556 0.8088541666666667 0.025 0.019791666666666666
0 0.6199074074074075 0.7138020833333333 0.025 0.0140625
0 0.5962962962962963 0.7083333333333334 0.022222222222222223 0.013541666666666667
0 0.5180555555555556 0.71640625 0.028703703703703703 0.019270833333333334
0 0.46944444444444444 0.7078125 0.02777777777777778 0.017708333333333333
0 0.5333333333333333 0.6333333333333333 0.02777777777777778 0.015625
0 0.5083333333333333 0.6299479166666666 0.018518518518518517 0.0109375
0 0.5810185185185185 0.6424479166666667 0.025 0.015104166666666667
0 0.5787037037037037 0.65859375 0.02592592592592593 0.015104166666666667
0 0.5597222222222222 0.625 0.030555555555555558 0.015625
0 0.6777777777777778 0.6059895833333333 0.02592592592592593 0.011979166666666666
0 0.6041666666666667 0.6 0.019444444444444445 0.011458333333333333
0 0.6370370370370371 0.5919270833333333 0.02592592592592593 0.011979166666666666
0 0.6509259259259259 0.5768229166666666 0.022222222222222223 0.015104166666666667
0 0.7666666666666667 0.5510416666666667 0.031481481481481485 0.014583333333333334
0 0.7800925925925927 0.48671875 0.03425925925925926 0.018229166666666668
0 0.6814814814814815 0.56171875 0.02592592592592593 0.0171875
0 0.7407407407407408 0.5440104166666666 0.024074074074074074 0.0140625
0 0.7018518518518518 0.56640625 0.016666666666666666 0.0109375
0 0.7898148148148149 0.42994791666666665 0.024074074074074074 0.013020833333333334
0 0.787962962962963 0.38567708333333334 0.022222222222222223 0.011979166666666666
0 0.7273148148148149 0.3888020833333333 0.019444444444444445 0.0109375
0 0.7226851851851852 0.39791666666666664 0.02314814814814815 0.013541666666666667
0 0.7518518518518519 0.33541666666666664 0.020370370370370372 0.009375
0 0.663425925925926 0.43671875 0.01388888888888889 0.0109375
0 0.6555555555555556 0.38125 0.018518518518518517 0.011458333333333333
0 0.6865740740740741 0.3611979166666667 0.021296296296296296 0.011979166666666666
0 0.8189814814814815 0.16692708333333334 0.03796296296296296 0.0265625
0 0.7907407407407407 0.1796875 0.018518518518518517 0.014583333333333334
0 0.7138888888888889 0.15651041666666665 0.031481481481481485 0.0203125
0 0.7087962962962964 0.21328125 0.026851851851851852 0.018229166666666668
0 0.7097222222222223 0.22526041666666666 0.02314814814814815 0.0140625
0 0.6671296296296296 0.23906249999999998 0.019444444444444445 0.011458333333333333
0 0.6851851851851852 0.13958333333333334 0.02592592592592593 0.022916666666666665
0 0.6625 0.1578125 0.025 0.01875
0 0.6310185185185185 0.11171874999999999 0.026851851851851852 0.022395833333333334
0 0.6157407407407408 0.08828125 0.031481481481481485 0.024479166666666666
0 0.6074074074074074 0.10651041666666666 0.024074074074074074 0.01614583333333333
0 0.6726851851851852 0.18984375 0.03425925925925926 0.0140625
0 0.7111111111111111 0.2830729166666667 0.020370370370370372 0.0109375
0 0.7560185185185185 0.2583333333333333 0.017592592592592594 0.010416666666666666
0 0.737962962962963 0.24973958333333332 0.016666666666666666 0.009895833333333333
0 0.6444444444444445 0.3390625 0.014814814814814815 0.008333333333333333
0 0.6268518518518519 0.33619791666666665 0.020370370370370372 0.009895833333333333
0 0.6305555555555555 0.5463541666666667 0.022222222222222223 0.014583333333333334
0 0.5046296296296297 0.5981770833333333 0.02962962962962963 0.01614583333333333
0 0.4949074074074074 0.55078125 0.028703703703703703 0.018229166666666668
0 0.47222222222222227 0.5283854166666666 0.02592592592592593 0.018229166666666668
0 0.40370370370370373 0.5221354166666666 0.03518518518518519 0.019270833333333334
0 0.375 0.5239583333333333 0.024074074074074074 0.017708333333333333
0 0.39212962962962966 0.7171875 0.028703703703703703 0.01875
0 0.39675925925925926 0.6919270833333333 0.032407407407407406 0.01614583333333333
0 0.33194444444444443 0.7307291666666667 0.036111111111111115 0.02395833333333333
0 0.2574074074074074 0.8028645833333333 0.03518518518518519 0.0203125
0 0.29444444444444445 0.6901041666666666 0.02777777777777778 0.017708333333333333
0 0.28935185185185186 0.6075520833333333 0.03425925925925926 0.0171875
0 0.28194444444444444 0.5885416666666666 0.03425925925925926 0.013541666666666667
0 0.2851851851851852 0.5736979166666667 0.03333333333333333 0.019270833333333334
0 0.3175925925925926 0.5684895833333333 0.03333333333333333 0.0171875
0 0.32222222222222224 0.48333333333333334 0.03333333333333333 0.01875
0 0.24861111111111112 0.47812499999999997 0.032407407407407406 0.01875
0 0.37222222222222223 0.45416666666666666 0.03518518518518519 0.017708333333333333
0 0.28101851851851856 0.4536458333333333 0.026851851851851852 0.015625
0 0.43842592592592594 0.48125 0.030555555555555558 0.017708333333333333
0 0.4365740740740741 0.39375 0.021296296296296296 0.0125
0 0.4199074074074074 0.3989583333333333 0.021296296296296296 0.011458333333333333
0 0.4777777777777778 0.35130208333333335 0.03518518518518519 0.022395833333333334
0 0.5180555555555556 0.3671875 0.02314814814814815 0.019791666666666666
0 0.5143518518518518 0.3171875 0.032407407407407406 0.01875
0 0.4064814814814815 0.33098958333333334 0.02592592592592593 0.0140625
0 0.40925925925925927 0.31666666666666665 0.031481481481481485 0.013541666666666667
0 0.4986111111111111 0.24427083333333333 0.026851851851851852 0.015625
0 0.47314814814814815 0.24713541666666666 0.02592592592592593 0.019270833333333334
0 0.3652777777777778 0.18385416666666665 0.03981481481481482 0.022916666666666665
0 0.34120370370370373 0.19817708333333334 0.032407407407407406 0.0234375
0 0.3787037037037037 0.3736979166666667 0.02962962962962963 0.0171875
0 0.23703703703703705 0.6372395833333333 0.022222222222222223 0.0140625
0 0.2013888888888889 0.721875 0.030555555555555558 0.013541666666666667
0 0.10416666666666667 0.6182291666666666 0.030555555555555558 0.017708333333333333
0 0.03981481481481482 0.7315104166666666 0.024074074074074074 0.018229166666666668
0 0.012962962962962964 0.7322916666666667 0.022222222222222223 0.020833333333333332
0 0.08148148148148149 0.5229166666666667 0.03333333333333333 0.01875
0 0.06018518518518519 0.48593749999999997 0.03333333333333333 0.019791666666666666
0 0.1212962962962963 0.4869791666666667 0.020370370370370372 0.011458333333333333
0 0.08472222222222223 0.47265625 0.030555555555555558 0.018229166666666668
0 0.01712962962962963 0.459375 0.025 0.0125
0 0.10231481481481482 0.4283854166666667 0.028703703703703703 0.0171875
0 0.03518518518518519 0.42578125 0.018518518518518517 0.011979166666666666
0 0.19444444444444445 0.334375 0.024074074074074074 0.014583333333333334
0 0.12453703703703704 0.31979166666666664 0.025 0.014583333333333334
0 0.03657407407407408 0.35104166666666664 0.03425925925925926 0.016666666666666666
0 0.19305555555555556 0.5174479166666667 0.032407407407407406 0.024479166666666666
0 0.4337962962962963 0.40729166666666666 0.017592592592592594 0.008333333333333333
0 0.500925925925926 0.3809895833333333 0.020370370370370372 0.01614583333333333
0 0.015277777777777779 0.13723958333333333 0.026851851851851852 0.022395833333333334
0 0.2884259259259259 0.14088541666666665 0.032407407407407406 0.0203125
0 0.47962962962962963 0.7763020833333333 0.02592592592592593 0.0265625
0 0.46111111111111114 0.6807291666666666 0.018518518518518517 0.0125
0 0.774537037037037 0.4125 0.015740740740740743 0.014583333333333334
0 0.4291666666666667 0.49114583333333334 0.017592592592592594 0.016666666666666666
0 0.3101851851851852 0.7096354166666666 0.02962962962962963 0.018229166666666668
