0 0.047685185185185185 0.43645833333333334 0.03425925925925926 0.019791666666666666
0 0.2425925925925926 0.61328125 0.024074074074074074 0.0140625
0 0.08657407407407408 0.309375 0.015740740740740743 0.0125
0 0.2175925925925926 0.21432291666666667 0.018518518518518517 0.011979166666666666
0 0.016203703703703703 0.58125 0.028703703703703703 0.019791666666666666
0 0.024074074074074074 0.6294270833333333 0.03333333333333333 0.013020833333333334
0 0.20231481481481484 0.4153645833333333 0.019444444444444445 0.0140625
0 0.20092592592592592 0.52734375 0.024074074074074074 0.0109375
0 0.19814814814814816 0.4458333333333333 0.024074074074074074 0.009375
0 0.020370370370370372 0.39791666666666664 0.03888888888888889 0.02395833333333333
0 0.2490740740740741 0.8453125 0.03518518518518519 0.025
0 0.23472222222222222 0.7338541666666667 0.025 0.01875
0 0.1851851851851852 0.7174479166666666 0.03333333333333333 0.024479166666666666
0 0.12222222222222223 0.7138020833333333 0.014814814814814815 0.0140625
0 0.10185185185185186 0.5424479166666667 0.02592592592592593 0.0140625
0 0.09444444444444444 0.37213541666666666 0.02777777777777778 0.018229166666666668
0 0.3180555555555556 0.8401041666666667 0.015740740740740743 0.021875
0 0.35833333333333334 0.7401041666666667 0.031481481481481485 0.019791666666666666
0 0.5236111111111111 0.809375 0.025 0.019791666666666666
0 0.3740740740740741 0.7138020833333333 0.02592592592592593 0.015104166666666667
0 0.3976851851851852 0.70859375 0.02314814814814815 0.0140625
0 0.47500000000000003 0.71640625 0.02777777777777778 0.019270833333333334
0 0.5236111111111111 0.7083333333333334 0.028703703703703703 0.017708333333333333
0 0.46064814814814814 0.63359375 0.026851851851851852 0.015104166666666667
0 0.4861111111111111 0.6307291666666667 0.018518518518518517 0.010416666666666666
0 0.4134259259259259 0.6424479166666667 0.025 0.015104166666666667
0 0.4152777777777778 0.6583333333333333 0.025 0.015625
0 0.4337962962962963 0.6252604166666667 0.030555555555555558 0.015104166666666667
0 0.31574074074074077 0.6059895833333333 0.02592592592592593 0.011979166666666666
0 0.3912037037037037 0.5997395833333333 0.019444444444444445 0.0109375
0 0.3574074074074074 0.5924479166666666 0.02592592592592593 0.011979166666666666
0 0.3439814814814815 0.5763020833333333 0.021296296296296296 0.01614583333333333
0 0.2263888888888889 0.5515625 0.030555555555555558 0.014583333333333334
0 0.21342592592592594 0.48671875 0.03425925925925926 0.018229166666666668
0 0.31157407407407406 0.56171875 0.025 0.0171875
0 0.25277777777777777 0.5442708333333334 0.024074074074074074 0.013541666666666667
0 0.2902777777777778 0.56640625 0.017592592592592594 0.0109375
0 0.20740740740740743 0.43046875 0.022222222222222223 0.0109375
0 0.20555555555555557 0.3854166666666667 0.022222222222222223 0.0125
0 0.2662037037037037 0.3888020833333333 0.019444444444444445 0.0109375
0 0.27083333333333337 0.39765625 0.02314814814814815 0.0140625
0 0.24212962962962964 0.33541666666666664 0.019444444444444445 0.009375
0 0.33055555555555555 0.43645833333333334 0.014814814814814815 0.011458333333333333
0 0.33842592592592596 0.3807291666666667 0.019444444444444445 0.011458333333333333
0 0.30694444444444446 0.3611979166666667 0.021296296296296296 0.011979166666666666
0 0.1736111111111111 0.16666666666666666 0.03796296296296296 0.026041666666666668
0 0.20324074074074075 0.17942708333333332 0.019444444444444445 0.0140625
0 0.2800925925925926 0.15572916666666667 0.032407407407407406 0.020833333333333332
0 0.28611111111111115 0.21328125 0.02777777777777778 0.018229166666666668
0 0.2837962962962963 0.225 0.02314814814814815 0.014583333333333334
0 0.3287037037037037 0.23880208333333333 0.020370370370370372 0.0109375
0 0.3087962962962963 0.13958333333333334 0.026851851851851852 0.022916666666666665
0 0.33240740740740743 0.1578125 0.02592592592592593 0.01875
0 0.36435185185185187 0.11145833333333333 0.026851851851851852 0.022916666666666665
0 0.3787037037037037 0.08802083333333333 0.031481481481481485 0.02395833333333333
0 0.38796296296296295 0.10651041666666666 0.024074074074074074 0.0171875
0 0.32222222222222224 0.18984375 0.037037037037037035 0.013020833333333334
0 0.2833333333333333 0.2830729166666667 0.020370370370370372 0.0109375
0 0.23842592592592593 0.2583333333333333 0.017592592592592594 0.010416666666666666
0 0.25601851851851853 0.24921875 0.017592592592592594 0.009895833333333333
0 0.35185185185185186 0.33880208333333334 0.014814814814814815 0.008854166666666666
0 0.3699074074074074 0.33619791666666665 0.019444444444444445 0.009895833333333333
0 0.36388888888888893 0.5466145833333333 0.022222222222222223 0.0140625
0 0.48935185185185187 0.5984375 0.032407407407407406 0.013541666666666667
0 0.5 0.5510416666666667 0.02962962962962963 0.017708333333333333
0 0.5226851851851853 0.5283854166666666 0.026851851851851852 0.018229166666666668
0 0.5898148148148148 0.5221354166666666 0.03518518518518519 0.019270833333333334
0 0.6194444444444445 0.5247395833333334 0.024074074074074074 0.018229166666666668
0 0.600925925925926 0.7174479166666666 0.02777777777777778 0.018229166666666668
0 0.5962962962962963 0.6921875 0.031481481481481485 0.016666666666666666
0 0.6615740740740741 0.73125 0.036111111111111115 0.02395833333333333
0 0.7356481481481482 0.8033854166666666 0.036111111111111115 0.0203125
0 0.6990740740740741 0.6901041666666666 0.02777777777777778 0.017708333333333333
0 0.7041666666666667 0.6078125 0.03425925925925926 0.016666666666666666
0 0.7111111111111111 0.5888020833333333 0.03333333333333333 0.0140625
0 0.7083333333333334 0.5736979166666667 0.03333333333333333 0.019270833333333334
0 0.6763888888888889 0.5682291666666667 0.032407407407407406 0.016666666666666666
0 0.6722222222222223 0.48333333333333334 0.03333333333333333 0.01875
0 0.7449074074074075 0.4786458333333333 0.032407407407407406 0.01875
0 0.6212962962962963 0.45468749999999997 0.03518518518518519 0.017708333333333333
0 0.712962962962963 0.4544270833333333 0.02777777777777778 0.01614583333333333
0 0.5560185185185186 0.48125 0.030555555555555558 0.017708333333333333
0 0.5592592592592592 0.39427083333333335 0.022222222222222223 0.0125
0 0.575925925925926 0.39921875 0.020370370370370372 0.011979166666666666
0 0.5171296296296296 0.35182291666666665 0.036111111111111115 0.022395833333333334
0 0.4763888888888889 0.3671875 0.02314814814814815 0.019791666666666666
0 0.4800925925925926 0.3169270833333333 0.032407407407407406 0.019270833333333334
0 0.5884259259259259 0.33151041666666664 0.025 0.0140625
0 0.5842592592592593 0.31666666666666665 0.031481481481481485 0.013541666666666667
0 0.49583333333333335 0.24427083333333333 0.026851851851851852 0.015625
0 0.5217592592592593 0.24739583333333334 0.026851851851851852 0.01875
0 0.6291666666666667 0.184375 0.03981481481481482 0.022916666666666665
0 0.6513888888888889 0.19869791666666667 0.032407407407407406 0.0234375
0 0.6143518518518519 0.3734375 0.028703703703703703 0.017708333333333333
0 0.7569444444444444 0.6375 0.02314814814814815 0.014583333333333334
0 0.7916666666666667 0.7223958333333333 0.02962962962962963 0.013541666666666667
0 0.8898148148148148 0.61875 0.02962962962962963 0.017708333333333333
0 0.9527777777777778 0.73203125 0.024074074074074074 0.018229166666666668
0 0.9837962962962963 0.7328125 0.032407407407407406 0.020833333333333332
0 0.9875 0.6166666666666667 0.025 0.021875
0 0.9120370370370371 0.5236979166666667 0.03333333333333333 0.019270833333333334
0 0.9333333333333333 0.4864583333333333 0.03333333333333333 0.019791666666666666
0 0.8731481481481482 0.4875 0.020370370370370372 0.011458333333333333
0 0.9092592592592593 0.4734375 0.02962962962962963 0.017708333333333333
0 0.9773148148148149 0.45989583333333334 0.025 0.0125
0 0.8921296296296297 0.42916666666666664 0.028703703703703703 0.016666666666666666
0 0.9578703703703704 0.4265625 0.019444444444444445 0.011458333333333333
0 0.9898148148148148 0.37421875 0.020370370370370372 0.019270833333333334
0 0.8018518518518519 0.3346354166666667 0.024074074074074074 0.015104166666666667
0 0.8703703703703703 0.32057291666666665 0.024074074074074074 0.0140625
0 0.9583333333333334 0.3520833333333333 0.03333333333333333 0.017708333333333333
0 0.7990740740740742 0.51796875 0.031481481481481485 0.024479166666666666
0 0.5611111111111111 0.4075520833333333 0.018518518518518517 0.0078125
0 0.4939814814814815 0.3809895833333333 0.021296296296296296 0.01614583333333333
0 0.9828703703703704 0.13776041666666666 0.03425925925925926 0.021354166666666667
0 0.7060185185185186 0.14114583333333333 0.032407407407407406 0.020833333333333332
0 0.512962962962963 0.7765625 0.02592592592592593 0.027083333333333334
0 0.5324074074074074 0.6809895833333334 0.018518518518518517 0.013020833333333334
0 0.2189814814814815 0.4119791666666667 0.015740740740740743 0.014583333333333334
0 0.5648148148148149 0.4908854166666667 0.016666666666666666 0.0171875
0 0.6833333333333333 0.7104166666666667 0.02962962962962963 0.01875
