0 0.040740740740740744 0.43645833333333334 0.03518518518518519 0.01875
0 0.23611111111111113 0.6130208333333333 0.022222222222222223 0.013541666666666667
0 0.0787037037037037 0.30963541666666666 0.016666666666666666 0.011979166666666666
0 0.2101851851851852 0.21458333333333332 0.018518518518518517 0.0125
0 0.01712962962962963 0.6299479166666666 0.030555555555555558 0.013020833333333334
0 0.1925925925925926 0.5276041666666667 0.024074074074074074 0.010416666666666666
0 0.19074074074074074 0.44635416666666666 0.024074074074074074 0.009375
0 0.19351851851851853 0.41562499999999997 0.022222222222222223 0.0125
0 0.016203703703703703 0.39765625 0.030555555555555558 0.0234375
0 0.23703703703703705 0.84609375 0.03518518518518519 0.024479166666666666
0 0.22453703703703703 0.7346354166666667 0.025 0.018229166666666668
0 0.17546296296296296 0.7171875 0.03425925925925926 0.02395833333333333
0 0.11388888888888889 0.7143229166666667 0.014814814814814815 0.0140625
0 0.09351851851851853 0.54296875 0.02592592592592593 0.0140625
0 0.08703703703703704 0.3729166666666667 0.02777777777777778 0.017708333333333333
0 0.3087962962962963 0.8411458333333334 0.017592592592592594 0.021875
0 0.34953703703703703 0.740625 0.032407407407407406 0.019791666666666666
0 0.5143518518518518 0.8096354166666666 0.025 0.0203125
0 0.36712962962962964 0.71484375 0.026851851851851852 0.015104166666666667
0 0.3902777777777778 0.709375 0.02314814814814815 0.013541666666666667
0 0.46574074074074073 0.7174479166666666 0.02777777777777778 0.019270833333333334
0 0.5152777777777778 0.70859375 0.026851851851851852 0.018229166666666668
0 0.45231481481481484 0.6341145833333334 0.026851851851851852 0.015104166666666667
0 0.47824074074074074 0.6307291666666667 0.019444444444444445 0.010416666666666666
0 0.4050925925925926 0.6424479166666667 0.025 0.015104166666666667
0 0.40740740740740744 0.659375 0.02592592592592593 0.015625
0 0.42592592592592593 0.6255208333333333 0.031481481481481485 0.015625
0 0.3074074074074074 0.60703125 0.02592592592592593 0.011979166666666666
0 0.38333333333333336 0.6005208333333333 0.020370370370370372 0.011458333333333333
0 0.35000000000000003 0.59296875 0.02592592592592593 0.011979166666666666
0 0.33564814814814814 0.5760416666666667 0.021296296296296296 0.016666666666666666
0 0.2175925925925926 0.5515625 0.031481481481481485 0.014583333333333334
0 0.20416666666666666 0.4869791666666667 0.03425925925925926 0.01875
0 0.30324074074074076 0.5622395833333333 0.025 0.0171875
0 0.2439814814814815 0.5442708333333334 0.02314814814814815 0.013541666666666667
0 0.2833333333333333 0.5669270833333333 0.016666666666666666 0.0109375
0 0.20092592592592592 0.4309895833333333 0.022222222222222223 0.011979166666666666
0 0.19722222222222224 0.3859375 0.022222222222222223 0.0125
0 0.2569444444444445 0.3888020833333333 0.019444444444444445 0.0109375
0 0.2625 0.39869791666666665 0.02314814814814815 0.0140625
0 0.23472222222222222 0.33541666666666664 0.019444444444444445 0.009375
0 0.32175925925925924 0.43697916666666664 0.01388888888888889 0.011458333333333333
0 0.3300925925925926 0.38125 0.019444444444444445 0.011458333333333333
0 0.29814814814814816 0.3614583333333333 0.022222222222222223 0.0125
0 0.16574074074074074 0.16692708333333334 0.03888888888888889 0.025520833333333333
0 0.19444444444444445 0.17942708333333332 0.020370370370370372 0.0140625
0 0.27314814814814814 0.15677083333333333 0.031481481481481485 0.020833333333333332
0 0.27824074074074073 0.21328125 0.026851851851851852 0.018229166666666668
0 0.2763888888888889 0.22552083333333334 0.02314814814814815 0.014583333333333334
0 0.32083333333333336 0.23932291666666666 0.019444444444444445 0.0109375
0 0.3013888888888889 0.14010416666666667 0.026851851851851852 0.022916666666666665
0 0.32546296296296295 0.15833333333333333 0.025 0.01875
0 0.3560185185185185 0.11223958333333334 0.026851851851851852 0.022395833333333334
0 0.37222222222222223 0.08854166666666667 0.031481481481481485 0.02395833333333333
0 0.3805555555555556 0.10729166666666666 0.024074074074074074 0.016666666666666666
0 0.3138888888888889 0.19010416666666666 0.037037037037037035 0.013541666666666667
0 0.27592592592592596 0.2830729166666667 0.020370370370370372 0.0109375
0 0.2300925925925926 0.25859375 0.017592592592592594 0.0109375
0 0.24675925925925926 0.25 0.017592592592592594 0.009375
0 0.34444444444444444 0.33932291666666664 0.014814814814814815 0.008854166666666666
0 0.36203703703703705 0.3364583333333333 0.020370370370370372 0.010416666666666666
0 0.3564814814814815 0.546875 0.022222222222222223 0.014583333333333334
0 0.4810185185185185 0.5986979166666666 0.028703703703703703 0.015104166666666667
0 0.4912037037037037 0.5518229166666666 0.030555555555555558 0.018229166666666668
0 0.5143518518518518 0.52890625 0.026851851851851852 0.018229166666666668
0 0.5805555555555556 0.52265625 0.03518518518518519 0.019270833333333334
0 0.6106481481481482 0.5252604166666667 0.02314814814814815 0.018229166666666668
0 0.5935185185185186 0.7184895833333333 0.02777777777777778 0.018229166666666668
0 0.587962962962963 0.69296875 0.031481481481481485 0.01614583333333333
0 0.6527777777777778 0.73203125 0.03518518518518519 0.0234375
0 0.7277777777777779 0.8039062499999999 0.03518518518518519 0.0203125
0 0.6898148148148149 0.6911458333333333 0.02777777777777778 0.017708333333333333
0 0.6962962962962963 0.60859375 0.03333333333333333 0.01614583333333333
0 0.7027777777777778 0.5890625 0.03333333333333333 0.013541666666666667
0 0.7000000000000001 0.5744791666666667 0.03333333333333333 0.019791666666666666
0 0.6685185185185185 0.5692708333333333 0.031481481481481485 0.016666666666666666
0 0.663425925925926 0.48385416666666664 0.032407407407407406 0.01875
0 0.736574074074074 0.47890625 0.032407407407407406 0.018229166666666668
0 0.6134259259259259 0.4549479166666667 0.036111111111111115 0.0171875
0 0.7041666666666667 0.4549479166666667 0.028703703703703703 0.01614583333333333
0 0.549537037037037 0.4822916666666667 0.030555555555555558 0.016666666666666666
0 0.5527777777777778 0.39427083333333335 0.022222222222222223 0.0125
0 0.5689814814814815 0.3997395833333333 0.021296296296296296 0.011979166666666666
0 0.5083333333333333 0.35182291666666665 0.03518518518518519 0.022395833333333334
0 0.46944444444444444 0.3671875 0.022222222222222223 0.019791666666666666
0 0.4726851851851852 0.3171875 0.032407407407407406 0.01875
0 0.5810185185185185 0.33177083333333335 0.02314814814814815 0.013541666666666667
0 0.5768518518518518 0.31744791666666666 0.031481481481481485 0.0140625
0 0.48842592592592593 0.24479166666666666 0.026851851851851852 0.015625
0 0.5143518518518518 0.24739583333333334 0.026851851851851852 0.01875
0 0.6199074074074075 0.18489583333333334 0.03981481481481482 0.022916666666666665
0 0.6425925925925926 0.19973958333333333 0.03333333333333333 0.0234375
0 0.6087962962962963 0.37395833333333334 0.028703703703703703 0.016666666666666666
0 0.7481481481481482 0.6385416666666667 0.022222222222222223 0.014583333333333334
0 0.7842592592592593 0.7231770833333333 0.031481481481481485 0.013020833333333334
0 0.8824074074074074 0.6190104166666667 0.02962962962962963 0.018229166666666668
0 0.9439814814814815 0.7325520833333333 0.02314814814814815 0.018229166666666668
0 0.975462962962963 0.7330729166666666 0.03425925925925926 0.0203125
0 0.9833333333333334 0.6171875 0.03333333333333333 0.021875
0 0.9041666666666667 0.5239583333333333 0.032407407407407406 0.01875
0 0.925462962962963 0.4869791666666667 0.03425925925925926 0.019791666666666666
0 0.8662037037037037 0.48802083333333335 0.019444444444444445 0.011458333333333333
0 0.9013888888888889 0.4734375 0.030555555555555558 0.017708333333333333
0 0.9699074074074074 0.46041666666666664 0.025 0.0125
0 0.8847222222222223 0.4296875 0.028703703703703703 0.016666666666666666
0 0.951388888888889 0.42682291666666666 0.019444444444444445 0.011979166666666666
0 0.9856481481481482 0.375 0.028703703703703703 0.01875
0 0.7944444444444445 0.33541666666666664 0.024074074074074074 0.014583333333333334
0 0.862962962962963 0.32109375 0.024074074074074074 0.0140625
0 0.950925925925926 0.35260416666666666 0.03333333333333333 0.016666666666666666
0 0.788888888888889 0.5190104166666667 0.031481481481481485 0.024479166666666666
0 0.5546296296296297 0.4083333333333333 0.016666666666666666 0.008333333333333333
0 0.48703703703703705 0.3809895833333333 0.022222222222222223 0.01614583333333333
0 0.9912037037037037 0.22578125 0.017592592592592594 0.0171875
0 0.975462962962963 0.13828125 0.036111111111111115 0.021354166666666667
0 0.6972222222222223 0.14166666666666666 0.031481481481481485 0.020833333333333332
0 0.5027777777777778 0.7770833333333333 0.02592592592592593 0.027083333333333334
0 0.5231481481481481 0.6817708333333333 0.018518518518518517 0.0125
0 0.2101851851851852 0.4125 0.016666666666666666 0.015625
0 0.5569444444444445 0.49114583333333334 0.015740740740740743 0.017708333333333333
0 0.675 0.7104166666666667 0.02962962962962963 0.01875
