0 0.025462962962962965 0.4375 0.03425925925925926 0.01875
0 0.2199074074074074 0.6138020833333333 0.021296296296296296 0.013020833333333334
0 0.061111111111111116 0.3106770833333333 0.016666666666666666 0.011979166666666666
0 0.19444444444444445 0.21510416666666665 0.018518518518518517 0.0125
0 0.13518518518518519 0.740625 0.020370370370370372 0.0125
0 0.17546296296296296 0.5283854166666666 0.025 0.0109375
0 0.17500000000000002 0.4473958333333333 0.024074074074074074 0.009375
0 0.17546296296296296 0.41692708333333334 0.02314814814814815 0.011979166666666666
0 0.2152777777777778 0.8479166666666667 0.036111111111111115 0.025
0 0.2050925925925926 0.7361979166666667 0.025 0.018229166666666668
0 0.1564814814814815 0.7190104166666667 0.03518518518518519 0.0234375
0 0.09907407407407408 0.7158854166666666 0.014814814814814815 0.0140625
0 0.07824074074074075 0.54453125 0.025 0.0140625
0 0.0712962962962963 0.3734375 0.02777777777777778 0.01875
0 0.2916666666666667 0.8424479166666666 0.018518518518518517 0.021354166666666667
0 0.3337962962962963 0.7421875 0.032407407407407406 0.019791666666666666
0 0.49583333333333335 0.8114583333333333 0.025 0.020833333333333332
0 0.3513888888888889 0.7161458333333334 0.026851851851851852 0.015625
0 0.375462962962963 0.7106770833333333 0.02314814814814815 0.0140625
0 0.44722222222222224 0.7184895833333333 0.02777777777777778 0.019270833333333334
0 0.49768518518518523 0.7098958333333333 0.026851851851851852 0.017708333333333333
0 0.43703703703703706 0.63515625 0.02777777777777778 0.015104166666666667
0 0.46342592592592596 0.6317708333333333 0.019444444444444445 0.010416666666666666
0 0.3902777777777778 0.64375 0.025 0.014583333333333334
0 0.3925925925925926 0.6604166666666667 0.02592592592592593 0.015625
0 0.41064814814814815 0.6268229166666667 0.030555555555555558 0.015104166666666667
0 0.29074074074074074 0.6080729166666666 0.02592592592592593 0.011979166666666666
0 0.3675925925925926 0.6015625 0.022222222222222223 0.011458333333333333
0 0.3337962962962963 0.5934895833333333 0.026851851851851852 0.011979166666666666
0 0.3199074074074074 0.5776041666666667 0.021296296296296296 0.017708333333333333
0 0.19953703703703704 0.5528645833333333 0.030555555555555558 0.0140625
0 0.1865740740740741 0.48828125 0.03425925925925926 0.018229166666666668
0 0.28564814814814815 0.5630208333333333 0.025 0.016666666666666666
0 0.22731481481481483 0.5453125 0.02314814814814815 0.013541666666666667
0 0.26712962962962966 0.5682291666666667 0.015740740740740743 0.010416666666666666
0 0.1851851851851852 0.4315104166666667 0.022222222222222223 0.011979166666666666
0 0.17916666666666667 0.38671875 0.021296296296296296 0.011979166666666666
0 0.23657407407407408 0.39036458333333335 0.019444444444444445 0.0109375
0 0.24351851851851852 0.3984375 0.024074074074074074 0.013541666666666667
0 0.21805555555555556 0.3364583333333333 0.019444444444444445 0.009375
0 0.3050925925925926 0.43697916666666664 0.015740740740740743 0.0125
0 0.31203703703703706 0.38177083333333334 0.018518518518518517 0.011458333333333333
0 0.28101851851851856 0.3619791666666667 0.021296296296296296 0.0125
0 0.14583333333333334 0.16770833333333332 0.03796296296296296 0.025
0 0.17546296296296296 0.1796875 0.021296296296296296 0.014583333333333334
0 0.2555555555555556 0.15703125 0.031481481481481485 0.021354166666666667
0 0.2962962962962963 0.19114583333333332 0.02962962962962963 0.017708333333333333
0 0.2601851851851852 0.2140625 0.02777777777777778 0.01875
0 0.25925925925925924 0.2265625 0.022222222222222223 0.013541666666666667
0 0.3055555555555556 0.24010416666666667 0.020370370370370372 0.011458333333333333
0 0.28425925925925927 0.14088541666666665 0.02777777777777778 0.022395833333333334
0 0.3087962962962963 0.15911458333333334 0.025 0.019270833333333334
0 0.33981481481481485 0.11302083333333333 0.02592592592592593 0.022916666666666665
0 0.35555555555555557 0.08932291666666667 0.031481481481481485 0.0234375
0 0.36388888888888893 0.10781249999999999 0.024074074074074074 0.016666666666666666
0 0.25833333333333336 0.28411458333333334 0.020370370370370372 0.0109375
0 0.21296296296296297 0.2596354166666667 0.018518518518518517 0.0109375
0 0.22916666666666669 0.25026041666666665 0.017592592592592594 0.009895833333333333
0 0.3300925925925926 0.3403645833333333 0.01388888888888889 0.008854166666666666
0 0.34675925925925927 0.3372395833333333 0.019444444444444445 0.009895833333333333
0 0.34074074074074073 0.5481770833333334 0.022222222222222223 0.015104166666666667
0 0.4652777777777778 0.6 0.026851851851851852 0.016666666666666666
0 0.4763888888888889 0.5526041666666667 0.030555555555555558 0.017708333333333333
0 0.49953703703703706 0.5299479166666666 0.026851851851851852 0.018229166666666668
0 0.5638888888888889 0.5236979166666667 0.03518518518518519 0.019270833333333334
0 0.5944444444444444 0.5260416666666666 0.024074074074074074 0.017708333333333333
0 0.5773148148148148 0.71953125 0.026851851851851852 0.018229166666666668
0 0.5722222222222223 0.6942708333333333 0.031481481481481485 0.016666666666666666
0 0.6361111111111112 0.7330729166666666 0.03518518518518519 0.0234375
0 0.7106481481481481 0.8049479166666667 0.03425925925925926 0.0203125
0 0.6736111111111112 0.6921875 0.026851851851851852 0.017708333333333333
0 0.6805555555555556 0.609375 0.03333333333333333 0.015625
0 0.6870370370370371 0.5895833333333333 0.03333333333333333 0.013541666666666667
0 0.6833333333333333 0.5752604166666666 0.03333333333333333 0.019270833333333334
0 0.6518518518518519 0.5700520833333333 0.031481481481481485 0.01614583333333333
0 0.6453703703703704 0.4848958333333333 0.03333333333333333 0.01875
0 0.7180555555555556 0.47994791666666664 0.032407407407407406 0.018229166666666668
0 0.5972222222222222 0.45598958333333334 0.03518518518518519 0.0171875
0 0.6870370370370371 0.45625 0.02777777777777778 0.016666666666666666
0 0.5337962962962963 0.48203124999999997 0.030555555555555558 0.015104166666666667
0 0.5393518518518519 0.3958333333333333 0.02314814814814815 0.0125
0 0.5560185185185186 0.4005208333333333 0.021296296296296296 0.0125
0 0.49212962962962964 0.3528645833333333 0.03425925925925926 0.022395833333333334
0 0.45416666666666666 0.3684895833333333 0.02314814814814815 0.0203125
0 0.45601851851851855 0.3182291666666667 0.032407407407407406 0.01875
0 0.5648148148148149 0.3328125 0.022222222222222223 0.013541666666666667
0 0.5592592592592592 0.3177083333333333 0.031481481481481485 0.014583333333333334
0 0.47314814814814815 0.2453125 0.02592592592592593 0.014583333333333334
0 0.4990740740740741 0.24817708333333333 0.02592592592592593 0.019270833333333334
0 0.6013888888888889 0.18567708333333333 0.03981481481481482 0.022395833333333334
0 0.6236111111111111 0.20052083333333334 0.03425925925925926 0.02395833333333333
0 0.5925925925925926 0.37447916666666664 0.02592592592592593 0.017708333333333333
0 0.7319444444444445 0.6390625 0.02314814814814815 0.014583333333333334
0 0.7685185185185186 0.7236979166666666 0.031481481481481485 0.013020833333333334
0 0.8671296296296297 0.6197916666666666 0.028703703703703703 0.017708333333333333
0 0.9287037037037037 0.73359375 0.024074074074074074 0.018229166666666668
0 0.9606481481481481 0.73359375 0.03425925925925926 0.0203125
0 0.9703703703703704 0.6171875 0.04259259259259259 0.021875
0 0.888425925925926 0.5244791666666666 0.032407407407407406 0.01875
0 0.9101851851851852 0.4875 0.03333333333333333 0.019791666666666666
0 0.8523148148148149 0.48802083333333335 0.019444444444444445 0.011458333333333333
0 0.8861111111111112 0.47421874999999997 0.031481481481481485 0.0171875
0 0.9560185185185186 0.46067708333333335 0.025 0.011979166666666666
0 0.8685185185185186 0.4302083333333333 0.02777777777777778 0.016666666666666666
0 0.9351851851851852 0.42734374999999997 0.020370370370370372 0.011979166666666666
0 0.9898148148148148 0.3833333333333333 0.020370370370370372 0.01875
0 0.9699074074074074 0.37578125 0.032407407407407406 0.018229166666666668
0 0.7805555555555556 0.33541666666666664 0.024074074074074074 0.014583333333333334
0 0.8490740740740741 0.32109375 0.024074074074074074 0.0140625
0 0.9819444444444445 0.29583333333333334 0.030555555555555558 0.014583333333333334
0 0.9347222222222222 0.3536458333333333 0.032407407407407406 0.016666666666666666
0 0.9777777777777779 0.3458333333333333 0.02962962962962963 0.011458333333333333
0 0.7703703703703704 0.5190104166666667 0.02962962962962963 0.0234375
0 0.5425925925925926 0.40963541666666664 0.016666666666666666 0.008854166666666666
0 0.47222222222222227 0.38203125 0.022222222222222223 0.01614583333333333
0 0.9810185185185185 0.2265625 0.026851851851851852 0.016666666666666666
0 0.9592592592592593 0.13880208333333333 0.03518518518518519 0.021354166666666667
0 0.6773148148148148 0.1421875 0.032407407407407406 0.020833333333333332
0 0.4847222222222222 0.7783854166666666 0.026851851851851852 0.0265625
0 0.5069444444444444 0.6825520833333333 0.015740740740740743 0.0140625
0 0.6587962962962963 0.71171875 0.030555555555555558 0.019270833333333334
0 0.8245370370370371 0.6841145833333333 0.017592592592592594 0.0140625
