0 0.9824074074074074 0.4380208333333333 0.03333333333333333 0.01875
0 0.7893518518518519 0.61328125 0.021296296296296296 0.0140625
0 0.9481481481481482 0.3111979166666667 0.016666666666666666 0.011979166666666666
0 0.8138888888888889 0.21562499999999998 0.018518518518518517 0.0125
0 0.875462962962963 0.7411458333333333 0.019444444444444445 0.0125
0 0.8347222222222223 0.5291666666666667 0.025 0.010416666666666666
0 0.8337962962962964 0.44765625 0.02314814814814815 0.009895833333333333
0 0.8347222222222223 0.4171875 0.02314814814814815 0.0125
0 0.7972222222222223 0.8489583333333334 0.03518518518518519 0.025
0 0.8055555555555556 0.7364583333333333 0.02592592592592593 0.01875
0 0.8550925925925926 0.7200520833333334 0.03425925925925926 0.0234375
0 0.9101851851851852 0.71640625 0.014814814814814815 0.0140625
0 0.9296296296296297 0.5447916666666667 0.024074074074074074 0.013541666666666667
0 0.9370370370370371 0.37447916666666664 0.02777777777777778 0.017708333333333333
0 0.7180555555555556 0.8416666666666667 0.017592592592592594 0.022916666666666665
0 0.6763888888888889 0.7424479166666667 0.032407407407407406 0.019270833333333334
0 0.5143518518518518 0.8114583333333333 0.025 0.020833333333333332
0 0.6564814814814816 0.71640625 0.02592592592592593 0.01614583333333333
0 0.6328703703703704 0.7114583333333333 0.02314814814814815 0.013541666666666667
0 0.562962962962963 0.7190104166666667 0.02777777777777778 0.019270833333333334
0 0.5125000000000001 0.7104166666666667 0.026851851851851852 0.017708333333333333
0 0.4912037037037037 0.6861979166666666 0.015740740740740743 0.0140625
0 0.5717592592592593 0.6356770833333333 0.026851851851851852 0.015104166666666667
0 0.5458333333333334 0.6325520833333333 0.019444444444444445 0.0109375
0 0.6189814814814815 0.6442708333333333 0.025 0.014583333333333334
0 0.6166666666666667 0.6606770833333333 0.02592592592592593 0.01614583333333333
0 0.5976851851851852 0.62734375 0.030555555555555558 0.015104166666666667
0 0.7189814814814816 0.60859375 0.026851851851851852 0.011979166666666666
0 0.6402777777777778 0.6020833333333333 0.021296296296296296 0.011458333333333333
0 0.674537037037037 0.5940104166666667 0.026851851851851852 0.011979166666666666
0 0.688425925925926 0.5776041666666667 0.021296296296296296 0.017708333333333333
0 0.8106481481481482 0.5536458333333333 0.030555555555555558 0.014583333333333334
0 0.8226851851851852 0.48854166666666665 0.03425925925925926 0.01875
0 0.7236111111111111 0.5640625 0.025 0.016666666666666666
0 0.7828703703703704 0.5458333333333333 0.02314814814814815 0.013541666666666667
0 0.7425925925925926 0.56875 0.016666666666666666 0.010416666666666666
0 0.8245370370370371 0.4322916666666667 0.021296296296296296 0.011458333333333333
0 0.8305555555555556 0.38697916666666665 0.022222222222222223 0.0125
0 0.775 0.39036458333333335 0.020370370370370372 0.0109375
0 0.7675925925925926 0.39869791666666665 0.024074074074074074 0.0140625
0 0.7916666666666667 0.33697916666666666 0.020370370370370372 0.009375
0 0.7041666666666667 0.43776041666666665 0.015740740740740743 0.011979166666666666
0 0.6976851851851852 0.38203125 0.019444444444444445 0.0109375
0 0.7291666666666667 0.36223958333333334 0.021296296296296296 0.011979166666666666
0 0.8648148148148148 0.16796875 0.037037037037037035 0.025520833333333333
0 0.8361111111111111 0.18046875 0.022222222222222223 0.015104166666666667
0 0.7546296296296297 0.15729166666666666 0.031481481481481485 0.020833333333333332
0 0.7495370370370371 0.21484375 0.026851851851851852 0.018229166666666668
0 0.7513888888888889 0.22682291666666665 0.02314814814814815 0.0140625
0 0.7134259259259259 0.19401041666666666 0.025 0.0203125
0 0.7032407407407407 0.24010416666666667 0.019444444444444445 0.011458333333333333
0 0.725 0.14114583333333333 0.02777777777777778 0.022916666666666665
0 0.700925925925926 0.15989583333333332 0.02592592592592593 0.01875
0 0.6694444444444445 0.11354166666666667 0.02592592592592593 0.022916666666666665
0 0.6541666666666667 0.09010416666666667 0.032407407407407406 0.02395833333333333
0 0.6453703703703704 0.10833333333333334 0.024074074074074074 0.016666666666666666
0 0.750925925925926 0.284375 0.020370370370370372 0.011458333333333333
0 0.7967592592592593 0.26015625 0.019444444444444445 0.0109375
0 0.7810185185185186 0.25078125 0.017592592592592594 0.009895833333333333
0 0.6782407407407408 0.3411458333333333 0.01388888888888889 0.009375
0 0.6611111111111111 0.3375 0.020370370370370372 0.010416666666666666
0 0.6675925925925926 0.5484375 0.024074074074074074 0.014583333333333334
0 0.5444444444444445 0.6 0.02592592592592593 0.016666666666666666
0 0.5328703703703704 0.5533854166666666 0.030555555555555558 0.0171875
0 0.5097222222222222 0.5299479166666666 0.026851851851851852 0.018229166666666668
0 0.4449074074074074 0.5239583333333333 0.03425925925925926 0.019791666666666666
0 0.4152777777777778 0.5263020833333333 0.02314814814814815 0.018229166666666668
0 0.4324074074074074 0.71953125 0.02777777777777778 0.018229166666666668
0 0.437962962962963 0.6947916666666667 0.031481481481481485 0.016666666666666666
0 0.3740740740740741 0.73359375 0.03518518518518519 0.0234375
0 0.2990740740740741 0.80546875 0.03333333333333333 0.0203125
0 0.33611111111111114 0.6927083333333334 0.02777777777777778 0.01875
0 0.3287037037037037 0.6096354166666667 0.03333333333333333 0.015104166666666667
0 0.3226851851851852 0.58984375 0.032407407407407406 0.013020833333333334
0 0.32731481481481484 0.575 0.032407407407407406 0.019791666666666666
0 0.3578703703703704 0.5703125 0.030555555555555558 0.016666666666666666
0 0.36388888888888893 0.4848958333333333 0.03333333333333333 0.01875
0 0.29120370370370374 0.48020833333333335 0.032407407407407406 0.01875
0 0.412962962962963 0.45598958333333334 0.03518518518518519 0.0171875
0 0.32407407407407407 0.45677083333333335 0.02777777777777778 0.016666666666666666
0 0.47500000000000003 0.4822916666666667 0.02962962962962963 0.014583333333333334
0 0.46851851851851856 0.3958333333333333 0.022222222222222223 0.0125
0 0.4513888888888889 0.4005208333333333 0.021296296296296296 0.0125
0 0.5171296296296296 0.353125 0.03425925925925926 0.021875
0 0.5550925925925926 0.36875 0.02314814814814815 0.019791666666666666
0 0.5541666666666667 0.3184895833333333 0.032407407407407406 0.019270833333333334
0 0.31712962962962965 0.13177083333333334 0.021296296296296296 0.014583333333333334
0 0.44537037037037036 0.3333333333333333 0.024074074074074074 0.013541666666666667
0 0.45092592592592595 0.3184895833333333 0.031481481481481485 0.015104166666666667
0 0.5365740740740741 0.2453125 0.026851851851851852 0.014583333333333334
0 0.5101851851851852 0.2484375 0.02592592592592593 0.01875
0 0.40925925925925927 0.18619791666666666 0.03888888888888889 0.0234375
0 0.3875 0.20052083333333334 0.03425925925925926 0.025
0 0.41712962962962963 0.37473958333333335 0.026851851851851852 0.018229166666666668
0 0.27824074074074073 0.6390625 0.02314814814814815 0.014583333333333334
0 0.24120370370370373 0.7239583333333334 0.030555555555555558 0.013541666666666667
0 0.14212962962962963 0.6197916666666666 0.028703703703703703 0.017708333333333333
0 0.08148148148148149 0.7341145833333333 0.024074074074074074 0.018229166666666668
0 0.05 0.734375 0.03333333333333333 0.019791666666666666
0 0.03935185185185185 0.6171875 0.04166666666666667 0.021875
0 0.12083333333333333 0.52421875 0.032407407407407406 0.019270833333333334
0 0.015277777777777779 0.49973958333333335 0.026851851851851852 0.018229166666666668
0 0.1 0.48802083333333335 0.03333333333333333 0.019791666666666666
0 0.15601851851851853 0.48854166666666665 0.019444444444444445 0.011458333333333333
0 0.12361111111111112 0.4744791666666667 0.030555555555555558 0.017708333333333333
0 0.05324074074074074 0.46119791666666665 0.025 0.011979166666666666
0 0.14074074074074075 0.43072916666666666 0.02777777777777778 0.016666666666666666
0 0.07361111111111111 0.4283854166666667 0.021296296296296296 0.011979166666666666
0 0.016203703703703703 0.3841145833333333 0.028703703703703703 0.018229166666666668
0 0.03981481481481482 0.3763020833333333 0.031481481481481485 0.018229166666666668
0 0.22777777777777777 0.3359375 0.024074074074074074 0.014583333333333334
0 0.15925925925925927 0.321875 0.022222222222222223 0.013541666666666667
0 0.02592592592592593 0.29635416666666664 0.02962962962962963 0.014583333333333334
0 0.07453703703703704 0.35390625 0.030555555555555558 0.0171875
0 0.031481481481481485 0.3458333333333333 0.02962962962962963 0.011458333333333333
0 0.24120370370370373 0.51953125 0.028703703703703703 0.0234375
0 0.4652777777777778 0.40989583333333335 0.015740740740740743 0.008333333333333333
0 0.5365740740740741 0.38255208333333335 0.021296296296296296 0.01614583333333333
0 0.028240740740740743 0.2265625 0.026851851851851852 0.016666666666666666
0 0.05 0.1390625 0.03518518518518519 0.020833333333333332
0 0.3337962962962963 0.14244791666666667 0.032407407407407406 0.021354166666666667
0 0.525462962962963 0.7791666666666667 0.026851851851851852 0.027083333333333334
0 0.5027777777777778 0.6830729166666667 0.016666666666666666 0.0140625
0 0.3509259259259259 0.7119791666666666 0.02962962962962963 0.01875
0 0.18564814814814815 0.684375 0.017592592592592594 0.013541666666666667
