0 0.19814814814814816 0.6143229166666666 0.020370370370370372 0.0140625
0 0.04027777777777778 0.31197916666666664 0.017592592592592594 0.011458333333333333
0 0.11481481481481481 0.7411458333333333 0.022222222222222223 0.016666666666666666
0 0.17592592592592593 0.2171875 0.018518518518518517 0.0125
0 0.15185185185185185 0.5299479166666666 0.024074074074074074 0.0109375
0 0.15555555555555556 0.44869791666666664 0.024074074074074074 0.009895833333333333
0 0.1527777777777778 0.41796875 0.022222222222222223 0.013020833333333334
0 0.18472222222222223 0.8505208333333333 0.03425925925925926 0.025
0 0.1787037037037037 0.7380208333333333 0.02592592592592593 0.01875
0 0.1300925925925926 0.72109375 0.032407407407407406 0.0234375
0 0.0787037037037037 0.7171875 0.014814814814814815 0.014583333333333334
0 0.058333333333333334 0.54609375 0.022222222222222223 0.013020833333333334
0 0.052314814814814814 0.37473958333333335 0.028703703703703703 0.018229166666666668
0 0.26805555555555555 0.8421875 0.017592592592592594 0.02395833333333333
0 0.3101851851851852 0.74375 0.031481481481481485 0.019791666666666666
0 0.46944444444444444 0.8127604166666667 0.02592592592592593 0.0203125
0 0.3314814814814815 0.7177083333333333 0.02592592592592593 0.016666666666666666
0 0.3560185185185185 0.7119791666666666 0.02314814814814815 0.013541666666666667
0 0.4222222222222222 0.7200520833333334 0.02777777777777778 0.019270833333333334
0 0.47361111111111115 0.71171875 0.026851851851851852 0.018229166666666668
0 0.4967592592592593 0.6875 0.017592592592592594 0.014583333333333334
0 0.41712962962962963 0.6364583333333333 0.026851851851851852 0.015625
0 0.4439814814814815 0.63359375 0.019444444444444445 0.0109375
0 0.3680555555555556 0.6447916666666667 0.025 0.014583333333333334
0 0.3712962962962963 0.6619791666666667 0.02592592592592593 0.016666666666666666
0 0.3902777777777778 0.6286458333333333 0.030555555555555558 0.014583333333333334
0 0.26805555555555555 0.6096354166666667 0.026851851851851852 0.011979166666666666
0 0.3472222222222222 0.6026041666666666 0.022222222222222223 0.011458333333333333
0 0.3138888888888889 0.5950520833333334 0.02592592592592593 0.011979166666666666
0 0.2990740740740741 0.5786458333333333 0.022222222222222223 0.017708333333333333
0 0.17685185185185187 0.5546875 0.02962962962962963 0.014583333333333334
0 0.1638888888888889 0.48932291666666666 0.03518518518518519 0.018229166666666668
0 0.26296296296296295 0.5645833333333333 0.024074074074074074 0.016666666666666666
0 0.20277777777777778 0.5466145833333333 0.024074074074074074 0.013020833333333334
0 0.2449074074074074 0.56953125 0.015740740740740743 0.009895833333333333
0 0.16481481481481483 0.4328125 0.018518518518518517 0.010416666666666666
0 0.15601851851851853 0.38776041666666666 0.021296296296296296 0.011979166666666666
0 0.21064814814814817 0.39140625 0.019444444444444445 0.0109375
0 0.2189814814814815 0.4 0.02314814814814815 0.014583333333333334
0 0.1953703703703704 0.3375 0.020370370370370372 0.009375
0 0.2833333333333333 0.43854166666666666 0.016666666666666666 0.0125
0 0.2898148148148148 0.38307291666666665 0.020370370370370372 0.0109375
0 0.25787037037037036 0.36328125 0.021296296296296296 0.011979166666666666
0 0.1212962962962963 0.16927083333333334 0.037037037037037035 0.025
0 0.15046296296296297 0.18151041666666667 0.02314814814814815 0.015104166666666667
0 0.2337962962962963 0.15885416666666666 0.032407407407407406 0.020833333333333332
0 0.23796296296296296 0.21614583333333334 0.02777777777777778 0.017708333333333333
0 0.23703703703703705 0.22838541666666667 0.022222222222222223 0.0140625
0 0.274537037037037 0.19635416666666666 0.028703703703703703 0.022916666666666665
0 0.2865740740740741 0.24166666666666667 0.021296296296296296 0.011458333333333333
0 0.26296296296296295 0.14296875 0.02777777777777778 0.022395833333333334
0 0.2888888888888889 0.16119791666666666 0.02592592592592593 0.019270833333333334
0 0.3194444444444445 0.11536458333333333 0.02592592592592593 0.0234375
0 0.33425925925925926 0.09192708333333333 0.031481481481481485 0.024479166666666666
0 0.34444444444444444 0.11015625 0.024074074074074074 0.0171875
0 0.23750000000000002 0.2859375 0.021296296296296296 0.011458333333333333
0 0.19074074074074074 0.26119791666666664 0.020370370370370372 0.0109375
0 0.20555555555555557 0.2518229166666667 0.016666666666666666 0.009895833333333333
0 0.3111111111111111 0.3419270833333333 0.012962962962962964 0.008854166666666666
0 0.3287037037037037 0.3385416666666667 0.020370370370370372 0.010416666666666666
0 0.32037037037037036 0.54921875 0.024074074074074074 0.015104166666666667
0 0.4430555555555556 0.60078125 0.026851851851851852 0.01614583333333333
0 0.45555555555555555 0.5544270833333333 0.031481481481481485 0.0171875
0 0.4777777777777778 0.5307291666666667 0.02777777777777778 0.01875
0 0.5425925925925926 0.525 0.03518518518518519 0.019791666666666666
0 0.5717592592592593 0.5270833333333333 0.02314814814814815 0.017708333333333333
0 0.5550925925925926 0.7208333333333333 0.026851851851851852 0.01875
0 0.549537037037037 0.6958333333333333 0.030555555555555558 0.016666666666666666
0 0.612037037037037 0.7346354166666667 0.03518518518518519 0.0234375
0 0.687962962962963 0.80625 0.03333333333333333 0.020833333333333332
0 0.650462962962963 0.6934895833333333 0.026851851851851852 0.018229166666666668
0 0.6592592592592593 0.6109375 0.03333333333333333 0.015625
0 0.6643518518518519 0.5911458333333334 0.032407407407407406 0.013541666666666667
0 0.6606481481481482 0.5765625 0.032407407407407406 0.01875
0 0.6296296296296297 0.5713541666666666 0.031481481481481485 0.016666666666666666
0 0.6226851851851852 0.4861979166666667 0.03425925925925926 0.018229166666666668
0 0.6958333333333334 0.48125 0.032407407407407406 0.01875
0 0.5750000000000001 0.4575520833333333 0.03518518518518519 0.0171875
0 0.663425925925926 0.45807291666666666 0.028703703703703703 0.01614583333333333
0 0.512962962962963 0.48333333333333334 0.02777777777777778 0.014583333333333334
0 0.5217592592592593 0.396875 0.02314814814814815 0.0125
0 0.5388888888888889 0.4015625 0.022222222222222223 0.0125
0 0.4712962962962963 0.35442708333333334 0.03333333333333333 0.022395833333333334
0 0.43333333333333335 0.36953125 0.022222222222222223 0.019270833333333334
0 0.43472222222222223 0.31979166666666664 0.032407407407407406 0.01875
0 0.6708333333333334 0.13463541666666667 0.021296296296296296 0.01614583333333333
0 0.5425925925925926 0.3346354166666667 0.024074074074074074 0.0140625
0 0.5375 0.31953125 0.030555555555555558 0.015104166666666667
0 0.4527777777777778 0.24687499999999998 0.02592592592592593 0.014583333333333334
0 0.47962962962962963 0.25 0.02592592592592593 0.01875
0 0.5777777777777778 0.18723958333333332 0.03888888888888889 0.022395833333333334
0 0.5990740740740741 0.20234375 0.03518518518518519 0.025520833333333333
0 0.5703703703703704 0.3755208333333333 0.02592592592592593 0.017708333333333333
0 0.7092592592592593 0.6408854166666667 0.024074074074074074 0.015104166666666667
0 0.7462962962962963 0.7255208333333333 0.031481481481481485 0.013541666666666667
0 0.8449074074074074 0.6213541666666667 0.028703703703703703 0.017708333333333333
0 0.9055555555555556 0.7356770833333334 0.024074074074074074 0.018229166666666668
0 0.9370370370370371 0.7361979166666667 0.03333333333333333 0.0203125
0 0.9888888888888889 0.7536458333333333 0.022222222222222223 0.01875
0 0.9472222222222223 0.6190104166666667 0.04259259259259259 0.022395833333333334
0 0.9833333333333334 0.6083333333333333 0.02962962962962963 0.013541666666666667
0 0.8680555555555556 0.5260416666666666 0.032407407407407406 0.019791666666666666
0 0.9856481481481482 0.5244791666666666 0.028703703703703703 0.01875
0 0.9787037037037037 0.50078125 0.03888888888888889 0.018229166666666668
0 0.888425925925926 0.4895833333333333 0.03425925925925926 0.019791666666666666
0 0.8347222222222223 0.48984374999999997 0.019444444444444445 0.011979166666666666
0 0.8652777777777778 0.47578125 0.030555555555555558 0.0171875
0 0.9365740740740741 0.46249999999999997 0.025 0.0125
0 0.8486111111111111 0.4315104166666667 0.026851851851851852 0.01614583333333333
0 0.9152777777777779 0.42942708333333335 0.02314814814814815 0.011979166666666666
0 0.9726851851851852 0.3854166666666667 0.028703703703703703 0.017708333333333333
0 0.9481481481481482 0.3776041666666667 0.031481481481481485 0.01875
0 0.762962962962963 0.3380208333333333 0.024074074074074074 0.014583333333333334
0 0.8314814814814815 0.3229166666666667 0.022222222222222223 0.013541666666666667
0 0.9634259259259259 0.29791666666666666 0.030555555555555558 0.014583333333333334
0 0.9148148148148149 0.35520833333333335 0.031481481481481485 0.015625
0 0.9578703703703704 0.3481770833333333 0.028703703703703703 0.011979166666666666
0 0.7444444444444445 0.5208333333333334 0.02962962962962963 0.02395833333333333
0 0.525 0.4106770833333333 0.016666666666666666 0.008854166666666666
0 0.4518518518518519 0.38359375 0.022222222222222223 0.01614583333333333
0 0.9611111111111111 0.22890625 0.02777777777777778 0.0171875
0 0.9393518518518519 0.14114583333333333 0.036111111111111115 0.020833333333333332
0 0.6537037037037037 0.14453125 0.031481481481481485 0.0203125
0 0.45972222222222225 0.7802083333333333 0.026851851851851852 0.027083333333333334
0 0.4842592592592593 0.684375 0.014814814814814815 0.014583333333333334
0 0.8032407407407408 0.6859375 0.019444444444444445 0.013541666666666667
