0 0.8250000000000001 0.6151041666666667 0.022222222222222223 0.013541666666666667
0 0.9837962962962963 0.3140625 0.017592592592592594 0.011458333333333333
0 0.8458333333333333 0.21927083333333333 0.019444444444444445 0.0125
0 0.9120370370370371 0.74296875 0.018518518518518517 0.015104166666666667
0 0.8685185185185186 0.4200520833333333 0.016666666666666666 0.0140625
0 0.8736111111111111 0.5315104166666667 0.025 0.011979166666666666
0 0.8643518518518519 0.4497395833333333 0.02314814814814815 0.009895833333333333
0 0.9476851851851852 0.56875 0.026851851851851852 0.009375
0 0.85 0.8520833333333333 0.03518518518518519 0.02395833333333333
0 0.85 0.7393229166666666 0.02592592592592593 0.019270833333333334
0 0.08703703703703704 0.14427083333333332 0.037037037037037035 0.01875
0 0.0638888888888889 0.23151041666666666 0.02592592592592593 0.0171875
0 0.5694444444444444 0.3854166666666667 0.022222222222222223 0.015625
0 0.4949074074074074 0.41302083333333334 0.017592592592592594 0.008333333333333333
0 0.28564814814814815 0.5229166666666667 0.028703703703703703 0.025
0 0.06805555555555556 0.35 0.028703703703703703 0.0125
0 0.10972222222222222 0.3572916666666667 0.030555555555555558 0.015625
0 0.059722222222222225 0.30052083333333335 0.030555555555555558 0.014583333333333334
0 0.19166666666666668 0.325 0.020370370370370372 0.013541666666666667
0 0.8976851851851853 0.7229166666666667 0.032407407407407406 0.02395833333333333
0 0.9439814814814815 0.7190104166666667 0.01388888888888889 0.0140625
0 0.9634259259259259 0.5473958333333333 0.017592592592592594 0.0125
0 0.2587962962962963 0.34010416666666665 0.02314814814814815 0.014583333333333334
0 0.07777777777777778 0.3776041666666667 0.02962962962962963 0.014583333333333334
0 0.05324074074074074 0.38776041666666666 0.028703703703703703 0.018229166666666668
0 0.025 0.3890625 0.031481481481481485 0.015625
0 0.11018518518518519 0.4317708333333333 0.024074074074074074 0.0125
0 0.17592592592592593 0.43307291666666664 0.02592592592592593 0.01614583333333333
0 0.08750000000000001 0.46484375 0.025 0.011979166666666666
0 0.16064814814814815 0.4778645833333333 0.030555555555555558 0.0171875
0 0.18842592592592594 0.49166666666666664 0.019444444444444445 0.011458333333333333
0 0.13703703703703704 0.4908854166666667 0.03333333333333333 0.0203125
0 0.047685185185185185 0.5028645833333333 0.03796296296296296 0.018229166666666668
0 0.037037037037037035 0.5260416666666666 0.03333333333333333 0.01875
0 0.1564814814814815 0.5283854166666666 0.031481481481481485 0.019270833333333334
0 0.04351851851851852 0.6104166666666666 0.031481481481481485 0.014583333333333334
0 0.08055555555555556 0.6208333333333333 0.04259259259259259 0.021875
0 0.028240740740740743 0.6877604166666667 0.021296296296296296 0.0234375
0 0.029166666666666667 0.7559895833333333 0.036111111111111115 0.018229166666666668
0 0.08888888888888889 0.7380208333333333 0.03333333333333333 0.020833333333333332
0 0.12037037037037038 0.7372395833333333 0.024074074074074074 0.018229166666666668
0 0.35694444444444445 0.13828125 0.025 0.0171875
0 0.1800925925925926 0.6234375 0.028703703703703703 0.017708333333333333
0 0.27870370370370373 0.7276041666666666 0.031481481481481485 0.013541666666666667
0 0.3175925925925926 0.6424479166666667 0.024074074074074074 0.015104166666666667
0 0.45462962962962966 0.37786458333333334 0.02592592592592593 0.018229166666666668
0 0.37453703703703706 0.14765625 0.028703703703703703 0.0203125
0 0.42824074074074076 0.20572916666666666 0.036111111111111115 0.025
0 0.44907407407407407 0.190625 0.03888888888888889 0.021875
0 0.5425925925925926 0.2520833333333333 0.02592592592592593 0.01875
0 0.5689814814814815 0.24947916666666667 0.026851851851851852 0.014583333333333334
0 0.487962962962963 0.32135416666666666 0.031481481481481485 0.015625
0 0.4814814814814815 0.3359375 0.02592592592592593 0.013541666666666667
0 0.5898148148148148 0.3216145833333333 0.03333333333333333 0.018229166666666668
0 0.5861111111111111 0.371875 0.020370370370370372 0.016666666666666666
0 0.5532407407407408 0.3567708333333333 0.032407407407407406 0.021875
0 0.48055555555555557 0.40390624999999997 0.024074074074074074 0.013020833333333334
0 0.4990740740740741 0.3989583333333333 0.024074074074074074 0.0125
0 0.5115740740740741 0.48463541666666665 0.026851851851851852 0.0140625
0 0.36342592592592593 0.459375 0.028703703703703703 0.016666666666666666
0 0.45046296296296295 0.459375 0.03425925925925926 0.016666666666666666
0 0.3314814814814815 0.48333333333333334 0.031481481481481485 0.01875
0 0.40370370370370373 0.48802083333333335 0.03333333333333333 0.01875
0 0.39722222222222225 0.5734375 0.031481481481481485 0.016666666666666666
0 0.3652777777777778 0.5778645833333333 0.032407407407407406 0.019270833333333334
0 0.36064814814814816 0.5932291666666667 0.030555555555555558 0.013541666666666667
0 0.36435185185185187 0.6125 0.030555555555555558 0.014583333333333334
0 0.37592592592592594 0.6958333333333333 0.02777777777777778 0.01875
0 0.33935185185185185 0.8088541666666667 0.032407407407407406 0.020833333333333332
0 0.41435185185185186 0.7364583333333333 0.03425925925925926 0.02395833333333333
0 0.47685185185185186 0.6973958333333333 0.02962962962962963 0.015625
0 0.4708333333333333 0.7231770833333333 0.025 0.018229166666666668
0 0.4537037037037037 0.5294270833333333 0.024074074074074074 0.018229166666666668
0 0.48379629629629634 0.5268229166666667 0.03425925925925926 0.019270833333333334
0 0.5453703703703704 0.5325520833333334 0.02777777777777778 0.018229166666666668
0 0.5685185185185185 0.5557291666666666 0.031481481481481485 0.017708333333333333
0 0.5814814814814815 0.6033854166666667 0.02777777777777778 0.01614583333333333
0 0.7018518518518518 0.5515625 0.024074074074074074 0.015625
0 0.6925925925925926 0.340625 0.020370370370370372 0.010416666666666666
0 0.7467592592592592 0.19921875 0.028703703703703703 0.021354166666666667
0 0.7101851851851853 0.34375 0.012962962962962964 0.008333333333333333
0 0.8180555555555555 0.25416666666666665 0.017592592592592594 0.009375
0 0.8324074074074075 0.26328125 0.020370370370370372 0.0109375
0 0.7856481481481482 0.2875 0.021296296296296296 0.011458333333333333
0 0.6773148148148148 0.11354166666666667 0.025 0.016666666666666666
0 0.688425925925926 0.09479166666666666 0.030555555555555558 0.02395833333333333
0 0.7018518518518518 0.11848958333333333 0.02592592592592593 0.0234375
0 0.7337962962962963 0.16380208333333332 0.026851851851851852 0.018229166666666668
0 0.7601851851851852 0.1453125 0.02777777777777778 0.022916666666666665
0 0.7351851851851852 0.24375 0.020370370370370372 0.011458333333333333
0 0.7856481481481482 0.23046875 0.02314814814814815 0.0140625
0 0.7861111111111111 0.21822916666666667 0.02777777777777778 0.017708333333333333
0 0.7893518518518519 0.16145833333333334 0.032407407407407406 0.020833333333333332
0 0.8736111111111111 0.18333333333333332 0.02314814814814815 0.015625
0 0.9041666666666667 0.17135416666666667 0.036111111111111115 0.025
0 0.7666666666666667 0.3651041666666667 0.020370370370370372 0.011458333333333333
0 0.7356481481481482 0.38515625 0.019444444444444445 0.0109375
0 0.7398148148148148 0.44036458333333334 0.016666666666666666 0.011979166666666666
0 0.8277777777777778 0.33958333333333335 0.020370370370370372 0.009375
0 0.8069444444444445 0.4010416666666667 0.02314814814814815 0.015625
0 0.8171296296296297 0.3927083333333333 0.019444444444444445 0.010416666666666666
0 0.8689814814814815 0.3893229166666667 0.021296296296296296 0.011979166666666666
0 0.8587962962962963 0.434375 0.015740740740740743 0.009375
0 0.7800925925925927 0.5708333333333333 0.015740740740740743 0.010416666666666666
0 0.8226851851851852 0.5481770833333334 0.02314814814814815 0.013020833333333334
0 0.7625000000000001 0.5666666666666667 0.02314814814814815 0.016666666666666666
0 0.8611111111111112 0.490625 0.03518518518518519 0.01875
0 0.8490740740740741 0.5557291666666666 0.02962962962962963 0.014583333333333334
0 0.5685185185185185 0.7817708333333333 0.02592592592592593 0.027083333333333334
0 0.725 0.5799479166666667 0.022222222222222223 0.018229166666666668
0 0.7101851851851853 0.5963541666666666 0.02592592592592593 0.011458333333333333
0 0.6763888888888889 0.6046875 0.021296296296296296 0.011458333333333333
0 0.7574074074074074 0.6104166666666666 0.02777777777777778 0.011458333333333333
0 0.6333333333333333 0.6302083333333334 0.031481481481481485 0.014583333333333334
0 0.6532407407407408 0.6638020833333333 0.025 0.01614583333333333
0 0.6546296296296297 0.646875 0.024074074074074074 0.014583333333333334
0 0.5805555555555556 0.6354166666666666 0.020370370370370372 0.010416666666666666
0 0.6069444444444445 0.63828125 0.026851851851851852 0.015104166666666667
0 0.5273148148148148 0.68984375 0.019444444444444445 0.01614583333333333
0 0.5412037037037037 0.6861979166666666 0.017592592592592594 0.0140625
0 0.5537037037037037 0.7135416666666666 0.02777777777777778 0.017708333333333333
0 0.6055555555555556 0.72265625 0.02777777777777778 0.019270833333333334
0 0.6671296296296296 0.7143229166666667 0.02314814814814815 0.0140625
0 0.6921296296296297 0.71953125 0.026851851851851852 0.0171875
0 0.5597222222222222 0.8153645833333333 0.025 0.021354166666666667
0 0.7162037037037037 0.7453125 0.032407407407407406 0.019791666666666666
0 0.7611111111111112 0.8442708333333333 0.018518518518518517 0.02395833333333333
0 0.9685185185185186 0.3768229166666667 0.02962962962962963 0.018229166666666668
0 0.014351851851851852 0.553125 0.025 0.019791666666666666
0 0.21944444444444444 0.6872395833333333 0.024074074074074074 0.0140625
