0 0.17685185185185187 0.6151041666666667 0.022222222222222223 0.013541666666666667
0 0.018055555555555557 0.3140625 0.017592592592592594 0.011458333333333333
0 0.15601851851851853 0.21927083333333333 0.019444444444444445 0.0125
0 0.08981481481481482 0.74296875 0.018518518518518517 0.015104166666666667
0 0.13333333333333333 0.4200520833333333 0.016666666666666666 0.0140625
0 0.12824074074074074 0.5315104166666667 0.025 0.011979166666666666
0 0.1375 0.4497395833333333 0.02314814814814815 0.009895833333333333
0 0.05416666666666667 0.56875 0.026851851851851852 0.009375
0 0.15185185185185185 0.8520833333333333 0.03518518518518519 0.02395833333333333
0 0.15185185185185185 0.7393229166666666 0.02592592592592593 0.019270833333333334
0 0.9148148148148149 0.14427083333333332 0.037037037037037035 0.01875
0 0.937962962962963 0.23151041666666666 0.02592592592592593 0.0171875
0 0.4324074074074074 0.3854166666666667 0.022222222222222223 0.015625
0 0.5069444444444444 0.41302083333333334 0.017592592592592594 0.008333333333333333
0 0.7162037037037037 0.5229166666666667 0.028703703703703703 0.025
0 0.9337962962962963 0.35 0.028703703703703703 0.0125
0 0.8921296296296297 0.3572916666666667 0.030555555555555558 0.015625
0 0.9421296296296297 0.30052083333333335 0.030555555555555558 0.014583333333333334
0 0.8101851851851852 0.325 0.020370370370370372 0.013541666666666667
0 0.10416666666666667 0.7229166666666667 0.032407407407407406 0.02395833333333333
0 0.05787037037037037 0.7190104166666667 0.01388888888888889 0.0140625
0 0.038425925925925926 0.5473958333333333 0.017592592592592594 0.0125
0 0.7430555555555556 0.34010416666666665 0.02314814814814815 0.014583333333333334
0 0.9240740740740742 0.3776041666666667 0.02962962962962963 0.014583333333333334
0 0.9486111111111112 0.38776041666666666 0.028703703703703703 0.018229166666666668
0 0.9768518518518519 0.3890625 0.031481481481481485 0.015625
0 0.8916666666666667 0.4317708333333333 0.024074074074074074 0.0125
0 0.825925925925926 0.43307291666666664 0.02592592592592593 0.01614583333333333
0 0.9143518518518519 0.46484375 0.025 0.011979166666666666
0 0.8412037037037038 0.4778645833333333 0.030555555555555558 0.0171875
0 0.813425925925926 0.49166666666666664 0.019444444444444445 0.011458333333333333
0 0.8648148148148148 0.4908854166666667 0.03333333333333333 0.0203125
0 0.9541666666666667 0.5028645833333333 0.03796296296296296 0.018229166666666668
0 0.9648148148148149 0.5260416666666666 0.03333333333333333 0.01875
0 0.8453703703703704 0.5283854166666666 0.031481481481481485 0.019270833333333334
0 0.9583333333333334 0.6104166666666666 0.031481481481481485 0.014583333333333334
0 0.9212962962962963 0.6208333333333333 0.04259259259259259 0.021875
0 0.9736111111111111 0.6877604166666667 0.021296296296296296 0.0234375
0 0.9726851851851852 0.7559895833333333 0.036111111111111115 0.018229166666666668
0 0.912962962962963 0.7380208333333333 0.03333333333333333 0.020833333333333332
0 0.8814814814814815 0.7372395833333333 0.024074074074074074 0.018229166666666668
0 0.6449074074074075 0.13828125 0.025 0.0171875
0 0.8217592592592593 0.6234375 0.028703703703703703 0.017708333333333333
0 0.7231481481481482 0.7276041666666666 0.031481481481481485 0.013541666666666667
0 0.6842592592592592 0.6424479166666667 0.024074074074074074 0.015104166666666667
0 0.5472222222222223 0.37786458333333334 0.02592592592592593 0.018229166666666668
0 0.6273148148148149 0.14765625 0.028703703703703703 0.0203125
0 0.5736111111111112 0.20572916666666666 0.036111111111111115 0.025
0 0.5527777777777778 0.190625 0.03888888888888889 0.021875
0 0.45925925925925926 0.2520833333333333 0.02592592592592593 0.01875
0 0.4328703703703704 0.24947916666666667 0.026851851851851852 0.014583333333333334
0 0.513888888888889 0.32135416666666666 0.031481481481481485 0.015625
0 0.5203703703703704 0.3359375 0.02592592592592593 0.013541666666666667
0 0.41203703703703703 0.3216145833333333 0.03333333333333333 0.018229166666666668
0 0.41574074074074074 0.371875 0.020370370370370372 0.016666666666666666
0 0.4486111111111111 0.3567708333333333 0.032407407407407406 0.021875
0 0.5212962962962964 0.40390624999999997 0.024074074074074074 0.013020833333333334
0 0.5027777777777778 0.3989583333333333 0.024074074074074074 0.0125
0 0.4902777777777778 0.48463541666666665 0.026851851851851852 0.0140625
0 0.638425925925926 0.459375 0.028703703703703703 0.016666666666666666
0 0.5513888888888889 0.459375 0.03425925925925926 0.016666666666666666
0 0.6703703703703704 0.48333333333333334 0.031481481481481485 0.01875
0 0.5981481481481482 0.48802083333333335 0.03333333333333333 0.01875
0 0.6046296296296296 0.5734375 0.031481481481481485 0.016666666666666666
0 0.6365740740740741 0.5778645833333333 0.032407407407407406 0.019270833333333334
0 0.6412037037037037 0.5932291666666667 0.030555555555555558 0.013541666666666667
0 0.6375000000000001 0.6125 0.030555555555555558 0.014583333333333334
0 0.625925925925926 0.6958333333333333 0.02777777777777778 0.01875
0 0.6625 0.8088541666666667 0.032407407407407406 0.020833333333333332
0 0.5875 0.7364583333333333 0.03425925925925926 0.02395833333333333
0 0.525 0.6973958333333333 0.02962962962962963 0.015625
0 0.5310185185185186 0.7231770833333333 0.025 0.018229166666666668
0 0.5481481481481482 0.5294270833333333 0.024074074074074074 0.018229166666666668
0 0.5180555555555556 0.5268229166666667 0.03425925925925926 0.019270833333333334
0 0.4564814814814815 0.5325520833333334 0.02777777777777778 0.018229166666666668
0 0.43333333333333335 0.5557291666666666 0.031481481481481485 0.017708333333333333
0 0.4203703703703704 0.6033854166666667 0.02777777777777778 0.01614583333333333
0 0.3 0.5515625 0.024074074074074074 0.015625
0 0.3092592592592593 0.340625 0.020370370370370372 0.010416666666666666
0 0.2550925925925926 0.19921875 0.028703703703703703 0.021354166666666667
0 0.2916666666666667 0.34375 0.012962962962962964 0.008333333333333333
0 0.1837962962962963 0.25416666666666665 0.017592592592592594 0.009375
0 0.16944444444444445 0.26328125 0.020370370370370372 0.0109375
0 0.2162037037037037 0.2875 0.021296296296296296 0.011458333333333333
0 0.32453703703703707 0.11354166666666667 0.025 0.016666666666666666
0 0.31342592592592594 0.09479166666666666 0.030555555555555558 0.02395833333333333
0 0.3 0.11848958333333333 0.02592592592592593 0.0234375
0 0.26805555555555555 0.16380208333333332 0.026851851851851852 0.018229166666666668
0 0.24166666666666667 0.1453125 0.02777777777777778 0.022916666666666665
0 0.26666666666666666 0.24375 0.020370370370370372 0.011458333333333333
0 0.2162037037037037 0.23046875 0.02314814814814815 0.0140625
0 0.21574074074074076 0.21822916666666667 0.02777777777777778 0.017708333333333333
0 0.2125 0.16145833333333334 0.032407407407407406 0.020833333333333332
0 0.12824074074074074 0.18333333333333332 0.02314814814814815 0.015625
0 0.0976851851851852 0.17135416666666667 0.036111111111111115 0.025
0 0.2351851851851852 0.3651041666666667 0.020370370370370372 0.011458333333333333
0 0.2662037037037037 0.38515625 0.019444444444444445 0.0109375
0 0.26203703703703707 0.44036458333333334 0.016666666666666666 0.011979166666666666
0 0.17407407407407408 0.33958333333333335 0.020370370370370372 0.009375
0 0.19490740740740742 0.4010416666666667 0.02314814814814815 0.015625
0 0.18472222222222223 0.3927083333333333 0.019444444444444445 0.010416666666666666
0 0.1328703703703704 0.3893229166666667 0.021296296296296296 0.011979166666666666
0 0.14305555555555557 0.434375 0.015740740740740743 0.009375
0 0.22175925925925927 0.5708333333333333 0.015740740740740743 0.010416666666666666
0 0.17916666666666667 0.5481770833333334 0.02314814814814815 0.013020833333333334
0 0.23935185185185187 0.5666666666666667 0.02314814814814815 0.016666666666666666
0 0.14074074074074075 0.490625 0.03518518518518519 0.01875
0 0.1527777777777778 0.5557291666666666 0.02962962962962963 0.014583333333333334
0 0.43333333333333335 0.7817708333333333 0.02592592592592593 0.027083333333333334
0 0.27685185185185185 0.5799479166666667 0.022222222222222223 0.018229166666666668
0 0.2916666666666667 0.5963541666666666 0.02592592592592593 0.011458333333333333
0 0.32546296296296295 0.6046875 0.021296296296296296 0.011458333333333333
0 0.24444444444444446 0.6104166666666666 0.02777777777777778 0.011458333333333333
0 0.3685185185185185 0.6302083333333334 0.031481481481481485 0.014583333333333334
0 0.34861111111111115 0.6638020833333333 0.025 0.01614583333333333
0 0.3472222222222222 0.646875 0.024074074074074074 0.014583333333333334
0 0.42129629629629634 0.6354166666666666 0.020370370370370372 0.010416666666666666
0 0.39490740740740743 0.63828125 0.026851851851851852 0.015104166666666667
0 0.47453703703703703 0.68984375 0.019444444444444445 0.01614583333333333
0 0.46064814814814814 0.6861979166666666 0.017592592592592594 0.0140625
0 0.4481481481481482 0.7135416666666666 0.02777777777777778 0.017708333333333333
0 0.3962962962962963 0.72265625 0.02777777777777778 0.019270833333333334
0 0.33472222222222225 0.7143229166666667 0.02314814814814815 0.0140625
0 0.30972222222222223 0.71953125 0.026851851851851852 0.0171875
0 0.44212962962962965 0.8153645833333333 0.025 0.021354166666666667
0 0.28564814814814815 0.7453125 0.032407407407407406 0.019791666666666666
0 0.24074074074074076 0.8442708333333333 0.018518518518518517 0.02395833333333333
0 0.03333333333333333 0.3768229166666667 0.02962962962962963 0.018229166666666668
0 0.9875 0.553125 0.025 0.019791666666666666
0 0.7824074074074074 0.6872395833333333 0.024074074074074074 0.0140625
