0 0.1675925925925926 0.61015625 0.022222222222222223 0.009895833333333333
0 0.010185185185185186 0.3151041666666667 0.016666666666666666 0.011458333333333333
0 0.1486111111111111 0.21979166666666666 0.019444444444444445 0.0125
0 0.08055555555555556 0.7440104166666667 0.018518518518518517 0.0140625
0 0.11851851851851852 0.5322916666666666 0.02592592592592593 0.011458333333333333
0 0.12916666666666668 0.45078124999999997 0.025 0.0109375
0 0.12407407407407407 0.4205729166666667 0.016666666666666666 0.013020833333333334
0 0.04490740740740741 0.5703125 0.026851851851851852 0.009375
0 0.13935185185185187 0.8533854166666667 0.036111111111111115 0.024479166666666666
0 0.1425925925925926 0.7403645833333333 0.02592592592592593 0.019270833333333334
0 0.9074074074074074 0.14453125 0.037037037037037035 0.018229166666666668
0 0.9296296296296297 0.23124999999999998 0.02592592592592593 0.016666666666666666
0 0.42453703703703705 0.3859375 0.021296296296296296 0.015625
0 0.49953703703703706 0.41328125 0.017592592592592594 0.008854166666666666
0 0.7074074074074075 0.5231770833333333 0.02962962962962963 0.024479166666666666
0 0.925462962962963 0.35 0.028703703703703703 0.0125
0 0.8833333333333334 0.35651041666666666 0.031481481481481485 0.015104166666666667
0 0.9351851851851852 0.30052083333333335 0.02962962962962963 0.014583333333333334
0 0.8023148148148148 0.32526041666666666 0.021296296296296296 0.013020833333333334
0 0.09490740740740741 0.7234375 0.032407407407407406 0.022916666666666665
0 0.04953703703703704 0.71953125 0.01388888888888889 0.0140625
0 0.030092592592592594 0.5479166666666666 0.017592592592592594 0.0125
0 0.7356481481481482 0.33984375 0.02314814814814815 0.0140625
0 0.9166666666666667 0.3776041666666667 0.02962962962962963 0.014583333333333334
0 0.9412037037037038 0.3875 0.028703703703703703 0.017708333333333333
0 0.9722222222222222 0.3893229166666667 0.03333333333333333 0.0171875
0 0.8842592592592593 0.4315104166666667 0.024074074074074074 0.011979166666666666
0 0.8180555555555555 0.43385416666666665 0.026851851851851852 0.016666666666666666
0 0.9078703703703704 0.46432291666666664 0.025 0.011979166666666666
0 0.8333333333333334 0.4778645833333333 0.02962962962962963 0.0171875
0 0.8064814814814815 0.49166666666666664 0.020370370370370372 0.011458333333333333
0 0.8560185185185185 0.49114583333333334 0.03425925925925926 0.019791666666666666
0 0.9467592592592593 0.503125 0.03796296296296296 0.01875
0 0.9569444444444445 0.5260416666666666 0.032407407407407406 0.01875
0 0.837962962962963 0.5278645833333333 0.031481481481481485 0.019270833333333334
0 0.9500000000000001 0.61015625 0.031481481481481485 0.015104166666666667
0 0.9125000000000001 0.62109375 0.04166666666666667 0.022395833333333334
0 0.9745370370370371 0.68828125 0.03981481481481482 0.0234375
0 0.9643518518518519 0.7565104166666666 0.036111111111111115 0.018229166666666668
0 0.6356481481481482 0.14010416666666667 0.02314814814814815 0.01875
0 0.9041666666666667 0.7380208333333333 0.032407407407407406 0.020833333333333332
0 0.8731481481481482 0.7377604166666667 0.024074074074074074 0.018229166666666668
0 0.8143518518518519 0.6231770833333333 0.028703703703703703 0.0171875
0 0.7148148148148148 0.7276041666666666 0.031481481481481485 0.013541666666666667
0 0.675462962962963 0.6427083333333333 0.025 0.015625
0 0.538425925925926 0.378125 0.028703703703703703 0.015625
0 0.6175925925925926 0.14791666666666667 0.02777777777777778 0.020833333333333332
0 0.563425925925926 0.20625 0.036111111111111115 0.025
0 0.5425925925925926 0.190625 0.03888888888888889 0.021875
0 0.45046296296296295 0.25286458333333334 0.025 0.019270833333333334
0 0.4236111111111111 0.25 0.026851851851851852 0.014583333333333334
0 0.5046296296296297 0.32135416666666666 0.031481481481481485 0.015625
0 0.5115740740740741 0.33671875 0.026851851851851852 0.0140625
0 0.40370370370370373 0.3216145833333333 0.03333333333333333 0.018229166666666668
0 0.40740740740740744 0.371875 0.020370370370370372 0.016666666666666666
0 0.4398148148148148 0.3567708333333333 0.03333333333333333 0.021875
0 0.5148148148148148 0.4041666666666667 0.02592592592592593 0.0125
0 0.4953703703703704 0.39921875 0.024074074074074074 0.013020833333333334
0 0.48194444444444445 0.4848958333333333 0.026851851851851852 0.013541666666666667
0 0.6291666666666667 0.4596354166666667 0.028703703703703703 0.01614583333333333
0 0.5416666666666667 0.459375 0.03518518518518519 0.016666666666666666
0 0.6606481481481482 0.48333333333333334 0.032407407407407406 0.01875
0 0.5888888888888889 0.48802083333333335 0.03333333333333333 0.01875
0 0.5962962962962963 0.5739583333333333 0.031481481481481485 0.016666666666666666
0 0.6282407407407408 0.5783854166666667 0.032407407407407406 0.019270833333333334
0 0.6328703703703704 0.5932291666666667 0.030555555555555558 0.013541666666666667
0 0.6291666666666667 0.61328125 0.032407407407407406 0.015104166666666667
0 0.6175925925925926 0.6963541666666666 0.02777777777777778 0.01875
0 0.6541666666666667 0.8091145833333333 0.032407407407407406 0.021354166666666667
0 0.5796296296296296 0.7375 0.03518518518518519 0.02395833333333333
0 0.5175925925925926 0.6981770833333333 0.02962962962962963 0.01614583333333333
0 0.5231481481481481 0.7231770833333333 0.02592592592592593 0.0171875
0 0.5398148148148149 0.5296875 0.024074074074074074 0.017708333333333333
0 0.5097222222222222 0.5270833333333333 0.03425925925925926 0.019791666666666666
0 0.4486111111111111 0.5330729166666667 0.028703703703703703 0.018229166666666668
0 0.42638888888888893 0.5565104166666667 0.032407407407407406 0.0171875
0 0.24537037037037038 0.19947916666666665 0.02962962962962963 0.021875
0 0.41203703703703703 0.6033854166666667 0.031481481481481485 0.0140625
0 0.29120370370370374 0.5518229166666666 0.025 0.015104166666666667
0 0.30185185185185187 0.340625 0.020370370370370372 0.010416666666666666
0 0.2847222222222222 0.34401041666666665 0.01388888888888889 0.008854166666666666
0 0.17407407407407408 0.2546875 0.016666666666666666 0.009375
0 0.16111111111111112 0.2635416666666667 0.020370370370370372 0.011458333333333333
0 0.20694444444444446 0.28854166666666664 0.021296296296296296 0.011458333333333333
0 0.31527777777777777 0.11354166666666667 0.025 0.016666666666666666
0 0.30462962962962964 0.09583333333333333 0.031481481481481485 0.02395833333333333
0 0.29120370370370374 0.11901041666666666 0.026851851851851852 0.0234375
0 0.25972222222222224 0.1640625 0.026851851851851852 0.01875
0 0.23333333333333334 0.14583333333333334 0.02777777777777778 0.022916666666666665
0 0.25925925925925924 0.24427083333333333 0.020370370370370372 0.011458333333333333
0 0.20694444444444446 0.23098958333333333 0.02314814814814815 0.0140625
0 0.20694444444444446 0.21875 0.028703703703703703 0.017708333333333333
0 0.20370370370370372 0.16197916666666667 0.031481481481481485 0.021875
0 0.11851851851851852 0.184375 0.024074074074074074 0.015625
0 0.08703703703703704 0.17239583333333333 0.03518518518518519 0.025
0 0.22546296296296298 0.36614583333333334 0.021296296296296296 0.011458333333333333
0 0.2569444444444445 0.3859375 0.019444444444444445 0.011458333333333333
0 0.2537037037037037 0.44114583333333335 0.016666666666666666 0.011458333333333333
0 0.16574074074074074 0.34010416666666665 0.020370370370370372 0.009375
0 0.1851851851851852 0.4015625 0.022222222222222223 0.015625
0 0.17453703703703705 0.39348958333333334 0.019444444444444445 0.0109375
0 0.12314814814814816 0.39010416666666664 0.020370370370370372 0.0125
0 0.13425925925925927 0.43515624999999997 0.012962962962962964 0.009895833333333333
0 0.2138888888888889 0.571875 0.014814814814814815 0.010416666666666666
0 0.16990740740740742 0.5486979166666667 0.02314814814814815 0.013020833333333334
0 0.2300925925925926 0.5669270833333333 0.02314814814814815 0.01614583333333333
0 0.13194444444444445 0.49140625 0.036111111111111115 0.018229166666666668
0 0.1439814814814815 0.5567708333333333 0.030555555555555558 0.014583333333333334
0 0.4236111111111111 0.7830729166666667 0.026851851851851852 0.027604166666666666
0 0.2689814814814815 0.5809895833333333 0.02314814814814815 0.018229166666666668
0 0.28425925925925927 0.5971354166666667 0.02592592592592593 0.011979166666666666
0 0.3180555555555556 0.6057291666666667 0.019444444444444445 0.011458333333333333
0 0.23611111111111113 0.61171875 0.02777777777777778 0.011979166666666666
0 0.36064814814814816 0.63046875 0.030555555555555558 0.0140625
0 0.34120370370370373 0.6645833333333333 0.025 0.016666666666666666
0 0.33842592592592596 0.64765625 0.025 0.0140625
0 0.41435185185185186 0.6356770833333333 0.019444444444444445 0.0109375
0 0.38703703703703707 0.6390625 0.02777777777777778 0.015625
0 0.4671296296296297 0.6903645833333333 0.019444444444444445 0.01614583333333333
0 0.45231481481481484 0.68671875 0.017592592592592594 0.015104166666666667
0 0.4398148148148148 0.7143229166666667 0.02777777777777778 0.018229166666666668
0 0.38703703703703707 0.7231770833333333 0.02777777777777778 0.019270833333333334
0 0.32731481481481484 0.7145833333333333 0.02314814814814815 0.013541666666666667
0 0.3023148148148148 0.7205729166666667 0.026851851851851852 0.018229166666666668
0 0.4328703703703704 0.8158854166666667 0.025 0.021354166666666667
0 0.27731481481481485 0.74609375 0.032407407407407406 0.0203125
0 0.23240740740740742 0.8455729166666667 0.018518518518518517 0.024479166666666666
0 0.025462962962962965 0.37734375 0.030555555555555558 0.018229166666666668
0 0.987037037037037 0.6052083333333333 0.02592592592592593 0.013541666666666667
0 0.9833333333333334 0.5526041666666667 0.03333333333333333 0.01875
0 0.7759259259259259 0.6875 0.02592592592592593 0.014583333333333334
