0 0.15 0.6104166666666666 0.024074074074074074 0.009375
0 0.13194444444444445 0.21953124999999998 0.019444444444444445 0.011979166666666666
0 0.06435185185185185 0.74375 0.019444444444444445 0.013541666666666667
0 0.10046296296296296 0.5330729166666667 0.025 0.011979166666666666
0 0.11388888888888889 0.4515625 0.02592592592592593 0.011458333333333333
0 0.10601851851851853 0.4205729166666667 0.01388888888888889 0.013020833333333334
0 0.024074074074074074 0.57109375 0.02592592592592593 0.009895833333333333
0 0.11620370370370371 0.8544270833333333 0.036111111111111115 0.024479166666666666
0 0.12268518518518519 0.74140625 0.026851851851851852 0.019270833333333334
0 0.8916666666666667 0.14270833333333333 0.03518518518518519 0.019791666666666666
0 0.9152777777777779 0.23046875 0.026851851851851852 0.0171875
0 0.40925925925925927 0.3854166666666667 0.022222222222222223 0.015625
0 0.4847222222222222 0.41302083333333334 0.017592592592592594 0.009375
0 0.687962962962963 0.5231770833333333 0.02962962962962963 0.024479166666666666
0 0.9092592592592593 0.34921875 0.02777777777777778 0.011979166666666666
0 0.8680555555555556 0.3559895833333333 0.030555555555555558 0.015104166666666667
0 0.9203703703703704 0.29973958333333334 0.02962962962962963 0.015104166666666667
0 0.787962962962963 0.32421875 0.020370370370370372 0.013020833333333334
0 0.07546296296296297 0.7244791666666667 0.032407407407407406 0.02395833333333333
0 0.03518518518518519 0.7208333333333333 0.012962962962962964 0.014583333333333334
0 0.013425925925925926 0.5484375 0.01388888888888889 0.0125
0 0.7226851851851852 0.3390625 0.02314814814814815 0.014583333333333334
0 0.900462962962963 0.3770833333333333 0.030555555555555558 0.014583333333333334
0 0.924537037037037 0.38697916666666665 0.028703703703703703 0.01875
0 0.9560185185185186 0.38828125 0.032407407407407406 0.01614583333333333
0 0.8689814814814815 0.43124999999999997 0.025 0.0125
0 0.8027777777777778 0.4328125 0.02592592592592593 0.015625
0 0.8921296296296297 0.4640625 0.025 0.011458333333333333
0 0.8171296296296297 0.4770833333333333 0.030555555555555558 0.016666666666666666
0 0.7925925925925926 0.49114583333333334 0.020370370370370372 0.011458333333333333
0 0.8402777777777778 0.490625 0.03425925925925926 0.019791666666666666
0 0.9305555555555556 0.5018229166666667 0.037037037037037035 0.018229166666666668
0 0.9412037037037038 0.5260416666666666 0.032407407407407406 0.01875
0 0.8212962962962963 0.5276041666666667 0.031481481481481485 0.01875
0 0.9328703703703705 0.6096354166666667 0.03425925925925926 0.01614583333333333
0 0.8953703703703704 0.6203125 0.04259259259259259 0.021875
0 0.9555555555555556 0.68828125 0.040740740740740744 0.022395833333333334
0 0.6171296296296297 0.1390625 0.02314814814814815 0.020833333333333332
0 0.9472222222222223 0.7559895833333333 0.03518518518518519 0.018229166666666668
0 0.887962962962963 0.7375 0.03333333333333333 0.020833333333333332
0 0.8564814814814815 0.7375 0.024074074074074074 0.01875
0 0.7986111111111112 0.6234375 0.028703703703703703 0.017708333333333333
0 0.6976851851851852 0.72734375 0.030555555555555558 0.013020833333333334
0 0.6587962962962963 0.6427083333333333 0.025 0.015625
0 0.5208333333333334 0.3776041666666667 0.032407407407407406 0.013541666666666667
0 0.5990740740740741 0.14635416666666667 0.02777777777777778 0.019791666666666666
0 0.5449074074074074 0.20520833333333333 0.03796296296296296 0.025
0 0.5240740740740741 0.18984375 0.03888888888888889 0.022395833333333334
0 0.4342592592592593 0.2518229166666667 0.02592592592592593 0.019270833333333334
0 0.4078703703703704 0.24947916666666667 0.026851851851851852 0.015625
0 0.48703703703703705 0.32109375 0.03333333333333333 0.015104166666666667
0 0.4949074074074074 0.33567708333333335 0.026851851851851852 0.0140625
0 0.3861111111111111 0.3216145833333333 0.03333333333333333 0.018229166666666668
0 0.39212962962962966 0.37135416666666665 0.019444444444444445 0.016666666666666666
0 0.4236111111111111 0.35651041666666666 0.032407407407407406 0.022395833333333334
0 0.500462962962963 0.40338541666666666 0.025 0.011979166666666666
0 0.48194444444444445 0.39869791666666665 0.025 0.013020833333333334
0 0.46574074074074073 0.48463541666666665 0.02592592592592593 0.013020833333333334
0 0.6111111111111112 0.459375 0.02962962962962963 0.016666666666666666
0 0.5240740740740741 0.4588541666666667 0.03333333333333333 0.016666666666666666
0 0.6439814814814815 0.4828125 0.032407407407407406 0.01875
0 0.5712962962962963 0.4875 0.03333333333333333 0.01875
0 0.5796296296296296 0.5736979166666667 0.031481481481481485 0.0171875
0 0.611574074074074 0.578125 0.032407407407407406 0.01875
0 0.6152777777777778 0.59296875 0.030555555555555558 0.013020833333333334
0 0.6129629629629629 0.6125 0.031481481481481485 0.015625
0 0.600462962962963 0.69609375 0.026851851851851852 0.018229166666666668
0 0.6361111111111112 0.8091145833333333 0.031481481481481485 0.021354166666666667
0 0.5620370370370371 0.7377604166666667 0.03333333333333333 0.0234375
0 0.5 0.6981770833333333 0.02962962962962963 0.01614583333333333
0 0.5069444444444444 0.7234375 0.025 0.017708333333333333
0 0.5222222222222223 0.5296875 0.024074074074074074 0.017708333333333333
0 0.49259259259259264 0.5270833333333333 0.03518518518518519 0.019791666666666666
0 0.43194444444444446 0.5330729166666667 0.028703703703703703 0.018229166666666668
0 0.40972222222222227 0.55703125 0.032407407407407406 0.0171875
0 0.39537037037037037 0.6036458333333333 0.031481481481481485 0.014583333333333334
0 0.275 0.5520833333333334 0.02592592592592593 0.015625
0 0.28564814814814815 0.340625 0.021296296296296296 0.010416666666666666
0 0.2675925925925926 0.34375 0.014814814814814815 0.008333333333333333
0 0.15462962962962964 0.25416666666666665 0.016666666666666666 0.009375
0 0.1425925925925926 0.2635416666666667 0.020370370370370372 0.011458333333333333
0 0.1902777777777778 0.28802083333333334 0.021296296296296296 0.011458333333333333
0 0.22870370370370371 0.19895833333333332 0.03518518518518519 0.017708333333333333
0 0.2986111111111111 0.11276041666666667 0.025 0.0171875
0 0.28703703703703703 0.09479166666666666 0.031481481481481485 0.02395833333333333
0 0.27361111111111114 0.11822916666666666 0.026851851851851852 0.022916666666666665
0 0.24166666666666667 0.16302083333333334 0.02592592592592593 0.01875
0 0.2152777777777778 0.1453125 0.028703703703703703 0.022916666666666665
0 0.2425925925925926 0.24348958333333334 0.020370370370370372 0.011979166666666666
0 0.18796296296296297 0.23046875 0.024074074074074074 0.0140625
0 0.18888888888888888 0.21822916666666667 0.02962962962962963 0.01875
0 0.18564814814814815 0.1609375 0.032407407407407406 0.021875
0 0.0976851851851852 0.18385416666666665 0.025 0.015625
0 0.06574074074074074 0.17161458333333332 0.03518518518518519 0.024479166666666666
0 0.20740740740740743 0.3651041666666667 0.020370370370370372 0.011458333333333333
0 0.2388888888888889 0.38515625 0.020370370370370372 0.0109375
0 0.23472222222222222 0.44088541666666664 0.017592592592592594 0.011979166666666666
0 0.1476851851851852 0.34010416666666665 0.021296296296296296 0.009375
0 0.16620370370370371 0.40182291666666664 0.02314814814814815 0.01614583333333333
0 0.15324074074074073 0.39348958333333334 0.019444444444444445 0.0109375
0 0.10416666666666667 0.39010416666666664 0.019444444444444445 0.0125
0 0.11666666666666667 0.4354166666666667 0.012962962962962964 0.009375
0 0.1962962962962963 0.5716145833333334 0.012962962962962964 0.0109375
0 0.1513888888888889 0.5489583333333333 0.02314814814814815 0.0125
0 0.21157407407407408 0.5671875 0.02314814814814815 0.016666666666666666
0 0.11342592592592593 0.49140625 0.036111111111111115 0.018229166666666668
0 0.125 0.5567708333333333 0.031481481481481485 0.014583333333333334
0 0.4046296296296297 0.7833333333333333 0.02592592592592593 0.027083333333333334
0 0.2523148148148148 0.5809895833333333 0.025 0.018229166666666668
0 0.2675925925925926 0.5973958333333333 0.02592592592592593 0.011458333333333333
0 0.3050925925925926 0.6075520833333333 0.02314814814814815 0.015104166666666667
0 0.21851851851851853 0.61171875 0.02777777777777778 0.011979166666666666
0 0.3439814814814815 0.6309895833333333 0.032407407407407406 0.015104166666666667
0 0.32407407407407407 0.6653645833333334 0.02592592592592593 0.0171875
0 0.32222222222222224 0.6479166666666667 0.024074074074074074 0.014583333333333334
0 0.39814814814814814 0.6356770833333333 0.020370370370370372 0.0109375
0 0.3712962962962963 0.6388020833333333 0.02777777777777778 0.015104166666666667
0 0.45046296296296295 0.690625 0.021296296296296296 0.016666666666666666
0 0.43472222222222223 0.6869791666666667 0.019444444444444445 0.014583333333333334
0 0.42083333333333334 0.7143229166666667 0.026851851851851852 0.018229166666666668
0 0.3680555555555556 0.7236979166666666 0.028703703703703703 0.019270833333333334
0 0.3125 0.71484375 0.02314814814814815 0.0140625
0 0.287962962962963 0.72109375 0.02777777777777778 0.018229166666666668
0 0.4138888888888889 0.81640625 0.02592592592592593 0.021354166666666667
0 0.2611111111111111 0.746875 0.03333333333333333 0.019791666666666666
0 0.2138888888888889 0.8458333333333333 0.018518518518518517 0.025
0 0.0125 0.37734375 0.02314814814814815 0.019270833333333334
0 0.6796296296296297 0.7486979166666666 0.02592592592592593 0.021354166666666667
0 0.5800925925925926 0.34322916666666664 0.015740740740740743 0.010416666666666666
0 0.9777777777777779 0.6044270833333333 0.037037037037037035 0.013020833333333334
0 0.9703703703703704 0.5520833333333334 0.03333333333333333 0.01875
0 0.7597222222222223 0.6875 0.026851851851851852 0.013541666666666667
