0 0.8699074074074075 0.6088541666666667 0.025 0.009375
0 0.8870370370370371 0.21666666666666667 0.018518518518518517 0.0125
0 0.9212962962962963 0.5322916666666666 0.02592592592592593 0.0125
0 0.9050925925925927 0.45026041666666666 0.026851851851851852 0.0109375
0 0.9101851851851852 0.4200520833333333 0.014814814814814815 0.013020833333333334
0 0.9884259259259259 0.5708333333333333 0.02314814814814815 0.0125
0 0.9097222222222222 0.8549479166666667 0.036111111111111115 0.024479166666666666
0 0.900462962962963 0.7408854166666666 0.028703703703703703 0.0203125
0 0.12407407407407407 0.14114583333333333 0.03518518518518519 0.019791666666666666
0 0.10138888888888889 0.22916666666666666 0.026851851851851852 0.016666666666666666
0 0.6083333333333334 0.3841145833333333 0.022222222222222223 0.01614583333333333
0 0.5296296296296297 0.41119791666666666 0.018518518518518517 0.009895833333333333
0 0.33333333333333337 0.5221354166666666 0.02962962962962963 0.024479166666666666
0 0.10694444444444445 0.3481770833333333 0.028703703703703703 0.011979166666666666
0 0.14907407407407408 0.35494791666666664 0.031481481481481485 0.015104166666666667
0 0.09444444444444444 0.2989583333333333 0.02962962962962963 0.014583333333333334
0 0.2263888888888889 0.3234375 0.019444444444444445 0.0125
0 0.9472222222222223 0.72421875 0.031481481481481485 0.024479166666666666
0 0.9837962962962963 0.7200520833333334 0.01388888888888889 0.0140625
0 0.29305555555555557 0.3380208333333333 0.02314814814814815 0.014583333333333334
0 0.1175925925925926 0.37604166666666666 0.02962962962962963 0.014583333333333334
0 0.09212962962962963 0.38567708333333334 0.028703703703703703 0.018229166666666668
0 0.061111111111111116 0.3872395833333333 0.031481481481481485 0.01614583333333333
0 0.14722222222222223 0.43124999999999997 0.02777777777777778 0.014583333333333334
0 0.21435185185185185 0.4317708333333333 0.025 0.015625
0 0.12361111111111112 0.46328125 0.025 0.011979166666666666
0 0.20046296296296298 0.4765625 0.030555555555555558 0.016666666666666666
0 0.22361111111111112 0.4901041666666667 0.021296296296296296 0.011458333333333333
0 0.17731481481481481 0.48984374999999997 0.03425925925925926 0.0203125
0 0.08703703703703704 0.5015625 0.037037037037037035 0.01875
0 0.07592592592592592 0.5252604166666667 0.03333333333333333 0.018229166666666668
0 0.1962962962962963 0.5268229166666667 0.031481481481481485 0.019270833333333334
0 0.08518518518518518 0.6088541666666667 0.03518518518518519 0.016666666666666666
0 0.12407407407407407 0.6197916666666666 0.04259259259259259 0.021875
0 0.40046296296296297 0.13776041666666666 0.025 0.0203125
0 0.06435185185185185 0.6880208333333333 0.03981481481481482 0.021875
0 0.0712962962962963 0.75546875 0.03518518518518519 0.018229166666666668
0 0.13194444444444445 0.7372395833333333 0.032407407407407406 0.021354166666666667
0 0.16342592592592592 0.7369791666666666 0.025 0.01875
0 0.2189814814814815 0.6223958333333334 0.026851851851851852 0.017708333333333333
0 0.32083333333333336 0.72734375 0.032407407407407406 0.013020833333333334
0 0.36064814814814816 0.6421875 0.025 0.015625
0 0.49722222222222223 0.37604166666666666 0.031481481481481485 0.014583333333333334
0 0.4203703703703704 0.14296875 0.02777777777777778 0.019270833333333334
0 0.47500000000000003 0.20260416666666667 0.03888888888888889 0.025
0 0.49583333333333335 0.18697916666666667 0.03981481481481482 0.022916666666666665
0 0.5819444444444445 0.24973958333333332 0.026851851851851852 0.019270833333333334
0 0.6087962962962963 0.24739583333333334 0.026851851851851852 0.015625
0 0.5310185185185186 0.31953125 0.03425925925925926 0.015104166666666667
0 0.5222222222222223 0.3338541666666667 0.02777777777777778 0.014583333333333334
0 0.6314814814814815 0.31953125 0.03333333333333333 0.018229166666666668
0 0.625462962962963 0.3697916666666667 0.019444444444444445 0.016666666666666666
0 0.5949074074074074 0.35520833333333335 0.032407407407407406 0.022916666666666665
0 0.5148148148148148 0.40234375 0.024074074074074074 0.013020833333333334
0 0.5342592592592593 0.3971354166666667 0.02592592592592593 0.013020833333333334
0 0.5523148148148148 0.48385416666666664 0.026851851851851852 0.013541666666666667
0 0.4087962962962963 0.4583333333333333 0.030555555555555558 0.016666666666666666
0 0.4949074074074074 0.4578125 0.03425925925925926 0.016666666666666666
0 0.375462962962963 0.48203124999999997 0.032407407407407406 0.019270833333333334
0 0.44722222222222224 0.4864583333333333 0.03333333333333333 0.01875
0 0.4393518518518519 0.57265625 0.032407407407407406 0.0171875
0 0.4087962962962963 0.5778645833333333 0.032407407407407406 0.019270833333333334
0 0.40324074074074073 0.5919270833333333 0.030555555555555558 0.013020833333333334
0 0.4064814814814815 0.6122395833333333 0.031481481481481485 0.01614583333333333
0 0.41944444444444445 0.6958333333333333 0.02777777777777778 0.01875
0 0.3842592592592593 0.80859375 0.031481481481481485 0.021354166666666667
0 0.45787037037037037 0.7372395833333333 0.03425925925925926 0.0234375
0 0.5189814814814815 0.6979166666666666 0.030555555555555558 0.015625
0 0.512962962962963 0.7229166666666667 0.024074074074074074 0.017708333333333333
0 0.4962962962962963 0.5286458333333334 0.024074074074074074 0.017708333333333333
0 0.5268518518518519 0.5263020833333333 0.03518518518518519 0.0203125
0 0.5861111111111111 0.5322916666666666 0.02962962962962963 0.01875
0 0.6083333333333334 0.55546875 0.03333333333333333 0.0171875
0 0.6231481481481481 0.603125 0.02962962962962963 0.016666666666666666
0 0.7430555555555556 0.5513020833333333 0.026851851851851852 0.015104166666666667
0 0.7305555555555556 0.3385416666666667 0.020370370370370372 0.010416666666666666
0 0.75 0.3419270833333333 0.014814814814814815 0.008854166666666666
0 0.8652777777777778 0.2515625 0.017592592592592594 0.009375
0 0.8768518518518519 0.26119791666666664 0.020370370370370372 0.011979166666666666
0 0.8296296296296297 0.28541666666666665 0.022222222222222223 0.011458333333333333
0 0.7898148148148149 0.1953125 0.03333333333333333 0.01875
0 0.7194444444444444 0.10911458333333333 0.02592592592592593 0.0171875
0 0.7310185185185185 0.09166666666666666 0.030555555555555558 0.02395833333333333
0 0.7449074074074075 0.11484375 0.026851851851851852 0.0234375
0 0.7763888888888889 0.16041666666666665 0.026851851851851852 0.01875
0 0.8041666666666667 0.14192708333333334 0.028703703703703703 0.0234375
0 0.775462962962963 0.24088541666666666 0.021296296296296296 0.011979166666666666
0 0.8314814814814815 0.22786458333333334 0.024074074074074074 0.0140625
0 0.8324074074074075 0.21562499999999998 0.02962962962962963 0.01875
0 0.8347222222222223 0.15833333333333333 0.032407407407407406 0.021875
0 0.924537037037037 0.18020833333333333 0.026851851851851852 0.016666666666666666
0 0.9560185185185186 0.16848958333333333 0.03425925925925926 0.024479166666666666
0 0.813425925925926 0.36302083333333335 0.021296296296296296 0.011458333333333333
0 0.7814814814814816 0.38359375 0.020370370370370372 0.0109375
0 0.7837962962962963 0.4395833333333333 0.017592592592592594 0.011458333333333333
0 0.8722222222222222 0.3377604166666667 0.022222222222222223 0.009895833333333333
0 0.8550925925925926 0.39947916666666666 0.02314814814814815 0.015625
0 0.8703703703703703 0.39140625 0.020370370370370372 0.0109375
0 0.9175925925925926 0.3880208333333333 0.020370370370370372 0.0125
0 0.8958333333333334 0.43333333333333335 0.02314814814814815 0.010416666666666666
0 0.8245370370370371 0.57109375 0.01388888888888889 0.0109375
0 0.8694444444444445 0.5481770833333334 0.022222222222222223 0.013020833333333334
0 0.8083333333333333 0.5669270833333333 0.022222222222222223 0.01614583333333333
0 0.9083333333333333 0.4901041666666667 0.037037037037037035 0.01875
0 0.8972222222222223 0.5557291666666666 0.031481481481481485 0.014583333333333334
0 0.6171296296296297 0.7833333333333333 0.026851851851851852 0.027083333333333334
0 0.7671296296296296 0.5802083333333333 0.026851851851851852 0.017708333333333333
0 0.750925925925926 0.5966145833333333 0.02592592592592593 0.011979166666666666
0 0.7138888888888889 0.60703125 0.020370370370370372 0.015104166666666667
0 0.8018518518518519 0.6111979166666667 0.02777777777777778 0.011979166666666666
0 0.675462962962963 0.6302083333333334 0.032407407407407406 0.014583333333333334
0 0.6944444444444444 0.6645833333333333 0.02592592592592593 0.016666666666666666
0 0.6967592592592593 0.6473958333333333 0.02314814814814815 0.014583333333333334
0 0.6199074074074075 0.63515625 0.021296296296296296 0.0109375
0 0.6472222222222223 0.63828125 0.02777777777777778 0.015104166666666667
0 0.5671296296296297 0.6901041666666666 0.02314814814814815 0.016666666666666666
0 0.5847222222222223 0.6861979166666666 0.019444444444444445 0.015104166666666667
0 0.5990740740740741 0.7143229166666667 0.02777777777777778 0.018229166666666668
0 0.6532407407407408 0.72265625 0.028703703703703703 0.019270833333333334
0 0.7064814814814815 0.7145833333333333 0.024074074074074074 0.014583333333333334
0 0.7314814814814815 0.7205729166666667 0.02777777777777778 0.018229166666666668
0 0.6087962962962963 0.81640625 0.025 0.021354166666666667
0 0.7606481481481482 0.74609375 0.03425925925925926 0.0203125
0 0.8064814814814815 0.8447916666666666 0.020370370370370372 0.022916666666666665
0 0.33935185185185185 0.7486979166666666 0.026851851851851852 0.021354166666666667
0 0.5287037037037037 0.4953125 0.024074074074074074 0.016666666666666666
0 0.43703703703703706 0.3421875 0.016666666666666666 0.009375
0 0.04166666666666667 0.6041666666666666 0.037037037037037035 0.013541666666666667
0 0.0462962962962963 0.5515625 0.03518518518518519 0.01875
0 0.012037037037037037 0.53515625 0.020370370370370372 0.011979166666666666
0 0.021296296296296296 0.5489583333333333 0.02592592592592593 0.0125
0 0.0125 0.29609375 0.021296296296296296 0.0140625
0 0.25462962962962965 0.68671875 0.022222222222222223 0.013020833333333334
