0 0.8787037037037038 0.6088541666666667 0.02592592592592593 0.009375
0 0.8958333333333334 0.21562499999999998 0.019444444444444445 0.0125
0 0.9314814814814815 0.5317708333333333 0.02592592592592593 0.013541666666666667
0 0.9143518518518519 0.44947916666666665 0.026851851851851852 0.011458333333333333
0 0.9185185185185185 0.4197916666666667 0.014814814814814815 0.013541666666666667
0 0.9226851851851853 0.8552083333333333 0.036111111111111115 0.025
0 0.9106481481481482 0.7408854166666666 0.028703703703703703 0.0203125
0 0.13148148148148148 0.13984375 0.03518518518518519 0.0203125
0 0.10787037037037038 0.22838541666666667 0.026851851851851852 0.01614583333333333
0 0.6148148148148148 0.3828125 0.022222222222222223 0.015625
0 0.5365740740740741 0.4106770833333333 0.019444444444444445 0.009895833333333333
0 0.34351851851851856 0.5216145833333333 0.02962962962962963 0.024479166666666666
0 0.11527777777777778 0.34765625 0.028703703703703703 0.011979166666666666
0 0.15694444444444444 0.35390625 0.032407407407407406 0.015104166666666667
0 0.10092592592592593 0.2981770833333333 0.02962962962962963 0.015104166666666667
0 0.23287037037037037 0.32265625 0.019444444444444445 0.013020833333333334
0 0.9583333333333334 0.7239583333333334 0.031481481481481485 0.025
0 0.9930555555555556 0.7197916666666666 0.01388888888888889 0.014583333333333334
0 0.29953703703703705 0.3375 0.02314814814814815 0.014583333333333334
0 0.12407407407407407 0.3755208333333333 0.02962962962962963 0.014583333333333334
0 0.09953703703703703 0.38567708333333334 0.028703703703703703 0.018229166666666668
0 0.06898148148148149 0.38697916666666665 0.032407407407407406 0.017708333333333333
0 0.15462962962962964 0.4302083333333333 0.02777777777777778 0.013541666666666667
0 0.2212962962962963 0.43124999999999997 0.02592592592592593 0.015625
0 0.13055555555555556 0.46328125 0.02592592592592593 0.011979166666666666
0 0.20833333333333334 0.47604166666666664 0.02962962962962963 0.016666666666666666
0 0.23055555555555557 0.48932291666666666 0.022222222222222223 0.011979166666666666
0 0.18564814814814815 0.4895833333333333 0.03425925925925926 0.019791666666666666
0 0.09490740740740741 0.5013020833333334 0.036111111111111115 0.018229166666666668
0 0.0837962962962963 0.5247395833333334 0.032407407407407406 0.018229166666666668
0 0.20370370370370372 0.5268229166666667 0.031481481481481485 0.019270833333333334
0 0.09305555555555556 0.60859375 0.036111111111111115 0.0171875
0 0.1328703703703704 0.61953125 0.04166666666666667 0.022395833333333334
0 0.4083333333333333 0.13515625 0.02592592592592593 0.0203125
0 0.07361111111111111 0.6875 0.03981481481481482 0.021875
0 0.4763888888888889 0.20234375 0.032407407407407406 0.024479166666666666
0 0.08055555555555556 0.7552083333333334 0.03518518518518519 0.01875
0 0.14074074074074075 0.7372395833333333 0.03333333333333333 0.0203125
0 0.17175925925925928 0.7372395833333333 0.025 0.019270833333333334
0 0.22685185185185186 0.6223958333333334 0.02777777777777778 0.017708333333333333
0 0.32962962962962966 0.7268229166666667 0.031481481481481485 0.013020833333333334
0 0.36944444444444446 0.6416666666666666 0.02592592592592593 0.015625
0 0.5060185185185185 0.37526041666666665 0.028703703703703703 0.01614583333333333
0 0.42962962962962964 0.1421875 0.02592592592592593 0.019791666666666666
0 0.5046296296296297 0.1859375 0.040740740740740744 0.022916666666666665
0 0.5907407407407408 0.24869791666666666 0.02592592592592593 0.019270833333333334
0 0.6175925925925926 0.24609375 0.02592592592592593 0.01614583333333333
0 0.5393518518518519 0.3177083333333333 0.03425925925925926 0.015625
0 0.5310185185185186 0.3333333333333333 0.026851851851851852 0.014583333333333334
0 0.6402777777777778 0.3190104166666667 0.03425925925925926 0.018229166666666668
0 0.6342592592592593 0.3692708333333333 0.018518518518518517 0.016666666666666666
0 0.6027777777777777 0.3541666666666667 0.03333333333333333 0.022916666666666665
0 0.5212962962962964 0.4010416666666667 0.022222222222222223 0.013541666666666667
0 0.5407407407407407 0.396875 0.02592592592592593 0.013541666666666667
0 0.5578703703703703 0.48463541666666665 0.021296296296296296 0.01614583333333333
0 0.41712962962962963 0.4578125 0.030555555555555558 0.016666666666666666
0 0.5027777777777778 0.45703125 0.03333333333333333 0.0171875
0 0.3842592592592593 0.48151041666666666 0.03333333333333333 0.019270833333333334
0 0.45601851851851855 0.4856770833333333 0.03425925925925926 0.019270833333333334
0 0.4476851851851852 0.5721354166666667 0.032407407407407406 0.0171875
0 0.41620370370370374 0.57734375 0.032407407407407406 0.019270833333333334
0 0.41111111111111115 0.5916666666666667 0.02962962962962963 0.0125
0 0.4138888888888889 0.6122395833333333 0.03333333333333333 0.01614583333333333
0 0.4277777777777778 0.6953125 0.02777777777777778 0.01875
0 0.39305555555555555 0.8083333333333333 0.030555555555555558 0.021875
0 0.4666666666666667 0.7369791666666666 0.03333333333333333 0.02395833333333333
0 0.5277777777777778 0.69765625 0.02962962962962963 0.01614583333333333
0 0.5217592592592593 0.7229166666666667 0.025 0.017708333333333333
0 0.5055555555555555 0.5283854166666666 0.024074074074074074 0.0171875
0 0.5351851851851852 0.52578125 0.03518518518518519 0.0203125
0 0.5935185185185186 0.5317708333333333 0.02962962962962963 0.01875
0 0.6157407407407408 0.55546875 0.03333333333333333 0.0171875
0 0.6324074074074074 0.60234375 0.031481481481481485 0.015104166666666667
0 0.750462962962963 0.5505208333333333 0.026851851851851852 0.015625
0 0.7384259259259259 0.3375 0.021296296296296296 0.010416666666666666
0 0.7578703703703704 0.3416666666666667 0.015740740740740743 0.009375
0 0.875 0.25 0.016666666666666666 0.009375
0 0.8865740740740741 0.2598958333333333 0.021296296296296296 0.011458333333333333
0 0.8384259259259259 0.28411458333333334 0.02314814814814815 0.011979166666666666
0 0.7986111111111112 0.19401041666666666 0.03796296296296296 0.019270833333333334
0 0.7277777777777779 0.10807291666666667 0.02592592592592593 0.0171875
0 0.7393518518518519 0.08984375 0.030555555555555558 0.024479166666666666
0 0.7523148148148149 0.11328125 0.026851851851851852 0.0234375
0 0.7861111111111111 0.15885416666666666 0.02777777777777778 0.01875
0 0.813425925925926 0.14088541666666665 0.028703703703703703 0.0234375
0 0.7837962962962963 0.23984375 0.021296296296296296 0.011979166666666666
0 0.8407407407407408 0.2265625 0.024074074074074074 0.014583333333333334
0 0.8412037037037038 0.21458333333333332 0.030555555555555558 0.01875
0 0.8435185185185186 0.15677083333333333 0.03333333333333333 0.021875
0 0.9361111111111111 0.17864583333333334 0.02777777777777778 0.016666666666666666
0 0.9675925925925927 0.16640625 0.03518518518518519 0.024479166666666666
0 0.8226851851851852 0.36223958333333334 0.021296296296296296 0.011979166666666666
0 0.7907407407407407 0.38255208333333335 0.020370370370370372 0.011979166666666666
0 0.7935185185185185 0.43828125 0.018518518518518517 0.011979166666666666
0 0.8814814814814815 0.33671875 0.022222222222222223 0.009895833333333333
0 0.8662037037037037 0.39869791666666665 0.02314814814814815 0.01614583333333333
0 0.8805555555555555 0.39036458333333335 0.020370370370370372 0.0109375
0 0.9273148148148148 0.38697916666666665 0.019444444444444445 0.0125
0 0.9041666666666667 0.4328125 0.02314814814814815 0.011458333333333333
0 0.8347222222222223 0.5705729166666667 0.01388888888888889 0.0109375
0 0.8800925925925926 0.5471354166666667 0.02314814814814815 0.013020833333333334
0 0.8180555555555555 0.5661458333333333 0.02314814814814815 0.016666666666666666
0 0.9175925925925926 0.48984374999999997 0.037037037037037035 0.018229166666666668
0 0.9064814814814816 0.55546875 0.031481481481481485 0.015104166666666667
0 0.6273148148148149 0.7830729166666667 0.026851851851851852 0.027604166666666666
0 0.775462962962963 0.5796875 0.026851851851851852 0.017708333333333333
0 0.7601851851851852 0.59609375 0.02592592592592593 0.011979166666666666
0 0.7226851851851852 0.6067708333333334 0.019444444444444445 0.015625
0 0.8111111111111111 0.6109375 0.02777777777777778 0.0125
0 0.6833333333333333 0.6302083333333334 0.031481481481481485 0.014583333333333334
0 0.7027777777777778 0.6643229166666667 0.02592592592592593 0.0171875
0 0.7046296296296296 0.6466145833333333 0.024074074074074074 0.0140625
0 0.6277777777777778 0.6346354166666667 0.020370370370370372 0.0109375
0 0.6555555555555556 0.63828125 0.02777777777777778 0.015104166666666667
0 0.575462962962963 0.6901041666666666 0.02314814814814815 0.016666666666666666
0 0.5935185185185186 0.6861979166666666 0.022222222222222223 0.0140625
0 0.6092592592592593 0.7140625 0.02777777777777778 0.017708333333333333
0 0.6625 0.72265625 0.028703703703703703 0.019270833333333334
0 0.7143518518518519 0.7140625 0.02314814814814815 0.014583333333333334
0 0.7398148148148148 0.7203125 0.02777777777777778 0.01875
0 0.6189814814814815 0.8161458333333333 0.025 0.020833333333333332
0 0.7699074074074075 0.74609375 0.03425925925925926 0.0203125
0 0.8166666666666667 0.8447916666666666 0.020370370370370372 0.021875
0 0.34861111111111115 0.7481770833333333 0.026851851851851852 0.021354166666666667
0 0.5347222222222222 0.4942708333333333 0.021296296296296296 0.017708333333333333
0 0.4449074074074074 0.3411458333333333 0.019444444444444445 0.009375
0 0.050462962962962966 0.6036458333333333 0.03796296296296296 0.013541666666666667
0 0.018518518518518517 0.67890625 0.03333333333333333 0.018229166666666668
0 0.05416666666666667 0.5513020833333333 0.03425925925925926 0.018229166666666668
0 0.015277777777777779 0.5346354166666667 0.026851851851851852 0.011979166666666666
0 0.028703703703703703 0.5484375 0.02592592592592593 0.0125
0 0.012962962962962964 0.39010416666666664 0.022222222222222223 0.016666666666666666
0 0.015277777777777779 0.29453125 0.026851851851851852 0.0140625
0 0.2611111111111111 0.6859375 0.020370370370370372 0.013541666666666667
