0 0.09722222222222222 0.2140625 0.020370370370370372 0.0125
0 0.06018518518518519 0.5315104166666667 0.02592592592592593 0.013020833333333334
0 0.07916666666666666 0.4484375 0.026851851851851852 0.011458333333333333
0 0.06712962962962964 0.85546875 0.036111111111111115 0.025520833333333333
0 0.08101851851851852 0.7411458333333333 0.028703703703703703 0.019791666666666666
0 0.8634259259259259 0.13828125 0.03425925925925926 0.0203125
0 0.8865740740740741 0.22708333333333333 0.026851851851851852 0.016666666666666666
0 0.37824074074074077 0.3828125 0.021296296296296296 0.015625
0 0.45787037037037037 0.41015625 0.017592592592592594 0.009895833333333333
0 0.6490740740740741 0.5213541666666667 0.02962962962962963 0.02395833333333333
0 0.8796296296296297 0.34739583333333335 0.02777777777777778 0.011458333333333333
0 0.8375 0.3533854166666667 0.032407407407407406 0.015104166666666667
0 0.8944444444444445 0.29713541666666665 0.02962962962962963 0.015104166666666667
0 0.7620370370370371 0.3221354166666667 0.020370370370370372 0.013020833333333334
0 0.033796296296296297 0.7234375 0.030555555555555558 0.02395833333333333
0 0.6949074074074074 0.3372395833333333 0.02314814814814815 0.0140625
0 0.8694444444444445 0.375 0.02962962962962963 0.014583333333333334
0 0.8944444444444445 0.3848958333333333 0.02962962962962963 0.01875
0 0.9236111111111112 0.38619791666666664 0.030555555555555558 0.0171875
0 0.8393518518518519 0.42942708333333335 0.028703703703703703 0.013020833333333334
0 0.7722222222222223 0.43046875 0.02592592592592593 0.015104166666666667
0 0.8643518518518519 0.46249999999999997 0.026851851851851852 0.0125
0 0.7861111111111111 0.47578125 0.02962962962962963 0.01614583333333333
0 0.7648148148148148 0.48932291666666666 0.022222222222222223 0.011979166666666666
0 0.8087962962962963 0.48932291666666666 0.03425925925925926 0.0203125
0 0.9 0.5010416666666666 0.037037037037037035 0.01875
0 0.9106481481481482 0.5247395833333334 0.032407407407407406 0.018229166666666668
0 0.4981481481481482 0.3763020833333333 0.02777777777777778 0.015104166666666667
0 0.7902777777777779 0.5265625 0.030555555555555558 0.019791666666666666
0 0.9009259259259259 0.6088541666666667 0.037037037037037035 0.017708333333333333
0 0.8615740740740742 0.61953125 0.04166666666666667 0.022395833333333334
0 0.9199074074074074 0.6877604166666667 0.03981481481481482 0.022395833333333334
0 0.912962962962963 0.7549479166666666 0.03518518518518519 0.018229166666666668
0 0.8523148148148149 0.7369791666666666 0.032407407407407406 0.020833333333333332
0 0.8212962962962963 0.7372395833333333 0.02592592592592593 0.019270833333333334
0 0.7675925925925926 0.6221354166666666 0.02777777777777778 0.0171875
0 0.6643518518518519 0.7263020833333333 0.032407407407407406 0.013020833333333334
0 0.6240740740740741 0.6416666666666666 0.02592592592592593 0.015625
0 0.5842592592592593 0.13359375 0.02777777777777778 0.019270833333333334
0 0.5625 0.14088541666666665 0.026851851851851852 0.019270833333333334
0 0.5157407407407407 0.2015625 0.031481481481481485 0.025
0 0.487962962962963 0.18463541666666666 0.040740740740740744 0.022395833333333334
0 0.40324074074074073 0.24817708333333333 0.026851851851851852 0.019270833333333334
0 0.37592592592592594 0.24479166666666666 0.02592592592592593 0.015625
0 0.45416666666666666 0.3177083333333333 0.03425925925925926 0.015625
0 0.4625 0.33229166666666665 0.026851851851851852 0.014583333333333334
0 0.35324074074074074 0.3171875 0.03425925925925926 0.01875
0 0.3601851851851852 0.3684895833333333 0.018518518518518517 0.0171875
0 0.3902777777777778 0.3536458333333333 0.032407407407407406 0.022916666666666665
0 0.4740740740740741 0.4010416666666667 0.022222222222222223 0.013541666666666667
0 0.4537037037037037 0.3963541666666667 0.02592592592592593 0.013541666666666667
0 0.4351851851851852 0.48463541666666665 0.022222222222222223 0.015104166666666667
0 0.576388888888889 0.4578125 0.030555555555555558 0.016666666666666666
0 0.4902777777777778 0.45651041666666664 0.03425925925925926 0.0171875
0 0.6092592592592593 0.48125 0.03333333333333333 0.01875
0 0.5365740740740741 0.4856770833333333 0.03425925925925926 0.019270833333333334
0 0.5458333333333334 0.5723958333333333 0.032407407407407406 0.016666666666666666
0 0.5773148148148148 0.5770833333333333 0.032407407407407406 0.01875
0 0.5824074074074075 0.59140625 0.02962962962962963 0.013020833333333334
0 0.5787037037037037 0.6114583333333333 0.031481481481481485 0.015625
0 0.5648148148148149 0.6955729166666667 0.02777777777777778 0.019270833333333334
0 0.6 0.8080729166666667 0.02962962962962963 0.022395833333333334
0 0.5263888888888889 0.7369791666666666 0.03425925925925926 0.022916666666666665
0 0.46481481481481485 0.6973958333333333 0.02962962962962963 0.016666666666666666
0 0.47175925925925927 0.72265625 0.025 0.018229166666666668
0 0.48842592592592593 0.5276041666666667 0.025 0.016666666666666666
0 0.45787037037037037 0.5255208333333333 0.03425925925925926 0.019791666666666666
0 0.4 0.5317708333333333 0.02962962962962963 0.01875
0 0.3787037037037037 0.5546875 0.03333333333333333 0.017708333333333333
0 0.3601851851851852 0.6020833333333333 0.03333333333333333 0.014583333333333334
0 0.2425925925925926 0.5502604166666667 0.02777777777777778 0.015104166666666667
0 0.2550925925925926 0.33697916666666666 0.021296296296296296 0.010416666666666666
0 0.2351851851851852 0.34088541666666666 0.016666666666666666 0.009895833333333333
0 0.11620370370370371 0.24895833333333334 0.017592592592592594 0.009375
0 0.10648148148148148 0.25885416666666666 0.020370370370370372 0.011458333333333333
0 0.15462962962962964 0.2830729166666667 0.022222222222222223 0.011979166666666666
0 0.19583333333333333 0.19296875 0.032407407407407406 0.019270833333333334
0 0.2657407407407408 0.10651041666666666 0.02592592592592593 0.0171875
0 0.2537037037037037 0.08802083333333333 0.031481481481481485 0.02395833333333333
0 0.24074074074074076 0.11171874999999999 0.02777777777777778 0.0234375
0 0.20787037037037037 0.15729166666666666 0.026851851851851852 0.01875
0 0.1800925925925926 0.1390625 0.028703703703703703 0.022916666666666665
0 0.20972222222222223 0.23880208333333333 0.021296296296296296 0.011979166666666666
0 0.1513888888888889 0.22526041666666666 0.025 0.015104166666666667
0 0.1513888888888889 0.21354166666666666 0.030555555555555558 0.01875
0 0.14907407407407408 0.15494791666666666 0.03333333333333333 0.022395833333333334
0 0.05601851851851852 0.17708333333333334 0.028703703703703703 0.016666666666666666
0 0.02314814814814815 0.16536458333333334 0.03518518518518519 0.024479166666666666
0 0.16898148148148148 0.36171875 0.021296296296296296 0.011979166666666666
0 0.20185185185185187 0.38203125 0.020370370370370372 0.011979166666666666
0 0.19953703703703704 0.43776041666666665 0.019444444444444445 0.011979166666666666
0 0.11111111111111112 0.33567708333333335 0.022222222222222223 0.009895833333333333
0 0.12546296296296297 0.39765625 0.02314814814814815 0.01614583333333333
0 0.11018518518518519 0.38958333333333334 0.020370370370370372 0.010416666666666666
0 0.06435185185185185 0.38619791666666664 0.019444444444444445 0.013020833333333334
0 0.08981481481481482 0.43255208333333334 0.022222222222222223 0.011979166666666666
0 0.15833333333333333 0.5703125 0.014814814814814815 0.011458333333333333
0 0.11296296296296297 0.5471354166666667 0.022222222222222223 0.013020833333333334
0 0.17453703703703705 0.5658854166666667 0.02314814814814815 0.01614583333333333
0 0.07407407407407407 0.4890625 0.037037037037037035 0.01875
0 0.08564814814814815 0.5549479166666667 0.032407407407407406 0.015104166666666667
0 0.3648148148148148 0.7828125 0.02777777777777778 0.027083333333333334
0 0.2175925925925926 0.5796875 0.02777777777777778 0.017708333333333333
0 0.23333333333333334 0.59609375 0.02592592592592593 0.011979166666666666
0 0.27083333333333337 0.6067708333333334 0.017592592592592594 0.014583333333333334
0 0.18194444444444446 0.6106770833333334 0.028703703703703703 0.011979166666666666
0 0.3101851851851852 0.6296875 0.031481481481481485 0.014583333333333334
0 0.2902777777777778 0.6640625 0.026851851851851852 0.016666666666666666
0 0.28935185185185186 0.646875 0.02314814814814815 0.014583333333333334
0 0.3662037037037037 0.6346354166666667 0.021296296296296296 0.0109375
0 0.33796296296296297 0.63828125 0.02777777777777778 0.015104166666666667
0 0.4189814814814815 0.6895833333333333 0.02314814814814815 0.016666666666666666
0 0.3990740740740741 0.6859375 0.022222222222222223 0.014583333333333334
0 0.3837962962962963 0.7140625 0.026851851851851852 0.01875
0 0.3300925925925926 0.7231770833333333 0.028703703703703703 0.019270833333333334
0 0.2796296296296296 0.7143229166666667 0.024074074074074074 0.0140625
0 0.25462962962962965 0.7203125 0.02777777777777778 0.01875
0 0.3736111111111111 0.8161458333333333 0.025 0.020833333333333332
0 0.22361111111111112 0.7463541666666667 0.03425925925925926 0.019791666666666666
0 0.1763888888888889 0.84453125 0.021296296296296296 0.021354166666666667
0 0.6449074074074075 0.74765625 0.026851851851851852 0.021354166666666667
0 0.45833333333333337 0.4947916666666667 0.024074074074074074 0.017708333333333333
0 0.549074074074074 0.340625 0.018518518518518517 0.008333333333333333
0 0.9444444444444445 0.6036458333333333 0.037037037037037035 0.013541666666666667
0 0.975925925925926 0.6786458333333333 0.03518518518518519 0.017708333333333333
0 0.9393518518518519 0.5510416666666667 0.03425925925925926 0.01875
0 0.9819444444444445 0.534375 0.032407407407407406 0.0125
0 0.9662037037037038 0.5484375 0.026851851851851852 0.0125
0 0.9847222222222223 0.38958333333333334 0.030555555555555558 0.016666666666666666
0 0.9805555555555556 0.29375 0.031481481481481485 0.014583333333333334
0 0.7333333333333334 0.6854166666666667 0.020370370370370372 0.013541666666666667
