0 0.0699074074074074 0.21041666666666667 0.019444444444444445 0.0125
0 0.030092592592592594 0.53046875 0.025 0.013020833333333334
0 0.055092592592592596 0.44687499999999997 0.026851851851851852 0.011458333333333333
0 0.031018518518518518 0.85625 0.036111111111111115 0.026041666666666668
0 0.05 0.740625 0.02962962962962963 0.020833333333333332
0 0.8430555555555556 0.13359375 0.03425925925925926 0.0203125
0 0.8666666666666667 0.22343749999999998 0.02777777777777778 0.016666666666666666
0 0.3550925925925926 0.38046875 0.021296296296296296 0.01614583333333333
0 0.43842592592592594 0.40729166666666666 0.019444444444444445 0.010416666666666666
0 0.6217592592592592 0.51953125 0.028703703703703703 0.0234375
0 0.8583333333333334 0.34401041666666665 0.02962962962962963 0.011979166666666666
0 0.8162037037037038 0.3502604166666667 0.032407407407407406 0.015104166666666667
0 0.875925925925926 0.29401041666666666 0.02962962962962963 0.015104166666666667
0 0.7462962962962963 0.3203125 0.022222222222222223 0.015625
0 0.010648148148148148 0.7223958333333333 0.019444444444444445 0.02395833333333333
0 0.6763888888888889 0.334375 0.02314814814814815 0.014583333333333334
0 0.8472222222222222 0.371875 0.02962962962962963 0.014583333333333334
0 0.8736111111111111 0.38229166666666664 0.028703703703703703 0.01875
0 0.9018518518518519 0.38359375 0.02962962962962963 0.0171875
0 0.8194444444444445 0.42734374999999997 0.031481481481481485 0.0140625
0 0.750925925925926 0.4283854166666667 0.02592592592592593 0.015104166666666667
0 0.8444444444444444 0.46015625 0.02592592592592593 0.013020833333333334
0 0.7643518518518518 0.4734375 0.030555555555555558 0.015625
0 0.7444444444444445 0.48723958333333334 0.022222222222222223 0.011979166666666666
0 0.7865740740740741 0.48723958333333334 0.03425925925925926 0.0203125
0 0.8773148148148149 0.49895833333333334 0.03796296296296296 0.01875
0 0.888888888888889 0.52265625 0.03333333333333333 0.018229166666666668
0 0.7680555555555556 0.5244791666666666 0.030555555555555558 0.019791666666666666
0 0.8796296296296297 0.6072916666666667 0.03888888888888889 0.017708333333333333
0 0.837037037037037 0.6177083333333333 0.04259259259259259 0.022916666666666665
0 0.8944444444444445 0.6859375 0.03888888888888889 0.021875
0 0.8902777777777778 0.7536458333333333 0.03425925925925926 0.01875
0 0.8287037037037037 0.7356770833333334 0.03333333333333333 0.021354166666666667
0 0.7976851851851852 0.7356770833333334 0.025 0.019270833333333334
0 0.7449074074074075 0.6208333333333333 0.026851851851851852 0.017708333333333333
0 0.6402777777777778 0.7255208333333333 0.032407407407407406 0.013541666666666667
0 0.5990740740740741 0.640625 0.02592592592592593 0.016666666666666666
0 0.4740740740740741 0.37421875 0.03333333333333333 0.015104166666666667
0 0.5587962962962963 0.12890625 0.028703703703703703 0.021354166666666667
0 0.5444444444444445 0.13723958333333333 0.02592592592592593 0.022395833333333334
0 0.487962962962963 0.19739583333333333 0.03333333333333333 0.025
0 0.46111111111111114 0.1796875 0.040740740740740744 0.022916666666666665
0 0.3800925925925926 0.24453125 0.026851851851851852 0.019270833333333334
0 0.3523148148148148 0.24192708333333332 0.026851851851851852 0.01614583333333333
0 0.4277777777777778 0.3145833333333333 0.03518518518518519 0.015625
0 0.43842592592592594 0.3296875 0.026851851851851852 0.014583333333333334
0 0.32685185185185184 0.31484375 0.03518518518518519 0.018229166666666668
0 0.3351851851851852 0.36666666666666664 0.018518518518518517 0.016666666666666666
0 0.3648148148148148 0.35052083333333334 0.03333333333333333 0.022916666666666665
0 0.45416666666666666 0.3984375 0.02314814814814815 0.013541666666666667
0 0.43472222222222223 0.39427083333333335 0.026851851851851852 0.014583333333333334
0 0.41250000000000003 0.4828125 0.019444444444444445 0.016666666666666666
0 0.5513888888888889 0.4557291666666667 0.032407407407407406 0.017708333333333333
0 0.46481481481481485 0.45468749999999997 0.03333333333333333 0.016666666666666666
0 0.5833333333333334 0.47942708333333334 0.03333333333333333 0.019270833333333334
0 0.5106481481481482 0.48385416666666664 0.03425925925925926 0.019791666666666666
0 0.5203703703703704 0.57109375 0.031481481481481485 0.0171875
0 0.5523148148148148 0.5752604166666666 0.032407407407407406 0.019270833333333334
0 0.5574074074074075 0.5901041666666667 0.02777777777777778 0.0125
0 0.5555555555555556 0.61015625 0.02962962962962963 0.0171875
0 0.5402777777777777 0.69453125 0.028703703703703703 0.019270833333333334
0 0.5745370370370371 0.8078124999999999 0.028703703703703703 0.022916666666666665
0 0.5018518518518519 0.73671875 0.03333333333333333 0.022395833333333334
0 0.4398148148148148 0.6966145833333334 0.02962962962962963 0.0171875
0 0.44722222222222224 0.721875 0.024074074074074074 0.017708333333333333
0 0.4625 0.5265625 0.025 0.017708333333333333
0 0.4314814814814815 0.5239583333333333 0.03518518518518519 0.020833333333333332
0 0.37592592592592594 0.5299479166666666 0.031481481481481485 0.019270833333333334
0 0.35555555555555557 0.55390625 0.03333333333333333 0.018229166666666668
0 0.3351851851851852 0.6013020833333333 0.03518518518518519 0.015104166666666667
0 0.2189814814814815 0.5486979166666667 0.026851851851851852 0.015104166666666667
0 0.23194444444444445 0.3338541666666667 0.021296296296296296 0.010416666666666666
0 0.2111111111111111 0.33828125 0.016666666666666666 0.009895833333333333
0 0.08611111111111111 0.24505208333333334 0.018518518518518517 0.009895833333333333
0 0.07777777777777778 0.25546875 0.020370370370370372 0.011979166666666666
0 0.12685185185185185 0.2799479166666667 0.024074074074074074 0.011979166666666666
0 0.16666666666666669 0.1890625 0.03518518518518519 0.020833333333333332
0 0.24027777777777778 0.10130208333333333 0.026851851851851852 0.0171875
0 0.2263888888888889 0.08307291666666666 0.032407407407407406 0.024479166666666666
0 0.2138888888888889 0.10677083333333333 0.02777777777777778 0.02395833333333333
0 0.1800925925925926 0.15286458333333333 0.028703703703703703 0.019270833333333334
0 0.15046296296296297 0.13411458333333334 0.030555555555555558 0.0234375
0 0.18425925925925926 0.23541666666666666 0.022222222222222223 0.0125
0 0.12222222222222223 0.22161458333333334 0.02592592592592593 0.015104166666666667
0 0.12175925925925926 0.209375 0.030555555555555558 0.019791666666666666
0 0.12037037037037038 0.15052083333333333 0.03333333333333333 0.021875
0 0.022222222222222223 0.171875 0.03333333333333333 0.01875
0 0.1398148148148148 0.35885416666666664 0.020370370370370372 0.0125
0 0.1736111111111111 0.37916666666666665 0.021296296296296296 0.011458333333333333
0 0.17222222222222222 0.4359375 0.020370370370370372 0.0125
0 0.08240740740740742 0.33307291666666666 0.022222222222222223 0.009895833333333333
0 0.09583333333333334 0.39557291666666666 0.02314814814814815 0.01614583333333333
0 0.07731481481481482 0.3872395833333333 0.02314814814814815 0.0109375
0 0.034722222222222224 0.38359375 0.019444444444444445 0.011979166666666666
0 0.0638888888888889 0.43046875 0.024074074074074074 0.011979166666666666
0 0.0837962962962963 0.5463541666666667 0.02314814814814815 0.0125
0 0.14583333333333334 0.5653645833333333 0.02314814814814815 0.01614583333333333
0 0.04537037037037037 0.4875 0.037037037037037035 0.01875
0 0.05648148148148149 0.5541666666666667 0.031481481481481485 0.014583333333333334
0 0.337037037037037 0.7825520833333334 0.02777777777777778 0.027604166666666666
0 0.19166666666666668 0.57890625 0.02962962962962963 0.0171875
0 0.20833333333333334 0.5950520833333334 0.02592592592592593 0.011979166666666666
0 0.15462962962962964 0.6098958333333333 0.02962962962962963 0.0125
0 0.28564814814814815 0.62890625 0.032407407407407406 0.015104166666666667
0 0.2652777777777778 0.6635416666666667 0.026851851851851852 0.017708333333333333
0 0.2652777777777778 0.6458333333333334 0.02314814814814815 0.014583333333333334
0 0.3425925925925926 0.6341145833333334 0.022222222222222223 0.0109375
0 0.3148148148148148 0.6375 0.02777777777777778 0.015625
0 0.39537037037037037 0.6890625 0.024074074074074074 0.016666666666666666
0 0.3736111111111111 0.6848958333333334 0.021296296296296296 0.015625
0 0.3564814814814815 0.7135416666666666 0.02777777777777778 0.017708333333333333
0 0.3013888888888889 0.72265625 0.028703703703703703 0.019270833333333334
0 0.2574074074074074 0.71328125 0.024074074074074074 0.015104166666666667
0 0.23101851851851854 0.71953125 0.028703703703703703 0.019270833333333334
0 0.3439814814814815 0.8158854166666667 0.025 0.0203125
0 0.19675925925925927 0.7458333333333333 0.03425925925925926 0.019791666666666666
0 0.1486111111111111 0.8440104166666667 0.021296296296296296 0.0203125
0 0.6212962962962963 0.7466145833333333 0.02777777777777778 0.021354166666666667
0 0.5296296296296297 0.3372395833333333 0.016666666666666666 0.0078125
0 0.9208333333333334 0.6015625 0.03796296296296296 0.013541666666666667
0 0.950462962962963 0.6770833333333334 0.036111111111111115 0.01875
0 0.9189814814814815 0.5494791666666666 0.032407407407407406 0.019791666666666666
0 0.9625 0.5322916666666666 0.032407407407407406 0.0125
0 0.9462962962962963 0.546875 0.02777777777777778 0.013541666666666667
0 0.9671296296296297 0.38671875 0.03425925925925926 0.0171875
0 0.9611111111111111 0.29010416666666666 0.031481481481481485 0.014583333333333334
0 0.712962962962963 0.684375 0.020370370370370372 0.013541666666666667
