0 0.05 0.6143229166666666 0.03333333333333333 0.021354166666666667
0 0.029166666666666667 0.2046875 0.019444444444444445 0.0125
0 0.016666666666666666 0.44427083333333334 0.02777777777777778 0.0125
0 0.8092592592592593 0.128125 0.03333333333333333 0.019791666666666666
0 0.8333333333333334 0.21979166666666666 0.02777777777777778 0.016666666666666666
0 0.3175925925925926 0.3765625 0.020370370370370372 0.016666666666666666
0 0.40740740740740744 0.4046875 0.022222222222222223 0.011458333333333333
0 0.5745370370370371 0.5182291666666666 0.028703703703703703 0.022916666666666665
0 0.8222222222222223 0.3416666666666667 0.02962962962962963 0.0125
0 0.8439814814814816 0.2911458333333333 0.028703703703703703 0.015625
0 0.7148148148148148 0.31744791666666666 0.024074074074074074 0.015104166666666667
0 0.6449074074074075 0.33125 0.02314814814814815 0.014583333333333334
0 0.8115740740740741 0.36953125 0.028703703703703703 0.015104166666666667
0 0.8375 0.37994791666666666 0.030555555555555558 0.0203125
0 0.8657407407407408 0.3809895833333333 0.02962962962962963 0.0171875
0 0.7847222222222222 0.42526041666666664 0.03425925925925926 0.015104166666666667
0 0.7152777777777778 0.42604166666666665 0.025 0.015625
0 0.8101851851851852 0.4583333333333333 0.02777777777777778 0.013541666666666667
0 0.7273148148148149 0.471875 0.030555555555555558 0.016666666666666666
0 0.7115740740740741 0.4848958333333333 0.021296296296296296 0.0125
0 0.7495370370370371 0.48515625 0.03425925925925926 0.0203125
0 0.8407407407407408 0.49713541666666666 0.037037037037037035 0.019270833333333334
0 0.8527777777777779 0.5208333333333334 0.03333333333333333 0.01875
0 0.7319444444444445 0.52265625 0.028703703703703703 0.019270833333333334
0 0.8439814814814816 0.6059895833333333 0.036111111111111115 0.018229166666666668
0 0.7962962962962963 0.61640625 0.04259259259259259 0.022395833333333334
0 0.850925925925926 0.75234375 0.03518518518518519 0.019270833333333334
0 0.7893518518518519 0.734375 0.032407407407407406 0.020833333333333332
0 0.7564814814814815 0.7348958333333333 0.02592592592592593 0.019791666666666666
0 0.7069444444444445 0.6192708333333333 0.025 0.017708333333333333
0 0.600925925925926 0.7244791666666667 0.031481481481481485 0.013541666666666667
0 0.5587962962962963 0.6393229166666666 0.026851851851851852 0.0171875
0 0.43472222222222223 0.3716145833333333 0.03981481481481482 0.0171875
0 0.5189814814814815 0.12473958333333333 0.028703703703703703 0.025520833333333333
0 0.525462962962963 0.6083333333333333 0.028703703703703703 0.016666666666666666
0 0.5023148148148149 0.13255208333333332 0.032407407407407406 0.024479166666666666
0 0.4467592592592593 0.1921875 0.03425925925925926 0.026041666666666668
0 0.41712962962962963 0.17395833333333333 0.04166666666666667 0.022916666666666665
0 0.3421296296296296 0.23932291666666666 0.026851851851851852 0.019270833333333334
0 0.3138888888888889 0.23671875 0.02777777777777778 0.01614583333333333
0 0.3861111111111111 0.3098958333333333 0.03888888888888889 0.016666666666666666
0 0.4 0.32578125 0.024074074074074074 0.015104166666666667
0 0.2865740740740741 0.3106770833333333 0.03425925925925926 0.019270833333333334
0 0.2976851851851852 0.36302083333333335 0.017592592592592594 0.016666666666666666
0 0.32546296296296295 0.34739583333333335 0.03425925925925926 0.022916666666666665
0 0.4222222222222222 0.39557291666666666 0.02592592592592593 0.0140625
0 0.40185185185185185 0.3911458333333333 0.02777777777777778 0.014583333333333334
0 0.37222222222222223 0.4796875 0.018518518518518517 0.016666666666666666
0 0.5087962962962963 0.453125 0.03425925925925926 0.017708333333333333
0 0.4240740740740741 0.4513020833333333 0.03333333333333333 0.01614583333333333
0 0.5416666666666667 0.4770833333333333 0.03518518518518519 0.019791666666666666
0 0.46851851851851856 0.4809895833333333 0.03518518518518519 0.0203125
0 0.4800925925925926 0.5692708333333333 0.032407407407407406 0.017708333333333333
0 0.5111111111111112 0.57421875 0.031481481481481485 0.019270833333333334
0 0.5175925925925926 0.58828125 0.02592592592592593 0.011979166666666666
0 0.49722222222222223 0.6934895833333333 0.02777777777777778 0.019270833333333334
0 0.5310185185185186 0.8065104166666667 0.025 0.022395833333333334
0 0.46064814814814814 0.7359375 0.032407407407407406 0.020833333333333332
0 0.39814814814814814 0.6947916666666667 0.02962962962962963 0.017708333333333333
0 0.4064814814814815 0.7208333333333333 0.022222222222222223 0.017708333333333333
0 0.4217592592592593 0.5244791666666666 0.025 0.017708333333333333
0 0.3902777777777778 0.5213541666666667 0.036111111111111115 0.020833333333333332
0 0.3375 0.5276041666666667 0.032407407407407406 0.01875
0 0.3175925925925926 0.5510416666666667 0.03333333333333333 0.01875
0 0.2939814814814815 0.59921875 0.03796296296296296 0.015104166666666667
0 0.1824074074074074 0.5471354166666667 0.02592592592592593 0.015104166666666667
0 0.19490740740740742 0.3299479166666667 0.02314814814814815 0.0109375
0 0.17407407407407408 0.33359375 0.016666666666666666 0.009895833333333333
0 0.03935185185185185 0.23958333333333334 0.019444444444444445 0.010416666666666666
0 0.03287037037037037 0.24921875 0.019444444444444445 0.011979166666666666
0 0.08425925925925926 0.27447916666666666 0.024074074074074074 0.0125
0 0.12546296296296297 0.1828125 0.036111111111111115 0.022916666666666665
0 0.2 0.09427083333333333 0.02777777777777778 0.017708333333333333
0 0.1865740740740741 0.07552083333333333 0.032407407407407406 0.025
0 0.17314814814814816 0.1 0.02962962962962963 0.02395833333333333
0 0.13935185185185187 0.14661458333333333 0.030555555555555558 0.019270833333333334
0 0.10833333333333334 0.12760416666666666 0.031481481481481485 0.02395833333333333
0 0.14675925925925926 0.23020833333333332 0.02314814814814815 0.0125
0 0.0787037037037037 0.21562499999999998 0.02777777777777778 0.015625
0 0.0763888888888889 0.20286458333333332 0.030555555555555558 0.0203125
0 0.0763888888888889 0.14322916666666666 0.03425925925925926 0.022916666666666665
0 0.09444444444444444 0.35442708333333334 0.020370370370370372 0.013020833333333334
0 0.1287037037037037 0.37526041666666665 0.022222222222222223 0.011979166666666666
0 0.13055555555555556 0.4322916666666667 0.022222222222222223 0.0125
0 0.038425925925925926 0.32890625 0.02314814814814815 0.009895833333333333
0 0.047685185185185185 0.39166666666666666 0.02314814814814815 0.016666666666666666
0 0.026851851851851852 0.38359375 0.024074074074074074 0.0109375
0 0.025 0.4263020833333333 0.02592592592592593 0.013020833333333334
0 0.03796296296296296 0.54375 0.022222222222222223 0.0125
0 0.1 0.56328125 0.022222222222222223 0.015104166666666667
0 0.011111111111111112 0.48541666666666666 0.018518518518518517 0.019791666666666666
0 0.014351851851851852 0.5513020833333333 0.025 0.015104166666666667
0 0.29120370370370374 0.78125 0.026851851851851852 0.028125
0 0.15416666666666667 0.5768229166666666 0.026851851851851852 0.0171875
0 0.1685185185185185 0.5934895833333333 0.02592592592592593 0.013020833333333334
0 0.11064814814814815 0.6083333333333333 0.032407407407407406 0.0125
0 0.2476851851851852 0.62734375 0.032407407407407406 0.015104166666666667
0 0.22592592592592595 0.6622395833333333 0.02777777777777778 0.0171875
0 0.22546296296296298 0.64453125 0.02314814814814815 0.0140625
0 0.3055555555555556 0.6322916666666667 0.022222222222222223 0.011458333333333333
0 0.27546296296296297 0.6359375 0.028703703703703703 0.015625
0 0.3601851851851852 0.6880208333333333 0.024074074074074074 0.016666666666666666
0 0.3314814814814815 0.6830729166666667 0.022222222222222223 0.018229166666666668
0 0.31574074074074077 0.7106770833333333 0.02962962962962963 0.022395833333333334
0 0.2555555555555556 0.7216145833333333 0.02962962962962963 0.0203125
0 0.22083333333333335 0.7122395833333334 0.025 0.0140625
0 0.19398148148148148 0.7184895833333333 0.028703703703703703 0.019270833333333334
0 0.2962962962962963 0.8153645833333333 0.02592592592592593 0.021354166666666667
0 0.15462962962962964 0.7447916666666666 0.03518518518518519 0.019791666666666666
0 0.10370370370370371 0.8424479166666666 0.022222222222222223 0.021354166666666667
0 0.5810185185185185 0.7458333333333333 0.028703703703703703 0.020833333333333332
0 0.4953703703703704 0.3341145833333333 0.020370370370370372 0.008854166666666666
0 0.8856481481481482 0.5979166666666667 0.03981481481481482 0.01875
0 0.7217592592592593 0.8182291666666667 0.025 0.022916666666666665
0 0.8569444444444445 0.6848958333333334 0.030555555555555558 0.027083333333333334
0 0.9074074074074074 0.6760416666666667 0.03518518518518519 0.01875
0 0.9550925925925926 0.7395833333333334 0.030555555555555558 0.020833333333333332
0 0.9875 0.7296875 0.025 0.02395833333333333
0 0.8824074074074074 0.5473958333333333 0.03518518518518519 0.01875
0 0.9287037037037037 0.53125 0.03333333333333333 0.0125
0 0.9115740740740741 0.5455729166666666 0.028703703703703703 0.0140625
0 0.9666666666666667 0.48515625 0.02777777777777778 0.01614583333333333
0 0.9314814814814815 0.384375 0.031481481481481485 0.017708333333333333
0 0.9833333333333334 0.3736979166666667 0.02777777777777778 0.015104166666666667
0 0.9282407407407408 0.2875 0.030555555555555558 0.016666666666666666
0 0.6782407407407408 0.6828125 0.02314814814814815 0.014583333333333334
0 0.9902777777777778 0.31875 0.019444444444444445 0.014583333333333334
0 0.9912037037037037 0.3390625 0.017592592592592594 0.011458333333333333
