0 0.9518518518518518 0.6143229166666666 0.03333333333333333 0.021354166666666667
0 0.9726851851851852 0.2046875 0.019444444444444445 0.0125
0 0.9851851851851853 0.44427083333333334 0.02777777777777778 0.0125
0 0.1925925925925926 0.128125 0.03333333333333333 0.019791666666666666
0 0.1685185185185185 0.21979166666666666 0.02777777777777778 0.016666666666666666
0 0.6842592592592592 0.3765625 0.020370370370370372 0.016666666666666666
0 0.5944444444444444 0.4046875 0.022222222222222223 0.011458333333333333
0 0.4273148148148148 0.5182291666666666 0.028703703703703703 0.022916666666666665
0 0.17962962962962964 0.3416666666666667 0.02962962962962963 0.0125
0 0.15787037037037038 0.2911458333333333 0.028703703703703703 0.015625
0 0.28703703703703703 0.31744791666666666 0.024074074074074074 0.015104166666666667
0 0.35694444444444445 0.33125 0.02314814814814815 0.014583333333333334
0 0.1902777777777778 0.36953125 0.028703703703703703 0.015104166666666667
0 0.16435185185185186 0.37994791666666666 0.030555555555555558 0.0203125
0 0.13611111111111113 0.3809895833333333 0.02962962962962963 0.0171875
0 0.21712962962962964 0.42526041666666664 0.03425925925925926 0.015104166666666667
0 0.2865740740740741 0.42604166666666665 0.025 0.015625
0 0.19166666666666668 0.4583333333333333 0.02777777777777778 0.013541666666666667
0 0.274537037037037 0.471875 0.030555555555555558 0.016666666666666666
0 0.2902777777777778 0.4848958333333333 0.021296296296296296 0.0125
0 0.2523148148148148 0.48515625 0.03425925925925926 0.0203125
0 0.16111111111111112 0.49713541666666666 0.037037037037037035 0.019270833333333334
0 0.14907407407407408 0.5208333333333334 0.03333333333333333 0.01875
0 0.26990740740740743 0.52265625 0.028703703703703703 0.019270833333333334
0 0.15787037037037038 0.6059895833333333 0.036111111111111115 0.018229166666666668
0 0.20555555555555557 0.61640625 0.04259259259259259 0.022395833333333334
0 0.15092592592592594 0.75234375 0.03518518518518519 0.019270833333333334
0 0.2125 0.734375 0.032407407407407406 0.020833333333333332
0 0.24537037037037038 0.7348958333333333 0.02592592592592593 0.019791666666666666
0 0.2949074074074074 0.6192708333333333 0.025 0.017708333333333333
0 0.40092592592592596 0.7244791666666667 0.031481481481481485 0.013541666666666667
0 0.4430555555555556 0.6393229166666666 0.026851851851851852 0.0171875
0 0.5671296296296297 0.3716145833333333 0.03981481481481482 0.0171875
0 0.4828703703703704 0.12473958333333333 0.028703703703703703 0.025520833333333333
0 0.4763888888888889 0.6083333333333333 0.028703703703703703 0.016666666666666666
0 0.49953703703703706 0.13255208333333332 0.032407407407407406 0.024479166666666666
0 0.5550925925925926 0.1921875 0.03425925925925926 0.026041666666666668
0 0.5847222222222223 0.17395833333333333 0.04166666666666667 0.022916666666666665
0 0.6597222222222222 0.23932291666666666 0.026851851851851852 0.019270833333333334
0 0.687962962962963 0.23671875 0.02777777777777778 0.01614583333333333
0 0.6157407407407408 0.3098958333333333 0.03888888888888889 0.016666666666666666
0 0.6018518518518519 0.32578125 0.024074074074074074 0.015104166666666667
0 0.7152777777777778 0.3106770833333333 0.03425925925925926 0.019270833333333334
0 0.7041666666666667 0.36302083333333335 0.017592592592592594 0.016666666666666666
0 0.6763888888888889 0.34739583333333335 0.03425925925925926 0.022916666666666665
0 0.5796296296296296 0.39557291666666666 0.02592592592592593 0.0140625
0 0.6 0.3911458333333333 0.02777777777777778 0.014583333333333334
0 0.6296296296296297 0.4796875 0.018518518518518517 0.016666666666666666
0 0.4930555555555556 0.453125 0.03425925925925926 0.017708333333333333
0 0.5777777777777778 0.4513020833333333 0.03333333333333333 0.01614583333333333
0 0.4601851851851852 0.4770833333333333 0.03518518518518519 0.019791666666666666
0 0.5333333333333333 0.4809895833333333 0.03518518518518519 0.0203125
0 0.5217592592592593 0.5692708333333333 0.032407407407407406 0.017708333333333333
0 0.49074074074074076 0.57421875 0.031481481481481485 0.019270833333333334
0 0.4842592592592593 0.58828125 0.02592592592592593 0.011979166666666666
0 0.5046296296296297 0.6934895833333333 0.02777777777777778 0.019270833333333334
0 0.4708333333333333 0.8065104166666667 0.025 0.022395833333333334
0 0.5412037037037037 0.7359375 0.032407407407407406 0.020833333333333332
0 0.6037037037037037 0.6947916666666667 0.02962962962962963 0.017708333333333333
0 0.5953703703703704 0.7208333333333333 0.022222222222222223 0.017708333333333333
0 0.5800925925925926 0.5244791666666666 0.025 0.017708333333333333
0 0.611574074074074 0.5213541666666667 0.036111111111111115 0.020833333333333332
0 0.6643518518518519 0.5276041666666667 0.032407407407407406 0.01875
0 0.6842592592592592 0.5510416666666667 0.03333333333333333 0.01875
0 0.7078703703703704 0.59921875 0.03796296296296296 0.015104166666666667
0 0.8194444444444445 0.5471354166666667 0.02592592592592593 0.015104166666666667
0 0.8069444444444445 0.3299479166666667 0.02314814814814815 0.0109375
0 0.8277777777777778 0.33359375 0.016666666666666666 0.009895833333333333
0 0.9625 0.23958333333333334 0.019444444444444445 0.010416666666666666
0 0.9689814814814816 0.24921875 0.019444444444444445 0.011979166666666666
0 0.9175925925925926 0.27447916666666666 0.024074074074074074 0.0125
0 0.8763888888888889 0.1828125 0.036111111111111115 0.022916666666666665
0 0.8018518518518519 0.09427083333333333 0.02777777777777778 0.017708333333333333
0 0.8152777777777778 0.07552083333333333 0.032407407407407406 0.025
0 0.8287037037037037 0.1 0.02962962962962963 0.02395833333333333
0 0.8625 0.14661458333333333 0.030555555555555558 0.019270833333333334
0 0.8935185185185186 0.12760416666666666 0.031481481481481485 0.02395833333333333
0 0.8550925925925926 0.23020833333333332 0.02314814814814815 0.0125
0 0.9231481481481482 0.21562499999999998 0.02777777777777778 0.015625
0 0.925462962962963 0.20286458333333332 0.030555555555555558 0.0203125
0 0.925462962962963 0.14322916666666666 0.03425925925925926 0.022916666666666665
0 0.9074074074074074 0.35442708333333334 0.020370370370370372 0.013020833333333334
0 0.8731481481481482 0.37526041666666665 0.022222222222222223 0.011979166666666666
0 0.8712962962962963 0.4322916666666667 0.022222222222222223 0.0125
0 0.9634259259259259 0.32890625 0.02314814814814815 0.009895833333333333
0 0.9541666666666667 0.39166666666666666 0.02314814814814815 0.016666666666666666
0 0.9750000000000001 0.38359375 0.024074074074074074 0.0109375
0 0.9768518518518519 0.4263020833333333 0.02592592592592593 0.013020833333333334
0 0.9638888888888889 0.54375 0.022222222222222223 0.0125
0 0.9018518518518519 0.56328125 0.022222222222222223 0.015104166666666667
0 0.9907407407407408 0.48541666666666666 0.018518518518518517 0.019791666666666666
0 0.9875 0.5513020833333333 0.025 0.015104166666666667
0 0.7106481481481481 0.78125 0.026851851851851852 0.028125
0 0.8476851851851852 0.5768229166666666 0.026851851851851852 0.0171875
0 0.8333333333333334 0.5934895833333333 0.02592592592592593 0.013020833333333334
0 0.8912037037037037 0.6083333333333333 0.032407407407407406 0.0125
0 0.7541666666666667 0.62734375 0.032407407407407406 0.015104166666666667
0 0.7759259259259259 0.6622395833333333 0.02777777777777778 0.0171875
0 0.7763888888888889 0.64453125 0.02314814814814815 0.0140625
0 0.6962962962962963 0.6322916666666667 0.022222222222222223 0.011458333333333333
0 0.7263888888888889 0.6359375 0.028703703703703703 0.015625
0 0.6416666666666667 0.6880208333333333 0.024074074074074074 0.016666666666666666
0 0.6703703703703704 0.6830729166666667 0.022222222222222223 0.018229166666666668
0 0.6861111111111111 0.7106770833333333 0.02962962962962963 0.022395833333333334
0 0.7462962962962963 0.7216145833333333 0.02962962962962963 0.0203125
0 0.7810185185185186 0.7122395833333334 0.025 0.0140625
0 0.8078703703703703 0.7184895833333333 0.028703703703703703 0.019270833333333334
0 0.7055555555555556 0.8153645833333333 0.02592592592592593 0.021354166666666667
0 0.8472222222222222 0.7447916666666666 0.03518518518518519 0.019791666666666666
0 0.8981481481481481 0.8424479166666666 0.022222222222222223 0.021354166666666667
0 0.42083333333333334 0.7458333333333333 0.028703703703703703 0.020833333333333332
0 0.5064814814814815 0.3341145833333333 0.020370370370370372 0.008854166666666666
0 0.11620370370370371 0.5979166666666667 0.03981481481481482 0.01875
0 0.2800925925925926 0.8182291666666667 0.025 0.022916666666666665
0 0.1449074074074074 0.6848958333333334 0.030555555555555558 0.027083333333333334
0 0.09444444444444444 0.6760416666666667 0.03518518518518519 0.01875
0 0.046759259259259264 0.7395833333333334 0.030555555555555558 0.020833333333333332
0 0.014351851851851852 0.7296875 0.025 0.02395833333333333
0 0.11944444444444445 0.5473958333333333 0.03518518518518519 0.01875
0 0.07314814814814816 0.53125 0.03333333333333333 0.0125
0 0.09027777777777778 0.5455729166666666 0.028703703703703703 0.0140625
0 0.03518518518518519 0.48515625 0.02777777777777778 0.01614583333333333
0 0.07037037037037037 0.384375 0.031481481481481485 0.017708333333333333
0 0.018518518518518517 0.3736979166666667 0.02777777777777778 0.015104166666666667
0 0.07361111111111111 0.2875 0.030555555555555558 0.016666666666666666
0 0.3236111111111111 0.6828125 0.02314814814814815 0.014583333333333334
0 0.011574074074074075 0.31875 0.019444444444444445 0.014583333333333334
0 0.010648148148148148 0.3390625 0.017592592592592594 0.011458333333333333
