0 0.018055555555555557 0.6151041666666667 0.032407407407407406 0.019791666666666666
0 0.08564814814814815 0.7721354166666666 0.021296296296296296 0.013020833333333334
0 0.7791666666666667 0.12630208333333334 0.032407407407407406 0.018229166666666668
0 0.8037037037037037 0.21875 0.02777777777777778 0.016666666666666666
0 0.28750000000000003 0.3770833333333333 0.017592592592592594 0.014583333333333334
0 0.3805555555555556 0.40338541666666666 0.020370370370370372 0.0109375
0 0.5472222222222223 0.5174479166666667 0.03333333333333333 0.0234375
0 0.7925925925925926 0.34088541666666666 0.031481481481481485 0.013020833333333334
0 0.8171296296296297 0.2903645833333333 0.028703703703703703 0.01614583333333333
0 0.6898148148148149 0.3169270833333333 0.02777777777777778 0.01614583333333333
0 0.6185185185185186 0.3302083333333333 0.022222222222222223 0.014583333333333334
0 0.7805555555555556 0.37135416666666665 0.02962962962962963 0.01875
0 0.8074074074074075 0.3794270833333333 0.031481481481481485 0.018229166666666668
0 0.8356481481481481 0.3809895833333333 0.028703703703703703 0.0171875
0 0.7606481481481482 0.425 0.026851851851851852 0.014583333333333334
0 0.6856481481481482 0.42552083333333335 0.02314814814814815 0.014583333333333334
0 0.7833333333333333 0.4575520833333333 0.02777777777777778 0.013020833333333334
0 0.6967592592592593 0.47161458333333334 0.030555555555555558 0.0171875
0 0.7185185185185186 0.48463541666666665 0.03518518518518519 0.0203125
0 0.8101851851851852 0.4966145833333333 0.037037037037037035 0.019270833333333334
0 0.8236111111111112 0.5208333333333334 0.032407407407407406 0.01875
0 0.7018518518518518 0.5221354166666666 0.02777777777777778 0.0203125
0 0.8166666666666667 0.6059895833333333 0.02962962962962963 0.018229166666666668
0 0.762962962962963 0.6158854166666666 0.04259259259259259 0.0234375
0 0.8199074074074074 0.75234375 0.03425925925925926 0.019270833333333334
0 0.7569444444444444 0.7341145833333333 0.032407407407407406 0.021354166666666667
0 0.7245370370370371 0.73515625 0.026851851851851852 0.021354166666666667
0 0.6777777777777778 0.6184895833333334 0.024074074074074074 0.0171875
0 0.5699074074074074 0.7247395833333333 0.032407407407407406 0.013020833333333334
0 0.5263888888888889 0.6388020833333333 0.028703703703703703 0.018229166666666668
0 0.40185185185185185 0.3703125 0.04259259259259259 0.017708333333333333
0 0.4851851851851852 0.12239583333333333 0.031481481481481485 0.02395833333333333
0 0.46944444444444444 0.13098958333333333 0.03518518518518519 0.025520833333333333
0 0.41064814814814815 0.19036458333333334 0.03425925925925926 0.025520833333333333
0 0.3805555555555556 0.17239583333333333 0.04259259259259259 0.022916666666666665
0 0.31203703703703706 0.23802083333333332 0.02777777777777778 0.019791666666666666
0 0.2828703703703704 0.23515624999999998 0.026851851851851852 0.0171875
0 0.3578703703703704 0.309375 0.032407407407407406 0.015625
0 0.3685185185185185 0.3247395833333333 0.024074074074074074 0.01614583333333333
0 0.2537037037037037 0.3091145833333333 0.03518518518518519 0.019270833333333334
0 0.26203703703703707 0.3625 0.020370370370370372 0.016666666666666666
0 0.29305555555555557 0.3463541666666667 0.036111111111111115 0.021875
0 0.3976851851851852 0.39453125 0.025 0.0140625
0 0.375462962962963 0.390625 0.026851851851851852 0.014583333333333334
0 0.33981481481481485 0.47890625 0.020370370370370372 0.01614583333333333
0 0.475462962962963 0.4536458333333333 0.03425925925925926 0.01875
0 0.3902777777777778 0.4510416666666667 0.032407407407407406 0.015625
0 0.5078703703703704 0.47682291666666665 0.036111111111111115 0.019270833333333334
0 0.43472222222222223 0.48046875 0.03425925925925926 0.0203125
0 0.4476851851851852 0.56875 0.032407407407407406 0.017708333333333333
0 0.4777777777777778 0.5736979166666667 0.031481481481481485 0.019270833333333334
0 0.4865740740740741 0.5890625 0.026851851851851852 0.013541666666666667
0 0.4953703703703704 0.6083333333333333 0.02962962962962963 0.016666666666666666
0 0.4652777777777778 0.69375 0.028703703703703703 0.019791666666666666
0 0.49768518518518523 0.80703125 0.02314814814814815 0.0234375
0 0.4277777777777778 0.7369791666666666 0.03333333333333333 0.019791666666666666
0 0.3666666666666667 0.6947916666666667 0.031481481481481485 0.016666666666666666
0 0.375 0.7216145833333333 0.022222222222222223 0.0171875
0 0.3888888888888889 0.5239583333333333 0.02592592592592593 0.017708333333333333
0 0.35694444444444445 0.5213541666666667 0.036111111111111115 0.020833333333333332
0 0.3074074074074074 0.5276041666666667 0.03333333333333333 0.019791666666666666
0 0.28750000000000003 0.5510416666666667 0.03425925925925926 0.01875
0 0.26157407407407407 0.5989583333333334 0.03796296296296296 0.015625
0 0.1513888888888889 0.5471354166666667 0.028703703703703703 0.015104166666666667
0 0.16620370370370371 0.32916666666666666 0.02314814814814815 0.0125
0 0.14675925925925926 0.3333333333333333 0.019444444444444445 0.010416666666666666
0 0.006481481481481482 0.23802083333333332 0.011111111111111112 0.011458333333333333
0 0.05092592592592593 0.27369791666666665 0.02592592592592593 0.013020833333333334
0 0.09305555555555556 0.18098958333333334 0.03425925925925926 0.022395833333333334
0 0.16712962962962963 0.0921875 0.028703703703703703 0.017708333333333333
0 0.1527777777777778 0.07369791666666667 0.03333333333333333 0.024479166666666666
0 0.14074074074074075 0.09817708333333333 0.02962962962962963 0.024479166666666666
0 0.10601851851851853 0.14453125 0.030555555555555558 0.019270833333333334
0 0.07268518518518519 0.12526041666666665 0.032407407407407406 0.024479166666666666
0 0.11574074074074074 0.22864583333333333 0.022222222222222223 0.0125
0 0.04398148148148148 0.21380208333333334 0.028703703703703703 0.01614583333333333
0 0.04027777777777778 0.2015625 0.032407407407407406 0.020833333333333332
0 0.04166666666666667 0.14140625 0.03333333333333333 0.0234375
0 0.05740740740740741 0.353125 0.020370370370370372 0.0125
0 0.09305555555555556 0.37473958333333335 0.02314814814814815 0.011979166666666666
0 0.09675925925925927 0.4317708333333333 0.021296296296296296 0.0125
0 0.008333333333333333 0.32760416666666664 0.014814814814814815 0.010416666666666666
0 0.011111111111111112 0.39088541666666665 0.020370370370370372 0.01614583333333333
0 0.06481481481481481 0.5638020833333334 0.020370370370370372 0.015104166666666667
0 0.25462962962962965 0.7817708333333333 0.02777777777777778 0.028125
0 0.12268518518518519 0.5765625 0.026851851851851852 0.017708333333333333
0 0.1375 0.5934895833333333 0.025 0.011979166666666666
0 0.0787037037037037 0.6083333333333333 0.03333333333333333 0.013541666666666667
0 0.21666666666666667 0.6276041666666666 0.031481481481481485 0.014583333333333334
0 0.19583333333333333 0.6622395833333333 0.028703703703703703 0.0171875
0 0.19490740740740742 0.64453125 0.02314814814814815 0.015104166666666667
0 0.27592592592592596 0.6322916666666667 0.022222222222222223 0.011458333333333333
0 0.24537037037037038 0.6359375 0.02962962962962963 0.015625
0 0.33194444444444443 0.68828125 0.02314814814814815 0.01614583333333333
0 0.300462962962963 0.6841145833333333 0.02314814814814815 0.019270833333333334
0 0.2814814814814815 0.7109375 0.02962962962962963 0.022916666666666665
0 0.2189814814814815 0.7221354166666667 0.030555555555555558 0.0203125
0 0.18842592592592594 0.71328125 0.021296296296296296 0.013020833333333334
0 0.16666666666666669 0.7184895833333333 0.02962962962962963 0.019270833333333334
0 0.2587962962962963 0.8161458333333333 0.026851851851851852 0.020833333333333332
0 0.1212962962962963 0.7450520833333333 0.037037037037037035 0.0203125
0 0.07037037037037037 0.8427083333333333 0.022222222222222223 0.020833333333333332
0 0.55 0.7455729166666667 0.02962962962962963 0.021354166666666667
0 0.4666666666666667 0.33359375 0.020370370370370372 0.008854166666666666
0 0.8555555555555556 0.596875 0.03888888888888889 0.019791666666666666
0 0.6870370370370371 0.8182291666666667 0.02592592592592593 0.021875
0 0.8217592592592593 0.68515625 0.030555555555555558 0.0265625
0 0.8819444444444445 0.6765625 0.03796296296296296 0.021875
0 0.9226851851851853 0.7395833333333334 0.030555555555555558 0.020833333333333332
0 0.9597222222222223 0.7299479166666667 0.036111111111111115 0.024479166666666666
0 0.8537037037037037 0.5471354166666667 0.03518518518518519 0.018229166666666668
0 0.9023148148148149 0.5309895833333333 0.03425925925925926 0.013020833333333334
0 0.8833333333333334 0.5453125 0.02962962962962963 0.014583333333333334
0 0.9402777777777778 0.48515625 0.028703703703703703 0.01614583333333333
0 0.9018518518518519 0.38385416666666666 0.031481481481481485 0.017708333333333333
0 0.9532407407407407 0.3731770833333333 0.028703703703703703 0.015104166666666667
0 0.9833333333333334 0.39947916666666666 0.016666666666666666 0.008333333333333333
0 0.9009259259259259 0.28671875 0.02962962962962963 0.0171875
0 0.6490740740740741 0.6825520833333333 0.02592592592592593 0.015104166666666667
0 0.9675925925925927 0.31927083333333334 0.024074074074074074 0.014583333333333334
0 0.9699074074074074 0.3390625 0.025 0.0125
