0 0.9875 0.61640625 0.025 0.021354166666666667
0 0.9273148148148148 0.7721354166666666 0.021296296296296296 0.013020833333333334
0 0.2300925925925926 0.12708333333333333 0.032407407407407406 0.017708333333333333
0 0.20555555555555557 0.21979166666666666 0.02777777777777778 0.016666666666666666
0 0.7212962962962963 0.3776041666666667 0.016666666666666666 0.014583333333333334
0 0.6287037037037038 0.40338541666666666 0.022222222222222223 0.009895833333333333
0 0.46481481481481485 0.5174479166666667 0.031481481481481485 0.024479166666666666
0 0.21712962962962964 0.34140625 0.030555555555555558 0.013020833333333334
0 0.19166666666666668 0.29140625 0.02777777777777778 0.01614583333333333
0 0.3194444444444445 0.31744791666666666 0.02777777777777778 0.01614583333333333
0 0.3902777777777778 0.33098958333333334 0.02314814814814815 0.015104166666666667
0 0.22916666666666669 0.3716145833333333 0.030555555555555558 0.018229166666666668
0 0.20231481481481484 0.37994791666666666 0.030555555555555558 0.018229166666666668
0 0.1736111111111111 0.3815104166666667 0.028703703703703703 0.0171875
0 0.2490740740740741 0.42578125 0.02777777777777778 0.015104166666666667
0 0.3231481481481482 0.4263020833333333 0.024074074074074074 0.0140625
0 0.2263888888888889 0.4583333333333333 0.026851851851851852 0.013541666666666667
0 0.31342592592592594 0.471875 0.030555555555555558 0.016666666666666666
0 0.2916666666666667 0.48515625 0.03518518518518519 0.0203125
0 0.2 0.49713541666666666 0.037037037037037035 0.019270833333333334
0 0.18564814814814815 0.5216145833333333 0.032407407407407406 0.019270833333333334
0 0.3078703703703704 0.52265625 0.026851851851851852 0.0203125
0 0.19166666666666668 0.6067708333333334 0.031481481481481485 0.01875
0 0.24814814814814815 0.61640625 0.04259259259259259 0.0234375
0 0.1902777777777778 0.7528645833333333 0.032407407407407406 0.019270833333333334
0 0.25324074074074077 0.73515625 0.030555555555555558 0.021354166666666667
0 0.28564814814814815 0.7359375 0.026851851851851852 0.021875
0 0.33240740740740743 0.6192708333333333 0.024074074074074074 0.016666666666666666
0 0.4398148148148148 0.7255208333333333 0.03333333333333333 0.0125
0 0.48379629629629634 0.6390625 0.026851851851851852 0.01875
0 0.6078703703703704 0.37083333333333335 0.04166666666666667 0.017708333333333333
0 0.5236111111111111 0.12291666666666666 0.030555555555555558 0.02395833333333333
0 0.5412037037037037 0.13151041666666666 0.036111111111111115 0.0265625
0 0.5990740740740741 0.19140625 0.03518518518518519 0.025520833333333333
0 0.6305555555555555 0.17291666666666666 0.040740740740740744 0.022916666666666665
0 0.6976851851851852 0.23854166666666665 0.028703703703703703 0.01875
0 0.7268518518518519 0.23567708333333334 0.02592592592592593 0.0171875
0 0.65 0.3098958333333333 0.02777777777777778 0.015625
0 0.6416666666666667 0.325 0.024074074074074074 0.015625
0 0.7569444444444444 0.309375 0.03425925925925926 0.01875
0 0.7462962962962963 0.36302083333333335 0.016666666666666666 0.017708333333333333
0 0.7162037037037037 0.34713541666666664 0.03796296296296296 0.022395833333333334
0 0.6111111111111112 0.39479166666666665 0.022222222222222223 0.015625
0 0.6324074074074074 0.39166666666666666 0.02777777777777778 0.014583333333333334
0 0.6717592592592593 0.48046875 0.019444444444444445 0.0203125
0 0.5347222222222222 0.4544270833333333 0.03425925925925926 0.019270833333333334
0 0.6199074074074075 0.4518229166666667 0.032407407407407406 0.015104166666666667
0 0.5023148148148149 0.47734375 0.036111111111111115 0.019270833333333334
0 0.575925925925926 0.4809895833333333 0.03333333333333333 0.0203125
0 0.5625 0.5692708333333333 0.032407407407407406 0.017708333333333333
0 0.5328703703703704 0.5739583333333333 0.030555555555555558 0.019791666666666666
0 0.5231481481481481 0.58984375 0.02962962962962963 0.011979166666666666
0 0.5143518518518518 0.60859375 0.030555555555555558 0.0171875
0 0.5449074074074074 0.69453125 0.028703703703703703 0.0203125
0 0.7476851851851852 0.6 0.032407407407407406 0.017708333333333333
0 0.513425925925926 0.8072916666666666 0.021296296296296296 0.02395833333333333
0 0.5833333333333334 0.7377604166666667 0.03333333333333333 0.019270833333333334
0 0.6435185185185185 0.6953125 0.031481481481481485 0.015625
0 0.6361111111111112 0.7221354166666667 0.020370370370370372 0.0171875
0 0.6212962962962963 0.5244791666666666 0.02592592592592593 0.017708333333333333
0 0.6532407407407408 0.5221354166666666 0.036111111111111115 0.021354166666666667
0 0.7023148148148148 0.528125 0.03425925925925926 0.019791666666666666
0 0.7212962962962963 0.5520833333333334 0.03333333333333333 0.01875
0 0.8583333333333334 0.5473958333333333 0.02777777777777778 0.015625
0 0.8425925925925927 0.3299479166666667 0.024074074074074074 0.011979166666666666
0 0.862037037037037 0.33359375 0.020370370370370372 0.0109375
0 0.9592592592592593 0.27369791666666665 0.02592592592592593 0.013020833333333334
0 0.9175925925925926 0.18177083333333333 0.03518518518518519 0.022916666666666665
0 0.8416666666666667 0.09296875 0.02777777777777778 0.0171875
0 0.8578703703703704 0.07421875 0.03425925925925926 0.024479166666666666
0 0.8694444444444445 0.09869791666666666 0.02962962962962963 0.024479166666666666
0 0.9037037037037038 0.14505208333333333 0.02962962962962963 0.019270833333333334
0 0.9375 0.12604166666666666 0.03425925925925926 0.02395833333333333
0 0.8939814814814815 0.22916666666666666 0.02314814814814815 0.0125
0 0.9662037037037038 0.2140625 0.028703703703703703 0.015625
0 0.9699074074074074 0.20234375 0.032407407407407406 0.021354166666666667
0 0.9694444444444444 0.14166666666666666 0.03333333333333333 0.022916666666666665
0 0.9537037037037037 0.3536458333333333 0.020370370370370372 0.0125
0 0.9171296296296296 0.375 0.02314814814814815 0.0125
0 0.913888888888889 0.43255208333333334 0.022222222222222223 0.011979166666666666
0 0.9462962962962963 0.5640625 0.024074074074074074 0.0125
0 0.7574074074074074 0.7828125 0.02777777777777778 0.028125
0 0.8865740740740741 0.57734375 0.026851851851851852 0.0171875
0 0.8726851851851852 0.5940104166666667 0.025 0.011979166666666666
0 0.9319444444444445 0.6088541666666667 0.032407407407407406 0.013541666666666667
0 0.7935185185185185 0.628125 0.031481481481481485 0.014583333333333334
0 0.8138888888888889 0.6627604166666666 0.02962962962962963 0.0171875
0 0.8152777777777778 0.6450520833333333 0.02314814814814815 0.015104166666666667
0 0.7342592592592593 0.6328125 0.024074074074074074 0.011458333333333333
0 0.7648148148148148 0.6361979166666667 0.02962962962962963 0.01614583333333333
0 0.6777777777777778 0.6888020833333334 0.024074074074074074 0.01614583333333333
0 0.7097222222222223 0.684375 0.02314814814814815 0.019791666666666666
0 0.7296296296296296 0.7114583333333333 0.02962962962962963 0.022916666666666665
0 0.7921296296296296 0.72265625 0.030555555555555558 0.0203125
0 0.8217592592592593 0.7140625 0.017592592592592594 0.013541666666666667
0 0.8435185185185186 0.7190104166666667 0.02962962962962963 0.019270833333333334
0 0.7523148148148149 0.8174479166666666 0.026851851851851852 0.021354166666666667
0 0.8898148148148148 0.7455729166666667 0.037037037037037035 0.0203125
0 0.9412037037037038 0.8432291666666667 0.02314814814814815 0.020833333333333332
0 0.46064814814814814 0.7466145833333333 0.030555555555555558 0.021354166666666667
0 0.5421296296296296 0.33359375 0.021296296296296296 0.008854166666666666
0 0.15462962962962964 0.59765625 0.03888888888888889 0.0203125
0 0.325 0.8190104166666666 0.02592592592592593 0.022395833333333334
0 0.18796296296296297 0.68515625 0.031481481481481485 0.027604166666666666
0 0.12731481481481483 0.6765625 0.036111111111111115 0.022916666666666665
0 0.08796296296296297 0.7403645833333333 0.02962962962962963 0.021354166666666667
0 0.052314814814814814 0.7307291666666667 0.036111111111111115 0.025
0 0.1564814814814815 0.5479166666666666 0.03518518518518519 0.017708333333333333
0 0.10694444444444445 0.53203125 0.03425925925925926 0.013020833333333334
0 0.12592592592592594 0.54609375 0.02962962962962963 0.0140625
0 0.06898148148148149 0.48593749999999997 0.028703703703703703 0.016666666666666666
0 0.10833333333333334 0.3846354166666667 0.031481481481481485 0.0171875
0 0.05648148148148149 0.37395833333333334 0.02777777777777778 0.015625
0 0.02592592592592593 0.4005208333333333 0.016666666666666666 0.008333333333333333
0 0.010648148148148148 0.3963541666666667 0.017592592592592594 0.0125
0 0.10833333333333334 0.2875 0.02962962962962963 0.016666666666666666
0 0.35879629629629634 0.6830729166666667 0.026851851851851852 0.015104166666666667
0 0.040740740740740744 0.31953125 0.024074074074074074 0.0140625
0 0.03935185185185185 0.3390625 0.026851851851851852 0.011458333333333333
