0 0.06527777777777778 0.7736979166666667 0.019444444444444445 0.015104166666666667
0 0.7643518518518518 0.12916666666666665 0.032407407407407406 0.016666666666666666
0 0.7898148148148149 0.22109375 0.02777777777777778 0.0171875
0 0.27361111111111114 0.37786458333333334 0.015740740740740743 0.015104166666666667
0 0.3675925925925926 0.4041666666666667 0.022222222222222223 0.009375
0 0.5277777777777778 0.5184895833333333 0.03333333333333333 0.024479166666666666
0 0.7777777777777778 0.34296875 0.02962962962962963 0.013020833333333334
0 0.8032407407407408 0.29244791666666664 0.028703703703703703 0.01614583333333333
0 0.6763888888888889 0.3184895833333333 0.026851851851851852 0.01614583333333333
0 0.6055555555555556 0.33151041666666664 0.022222222222222223 0.015104166666666667
0 0.7657407407407407 0.37265625 0.02962962962962963 0.018229166666666668
0 0.7921296296296296 0.38125 0.030555555555555558 0.017708333333333333
0 0.8208333333333334 0.3828125 0.028703703703703703 0.016666666666666666
0 0.7462962962962963 0.4270833333333333 0.02777777777777778 0.014583333333333334
0 0.6708333333333334 0.42682291666666666 0.02314814814814815 0.0140625
0 0.7685185185185186 0.459375 0.02777777777777778 0.013541666666666667
0 0.6814814814814815 0.47265625 0.02962962962962963 0.0171875
0 0.7032407407407407 0.48593749999999997 0.03425925925925926 0.020833333333333332
0 0.7949074074074074 0.4984375 0.036111111111111115 0.019791666666666666
0 0.8083333333333333 0.52265625 0.031481481481481485 0.019270833333333334
0 0.6865740740740741 0.5236979166666667 0.026851851851851852 0.0203125
0 0.8023148148148148 0.6075520833333333 0.030555555555555558 0.018229166666666668
0 0.7462962962962963 0.6174479166666667 0.04259259259259259 0.0234375
0 0.8032407407407408 0.7541666666666667 0.032407407407407406 0.019791666666666666
0 0.7398148148148148 0.7361979166666667 0.031481481481481485 0.021354166666666667
0 0.7074074074074075 0.7369791666666666 0.02592592592592593 0.021875
0 0.6615740740740741 0.6197916666666666 0.02314814814814815 0.016666666666666666
0 0.5532407407407408 0.7260416666666667 0.032407407407407406 0.0125
0 0.5097222222222222 0.63984375 0.026851851851851852 0.019270833333333334
0 0.38657407407407407 0.37109375 0.04351851851851852 0.0171875
0 0.4708333333333333 0.12421875 0.030555555555555558 0.0234375
0 0.4550925925925926 0.13307291666666665 0.036111111111111115 0.025520833333333333
0 0.39490740740740743 0.19270833333333334 0.03425925925925926 0.025
0 0.36435185185185187 0.17369791666666667 0.03981481481481482 0.0234375
0 0.29814814814814816 0.23906249999999998 0.02777777777777778 0.01875
0 0.26851851851851855 0.23645833333333333 0.02592592592592593 0.017708333333333333
0 0.34490740740740744 0.31015625 0.028703703703703703 0.01614583333333333
0 0.35370370370370374 0.32578125 0.024074074074074074 0.015104166666666667
0 0.23796296296296296 0.309375 0.03518518518518519 0.01875
0 0.24861111111111112 0.36354166666666665 0.015740740740740743 0.017708333333333333
0 0.27870370370370373 0.34713541666666664 0.037037037037037035 0.022395833333333334
0 0.3837962962962963 0.3953125 0.025 0.013541666666666667
0 0.36388888888888893 0.3921875 0.02777777777777778 0.014583333333333334
0 0.32453703703703707 0.48046875 0.017592592592592594 0.018229166666666668
0 0.45972222222222225 0.4544270833333333 0.03425925925925926 0.019270833333333334
0 0.3736111111111111 0.45208333333333334 0.032407407407407406 0.015625
0 0.49074074074074076 0.47760416666666666 0.03518518518518519 0.019791666666666666
0 0.4185185185185185 0.48151041666666666 0.03333333333333333 0.0203125
0 0.43194444444444446 0.56953125 0.032407407407407406 0.018229166666666668
0 0.46064814814814814 0.5747395833333333 0.030555555555555558 0.019270833333333334
0 0.4708333333333333 0.5901041666666667 0.028703703703703703 0.0125
0 0.47962962962962963 0.609375 0.031481481481481485 0.016666666666666666
0 0.4486111111111111 0.6953125 0.028703703703703703 0.019791666666666666
0 0.47962962962962963 0.8088541666666667 0.022222222222222223 0.02395833333333333
0 0.4101851851851852 0.7388020833333333 0.03333333333333333 0.019270833333333334
0 0.350462962962963 0.6958333333333333 0.030555555555555558 0.015625
0 0.3574074074074074 0.72265625 0.020370370370370372 0.0171875
0 0.3726851851851852 0.5244791666666666 0.025 0.017708333333333333
0 0.3402777777777778 0.52265625 0.036111111111111115 0.021354166666666667
0 0.29212962962962963 0.5283854166666666 0.03425925925925926 0.019270833333333334
0 0.27361111111111114 0.5520833333333334 0.03425925925925926 0.01875
0 0.24675925925925926 0.6010416666666667 0.032407407407407406 0.01875
0 0.13611111111111113 0.5479166666666666 0.02777777777777778 0.015625
0 0.1527777777777778 0.3299479166666667 0.024074074074074074 0.011979166666666666
0 0.1328703703703704 0.3338541666666667 0.019444444444444445 0.010416666666666666
0 0.03564814814814815 0.27421875 0.025 0.013020833333333334
0 0.07777777777777778 0.18203125 0.03518518518518519 0.0234375
0 0.1537037037037037 0.09375 0.02777777777777778 0.017708333333333333
0 0.13842592592592592 0.07526041666666666 0.03425925925925926 0.024479166666666666
0 0.12592592592592594 0.09921875 0.02962962962962963 0.024479166666666666
0 0.0912037037037037 0.14557291666666666 0.030555555555555558 0.019270833333333334
0 0.05740740740740741 0.1265625 0.03333333333333333 0.02395833333333333
0 0.10231481481481482 0.2296875 0.02314814814814815 0.0125
0 0.029166666666666667 0.21484375 0.028703703703703703 0.015104166666666667
0 0.024537037037037038 0.20286458333333332 0.032407407407407406 0.021354166666666667
0 0.025462962962962965 0.1421875 0.032407407407407406 0.022916666666666665
0 0.040740740740740744 0.3536458333333333 0.018518518518518517 0.0125
0 0.07685185185185185 0.3755208333333333 0.022222222222222223 0.0125
0 0.08055555555555556 0.4328125 0.022222222222222223 0.0125
0 0.046759259259259264 0.56484375 0.02314814814814815 0.013020833333333334
0 0.23564814814814816 0.7830729166666667 0.026851851851851852 0.027604166666666666
0 0.10648148148148148 0.5778645833333333 0.02777777777777778 0.0171875
0 0.1212962962962963 0.59453125 0.024074074074074074 0.011979166666666666
0 0.062037037037037036 0.609375 0.03333333333333333 0.013541666666666667
0 0.20185185185185187 0.6283854166666667 0.031481481481481485 0.0140625
0 0.17962962962962964 0.6638020833333333 0.02962962962962963 0.0171875
0 0.1787037037037037 0.6455729166666666 0.022222222222222223 0.015104166666666667
0 0.2606481481481482 0.6330729166666667 0.02314814814814815 0.011979166666666666
0 0.23055555555555557 0.63671875 0.02962962962962963 0.01614583333333333
0 0.31666666666666665 0.6893229166666667 0.024074074074074074 0.01614583333333333
0 0.2837962962962963 0.6854166666666667 0.02314814814814815 0.019791666666666666
0 0.26296296296296295 0.7125 0.02962962962962963 0.022916666666666665
0 0.2 0.7234375 0.031481481481481485 0.019791666666666666
0 0.17222222222222222 0.7145833333333333 0.016666666666666666 0.013541666666666667
0 0.15092592592592594 0.7197916666666666 0.02962962962962963 0.019791666666666666
0 0.2388888888888889 0.8174479166666666 0.02777777777777778 0.021354166666666667
0 0.10324074074074074 0.74609375 0.036111111111111115 0.0203125
0 0.05185185185185186 0.8440104166666667 0.022222222222222223 0.021354166666666667
0 0.5324074074074074 0.74765625 0.031481481481481485 0.021354166666666667
0 0.45231481481481484 0.3346354166666667 0.021296296296296296 0.008854166666666666
0 0.8398148148148148 0.5984375 0.03888888888888889 0.020833333333333332
0 0.6680555555555556 0.8203125 0.026851851851851852 0.021875
0 0.8046296296296297 0.6869791666666667 0.031481481481481485 0.027083333333333334
0 0.8666666666666667 0.6786458333333333 0.03518518518518519 0.022916666666666665
0 0.9046296296296297 0.7419270833333333 0.02962962962962963 0.021354166666666667
0 0.9407407407407408 0.7317708333333334 0.037037037037037035 0.025
0 0.837962962962963 0.5484375 0.03518518518518519 0.017708333333333333
0 0.8870370370370371 0.5328125 0.03333333333333333 0.013541666666666667
0 0.8689814814814815 0.5473958333333333 0.030555555555555558 0.014583333333333334
0 0.9263888888888889 0.48671875 0.028703703703703703 0.01614583333333333
0 0.8865740740740741 0.38619791666666664 0.030555555555555558 0.0171875
0 0.9365740740740741 0.37526041666666665 0.026851851851851852 0.015104166666666667
0 0.9680555555555556 0.40182291666666664 0.017592592592592594 0.008854166666666666
0 0.987037037037037 0.3971354166666667 0.024074074074074074 0.011979166666666666
0 0.8861111111111112 0.2890625 0.02962962962962963 0.016666666666666666
0 0.9902777777777778 0.24921875 0.019444444444444445 0.018229166666666668
0 0.6351851851851852 0.684375 0.02777777777777778 0.015625
0 0.9550925925925926 0.3208333333333333 0.02314814814814815 0.013541666666666667
0 0.9555555555555556 0.340625 0.02592592592592593 0.0125
