0 0.9365740740740741 0.7736979166666667 0.019444444444444445 0.015104166666666667
0 0.23750000000000002 0.12916666666666665 0.032407407407407406 0.016666666666666666
0 0.21203703703703705 0.22109375 0.02777777777777778 0.0171875
0 0.7282407407407407 0.37786458333333334 0.015740740740740743 0.015104166666666667
0 0.6342592592592593 0.4041666666666667 0.022222222222222223 0.009375
0 0.4740740740740741 0.5184895833333333 0.03333333333333333 0.024479166666666666
0 0.2240740740740741 0.34296875 0.02962962962962963 0.013020833333333334
0 0.19861111111111113 0.29244791666666664 0.028703703703703703 0.01614583333333333
0 0.32546296296296295 0.3184895833333333 0.026851851851851852 0.01614583333333333
0 0.3962962962962963 0.33151041666666664 0.022222222222222223 0.015104166666666667
0 0.23611111111111113 0.37265625 0.02962962962962963 0.018229166666666668
0 0.20972222222222223 0.38125 0.030555555555555558 0.017708333333333333
0 0.18101851851851852 0.3828125 0.028703703703703703 0.016666666666666666
0 0.2555555555555556 0.4270833333333333 0.02777777777777778 0.014583333333333334
0 0.33101851851851855 0.42682291666666666 0.02314814814814815 0.0140625
0 0.23333333333333334 0.459375 0.02777777777777778 0.013541666666666667
0 0.32037037037037036 0.47265625 0.02962962962962963 0.0171875
0 0.2986111111111111 0.48593749999999997 0.03425925925925926 0.020833333333333332
0 0.20694444444444446 0.4984375 0.036111111111111115 0.019791666666666666
0 0.19351851851851853 0.52265625 0.031481481481481485 0.019270833333333334
0 0.31527777777777777 0.5236979166666667 0.026851851851851852 0.0203125
0 0.19953703703703704 0.6075520833333333 0.030555555555555558 0.018229166666666668
0 0.2555555555555556 0.6174479166666667 0.04259259259259259 0.0234375
0 0.19861111111111113 0.7541666666666667 0.032407407407407406 0.019791666666666666
0 0.26203703703703707 0.7361979166666667 0.031481481481481485 0.021354166666666667
0 0.29444444444444445 0.7369791666666666 0.02592592592592593 0.021875
0 0.3402777777777778 0.6197916666666666 0.02314814814814815 0.016666666666666666
0 0.4486111111111111 0.7260416666666667 0.032407407407407406 0.0125
0 0.49212962962962964 0.63984375 0.026851851851851852 0.019270833333333334
0 0.6152777777777778 0.37109375 0.04351851851851852 0.0171875
0 0.5310185185185186 0.12421875 0.030555555555555558 0.0234375
0 0.5467592592592593 0.13307291666666665 0.036111111111111115 0.025520833333333333
0 0.6069444444444445 0.19270833333333334 0.03425925925925926 0.025
0 0.6375000000000001 0.17369791666666667 0.03981481481481482 0.0234375
0 0.7037037037037037 0.23906249999999998 0.02777777777777778 0.01875
0 0.7333333333333334 0.23645833333333333 0.02592592592592593 0.017708333333333333
0 0.6569444444444444 0.31015625 0.028703703703703703 0.01614583333333333
0 0.6481481481481481 0.32578125 0.024074074074074074 0.015104166666666667
0 0.763888888888889 0.309375 0.03518518518518519 0.01875
0 0.7532407407407408 0.36354166666666665 0.015740740740740743 0.017708333333333333
0 0.7231481481481482 0.34713541666666664 0.037037037037037035 0.022395833333333334
0 0.6180555555555556 0.3953125 0.025 0.013541666666666667
0 0.637962962962963 0.3921875 0.02777777777777778 0.014583333333333334
0 0.6773148148148148 0.48046875 0.017592592592592594 0.018229166666666668
0 0.5421296296296296 0.4544270833333333 0.03425925925925926 0.019270833333333334
0 0.6282407407407408 0.45208333333333334 0.032407407407407406 0.015625
0 0.5111111111111112 0.47760416666666666 0.03518518518518519 0.019791666666666666
0 0.5833333333333334 0.48151041666666666 0.03333333333333333 0.0203125
0 0.5699074074074074 0.56953125 0.032407407407407406 0.018229166666666668
0 0.5412037037037037 0.5747395833333333 0.030555555555555558 0.019270833333333334
0 0.5310185185185186 0.5901041666666667 0.028703703703703703 0.0125
0 0.5222222222222223 0.609375 0.031481481481481485 0.016666666666666666
0 0.5532407407407408 0.6953125 0.028703703703703703 0.019791666666666666
0 0.5222222222222223 0.8088541666666667 0.022222222222222223 0.02395833333333333
0 0.5916666666666667 0.7388020833333333 0.03333333333333333 0.019270833333333334
0 0.6513888888888889 0.6958333333333333 0.030555555555555558 0.015625
0 0.6444444444444445 0.72265625 0.020370370370370372 0.0171875
0 0.6291666666666667 0.5244791666666666 0.025 0.017708333333333333
0 0.6615740740740741 0.52265625 0.036111111111111115 0.021354166666666667
0 0.7097222222222223 0.5283854166666666 0.03425925925925926 0.019270833333333334
0 0.7282407407407407 0.5520833333333334 0.03425925925925926 0.01875
0 0.7550925925925926 0.6010416666666667 0.032407407407407406 0.01875
0 0.8657407407407408 0.5479166666666666 0.02777777777777778 0.015625
0 0.8490740740740741 0.3299479166666667 0.024074074074074074 0.011979166666666666
0 0.8689814814814815 0.3338541666666667 0.019444444444444445 0.010416666666666666
0 0.9662037037037038 0.27421875 0.025 0.013020833333333334
0 0.9240740740740742 0.18203125 0.03518518518518519 0.0234375
0 0.8481481481481482 0.09375 0.02777777777777778 0.017708333333333333
0 0.8634259259259259 0.07526041666666666 0.03425925925925926 0.024479166666666666
0 0.875925925925926 0.09921875 0.02962962962962963 0.024479166666666666
0 0.9106481481481482 0.14557291666666666 0.030555555555555558 0.019270833333333334
0 0.9444444444444445 0.1265625 0.03333333333333333 0.02395833333333333
0 0.899537037037037 0.2296875 0.02314814814814815 0.0125
0 0.9726851851851852 0.21484375 0.028703703703703703 0.015104166666666667
0 0.9773148148148149 0.20286458333333332 0.032407407407407406 0.021354166666666667
0 0.976388888888889 0.1421875 0.032407407407407406 0.022916666666666665
0 0.9611111111111111 0.3536458333333333 0.018518518518518517 0.0125
0 0.925 0.3755208333333333 0.022222222222222223 0.0125
0 0.9212962962962963 0.4328125 0.022222222222222223 0.0125
0 0.9550925925925926 0.56484375 0.02314814814814815 0.013020833333333334
0 0.7662037037037037 0.7830729166666667 0.026851851851851852 0.027604166666666666
0 0.8953703703703704 0.5778645833333333 0.02777777777777778 0.0171875
0 0.8805555555555555 0.59453125 0.024074074074074074 0.011979166666666666
0 0.9398148148148149 0.609375 0.03333333333333333 0.013541666666666667
0 0.8 0.6283854166666667 0.031481481481481485 0.0140625
0 0.8222222222222223 0.6638020833333333 0.02962962962962963 0.0171875
0 0.8231481481481482 0.6455729166666666 0.022222222222222223 0.015104166666666667
0 0.7412037037037037 0.6330729166666667 0.02314814814814815 0.011979166666666666
0 0.7712962962962964 0.63671875 0.02962962962962963 0.01614583333333333
0 0.6851851851851852 0.6893229166666667 0.024074074074074074 0.01614583333333333
0 0.7180555555555556 0.6854166666666667 0.02314814814814815 0.019791666666666666
0 0.7388888888888889 0.7125 0.02962962962962963 0.022916666666666665
0 0.8018518518518519 0.7234375 0.031481481481481485 0.019791666666666666
0 0.8296296296296297 0.7145833333333333 0.016666666666666666 0.013541666666666667
0 0.850925925925926 0.7197916666666666 0.02962962962962963 0.019791666666666666
0 0.762962962962963 0.8174479166666666 0.02777777777777778 0.021354166666666667
0 0.8986111111111111 0.74609375 0.036111111111111115 0.0203125
0 0.9500000000000001 0.8440104166666667 0.022222222222222223 0.021354166666666667
0 0.46944444444444444 0.74765625 0.031481481481481485 0.021354166666666667
0 0.549537037037037 0.3346354166666667 0.021296296296296296 0.008854166666666666
0 0.16203703703703703 0.5984375 0.03888888888888889 0.020833333333333332
0 0.3337962962962963 0.8203125 0.026851851851851852 0.021875
0 0.19722222222222224 0.6869791666666667 0.031481481481481485 0.027083333333333334
0 0.13518518518518519 0.6786458333333333 0.03518518518518519 0.022916666666666665
0 0.09722222222222222 0.7419270833333333 0.02962962962962963 0.021354166666666667
0 0.061111111111111116 0.7317708333333334 0.037037037037037035 0.025
0 0.1638888888888889 0.5484375 0.03518518518518519 0.017708333333333333
0 0.11481481481481481 0.5328125 0.03333333333333333 0.013541666666666667
0 0.1328703703703704 0.5473958333333333 0.030555555555555558 0.014583333333333334
0 0.07546296296296297 0.48671875 0.028703703703703703 0.01614583333333333
0 0.11527777777777778 0.38619791666666664 0.030555555555555558 0.0171875
0 0.06527777777777778 0.37526041666666665 0.026851851851851852 0.015104166666666667
0 0.033796296296296297 0.40182291666666664 0.017592592592592594 0.008854166666666666
0 0.014814814814814815 0.3971354166666667 0.024074074074074074 0.011979166666666666
0 0.11574074074074074 0.2890625 0.02962962962962963 0.016666666666666666
0 0.011574074074074075 0.24921875 0.019444444444444445 0.018229166666666668
0 0.3666666666666667 0.684375 0.02777777777777778 0.015625
0 0.046759259259259264 0.3208333333333333 0.02314814814814815 0.013541666666666667
0 0.0462962962962963 0.340625 0.02592592592592593 0.0125
