0 0.7425925925925926 0.1328125 0.02962962962962963 0.016666666666666666
0 0.7689814814814815 0.22447916666666667 0.026851851851851852 0.016666666666666666
0 0.25277777777777777 0.37916666666666665 0.014814814814814815 0.014583333333333334
0 0.3509259259259259 0.40546875 0.022222222222222223 0.009895833333333333
0 0.5013888888888889 0.5192708333333333 0.032407407407407406 0.025
0 0.7555555555555555 0.3455729166666667 0.02962962962962963 0.013020833333333334
0 0.7842592592592593 0.29609375 0.02777777777777778 0.01614583333333333
0 0.6578703703703704 0.32109375 0.026851851851851852 0.01614583333333333
0 0.587962962962963 0.3338541666666667 0.022222222222222223 0.014583333333333334
0 0.7430555555555556 0.375 0.030555555555555558 0.017708333333333333
0 0.7694444444444445 0.3833333333333333 0.031481481481481485 0.017708333333333333
0 0.7981481481481482 0.38515625 0.02777777777777778 0.0171875
0 0.7245370370370371 0.42942708333333335 0.028703703703703703 0.0140625
0 0.65 0.42890625 0.022222222222222223 0.0140625
0 0.7486111111111111 0.46171875 0.028703703703703703 0.013020833333333334
0 0.6587962962962963 0.4747395833333333 0.030555555555555558 0.0171875
0 0.6805555555555556 0.48802083333333335 0.03518518518518519 0.020833333333333332
0 0.7708333333333334 0.5002604166666667 0.036111111111111115 0.019270833333333334
0 0.7851851851851852 0.5244791666666666 0.031481481481481485 0.01875
0 0.6638888888888889 0.5252604166666667 0.02592592592592593 0.0203125
0 0.7787037037037038 0.6098958333333333 0.031481481481481485 0.01875
0 0.7199074074074074 0.6190104166666667 0.04351851851851852 0.0234375
0 0.7768518518518519 0.75625 0.031481481481481485 0.019791666666666666
0 0.7134259259259259 0.73828125 0.030555555555555558 0.021354166666666667
0 0.6819444444444445 0.7390625 0.026851851851851852 0.021875
0 0.6375000000000001 0.6216145833333333 0.021296296296296296 0.01614583333333333
0 0.5282407407407408 0.7283854166666667 0.032407407407407406 0.011979166666666666
0 0.4842592592592593 0.64140625 0.02592592592592593 0.019270833333333334
0 0.3689814814814815 0.3729166666666667 0.036111111111111115 0.016666666666666666
0 0.45 0.12734375 0.02962962962962963 0.022395833333333334
0 0.4337962962962963 0.13567708333333334 0.03425925925925926 0.024479166666666666
0 0.3717592592592593 0.19427083333333334 0.03425925925925926 0.025
0 0.34120370370370373 0.17630208333333333 0.04166666666666667 0.0234375
0 0.2791666666666667 0.24114583333333334 0.028703703703703703 0.01875
0 0.2490740740740741 0.23828125 0.02592592592592593 0.0171875
0 0.3226851851851852 0.31171875 0.030555555555555558 0.01614583333333333
0 0.3314814814814815 0.32734375 0.022222222222222223 0.015104166666666667
0 0.21666666666666667 0.3109375 0.03518518518518519 0.01875
0 0.22870370370370371 0.36484375 0.016666666666666666 0.0171875
0 0.2569444444444445 0.3481770833333333 0.03796296296296296 0.022395833333333334
0 0.36574074074074076 0.3971354166666667 0.022222222222222223 0.0140625
0 0.34490740740740744 0.39348958333333334 0.026851851851851852 0.015104166666666667
0 0.4356481481481482 0.45546875 0.032407407407407406 0.018229166666666668
0 0.34953703703703703 0.45286458333333335 0.030555555555555558 0.015104166666666667
0 0.4671296296296297 0.47942708333333334 0.036111111111111115 0.019270833333333334
0 0.3939814814814815 0.4830729166666667 0.03425925925925926 0.0203125
0 0.4064814814814815 0.57109375 0.03333333333333333 0.018229166666666668
0 0.4365740740740741 0.5760416666666667 0.030555555555555558 0.01875
0 0.4444444444444445 0.59140625 0.02777777777777778 0.011979166666666666
0 0.45601851851851855 0.6109375 0.032407407407407406 0.017708333333333333
0 0.4217592592592593 0.6971354166666667 0.028703703703703703 0.0203125
0 0.4518518518518519 0.8106770833333333 0.020370370370370372 0.0234375
0 0.38333333333333336 0.7408854166666666 0.03333333333333333 0.018229166666666668
0 0.32407407407407407 0.6973958333333333 0.031481481481481485 0.015625
0 0.33240740740740743 0.7247395833333333 0.020370370370370372 0.0171875
0 0.3490740740740741 0.5260416666666666 0.02592592592592593 0.017708333333333333
0 0.3162037037037037 0.5234375 0.036111111111111115 0.020833333333333332
0 0.26851851851851855 0.5296875 0.03333333333333333 0.019791666666666666
0 0.250462962962963 0.553125 0.03425925925925926 0.01875
0 0.22268518518518518 0.6018229166666667 0.03425925925925926 0.018229166666666668
0 0.11388888888888889 0.5484375 0.02962962962962963 0.015625
0 0.13425925925925927 0.33098958333333334 0.024074074074074074 0.011979166666666666
0 0.11388888888888889 0.3346354166666667 0.020370370370370372 0.0109375
0 0.015277777777777779 0.275 0.025 0.013541666666666667
0 0.059722222222222225 0.18333333333333332 0.032407407407407406 0.022916666666666665
0 0.13657407407407407 0.09609375 0.028703703703703703 0.0171875
0 0.11990740740740741 0.07760416666666667 0.03425925925925926 0.02395833333333333
0 0.10925925925925926 0.10208333333333333 0.02962962962962963 0.02395833333333333
0 0.07361111111111111 0.14739583333333334 0.030555555555555558 0.01875
0 0.03935185185185185 0.12838541666666667 0.03425925925925926 0.024479166666666666
0 0.0837962962962963 0.23072916666666665 0.02314814814814815 0.0125
0 0.0125 0.21640625 0.021296296296296296 0.0140625
0 0.010648148148148148 0.20390624999999998 0.019444444444444445 0.0203125
0 0.0125 0.14401041666666667 0.02314814814814815 0.022395833333333334
0 0.018055555555555557 0.3541666666666667 0.019444444444444445 0.0125
0 0.05324074074074074 0.3755208333333333 0.02314814814814815 0.0125
0 0.058333333333333334 0.43333333333333335 0.022222222222222223 0.0125
0 0.021296296296296296 0.5651041666666666 0.022222222222222223 0.0125
0 0.20601851851851852 0.7846354166666667 0.026851851851851852 0.027604166666666666
0 0.08333333333333334 0.5783854166666667 0.02777777777777778 0.0171875
0 0.09814814814814815 0.5947916666666666 0.024074074074074074 0.0125
0 0.036111111111111115 0.61015625 0.03518518518518519 0.013020833333333334
0 0.17731481481481481 0.6294270833333333 0.032407407407407406 0.0140625
0 0.15462962962962964 0.6645833333333333 0.02962962962962963 0.017708333333333333
0 0.15462962962962964 0.646875 0.022222222222222223 0.014583333333333334
0 0.23703703703703705 0.634375 0.024074074074074074 0.011458333333333333
0 0.20601851851851852 0.63828125 0.030555555555555558 0.01614583333333333
0 0.2935185185185185 0.69140625 0.022222222222222223 0.01614583333333333
0 0.2574074074074074 0.68671875 0.024074074074074074 0.0203125
0 0.23564814814814816 0.7135416666666666 0.030555555555555558 0.022916666666666665
0 0.17175925925925928 0.7247395833333333 0.032407407407407406 0.0203125
0 0.1449074074074074 0.715625 0.012037037037037037 0.0125
0 0.12685185185185185 0.7208333333333333 0.02962962962962963 0.019791666666666666
0 0.20833333333333334 0.8195312499999999 0.02777777777777778 0.021354166666666667
0 0.07546296296296297 0.7471354166666666 0.036111111111111115 0.0203125
0 0.022685185185185187 0.84609375 0.021296296296296296 0.0203125
0 0.5074074074074074 0.7494791666666667 0.031481481481481485 0.021875
0 0.4291666666666667 0.35859375 0.017592592592592594 0.01614583333333333
0 0.4310185185185185 0.3359375 0.025 0.010416666666666666
0 0.8157407407407408 0.6002604166666666 0.037037037037037035 0.0203125
0 0.638425925925926 0.8229166666666666 0.026851851851851852 0.021875
0 0.7768518518518519 0.6885416666666666 0.03333333333333333 0.027083333333333334
0 0.8393518518518519 0.6796875 0.03981481481481482 0.020833333333333332
0 0.8773148148148149 0.7442708333333333 0.028703703703703703 0.020833333333333332
0 0.913425925925926 0.734375 0.036111111111111115 0.025
0 0.8162037037037038 0.5513020833333333 0.032407407407407406 0.0171875
0 0.8662037037037037 0.5356770833333333 0.03425925925925926 0.013020833333333334
0 0.9888888888888889 0.6247395833333333 0.022222222222222223 0.009895833333333333
0 0.8458333333333333 0.5497395833333333 0.030555555555555558 0.0140625
0 0.9064814814814816 0.48984374999999997 0.02962962962962963 0.0171875
0 0.9782407407407407 0.48046875 0.036111111111111115 0.015104166666666667
0 0.8648148148148148 0.3885416666666667 0.03333333333333333 0.017708333333333333
0 0.913888888888889 0.37786458333333334 0.02777777777777778 0.015104166666666667
0 0.9458333333333334 0.4044270833333333 0.017592592592592594 0.008854166666666666
0 0.9648148148148149 0.3997395833333333 0.022222222222222223 0.011979166666666666
0 0.8648148148148148 0.2921875 0.02962962962962963 0.016666666666666666
0 0.9722222222222222 0.2518229166666667 0.02962962962962963 0.018229166666666668
0 0.612037037037037 0.6861979166666666 0.02777777777777778 0.015104166666666667
0 0.9351851851851852 0.3247395833333333 0.02592592592592593 0.0140625
0 0.9361111111111111 0.3424479166666667 0.024074074074074074 0.009895833333333333
