0 0.2939814814814815 0.13307291666666665 0.028703703703703703 0.01614583333333333
0 0.26481481481481484 0.225 0.02592592592592593 0.016666666666666666
0 0.7833333333333333 0.37994791666666666 0.012962962962962964 0.0140625
0 0.6796296296296297 0.4067708333333333 0.022222222222222223 0.010416666666666666
0 0.5416666666666667 0.5203125 0.031481481481481485 0.026041666666666668
0 0.28101851851851856 0.34609375 0.030555555555555558 0.013020833333333334
0 0.2490740740740741 0.29661458333333335 0.02777777777777778 0.01614583333333333
0 0.37453703703703706 0.321875 0.026851851851851852 0.016666666666666666
0 0.4439814814814815 0.33489583333333334 0.021296296296296296 0.014583333333333334
0 0.2939814814814815 0.37604166666666666 0.028703703703703703 0.01875
0 0.26666666666666666 0.384375 0.031481481481481485 0.017708333333333333
0 0.23750000000000002 0.3859375 0.026851851851851852 0.016666666666666666
0 0.30833333333333335 0.4296875 0.031481481481481485 0.014583333333333334
0 0.38472222222222224 0.42994791666666665 0.021296296296296296 0.0140625
0 0.2847222222222222 0.46197916666666666 0.028703703703703703 0.013541666666666667
0 0.37777777777777777 0.4752604166666667 0.02962962962962963 0.0171875
0 0.35555555555555557 0.4888020833333333 0.03518518518518519 0.0203125
0 0.26481481481481484 0.5010416666666666 0.03518518518518519 0.019791666666666666
0 0.2657407407407408 0.6888020833333334 0.037037037037037035 0.025520833333333333
0 0.24861111111111112 0.5255208333333333 0.032407407407407406 0.01875
0 0.37083333333333335 0.5263020833333333 0.025 0.0203125
0 0.25601851851851853 0.6106770833333334 0.032407407407407406 0.019270833333333334
0 0.3175925925925926 0.61953125 0.04259259259259259 0.0234375
0 0.25925925925925924 0.75703125 0.03333333333333333 0.0203125
0 0.3231481481481482 0.7390625 0.031481481481481485 0.020833333333333332
0 0.35555555555555557 0.7403645833333333 0.02777777777777778 0.021354166666666667
0 0.3976851851851852 0.62265625 0.021296296296296296 0.01614583333333333
0 0.5092592592592593 0.7299479166666667 0.03333333333333333 0.011979166666666666
0 0.5541666666666667 0.64296875 0.026851851851851852 0.019270833333333334
0 0.6675925925925926 0.37447916666666664 0.03333333333333333 0.015625
0 0.5893518518518519 0.12864583333333332 0.030555555555555558 0.022916666666666665
0 0.6060185185185185 0.13671875 0.036111111111111115 0.024479166666666666
0 0.6680555555555556 0.19505208333333332 0.032407407407407406 0.024479166666666666
0 0.700925925925926 0.17708333333333334 0.04259259259259259 0.02395833333333333
0 0.7569444444444444 0.24166666666666667 0.028703703703703703 0.01875
0 0.7865740740740741 0.23880208333333333 0.026851851851851852 0.0171875
0 0.7171296296296297 0.3125 0.032407407407407406 0.016666666666666666
0 0.7050925925925926 0.328125 0.019444444444444445 0.014583333333333334
0 0.8208333333333334 0.31197916666666664 0.036111111111111115 0.019791666666666666
0 0.8064814814814815 0.3658854166666667 0.016666666666666666 0.0171875
0 0.7805555555555556 0.34921875 0.03888888888888889 0.022395833333333334
0 0.6662037037037037 0.39765625 0.019444444444444445 0.0140625
0 0.6851851851851852 0.39453125 0.02777777777777778 0.015104166666666667
0 0.6032407407407407 0.45651041666666664 0.032407407407407406 0.018229166666666668
0 0.6893518518518519 0.45338541666666665 0.030555555555555558 0.015104166666666667
0 0.5736111111111112 0.48020833333333335 0.03796296296296296 0.019791666666666666
0 0.6458333333333334 0.48411458333333335 0.03425925925925926 0.0203125
0 0.6324074074074074 0.5723958333333333 0.03333333333333333 0.01875
0 0.6013888888888889 0.57734375 0.030555555555555558 0.019270833333333334
0 0.5930555555555556 0.5924479166666666 0.025 0.011979166666666666
0 0.5796296296296296 0.6122395833333333 0.03518518518518519 0.0171875
0 0.6157407407407408 0.6986979166666667 0.02962962962962963 0.0203125
0 0.5884259259259259 0.8125 0.017592592592592594 0.022916666666666665
0 0.6550925925925927 0.7424479166666667 0.03425925925925926 0.019270833333333334
0 0.7143518518518519 0.6989583333333333 0.030555555555555558 0.014583333333333334
0 0.7050925925925926 0.72578125 0.019444444444444445 0.01614583333333333
0 0.6902777777777778 0.52734375 0.026851851851851852 0.018229166666666668
0 0.7226851851851852 0.5244791666666666 0.036111111111111115 0.020833333333333332
0 0.7675925925925926 0.53046875 0.03333333333333333 0.019270833333333334
0 0.7842592592592593 0.5544270833333333 0.03518518518518519 0.019270833333333334
0 0.8157407407407408 0.603125 0.03518518518518519 0.01875
0 0.9222222222222223 0.5502604166666667 0.02962962962962963 0.01614583333333333
0 0.9 0.33177083333333335 0.024074074074074074 0.011458333333333333
0 0.9199074074074074 0.3359375 0.021296296296296296 0.011458333333333333
0 0.9782407407407407 0.18463541666666666 0.032407407407407406 0.022395833333333334
0 0.899537037037037 0.09739583333333333 0.028703703703703703 0.017708333333333333
0 0.9171296296296296 0.07864583333333333 0.03425925925925926 0.02395833333333333
0 0.9282407407407408 0.103125 0.030555555555555558 0.02395833333333333
0 0.9638888888888889 0.1484375 0.031481481481481485 0.01875
0 0.9907407407407408 0.13046875 0.018518518518518517 0.024479166666666666
0 0.951388888888889 0.23177083333333334 0.02314814814814815 0.0125
0 0.987037037037037 0.3765625 0.024074074074074074 0.0125
0 0.9805555555555556 0.4341145833333333 0.022222222222222223 0.011979166666666666
0 0.837037037037037 0.7864583333333334 0.02777777777777778 0.028125
0 0.9518518518518518 0.5799479166666667 0.02962962962962963 0.0171875
0 0.9388888888888889 0.5963541666666666 0.024074074074074074 0.0125
0 0.9921296296296297 0.61171875 0.015740740740740743 0.0140625
0 0.8587962962962963 0.63125 0.032407407407407406 0.014583333333333334
0 0.8824074074074074 0.66640625 0.02962962962962963 0.018229166666666668
0 0.8814814814814815 0.6481770833333333 0.022222222222222223 0.015104166666666667
0 0.7976851851851852 0.6361979166666667 0.025 0.011979166666666666
0 0.8291666666666667 0.63984375 0.030555555555555558 0.01614583333333333
0 0.7402777777777778 0.69296875 0.021296296296296296 0.015104166666666667
0 0.7800925925925927 0.6885416666666666 0.026851851851851852 0.020833333333333332
0 0.8050925925925926 0.715625 0.032407407407407406 0.021875
0 0.8708333333333333 0.7265625 0.032407407407407406 0.020833333333333332
0 0.9074074074074074 0.7223958333333333 0.031481481481481485 0.019791666666666666
0 0.8342592592592593 0.8221354166666667 0.02777777777777778 0.022395833333333334
0 0.9648148148148149 0.7502604166666667 0.03518518518518519 0.0203125
0 0.5291666666666667 0.7510416666666666 0.032407407407407406 0.021875
0 0.6050925925925926 0.36015625 0.019444444444444445 0.018229166666666668
0 0.600462962962963 0.3346354166666667 0.02314814814814815 0.011979166666666666
0 0.22083333333333335 0.60078125 0.03796296296296296 0.0203125
0 0.40231481481481485 0.82421875 0.028703703703703703 0.021354166666666667
0 0.20092592592592592 0.6807291666666666 0.04259259259259259 0.021875
0 0.16064814814814815 0.7450520833333333 0.028703703703703703 0.021354166666666667
0 0.125 0.7348958333333333 0.037037037037037035 0.025
0 0.21805555555555556 0.5520833333333334 0.032407407407407406 0.01875
0 0.16805555555555557 0.5361979166666666 0.03425925925925926 0.0140625
0 0.04027777777777778 0.625 0.02314814814814815 0.010416666666666666
0 0.18703703703703706 0.5497395833333333 0.031481481481481485 0.0140625
0 0.02314814814814815 0.5463541666666667 0.024074074074074074 0.0125
0 0.12453703703703704 0.4901041666666667 0.028703703703703703 0.017708333333333333
0 0.05324074074074074 0.48125 0.03796296296296296 0.014583333333333334
0 0.16898148148148148 0.38958333333333334 0.030555555555555558 0.016666666666666666
0 0.12361111111111112 0.37864583333333335 0.026851851851851852 0.015625
0 0.08842592592592594 0.4046875 0.017592592592592594 0.009375
0 0.0699074074074074 0.4005208333333333 0.02314814814814815 0.0125
0 0.1685185185185185 0.29244791666666664 0.02962962962962963 0.0171875
0 0.0625 0.25234375 0.028703703703703703 0.018229166666666668
0 0.4189814814814815 0.6872395833333333 0.026851851851851852 0.015104166666666667
0 0.09537037037037037 0.3255208333333333 0.02592592592592593 0.014583333333333334
0 0.09490740740740741 0.34375 0.021296296296296296 0.008333333333333333
