0 0.6990740740740741 0.13359375 0.02777777777777778 0.01614583333333333
0 0.7282407407407407 0.22526041666666666 0.026851851851851852 0.0171875
0 0.2101851851851852 0.37994791666666666 0.012962962962962964 0.015104166666666667
0 0.31527777777777777 0.40729166666666666 0.02314814814814815 0.010416666666666666
0 0.44907407407407407 0.5203125 0.03333333333333333 0.022916666666666665
0 0.712037037037037 0.34661458333333334 0.031481481481481485 0.013020833333333334
0 0.7453703703703703 0.296875 0.02777777777777778 0.016666666666666666
0 0.6203703703703703 0.32265625 0.02592592592592593 0.01614583333333333
0 0.5504629629629629 0.33541666666666664 0.021296296296296296 0.014583333333333334
0 0.6990740740740741 0.3763020833333333 0.02962962962962963 0.018229166666666668
0 0.7263888888888889 0.384375 0.030555555555555558 0.017708333333333333
0 0.7564814814814815 0.38645833333333335 0.02592592592592593 0.016666666666666666
0 0.6856481481481482 0.42942708333333335 0.030555555555555558 0.0140625
0 0.6092592592592593 0.4302083333333333 0.020370370370370372 0.013541666666666667
0 0.7097222222222223 0.46249999999999997 0.028703703703703703 0.013541666666666667
0 0.6162037037037037 0.47578125 0.030555555555555558 0.0171875
0 0.637962962962963 0.4890625 0.03518518518518519 0.020833333333333332
0 0.7296296296296296 0.5015625 0.03518518518518519 0.019791666666666666
0 0.7268518518518519 0.6901041666666666 0.03888888888888889 0.025
0 0.7444444444444445 0.5255208333333333 0.031481481481481485 0.01875
0 0.6236111111111111 0.5268229166666667 0.025 0.0203125
0 0.7384259259259259 0.6109375 0.032407407407407406 0.019791666666666666
0 0.675 0.6200520833333333 0.04259259259259259 0.0234375
0 0.7342592592592593 0.7578125 0.031481481481481485 0.019791666666666666
0 0.6699074074074074 0.7395833333333334 0.032407407407407406 0.020833333333333332
0 0.638425925925926 0.7411458333333333 0.028703703703703703 0.021875
0 0.5986111111111111 0.6229166666666667 0.025 0.015625
0 0.4847222222222222 0.7307291666666667 0.03425925925925926 0.0125
0 0.4388888888888889 0.6432291666666666 0.02592592592592593 0.019791666666666666
0 0.325 0.375 0.03333333333333333 0.015625
0 0.40324074074074073 0.12890625 0.030555555555555558 0.0234375
0 0.38703703703703707 0.13723958333333333 0.03518518518518519 0.024479166666666666
0 0.32407407407407407 0.19557291666666665 0.03333333333333333 0.025520833333333333
0 0.2916666666666667 0.17734375 0.04259259259259259 0.024479166666666666
0 0.23657407407407408 0.24244791666666665 0.028703703703703703 0.019270833333333334
0 0.20694444444444446 0.23932291666666666 0.026851851851851852 0.0171875
0 0.275 0.3130208333333333 0.03333333333333333 0.016666666666666666
0 0.28750000000000003 0.32916666666666666 0.019444444444444445 0.013541666666666667
0 0.17222222222222222 0.31223958333333335 0.03518518518518519 0.019270833333333334
0 0.18703703703703706 0.36666666666666664 0.016666666666666666 0.017708333333333333
0 0.21157407407407408 0.3494791666666667 0.03981481481481482 0.022916666666666665
0 0.3282407407407408 0.39817708333333335 0.019444444444444445 0.013020833333333334
0 0.30972222222222223 0.39453125 0.028703703703703703 0.015104166666666667
0 0.3893518518518519 0.45729166666666665 0.032407407407407406 0.01875
0 0.3027777777777778 0.4544270833333333 0.02962962962962963 0.015104166666666667
0 0.4189814814814815 0.48072916666666665 0.03796296296296296 0.019791666666666666
0 0.34675925925925927 0.48463541666666665 0.03425925925925926 0.0203125
0 0.3611111111111111 0.57265625 0.03333333333333333 0.018229166666666668
0 0.3907407407407408 0.5778645833333333 0.02962962962962963 0.019270833333333334
0 0.40370370370370373 0.5942708333333333 0.031481481481481485 0.013541666666666667
0 0.4134259259259259 0.6125 0.036111111111111115 0.017708333333333333
0 0.3763888888888889 0.6994791666666667 0.030555555555555558 0.020833333333333332
0 0.4050925925925926 0.81328125 0.017592592592592594 0.022395833333333334
0 0.3375 0.7421875 0.032407407407407406 0.020833333333333332
0 0.2796296296296296 0.69921875 0.02962962962962963 0.015104166666666667
0 0.28750000000000003 0.7263020833333333 0.019444444444444445 0.015104166666666667
0 0.3027777777777778 0.5283854166666666 0.02592592592592593 0.018229166666666668
0 0.27037037037037037 0.5252604166666667 0.037037037037037035 0.021354166666666667
0 0.22546296296296298 0.5315104166666667 0.03425925925925926 0.0203125
0 0.2087962962962963 0.5549479166666667 0.036111111111111115 0.019270833333333334
0 0.17777777777777778 0.60390625 0.03518518518518519 0.018229166666666668
0 0.0712962962962963 0.5510416666666667 0.02962962962962963 0.015625
0 0.09444444444444444 0.3328125 0.024074074074074074 0.011458333333333333
0 0.07268518518518519 0.33671875 0.021296296296296296 0.011979166666666666
0 0.016203703703703703 0.18489583333333334 0.030555555555555558 0.022916666666666665
0 0.09351851851851853 0.09791666666666667 0.02777777777777778 0.017708333333333333
0 0.07546296296296297 0.07942708333333333 0.03425925925925926 0.024479166666666666
0 0.06527777777777778 0.10364583333333333 0.030555555555555558 0.02395833333333333
0 0.028703703703703703 0.14921875 0.031481481481481485 0.018229166666666668
0 0.04212962962962963 0.23255208333333333 0.02314814814814815 0.011979166666666666
0 0.010185185185185186 0.3776041666666667 0.016666666666666666 0.0125
0 0.0125 0.43515624999999997 0.021296296296296296 0.011979166666666666
0 0.1550925925925926 0.7875 0.026851851851851852 0.028125
0 0.03981481481481482 0.5807291666666666 0.02777777777777778 0.017708333333333333
0 0.053703703703703705 0.5973958333333333 0.024074074074074074 0.0125
0 0.13472222222222222 0.6317708333333333 0.032407407407407406 0.014583333333333334
0 0.11111111111111112 0.6677083333333333 0.02962962962962963 0.017708333333333333
0 0.11157407407407408 0.64921875 0.02314814814814815 0.015104166666666667
0 0.1953703703703704 0.63671875 0.024074074074074074 0.011979166666666666
0 0.16342592592592592 0.640625 0.030555555555555558 0.016666666666666666
0 0.25324074074074077 0.6934895833333333 0.021296296296296296 0.015104166666666667
0 0.2125 0.6890625 0.026851851851851852 0.020833333333333332
0 0.1865740740740741 0.7161458333333334 0.032407407407407406 0.022916666666666665
0 0.12175925925925926 0.72734375 0.032407407407407406 0.0203125
0 0.08611111111111111 0.7234375 0.02962962962962963 0.019791666666666666
0 0.1564814814814815 0.8234374999999999 0.02777777777777778 0.021875
0 0.028703703703703703 0.7513020833333334 0.03518518518518519 0.0203125
0 0.4652777777777778 0.7515625 0.032407407407407406 0.021875
0 0.38842592592592595 0.36041666666666666 0.019444444444444445 0.017708333333333333
0 0.3939814814814815 0.33567708333333335 0.02314814814814815 0.011979166666666666
0 0.7722222222222223 0.6010416666666667 0.037037037037037035 0.020833333333333332
0 0.5907407407407408 0.8252604166666666 0.02777777777777778 0.021354166666666667
0 0.7916666666666667 0.6807291666666666 0.04259259259259259 0.021875
0 0.8324074074074075 0.7453125 0.02777777777777778 0.020833333333333332
0 0.8680555555555556 0.73515625 0.03796296296296296 0.025520833333333333
0 0.7759259259259259 0.55234375 0.031481481481481485 0.0171875
0 0.8273148148148148 0.5361979166666666 0.03425925925925926 0.0140625
0 0.9550925925925926 0.6252604166666667 0.02314814814814815 0.0109375
0 0.8069444444444445 0.5505208333333333 0.030555555555555558 0.013541666666666667
0 0.9717592592592593 0.5473958333333333 0.026851851851851852 0.010416666666666666
0 0.8703703703703703 0.4901041666666667 0.02962962962962963 0.017708333333333333
0 0.9412037037037038 0.4817708333333333 0.03796296296296296 0.015625
0 0.8240740740740741 0.38984375 0.02962962962962963 0.0171875
0 0.8703703703703703 0.37916666666666665 0.02777777777777778 0.015625
0 0.9064814814814816 0.4049479166666667 0.016666666666666666 0.009895833333333333
0 0.924537037037037 0.40078125 0.02314814814814815 0.013020833333333334
0 0.825925925925926 0.29296875 0.02962962962962963 0.0171875
0 0.9319444444444445 0.253125 0.028703703703703703 0.01875
0 0.5750000000000001 0.6869791666666667 0.02592592592592593 0.015625
0 0.899537037037037 0.3255208333333333 0.025 0.014583333333333334
0 0.9009259259259259 0.34401041666666665 0.022222222222222223 0.0078125
