0 0.6856481481481482 0.13567708333333334 0.028703703703703703 0.015104166666666667
0 0.7148148148148148 0.22734374999999998 0.02592592592592593 0.01614583333333333
0 0.1953703703703704 0.38125 0.012962962962962964 0.014583333333333334
0 0.3027777777777778 0.40859375 0.02592592592592593 0.0109375
0 0.4310185185185185 0.5213541666666667 0.032407407407407406 0.022916666666666665
0 0.6976851851851852 0.34791666666666665 0.030555555555555558 0.013541666666666667
0 0.7319444444444445 0.2989583333333333 0.026851851851851852 0.016666666666666666
0 0.6074074074074074 0.32395833333333335 0.02777777777777778 0.016666666666666666
0 0.538425925925926 0.33697916666666666 0.021296296296296296 0.014583333333333334
0 0.6851851851851852 0.37786458333333334 0.02962962962962963 0.019270833333333334
0 0.712037037037037 0.38697916666666665 0.02962962962962963 0.01875
0 0.7416666666666667 0.3885416666666667 0.02592592592592593 0.016666666666666666
0 0.6726851851851852 0.43124999999999997 0.030555555555555558 0.0125
0 0.5944444444444444 0.4315104166666667 0.020370370370370372 0.013020833333333334
0 0.6958333333333334 0.46432291666666664 0.028703703703703703 0.0140625
0 0.600925925925926 0.47734375 0.02962962962962963 0.0171875
0 0.6236111111111111 0.490625 0.03425925925925926 0.020833333333333332
0 0.7138888888888889 0.5026041666666666 0.03518518518518519 0.019791666666666666
0 0.7291666666666667 0.5268229166666667 0.032407407407407406 0.019270833333333334
0 0.6083333333333334 0.5278645833333333 0.024074074074074074 0.0203125
0 0.7231481481481482 0.6125 0.03333333333333333 0.019791666666666666
0 0.6578703703703704 0.6216145833333333 0.04351851851851852 0.0234375
0 0.7180555555555556 0.7596354166666667 0.032407407407407406 0.0203125
0 0.6537037037037037 0.7411458333333333 0.031481481481481485 0.021875
0 0.6212962962962963 0.7432291666666666 0.02777777777777778 0.020833333333333332
0 0.5833333333333334 0.625 0.02592592592592593 0.014583333333333334
0 0.4671296296296297 0.7317708333333334 0.03425925925925926 0.0125
0 0.4217592592592593 0.64453125 0.026851851851851852 0.0203125
0 0.3092592592592593 0.3763020833333333 0.031481481481481485 0.015104166666666667
0 0.3875 0.13072916666666667 0.030555555555555558 0.022916666666666665
0 0.3703703703703704 0.1390625 0.03518518518518519 0.025
0 0.3074074074074074 0.19739583333333333 0.03333333333333333 0.025
0 0.2740740740740741 0.17916666666666667 0.04259259259259259 0.025
0 0.22268518518518518 0.24322916666666666 0.028703703703703703 0.01875
0 0.1925925925925926 0.240625 0.02592592592592593 0.017708333333333333
0 0.2587962962962963 0.3145833333333333 0.03425925925925926 0.016666666666666666
0 0.27222222222222225 0.33046875 0.018518518518518517 0.013020833333333334
0 0.15694444444444444 0.31354166666666666 0.036111111111111115 0.01875
0 0.17222222222222222 0.3684895833333333 0.016666666666666666 0.01614583333333333
0 0.1962962962962963 0.35078125 0.040740740740740744 0.0234375
0 0.31527777777777777 0.39921875 0.021296296296296296 0.013020833333333334
0 0.3875 0.5950520833333334 0.028703703703703703 0.013020833333333334
0 0.2972222222222222 0.39557291666666666 0.02777777777777778 0.015104166666666667
0 0.3726851851851852 0.45807291666666666 0.032407407407407406 0.018229166666666668
0 0.2865740740740741 0.4549479166666667 0.028703703703703703 0.0140625
0 0.40185185185185185 0.4817708333333333 0.037037037037037035 0.019791666666666666
0 0.32962962962962966 0.4856770833333333 0.03518518518518519 0.0203125
0 0.34444444444444444 0.57421875 0.03333333333333333 0.018229166666666668
0 0.3740740740740741 0.5791666666666666 0.02962962962962963 0.01875
0 0.3962962962962963 0.6145833333333334 0.037037037037037035 0.017708333333333333
0 0.3592592592592593 0.70078125 0.02962962962962963 0.0203125
0 0.38657407407407407 0.8151041666666666 0.015740740740740743 0.021875
0 0.3199074074074074 0.74296875 0.032407407407407406 0.022395833333333334
0 0.2625 0.7002604166666666 0.028703703703703703 0.0140625
0 0.2712962962962963 0.7276041666666666 0.018518518518518517 0.014583333333333334
0 0.28611111111111115 0.5294270833333333 0.02592592592592593 0.018229166666666668
0 0.25277777777777777 0.5263020833333333 0.037037037037037035 0.021354166666666667
0 0.2101851851851852 0.5322916666666666 0.03333333333333333 0.019791666666666666
0 0.19398148148148148 0.5557291666666666 0.036111111111111115 0.019791666666666666
0 0.16111111111111112 0.6052083333333333 0.03518518518518519 0.01875
0 0.05601851851851852 0.5513020833333333 0.030555555555555558 0.01614583333333333
0 0.08009259259259259 0.3333333333333333 0.02314814814814815 0.011458333333333333
0 0.0587962962962963 0.3372395833333333 0.021296296296296296 0.011979166666666666
0 0.07824074074074075 0.09973958333333333 0.028703703703703703 0.0171875
0 0.06157407407407408 0.08098958333333334 0.03425925925925926 0.024479166666666666
0 0.051388888888888894 0.10494791666666667 0.030555555555555558 0.0234375
0 0.015740740740740743 0.15 0.02962962962962963 0.01875
0 0.027314814814814816 0.23307291666666666 0.02314814814814815 0.011979166666666666
0 0.3625 0.7184895833333333 0.019444444444444445 0.01614583333333333
0 0.13564814814814816 0.7890625 0.026851851851851852 0.028125
0 0.02361111111111111 0.58203125 0.026851851851851852 0.0171875
0 0.0375 0.5984375 0.02314814814814815 0.0125
0 0.11898148148148148 0.6330729166666667 0.032407407407407406 0.015104166666666667
0 0.09444444444444444 0.6684895833333333 0.02962962962962963 0.018229166666666668
0 0.09444444444444444 0.6502604166666667 0.022222222222222223 0.015104166666666667
0 0.17962962962962964 0.63828125 0.024074074074074074 0.011979166666666666
0 0.1486111111111111 0.6416666666666666 0.030555555555555558 0.016666666666666666
0 0.23796296296296296 0.6953125 0.020370370370370372 0.015625
0 0.9560185185185186 0.5494791666666666 0.019444444444444445 0.013541666666666667
0 0.19444444444444445 0.6908854166666667 0.02777777777777778 0.0203125
0 0.16712962962962963 0.7177083333333333 0.032407407407407406 0.022916666666666665
0 0.10138888888888889 0.72890625 0.032407407407407406 0.0203125
0 0.06944444444444445 0.72421875 0.02777777777777778 0.0203125
0 0.13657407407407407 0.8252604166666666 0.028703703703703703 0.021354166666666667
0 0.013425925925925926 0.7526041666666666 0.025 0.020833333333333332
0 0.4486111111111111 0.753125 0.032407407407407406 0.021875
0 0.37453703703703706 0.36171875 0.021296296296296296 0.0171875
0 0.3819444444444445 0.33567708333333335 0.021296296296296296 0.013020833333333334
0 0.7564814814814815 0.6026041666666666 0.037037037037037035 0.020833333333333332
0 0.5717592592592593 0.8268229166666666 0.028703703703703703 0.022395833333333334
0 0.5064814814814815 0.65703125 0.02592592592592593 0.0171875
0 0.45046296296296295 0.5791666666666666 0.025 0.015625
0 0.7111111111111111 0.6919270833333333 0.03518518518518519 0.0265625
0 0.7726851851851853 0.6825520833333333 0.04166666666666667 0.022395833333333334
0 0.8148148148148149 0.74765625 0.02777777777777778 0.021354166666666667
0 0.85 0.7372395833333333 0.037037037037037035 0.024479166666666666
0 0.7611111111111112 0.55390625 0.031481481481481485 0.0171875
0 0.812962962962963 0.53828125 0.03333333333333333 0.015104166666666667
0 0.9412037037037038 0.6268229166666667 0.02314814814814815 0.0109375
0 0.7930555555555556 0.5520833333333334 0.030555555555555558 0.013541666666666667
0 0.8569444444444445 0.4921875 0.030555555555555558 0.017708333333333333
0 0.9282407407407408 0.48385416666666664 0.03796296296296296 0.015625
0 0.8092592592592593 0.39140625 0.031481481481481485 0.0171875
0 0.8546296296296296 0.3807291666666667 0.02777777777777778 0.015625
0 0.8916666666666667 0.40729166666666666 0.016666666666666666 0.008333333333333333
0 0.9097222222222222 0.4028645833333333 0.02314814814814815 0.013020833333333334
0 0.8111111111111111 0.2950520833333333 0.02962962962962963 0.0171875
0 0.9171296296296296 0.2552083333333333 0.028703703703703703 0.01875
0 0.5606481481481481 0.6890625 0.026851851851851852 0.015625
0 0.8865740740740741 0.3268229166666667 0.025 0.0140625
0 0.8875000000000001 0.3458333333333333 0.021296296296296296 0.007291666666666667
