0 0.3231481481481482 0.13619791666666667 0.02777777777777778 0.015104166666666667
0 0.29444444444444445 0.228125 0.02592592592592593 0.016666666666666666
0 0.7046296296296296 0.409375 0.02592592592592593 0.011458333333333333
0 0.5791666666666667 0.5216145833333333 0.032407407407407406 0.0234375
0 0.31157407407407406 0.34869791666666666 0.030555555555555558 0.0140625
0 0.27685185185185185 0.2994791666666667 0.02777777777777778 0.016666666666666666
0 0.40046296296296297 0.3247395833333333 0.026851851851851852 0.01614583333333333
0 0.46990740740740744 0.3372395833333333 0.021296296296296296 0.015104166666666667
0 0.32453703703703707 0.37838541666666664 0.028703703703703703 0.019270833333333334
0 0.2976851851851852 0.38697916666666665 0.030555555555555558 0.01875
0 0.2675925925925926 0.3885416666666667 0.02592592592592593 0.016666666666666666
0 0.33564814814814814 0.4317708333333333 0.030555555555555558 0.0125
0 0.4152777777777778 0.43203125 0.021296296296296296 0.013020833333333334
0 0.3125 0.46458333333333335 0.028703703703703703 0.014583333333333334
0 0.4083333333333333 0.47760416666666666 0.02962962962962963 0.016666666666666666
0 0.3856481481481482 0.49114583333333334 0.03425925925925926 0.020833333333333332
0 0.2949074074074074 0.5036458333333333 0.036111111111111115 0.019791666666666666
0 0.2791666666666667 0.5276041666666667 0.032407407407407406 0.01875
0 0.40092592592592596 0.5283854166666666 0.024074074074074074 0.0203125
0 0.2851851851851852 0.6130208333333333 0.03333333333333333 0.019791666666666666
0 0.3523148148148148 0.6223958333333334 0.04166666666666667 0.02395833333333333
0 0.29953703703703705 0.6924479166666666 0.036111111111111115 0.0265625
0 0.29212962962962963 0.76015625 0.032407407407407406 0.0203125
0 0.3564814814814815 0.7421875 0.031481481481481485 0.021875
0 0.38842592592592595 0.7440104166666667 0.028703703703703703 0.021354166666666667
0 0.42592592592592593 0.6255208333333333 0.02592592592592593 0.014583333333333334
0 0.5425925925925926 0.7328125 0.03333333333333333 0.0125
0 0.5884259259259259 0.6450520833333333 0.028703703703703703 0.0203125
0 0.6995370370370371 0.3768229166666667 0.028703703703703703 0.0140625
0 0.6217592592592592 0.13177083333333334 0.030555555555555558 0.022916666666666665
0 0.6393518518518518 0.13958333333333334 0.03425925925925926 0.025
0 0.701388888888889 0.19791666666666666 0.032407407407407406 0.025
0 0.7361111111111112 0.1796875 0.04259259259259259 0.02395833333333333
0 0.7856481481481482 0.24401041666666667 0.028703703703703703 0.018229166666666668
0 0.8157407407407408 0.24088541666666666 0.02592592592592593 0.0171875
0 0.750462962962963 0.31536458333333334 0.03425925925925926 0.0171875
0 0.737037037037037 0.33125 0.018518518518518517 0.0125
0 0.8527777777777779 0.31354166666666666 0.037037037037037035 0.01875
0 0.8365740740740741 0.3697916666666667 0.019444444444444445 0.014583333333333334
0 0.813425925925926 0.35078125 0.03981481481481482 0.024479166666666666
0 0.7101851851851853 0.39609375 0.02777777777777778 0.015104166666666667
0 0.638425925925926 0.45859374999999997 0.032407407407407406 0.018229166666666668
0 0.7240740740740741 0.45546875 0.02777777777777778 0.0140625
0 0.6074074074074074 0.48203124999999997 0.037037037037037035 0.0203125
0 0.6805555555555556 0.4864583333333333 0.03518518518518519 0.020833333333333332
0 0.6652777777777779 0.5744791666666667 0.032407407407407406 0.017708333333333333
0 0.6356481481481482 0.5796875 0.030555555555555558 0.01875
0 0.611574074074074 0.6138020833333333 0.036111111111111115 0.018229166666666668
0 0.6513888888888889 0.7013020833333333 0.028703703703703703 0.021354166666666667
0 0.6236111111111111 0.8156249999999999 0.015740740740740743 0.020833333333333332
0 0.6912037037037038 0.7442708333333333 0.032407407407407406 0.020833333333333332
0 0.7481481481481482 0.7013020833333333 0.02777777777777778 0.0140625
0 0.7398148148148148 0.7278645833333334 0.018518518518518517 0.0140625
0 0.7245370370370371 0.5294270833333333 0.025 0.018229166666666668
0 0.7574074074074074 0.5268229166666667 0.037037037037037035 0.021354166666666667
0 0.799537037037037 0.5328125 0.03425925925925926 0.019791666666666666
0 0.8152777777777778 0.5565104166666667 0.036111111111111115 0.019270833333333334
0 0.8490740740740741 0.60546875 0.03518518518518519 0.019270833333333334
0 0.9532407407407407 0.5520833333333334 0.030555555555555558 0.015625
0 0.9282407407407408 0.3338541666666667 0.02314814814814815 0.011458333333333333
0 0.9486111111111112 0.3380208333333333 0.021296296296296296 0.011458333333333333
0 0.9296296296296297 0.10026041666666667 0.02777777777777778 0.0171875
0 0.9467592592592593 0.08177083333333333 0.03425925925925926 0.02395833333333333
0 0.9569444444444445 0.10572916666666667 0.030555555555555558 0.02395833333333333
0 0.9888888888888889 0.15104166666666666 0.022222222222222223 0.01875
0 0.9810185185185185 0.23385416666666667 0.02314814814814815 0.0125
0 0.875925925925926 0.7895833333333333 0.02777777777777778 0.028125
0 0.9861111111111112 0.5822916666666667 0.02592592592592593 0.016666666666666666
0 0.9726851851851852 0.5984375 0.02314814814814815 0.0125
0 0.8912037037037037 0.63359375 0.032407407407407406 0.015104166666666667
0 0.9152777777777779 0.6690104166666666 0.028703703703703703 0.018229166666666668
0 0.9148148148148149 0.65078125 0.022222222222222223 0.015104166666666667
0 0.8300925925925926 0.63828125 0.025 0.011979166666666666
0 0.8611111111111112 0.6419270833333334 0.031481481481481485 0.01614583333333333
0 0.7708333333333334 0.69609375 0.021296296296296296 0.015104166666666667
0 0.8152777777777778 0.69140625 0.026851851851851852 0.0203125
0 0.8425925925925927 0.71796875 0.03333333333333333 0.024479166666666666
0 0.9092592592592593 0.7294270833333333 0.03333333333333333 0.0203125
0 0.9407407407407408 0.72578125 0.02777777777777778 0.019270833333333334
0 0.875462962962963 0.8255208333333334 0.028703703703703703 0.020833333333333332
0 0.5615740740740741 0.7533854166666667 0.03425925925925926 0.022395833333333334
0 0.6481481481481481 0.71953125 0.020370370370370372 0.01614583333333333
0 0.6337962962962963 0.3619791666666667 0.021296296296296296 0.016666666666666666
0 0.6273148148148149 0.3364583333333333 0.021296296296296296 0.013541666666666667
0 0.2537037037037037 0.603125 0.037037037037037035 0.020833333333333332
0 0.4393518518518519 0.8278645833333333 0.028703703703703703 0.022395833333333334
0 0.5037037037037038 0.6575520833333334 0.02592592592592593 0.0171875
0 0.5583333333333333 0.5799479166666667 0.02592592592592593 0.01614583333333333
0 0.23750000000000002 0.6825520833333333 0.03796296296296296 0.024479166666666666
0 0.19490740740740742 0.7484375 0.026851851851851852 0.020833333333333332
0 0.15972222222222224 0.7375 0.03796296296296296 0.025
0 0.24675925925925926 0.5541666666666667 0.030555555555555558 0.017708333333333333
0 0.1953703703703704 0.5388020833333333 0.03333333333333333 0.015104166666666667
0 0.0125 0.5861979166666667 0.021296296296296296 0.018229166666666668
0 0.06759259259259259 0.6270833333333333 0.022222222222222223 0.010416666666666666
0 0.2152777777777778 0.55234375 0.030555555555555558 0.0140625
0 0.15185185185185185 0.49244791666666665 0.02962962962962963 0.0171875
0 0.08101851851851852 0.48359375 0.03796296296296296 0.015104166666666667
0 0.2 0.3921875 0.02962962962962963 0.016666666666666666
0 0.15462962962962964 0.3815104166666667 0.02592592592592593 0.015104166666666667
0 0.1175925925925926 0.4080729166666667 0.016666666666666666 0.0078125
0 0.09907407407407408 0.403125 0.024074074074074074 0.0125
0 0.19722222222222224 0.2955729166666667 0.02962962962962963 0.0171875
0 0.09074074074074075 0.2559895833333333 0.02777777777777778 0.019270833333333334
0 0.4486111111111111 0.6895833333333333 0.026851851851851852 0.015625
0 0.1212962962962963 0.32786458333333335 0.024074074074074074 0.0140625
0 0.1212962962962963 0.34609375 0.020370370370370372 0.0067708333333333336
