0 0.6717592592592593 0.13697916666666665 0.026851851851851852 0.015625
0 0.700462962962963 0.22838541666666667 0.026851851851851852 0.01614583333333333
0 0.2916666666666667 0.40989583333333335 0.02592592592592593 0.011458333333333333
0 0.4138888888888889 0.5216145833333333 0.03333333333333333 0.0234375
0 0.6833333333333333 0.3494791666666667 0.031481481481481485 0.013541666666666667
0 0.7189814814814816 0.2994791666666667 0.026851851851851852 0.016666666666666666
0 0.5949074074074074 0.3247395833333333 0.026851851851851852 0.01614583333333333
0 0.5259259259259259 0.3375 0.022222222222222223 0.014583333333333334
0 0.6694444444444445 0.37916666666666665 0.02777777777777778 0.01875
0 0.6967592592592593 0.3880208333333333 0.030555555555555558 0.01875
0 0.7263888888888889 0.3888020833333333 0.026851851851851852 0.01614583333333333
0 0.6592592592592593 0.43203125 0.02962962962962963 0.011979166666666666
0 0.5800925925925926 0.43255208333333334 0.021296296296296296 0.013020833333333334
0 0.6828703703703703 0.46510416666666665 0.028703703703703703 0.013541666666666667
0 0.5861111111111111 0.47812499999999997 0.02962962962962963 0.016666666666666666
0 0.6087962962962963 0.49140625 0.03425925925925926 0.0203125
0 0.7000000000000001 0.5036458333333333 0.03518518518518519 0.019791666666666666
0 0.7152777777777778 0.5278645833333333 0.032407407407407406 0.019270833333333334
0 0.5935185185185186 0.5286458333333334 0.024074074074074074 0.019791666666666666
0 0.7106481481481481 0.61328125 0.032407407407407406 0.0203125
0 0.6421296296296296 0.6223958333333334 0.04166666666666667 0.022916666666666665
0 0.6916666666666667 0.6916666666666667 0.031481481481481485 0.029166666666666667
0 0.7023148148148148 0.7606770833333333 0.032407407407407406 0.0203125
0 0.6375000000000001 0.7424479166666667 0.032407407407407406 0.021354166666666667
0 0.6060185185185185 0.7440104166666667 0.028703703703703703 0.021354166666666667
0 0.5689814814814815 0.6255208333333333 0.025 0.014583333333333334
0 0.4518518518518519 0.7333333333333333 0.03333333333333333 0.0125
0 0.4064814814814815 0.6453125 0.02777777777777778 0.019791666666666666
0 0.2953703703703704 0.3776041666666667 0.02592592592592593 0.013541666666666667
0 0.3726851851851852 0.13229166666666667 0.030555555555555558 0.022916666666666665
0 0.3550925925925926 0.14036458333333332 0.036111111111111115 0.024479166666666666
0 0.2925925925925926 0.1984375 0.03333333333333333 0.025
0 0.25833333333333336 0.18072916666666666 0.04259259259259259 0.02395833333333333
0 0.2087962962962963 0.24479166666666666 0.028703703703703703 0.01875
0 0.17916666666666667 0.24166666666666667 0.026851851851851852 0.017708333333333333
0 0.2439814814814815 0.31536458333333334 0.03425925925925926 0.0171875
0 0.2574074074074074 0.33151041666666664 0.016666666666666666 0.011979166666666666
0 0.14166666666666666 0.3140625 0.037037037037037035 0.01875
0 0.15787037037037038 0.37005208333333334 0.017592592592592594 0.015104166666666667
0 0.18101851851851852 0.35130208333333335 0.03981481481481482 0.024479166666666666
0 0.2851851851851852 0.39609375 0.02777777777777778 0.015104166666666667
0 0.37777777777777777 0.81640625 0.02777777777777778 0.018229166666666668
0 0.3560185185185185 0.4591145833333333 0.032407407407407406 0.018229166666666668
0 0.27037037037037037 0.4552083333333333 0.02777777777777778 0.013541666666666667
0 0.38657407407407407 0.4822916666666667 0.03796296296296296 0.019791666666666666
0 0.312962962962963 0.48671875 0.03518518518518519 0.0203125
0 0.3277777777777778 0.5747395833333333 0.03333333333333333 0.018229166666666668
0 0.35833333333333334 0.5802083333333333 0.02962962962962963 0.01875
0 0.3824074074074074 0.6151041666666667 0.037037037037037035 0.017708333333333333
0 0.3416666666666667 0.7020833333333333 0.02962962962962963 0.020833333333333332
0 0.3023148148148148 0.74375 0.032407407407407406 0.022916666666666665
0 0.24722222222222223 0.7015625 0.02777777777777778 0.014583333333333334
0 0.25416666666666665 0.7276041666666666 0.017592592592592594 0.013541666666666667
0 0.26944444444444443 0.5299479166666666 0.02592592592592593 0.018229166666666668
0 0.23703703703703705 0.52734375 0.037037037037037035 0.021354166666666667
0 0.1953703703703704 0.5328125 0.03333333333333333 0.019791666666666666
0 0.17916666666666667 0.5567708333333333 0.036111111111111115 0.019791666666666666
0 0.14537037037037037 0.6057291666666667 0.03518518518518519 0.01875
0 0.04166666666666667 0.5520833333333334 0.02962962962962963 0.015625
0 0.06620370370370371 0.3341145833333333 0.02314814814814815 0.0109375
0 0.04583333333333334 0.3385416666666667 0.021296296296296296 0.011458333333333333
0 0.06574074074074074 0.10052083333333334 0.02777777777777778 0.017708333333333333
0 0.04861111111111111 0.08255208333333333 0.03425925925925926 0.0234375
0 0.038425925925925926 0.10598958333333333 0.030555555555555558 0.0234375
0 0.009259259259259259 0.15130208333333334 0.016666666666666666 0.018229166666666668
0 0.014351851851851852 0.23411458333333332 0.02314814814814815 0.011979166666666666
0 0.1175925925925926 0.7908854166666667 0.02777777777777778 0.028645833333333332
0 0.011111111111111112 0.5828125 0.018518518518518517 0.017708333333333333
0 0.02175925925925926 0.59921875 0.02314814814814815 0.011979166666666666
0 0.10370370370370371 0.6341145833333334 0.031481481481481485 0.015104166666666667
0 0.0787037037037037 0.6700520833333333 0.02962962962962963 0.018229166666666668
0 0.07916666666666666 0.6510416666666666 0.02314814814814815 0.015625
0 0.16527777777777777 0.6388020833333333 0.025 0.011979166666666666
0 0.1328703703703704 0.6421875 0.030555555555555558 0.016666666666666666
0 0.2240740740740741 0.6958333333333333 0.020370370370370372 0.014583333333333334
0 0.1787037037037037 0.69140625 0.02777777777777778 0.0203125
0 0.15046296296296297 0.7190104166666667 0.03425925925925926 0.0234375
0 0.08425925925925926 0.7299479166666667 0.03333333333333333 0.0203125
0 0.05277777777777778 0.7260416666666667 0.02592592592592593 0.019791666666666666
0 0.11666666666666667 0.8260416666666667 0.02777777777777778 0.021875
0 0.4328703703703704 0.75390625 0.03425925925925926 0.022395833333333334
0 0.3462962962962963 0.7200520833333334 0.020370370370370372 0.01614583333333333
0 0.3611111111111111 0.36223958333333334 0.022222222222222223 0.01614583333333333
0 0.3680555555555556 0.33697916666666666 0.021296296296296296 0.013541666666666667
0 0.7407407407407408 0.6041666666666666 0.037037037037037035 0.020833333333333332
0 0.5532407407407408 0.828125 0.028703703703703703 0.022916666666666665
0 0.49074074074074076 0.6580729166666667 0.02592592592592593 0.0171875
0 0.4361111111111111 0.5809895833333333 0.024074074074074074 0.0171875
0 0.7560185185185185 0.6828125 0.03981481481481482 0.022916666666666665
0 0.7986111111111112 0.7484375 0.026851851851851852 0.020833333333333332
0 0.8337962962962964 0.7388020833333333 0.03796296296296296 0.024479166666666666
0 0.7490740740740741 0.5546875 0.02962962962962963 0.017708333333333333
0 0.7990740740740742 0.5393229166666667 0.03333333333333333 0.015104166666666667
0 0.9842592592592593 0.5861979166666667 0.02777777777777778 0.018229166666666668
0 0.9273148148148148 0.6278645833333333 0.02314814814814815 0.0109375
0 0.7800925925925927 0.553125 0.030555555555555558 0.013541666666666667
0 0.8435185185185186 0.49322916666666666 0.02962962962962963 0.017708333333333333
0 0.9152777777777779 0.48463541666666665 0.03796296296296296 0.015104166666666667
0 0.7949074074074074 0.39296875 0.030555555555555558 0.018229166666666668
0 0.8393518518518519 0.3815104166666667 0.026851851851851852 0.015104166666666667
0 0.8773148148148149 0.4080729166666667 0.015740740740740743 0.0078125
0 0.8958333333333334 0.4036458333333333 0.02314814814814815 0.0125
0 0.7976851851851852 0.29583333333333334 0.030555555555555558 0.017708333333333333
0 0.9046296296296297 0.2565104166666667 0.02777777777777778 0.018229166666666668
0 0.9898148148148148 0.28411458333333334 0.020370370370370372 0.01614583333333333
0 0.5472222222222223 0.6895833333333333 0.02592592592592593 0.015625
0 0.8745370370370371 0.32786458333333335 0.025 0.0140625
0 0.875 0.3455729166666667 0.022222222222222223 0.0078125
