0 0.662962962962963 0.13828125 0.02777777777777778 0.01614583333333333
0 0.6921296296296297 0.22916666666666666 0.026851851851851852 0.016666666666666666
0 0.2851851851851852 0.40989583333333335 0.02592592592592593 0.011458333333333333
0 0.40370370370370373 0.5223958333333333 0.03333333333333333 0.02395833333333333
0 0.675 0.3497395833333333 0.031481481481481485 0.0140625
0 0.7115740740740741 0.30026041666666664 0.026851851851851852 0.0171875
0 0.587962962962963 0.32578125 0.02777777777777778 0.01614583333333333
0 0.5185185185185185 0.3380208333333333 0.022222222222222223 0.014583333333333334
0 0.6615740740740741 0.37916666666666665 0.028703703703703703 0.01875
0 0.6893518518518519 0.38828125 0.030555555555555558 0.018229166666666668
0 0.7175925925925927 0.38984375 0.02592592592592593 0.01614583333333333
0 0.6513888888888889 0.4328125 0.030555555555555558 0.0125
0 0.5722222222222223 0.43255208333333334 0.020370370370370372 0.013020833333333334
0 0.675462962962963 0.4653645833333333 0.028703703703703703 0.0140625
0 0.5782407407407407 0.4783854166666667 0.028703703703703703 0.0171875
0 0.600462962962963 0.4921875 0.03425925925925926 0.020833333333333332
0 0.6912037037037038 0.5041666666666667 0.03425925925925926 0.019791666666666666
0 0.7083333333333334 0.528125 0.031481481481481485 0.01875
0 0.5861111111111111 0.5291666666666667 0.024074074074074074 0.019791666666666666
0 0.7023148148148148 0.6140625 0.032407407407407406 0.019791666666666666
0 0.6333333333333333 0.6231770833333333 0.04259259259259259 0.0234375
0 0.6833333333333333 0.6924479166666666 0.031481481481481485 0.0296875
0 0.6935185185185185 0.7611979166666667 0.03333333333333333 0.0203125
0 0.6287037037037038 0.7432291666666666 0.031481481481481485 0.021875
0 0.5976851851851852 0.7450520833333333 0.028703703703703703 0.021354166666666667
0 0.5615740740740741 0.6260416666666666 0.025 0.015625
0 0.4439814814814815 0.7338541666666667 0.032407407407407406 0.0125
0 0.39814814814814814 0.6455729166666666 0.02962962962962963 0.0203125
0 0.28703703703703703 0.37838541666666664 0.024074074074074074 0.013020833333333334
0 0.36388888888888893 0.1328125 0.031481481481481485 0.022916666666666665
0 0.3462962962962963 0.14088541666666665 0.03518518518518519 0.024479166666666666
0 0.2828703703703704 0.19895833333333332 0.032407407407407406 0.025
0 0.2490740740740741 0.18125 0.04259259259259259 0.025
0 0.20185185185185187 0.24479166666666666 0.02777777777777778 0.01875
0 0.17175925925925928 0.2421875 0.026851851851851852 0.017708333333333333
0 0.2351851851851852 0.31614583333333335 0.03518518518518519 0.016666666666666666
0 0.24953703703703706 0.33229166666666665 0.017592592592592594 0.011458333333333333
0 0.1337962962962963 0.31484375 0.036111111111111115 0.019270833333333334
0 0.1513888888888889 0.37109375 0.019444444444444445 0.0140625
0 0.17407407407407408 0.35182291666666665 0.040740740740740744 0.024479166666666666
0 0.27824074074074073 0.3966145833333333 0.026851851851851852 0.015104166666666667
0 0.3675925925925926 0.8171875 0.02592592592592593 0.019791666666666666
0 0.3472222222222222 0.459375 0.03333333333333333 0.01875
0 0.26157407407407407 0.45625 0.026851851851851852 0.013541666666666667
0 0.3773148148148148 0.4828125 0.03796296296296296 0.019791666666666666
0 0.30462962962962964 0.48723958333333334 0.03518518518518519 0.0203125
0 0.32037037037037036 0.5752604166666666 0.03333333333333333 0.018229166666666668
0 0.3490740740740741 0.5807291666666666 0.02962962962962963 0.01875
0 0.375 0.6153645833333333 0.037037037037037035 0.018229166666666668
0 0.3337962962962963 0.70234375 0.028703703703703703 0.0203125
0 0.2939814814814815 0.74453125 0.032407407407407406 0.022395833333333334
0 0.23842592592592593 0.7026041666666667 0.026851851851851852 0.014583333333333334
0 0.24583333333333335 0.7283854166666667 0.017592592592592594 0.013020833333333334
0 0.2611111111111111 0.53046875 0.02592592592592593 0.018229166666666668
0 0.22777777777777777 0.5276041666666667 0.037037037037037035 0.020833333333333332
0 0.1865740740740741 0.5338541666666666 0.03425925925925926 0.019791666666666666
0 0.1712962962962963 0.5575520833333333 0.037037037037037035 0.019270833333333334
0 0.13703703703703704 0.60625 0.037037037037037035 0.01875
0 0.03425925925925926 0.553125 0.02962962962962963 0.015625
0 0.059722222222222225 0.3346354166666667 0.02314814814814815 0.0109375
0 0.03935185185185185 0.33932291666666664 0.021296296296296296 0.011979166666666666
0 0.0587962962962963 0.10130208333333333 0.028703703703703703 0.0171875
0 0.040740740740740744 0.08333333333333333 0.03333333333333333 0.02395833333333333
0 0.030555555555555558 0.10703125 0.031481481481481485 0.0234375
0 0.010648148148148148 0.23489583333333333 0.017592592592592594 0.0125
0 0.10833333333333334 0.7908854166666667 0.02777777777777778 0.028645833333333332
0 0.007870370370370371 0.5833333333333334 0.012037037037037037 0.017708333333333333
0 0.01388888888888889 0.6 0.022222222222222223 0.0125
0 0.09537037037037037 0.6341145833333334 0.031481481481481485 0.015104166666666667
0 0.0712962962962963 0.6703125 0.02962962962962963 0.01875
0 0.07175925925925926 0.6515625 0.02314814814814815 0.015625
0 0.15787037037037038 0.6395833333333333 0.025 0.0125
0 0.125 0.6432291666666666 0.031481481481481485 0.016666666666666666
0 0.21666666666666667 0.696875 0.020370370370370372 0.014583333333333334
0 0.17037037037037037 0.6921875 0.02777777777777778 0.020833333333333332
0 0.14166666666666666 0.7192708333333333 0.03333333333333333 0.02395833333333333
0 0.07453703703703704 0.7302083333333333 0.03425925925925926 0.020833333333333332
0 0.04490740740740741 0.7265625 0.025 0.019791666666666666
0 0.10740740740740741 0.8270833333333333 0.02962962962962963 0.021875
0 0.425 0.7544270833333333 0.03333333333333333 0.022395833333333334
0 0.337037037037037 0.7205729166666667 0.020370370370370372 0.01614583333333333
0 0.3541666666666667 0.36276041666666664 0.02314814814814815 0.01614583333333333
0 0.3615740740740741 0.33671875 0.021296296296296296 0.0140625
0 0.7324074074074074 0.60390625 0.037037037037037035 0.021354166666666667
0 0.5449074074074074 0.8286458333333333 0.028703703703703703 0.021875
0 0.4828703703703704 0.6588541666666666 0.026851851851851852 0.017708333333333333
0 0.42824074074074076 0.58125 0.025 0.016666666666666666
0 0.7458333333333333 0.6841145833333333 0.03796296296296296 0.024479166666666666
0 0.7898148148148149 0.7489583333333333 0.02592592592592593 0.020833333333333332
0 0.825462962962963 0.7385416666666667 0.03796296296296296 0.025
0 0.7402777777777778 0.5546875 0.028703703703703703 0.017708333333333333
0 0.7921296296296296 0.5401041666666666 0.032407407407407406 0.015625
0 0.9745370370370371 0.5864583333333333 0.028703703703703703 0.017708333333333333
0 0.9203703703703704 0.6276041666666666 0.022222222222222223 0.010416666666666666
0 0.7722222222222223 0.5536458333333333 0.031481481481481485 0.013541666666666667
0 0.987962962962963 0.59765625 0.024074074074074074 0.013020833333333334
0 0.837037037037037 0.49322916666666666 0.02962962962962963 0.016666666666666666
0 0.9078703703703704 0.48515625 0.03796296296296296 0.015104166666666667
0 0.7861111111111111 0.3927083333333333 0.02962962962962963 0.017708333333333333
0 0.8310185185185186 0.38229166666666664 0.026851851851851852 0.015625
0 0.8694444444444445 0.4088541666666667 0.016666666666666666 0.008333333333333333
0 0.888425925925926 0.4041666666666667 0.02314814814814815 0.0125
0 0.7898148148148149 0.29635416666666664 0.02962962962962963 0.017708333333333333
0 0.8953703703703704 0.25703125 0.02777777777777778 0.018229166666666668
0 0.9856481481481482 0.28463541666666664 0.028703703703703703 0.0171875
0 0.5393518518518519 0.690625 0.025 0.015625
0 0.8675925925925926 0.32890625 0.024074074074074074 0.0140625
0 0.8675925925925926 0.34609375 0.020370370370370372 0.008854166666666666
