0 0.625 0.13645833333333332 0.022222222222222223 0.015625
0 0.6560185185185186 0.22760416666666666 0.026851851851851852 0.016666666666666666
0 0.25277777777777777 0.4106770833333333 0.02777777777777778 0.013020833333333334
0 0.3564814814814815 0.521875 0.02962962962962963 0.02395833333333333
0 0.6398148148148148 0.34921875 0.02592592592592593 0.013020833333333334
0 0.6777777777777778 0.2989583333333333 0.02592592592592593 0.016666666666666666
0 0.5555555555555556 0.325 0.02592592592592593 0.015625
0 0.4861111111111111 0.3375 0.022222222222222223 0.014583333333333334
0 0.6231481481481481 0.37916666666666665 0.02777777777777778 0.01875
0 0.650462962962963 0.3885416666666667 0.030555555555555558 0.019791666666666666
0 0.6800925925925926 0.3890625 0.026851851851851852 0.016666666666666666
0 0.6162037037037037 0.43255208333333334 0.032407407407407406 0.013020833333333334
0 0.5347222222222222 0.4317708333333333 0.019444444444444445 0.0125
0 0.6402777777777778 0.465625 0.028703703703703703 0.014583333333333334
0 0.5398148148148149 0.4783854166666667 0.02962962962962963 0.0171875
0 0.5625 0.49166666666666664 0.03425925925925926 0.020833333333333332
0 0.6532407407407408 0.5041666666666667 0.03425925925925926 0.019791666666666666
0 0.6703703703703704 0.528125 0.031481481481481485 0.01875
0 0.5476851851851852 0.5291666666666667 0.02314814814814815 0.019791666666666666
0 0.6662037037037037 0.61484375 0.030555555555555558 0.0203125
0 0.5912037037037037 0.6231770833333333 0.03981481481481482 0.0234375
0 0.6365740740740741 0.6924479166666666 0.030555555555555558 0.028645833333333332
0 0.6527777777777778 0.7614583333333333 0.031481481481481485 0.020833333333333332
0 0.587037037037037 0.7434895833333334 0.031481481481481485 0.022395833333333334
0 0.5555555555555556 0.7455729166666667 0.02962962962962963 0.0203125
0 0.5231481481481481 0.6252604166666667 0.024074074074074074 0.015104166666666667
0 0.40324074074074073 0.73515625 0.03425925925925926 0.011979166666666666
0 0.35555555555555557 0.6455729166666666 0.02777777777777778 0.022395833333333334
0 0.32175925925925924 0.13151041666666666 0.032407407407407406 0.022395833333333334
0 0.3027777777777778 0.13932291666666666 0.03518518518518519 0.024479166666666666
0 0.23842592592592593 0.19765625 0.03425925925925926 0.024479166666666666
0 0.20185185185185187 0.18020833333333333 0.044444444444444446 0.026041666666666668
0 0.1625 0.2453125 0.028703703703703703 0.017708333333333333
0 0.13194444444444445 0.24140625 0.026851851851851852 0.0171875
0 0.19212962962962965 0.3151041666666667 0.03796296296296296 0.017708333333333333
0 0.0912037037037037 0.3143229166666667 0.03796296296296296 0.018229166666666668
0 0.11620370370370371 0.37005208333333334 0.02314814814814815 0.015104166666666667
0 0.13194444444444445 0.3489583333333333 0.04166666666666667 0.022916666666666665
0 0.24583333333333335 0.3966145833333333 0.028703703703703703 0.01614583333333333
0 0.3050925925925926 0.459375 0.030555555555555558 0.01875
0 0.2175925925925926 0.45546875 0.02592592592592593 0.013020833333333334
0 0.3351851851851852 0.4830729166666667 0.037037037037037035 0.0203125
0 0.25972222222222224 0.4875 0.036111111111111115 0.020833333333333332
0 0.27546296296296297 0.57578125 0.03425925925925926 0.018229166666666668
0 0.30694444444444446 0.5809895833333333 0.028703703703703703 0.019270833333333334
0 0.33472222222222225 0.6166666666666667 0.03796296296296296 0.017708333333333333
0 0.2898148148148148 0.70390625 0.02962962962962963 0.021354166666666667
0 0.3287037037037037 0.8184895833333333 0.02777777777777778 0.0234375
0 0.250462962962963 0.7458333333333333 0.032407407407407406 0.022916666666666665
0 0.20185185185185187 0.7114583333333333 0.024074074074074074 0.015625
0 0.20324074074074075 0.7291666666666666 0.015740740740740743 0.0125
0 0.22175925925925927 0.5307291666666667 0.036111111111111115 0.017708333333333333
0 0.18333333333333335 0.5283854166666666 0.03888888888888889 0.021354166666666667
0 0.14675925925925926 0.5346354166666667 0.036111111111111115 0.0203125
0 0.13148148148148148 0.5578125 0.037037037037037035 0.019791666666666666
0 0.09444444444444444 0.6072916666666667 0.037037037037037035 0.01875
0 0.022222222222222223 0.3346354166666667 0.024074074074074074 0.0109375
0 0.006944444444444445 0.3385416666666667 0.012037037037037037 0.0125
0 0.018518518518518517 0.10078125 0.02962962962962963 0.0171875
0 0.009722222222222222 0.08359375 0.017592592592592594 0.022395833333333334
0 0.0587962962962963 0.7932291666666667 0.026851851851851852 0.030208333333333334
0 0.05462962962962963 0.6354166666666666 0.031481481481481485 0.015625
0 0.030092592592592594 0.6713541666666667 0.028703703703703703 0.017708333333333333
0 0.031481481481481485 0.6528645833333333 0.022222222222222223 0.015104166666666667
0 0.1175925925925926 0.6403645833333333 0.02592592592592593 0.011979166666666666
0 0.08472222222222223 0.6440104166666667 0.032407407407407406 0.01614583333333333
0 0.17916666666666667 0.69765625 0.019444444444444445 0.013020833333333334
0 0.12638888888888888 0.6932291666666667 0.030555555555555558 0.020833333333333332
0 0.09444444444444444 0.72109375 0.03333333333333333 0.0234375
0 0.02592592592592593 0.73203125 0.03333333333333333 0.021354166666666667
0 0.05694444444444444 0.82890625 0.030555555555555558 0.022395833333333334
0 0.3837962962962963 0.7557291666666667 0.03425925925925926 0.021875
0 0.29212962962962963 0.7216145833333333 0.021296296296296296 0.01614583333333333
0 0.31851851851851853 0.3625 0.024074074074074074 0.015625
0 0.32546296296296295 0.3364583333333333 0.02314814814814815 0.013541666666666667
0 0.30972222222222223 0.34479166666666666 0.02314814814814815 0.016666666666666666
0 0.6939814814814815 0.60390625 0.036111111111111115 0.021354166666666667
0 0.4986111111111111 0.8302083333333333 0.026851851851851852 0.021875
0 0.44212962962962965 0.6588541666666666 0.030555555555555558 0.017708333333333333
0 0.3875 0.58203125 0.025 0.018229166666666668
0 0.6986111111111112 0.6833333333333333 0.03425925925925926 0.020833333333333332
0 0.7467592592592592 0.7494791666666667 0.025 0.021875
0 0.7814814814814816 0.7390625 0.03888888888888889 0.025
0 0.7069444444444445 0.5552083333333333 0.02314814814814815 0.017708333333333333
0 0.7574074074074074 0.53984375 0.03333333333333333 0.01614583333333333
0 0.9842592592592593 0.7572916666666667 0.031481481481481485 0.025
0 0.9319444444444445 0.5854166666666667 0.026851851851851852 0.016666666666666666
0 0.7388888888888889 0.5533854166666666 0.02962962962962963 0.0140625
0 0.9532407407407407 0.59609375 0.025 0.013020833333333334
0 0.8041666666666667 0.49322916666666666 0.028703703703703703 0.017708333333333333
0 0.875462962962963 0.48385416666666664 0.04166666666666667 0.014583333333333334
0 0.7490740740740741 0.3919270833333333 0.02962962962962963 0.018229166666666668
0 0.7930555555555556 0.3809895833333333 0.026851851851851852 0.01614583333333333
0 0.7921296296296296 0.40234375 0.012037037037037037 0.0109375
0 0.8347222222222223 0.4083333333333333 0.015740740740740743 0.008333333333333333
0 0.8523148148148149 0.403125 0.02314814814814815 0.0125
0 0.7555555555555555 0.2955729166666667 0.02962962962962963 0.0171875
0 0.8611111111111112 0.2552083333333333 0.02777777777777778 0.01875
0 0.9875 0.1796875 0.025 0.016666666666666666
0 0.9740740740740741 0.16484375 0.02777777777777778 0.0171875
0 0.9662037037037038 0.3098958333333333 0.021296296296296296 0.0125
0 0.9782407407407407 0.428125 0.032407407407407406 0.019791666666666666
0 0.9865740740740742 0.29583333333333334 0.026851851851851852 0.016666666666666666
0 0.9527777777777778 0.2828125 0.031481481481481485 0.017708333333333333
0 0.5050925925925926 0.690625 0.026851851851851852 0.015625
0 0.8365740740740741 0.32760416666666664 0.02314814814814815 0.013541666666666667
0 0.837037037037037 0.3442708333333333 0.022222222222222223 0.0125
