0 0.6490740740740741 0.2265625 0.02592592592592593 0.016666666666666666
0 0.2449074074074074 0.40911458333333334 0.028703703703703703 0.011979166666666666
0 0.3458333333333333 0.5216145833333333 0.03425925925925926 0.021354166666666667
0 0.6319444444444444 0.34791666666666665 0.026851851851851852 0.0125
0 0.6703703703703704 0.29765625 0.02592592592592593 0.01614583333333333
0 0.5481481481481482 0.32395833333333335 0.02592592592592593 0.015625
0 0.47870370370370374 0.3364583333333333 0.022222222222222223 0.014583333333333334
0 0.6152777777777778 0.37838541666666664 0.026851851851851852 0.019270833333333334
0 0.6425925925925926 0.3880208333333333 0.02962962962962963 0.019791666666666666
0 0.6722222222222223 0.3880208333333333 0.02777777777777778 0.016666666666666666
0 0.6087962962962963 0.4315104166666667 0.032407407407407406 0.013020833333333334
0 0.5277777777777778 0.43124999999999997 0.020370370370370372 0.011458333333333333
0 0.6333333333333333 0.4653645833333333 0.02777777777777778 0.015104166666666667
0 0.5314814814814816 0.47734375 0.02962962962962963 0.018229166666666668
0 0.5550925925925926 0.49140625 0.03425925925925926 0.0203125
0 0.6449074074074075 0.50390625 0.03425925925925926 0.019270833333333334
0 0.6620370370370371 0.52734375 0.031481481481481485 0.019270833333333334
0 0.5398148148148149 0.52890625 0.022222222222222223 0.0203125
0 0.6578703703703704 0.6145833333333334 0.028703703703703703 0.020833333333333332
0 0.5824074074074075 0.6229166666666667 0.03888888888888889 0.022916666666666665
0 0.6273148148148149 0.69140625 0.028703703703703703 0.0296875
0 0.6439814814814815 0.7609375 0.030555555555555558 0.020833333333333332
0 0.5777777777777778 0.7432291666666666 0.031481481481481485 0.021875
0 0.5462962962962963 0.7453125 0.02962962962962963 0.019791666666666666
0 0.513888888888889 0.6247395833333333 0.024074074074074074 0.015104166666666667
0 0.3939814814814815 0.7348958333333333 0.03425925925925926 0.011458333333333333
0 0.3462962962962963 0.64453125 0.024074074074074074 0.024479166666666666
0 0.31342592592592594 0.12994791666666666 0.032407407407407406 0.022395833333333334
0 0.2939814814814815 0.13723958333333333 0.036111111111111115 0.024479166666666666
0 0.22916666666666669 0.19583333333333333 0.03425925925925926 0.025
0 0.19212962962962965 0.17890625 0.04537037037037037 0.0265625
0 0.1537037037037037 0.24427083333333333 0.02777777777777778 0.017708333333333333
0 0.12361111111111112 0.24010416666666667 0.026851851851851852 0.016666666666666666
0 0.18333333333333335 0.3145833333333333 0.03888888888888889 0.017708333333333333
0 0.08240740740740742 0.31328125 0.037037037037037035 0.018229166666666668
0 0.12175925925925926 0.3484375 0.03981481481481482 0.022916666666666665
0 0.23842592592592593 0.39557291666666666 0.028703703703703703 0.01614583333333333
0 0.29583333333333334 0.4583333333333333 0.030555555555555558 0.01875
0 0.20740740740740743 0.45416666666666666 0.024074074074074074 0.013541666666666667
0 0.32546296296296295 0.48203124999999997 0.036111111111111115 0.0203125
0 0.250462962962963 0.4869791666666667 0.036111111111111115 0.020833333333333332
0 0.2662037037037037 0.5752604166666666 0.03425925925925926 0.018229166666666668
0 0.2972222222222222 0.58046875 0.02962962962962963 0.019270833333333334
0 0.3263888888888889 0.6161458333333333 0.03796296296296296 0.017708333333333333
0 0.2800925925925926 0.7033854166666667 0.030555555555555558 0.021354166666666667
0 0.3194444444444445 0.8177083333333334 0.02962962962962963 0.021875
0 0.24074074074074076 0.7455729166666667 0.031481481481481485 0.0234375
0 0.19305555555555556 0.71015625 0.025 0.01614583333333333
0 0.21296296296296297 0.53046875 0.03333333333333333 0.019270833333333334
0 0.17314814814814816 0.52734375 0.03888888888888889 0.021354166666666667
0 0.13796296296296298 0.5338541666666666 0.03518518518518519 0.019791666666666666
0 0.12268518518518519 0.5575520833333333 0.036111111111111115 0.0203125
0 0.08472222222222223 0.6065104166666666 0.036111111111111115 0.019270833333333334
0 0.01388888888888889 0.3333333333333333 0.024074074074074074 0.009375
0 0.04814814814814815 0.7932291666666667 0.02592592592592593 0.03125
0 0.04537037037037037 0.63515625 0.02962962962962963 0.01614583333333333
0 0.02175925925925926 0.67109375 0.026851851851851852 0.018229166666666668
0 0.022222222222222223 0.6518229166666667 0.022222222222222223 0.015104166666666667
0 0.1087962962962963 0.6395833333333333 0.025 0.0125
0 0.07592592592592592 0.6434895833333333 0.03333333333333333 0.01614583333333333
0 0.17037037037037037 0.6971354166666667 0.018518518518518517 0.013020833333333334
0 0.11712962962962964 0.6932291666666667 0.030555555555555558 0.020833333333333332
0 0.08518518518518518 0.7203125 0.03333333333333333 0.02395833333333333
0 0.016203703703703703 0.73125 0.030555555555555558 0.020833333333333332
0 0.04583333333333334 0.8283854166666667 0.030555555555555558 0.022395833333333334
0 0.37592592592592594 0.7552083333333334 0.03333333333333333 0.021875
0 0.2828703703703704 0.72109375 0.021296296296296296 0.01614583333333333
0 0.3106481481481482 0.3609375 0.025 0.015625
0 0.3175925925925926 0.33541666666666664 0.022222222222222223 0.014583333333333334
0 0.3013888888888889 0.34348958333333335 0.02314814814814815 0.01614583333333333
0 0.6851851851851852 0.6036458333333333 0.03518518518518519 0.020833333333333332
0 0.48842592592592593 0.8296875 0.026851851851851852 0.021875
0 0.4337962962962963 0.6583333333333333 0.030555555555555558 0.017708333333333333
0 0.3787037037037037 0.5815104166666667 0.02592592592592593 0.019270833333333334
0 0.6902777777777778 0.6825520833333333 0.036111111111111115 0.022395833333333334
0 0.737037037037037 0.7486979166666666 0.024074074074074074 0.021354166666666667
0 0.7731481481481481 0.7380208333333333 0.03888888888888889 0.025
0 0.7000000000000001 0.5546875 0.022222222222222223 0.017708333333333333
0 0.750462962962963 0.5393229166666667 0.032407407407407406 0.01614583333333333
0 0.987962962962963 0.7888020833333333 0.024074074074074074 0.0265625
0 0.9796296296296296 0.7567708333333333 0.040740740740740744 0.02395833333333333
0 0.9236111111111112 0.5848958333333333 0.026851851851851852 0.016666666666666666
0 0.7310185185185185 0.55234375 0.028703703703703703 0.0140625
0 0.9453703703703704 0.5955729166666667 0.02592592592592593 0.013020833333333334
0 0.7976851851851852 0.4927083333333333 0.028703703703703703 0.017708333333333333
0 0.8685185185185186 0.48359375 0.03888888888888889 0.015104166666666667
0 0.7407407407407408 0.39088541666666665 0.02962962962962963 0.018229166666666668
0 0.7856481481481482 0.3807291666666667 0.026851851851851852 0.015625
0 0.7851851851851852 0.40078125 0.011111111111111112 0.0109375
0 0.8273148148148148 0.40729166666666666 0.015740740740740743 0.008333333333333333
0 0.8458333333333333 0.40182291666666664 0.02314814814814815 0.011979166666666666
0 0.7481481481481482 0.29453125 0.02962962962962963 0.0171875
0 0.8546296296296296 0.2544270833333333 0.02777777777777778 0.018229166666666668
0 0.9824074074074074 0.178125 0.02592592592592593 0.016666666666666666
0 0.9680555555555556 0.16328125 0.026851851851851852 0.0171875
0 0.9597222222222223 0.30885416666666665 0.021296296296296296 0.0125
0 0.937962962962963 0.41822916666666665 0.02777777777777778 0.010416666666666666
0 0.9699074074074074 0.42682291666666666 0.03425925925925926 0.019270833333333334
0 0.9814814814814815 0.29453125 0.02777777777777778 0.0171875
0 0.9453703703703704 0.28229166666666666 0.031481481481481485 0.017708333333333333
0 0.49768518518518523 0.68984375 0.026851851851851852 0.015104166666666667
0 0.8310185185185186 0.3265625 0.02314814814814815 0.013541666666666667
0 0.8319444444444445 0.34348958333333335 0.021296296296296296 0.011979166666666666
