0 0.6421296296296296 0.22447916666666667 0.026851851851851852 0.016666666666666666
0 0.23796296296296296 0.4080729166666667 0.02777777777777778 0.011979166666666666
0 0.33611111111111114 0.5192708333333333 0.03518518518518519 0.021875
0 0.625462962962963 0.3463541666666667 0.026851851851851852 0.0125
0 0.6643518518518519 0.29609375 0.025 0.01614583333333333
0 0.5416666666666667 0.3221354166666667 0.02777777777777778 0.01614583333333333
0 0.4726851851851852 0.334375 0.021296296296296296 0.014583333333333334
0 0.6083333333333334 0.3768229166666667 0.02777777777777778 0.019270833333333334
0 0.6351851851851852 0.38619791666666664 0.02962962962962963 0.0203125
0 0.6652777777777779 0.38645833333333335 0.026851851851851852 0.016666666666666666
0 0.6013888888888889 0.4309895833333333 0.032407407407407406 0.013020833333333334
0 0.5203703703703704 0.4296875 0.020370370370370372 0.011458333333333333
0 0.6268518518518519 0.4635416666666667 0.02777777777777778 0.014583333333333334
0 0.5240740740740741 0.47630208333333335 0.02962962962962963 0.018229166666666668
0 0.5467592592592593 0.4895833333333333 0.03425925925925926 0.020833333333333332
0 0.6370370370370371 0.5020833333333333 0.03518518518518519 0.019791666666666666
0 0.6546296296296297 0.52578125 0.031481481481481485 0.019270833333333334
0 0.5319444444444444 0.52734375 0.021296296296296296 0.0203125
0 0.650462962962963 0.61328125 0.028703703703703703 0.021354166666666667
0 0.5736111111111112 0.6221354166666666 0.03981481481481482 0.0234375
0 0.6175925925925926 0.6911458333333333 0.02962962962962963 0.029166666666666667
0 0.6351851851851852 0.759375 0.02962962962962963 0.020833333333333332
0 0.5685185185185185 0.7419270833333333 0.031481481481481485 0.022395833333333334
0 0.5370370370370371 0.7442708333333333 0.02962962962962963 0.019791666666666666
0 0.5050925925925926 0.6234375 0.025 0.014583333333333334
0 0.38472222222222224 0.7338541666666667 0.03425925925925926 0.011458333333333333
0 0.33796296296296297 0.64375 0.024074074074074074 0.025
0 0.3041666666666667 0.12734375 0.032407407407407406 0.022395833333333334
0 0.2847222222222222 0.134375 0.036111111111111115 0.02395833333333333
0 0.21944444444444444 0.19348958333333333 0.03518518518518519 0.024479166666666666
0 0.1824074074074074 0.17630208333333333 0.044444444444444446 0.0265625
0 0.1449074074074074 0.24192708333333332 0.026851851851851852 0.0171875
0 0.11435185185185186 0.23802083333333332 0.026851851851851852 0.016666666666666666
0 0.17453703703703705 0.3125 0.03981481481481482 0.017708333333333333
0 0.07268518518518519 0.3111979166666667 0.036111111111111115 0.018229166666666668
0 0.11203703703703705 0.3463541666666667 0.03888888888888889 0.022916666666666665
0 0.23101851851851854 0.39401041666666664 0.028703703703703703 0.01614583333333333
0 0.28703703703703703 0.45729166666666665 0.02962962962962963 0.01875
0 0.19768518518518519 0.453125 0.02314814814814815 0.013541666666666667
0 0.3162037037037037 0.48046875 0.03796296296296296 0.0203125
0 0.24074074074074076 0.4856770833333333 0.037037037037037035 0.021354166666666667
0 0.2574074074074074 0.5736979166666667 0.03333333333333333 0.018229166666666668
0 0.287962962962963 0.5791666666666666 0.02962962962962963 0.01875
0 0.3180555555555556 0.61484375 0.036111111111111115 0.018229166666666668
0 0.2712962962962963 0.70234375 0.031481481481481485 0.021354166666666667
0 0.3092592592592593 0.8166666666666667 0.02962962962962963 0.021875
0 0.23101851851851854 0.7447916666666666 0.030555555555555558 0.022916666666666665
0 0.18333333333333335 0.7096354166666666 0.024074074074074074 0.01614583333333333
0 0.20324074074074075 0.5286458333333334 0.03425925925925926 0.01875
0 0.1638888888888889 0.52578125 0.03888888888888889 0.021354166666666667
0 0.12916666666666668 0.5330729166666667 0.036111111111111115 0.0203125
0 0.11388888888888889 0.5559895833333334 0.037037037037037035 0.019270833333333334
0 0.07592592592592592 0.6059895833333333 0.03518518518518519 0.019270833333333334
0 0.009722222222222222 0.3328125 0.015740740740740743 0.010416666666666666
0 0.0375 0.7919270833333333 0.026851851851851852 0.030729166666666665
0 0.03657407407407408 0.63359375 0.028703703703703703 0.01614583333333333
0 0.013425925925925926 0.6700520833333333 0.025 0.018229166666666668
0 0.012962962962962964 0.6513020833333333 0.022222222222222223 0.015104166666666667
0 0.1 0.6385416666666667 0.02592592592592593 0.0125
0 0.06712962962962964 0.6427083333333333 0.03425925925925926 0.016666666666666666
0 0.1615740740740741 0.6963541666666666 0.017592592592592594 0.0125
0 0.10740740740740741 0.6916666666666667 0.031481481481481485 0.020833333333333332
0 0.07407407407407407 0.71953125 0.03333333333333333 0.024479166666666666
0 0.011111111111111112 0.7309895833333333 0.020370370370370372 0.021354166666666667
0 0.03564814814814815 0.8283854166666667 0.030555555555555558 0.022395833333333334
0 0.36574074074074076 0.7541666666666667 0.03333333333333333 0.021875
0 0.2726851851851852 0.7200520833333334 0.021296296296296296 0.01614583333333333
0 0.3023148148148148 0.3598958333333333 0.025 0.015625
0 0.3092592592592593 0.33359375 0.022222222222222223 0.0140625
0 0.2935185185185185 0.3416666666666667 0.024074074074074074 0.016666666666666666
0 0.6768518518518519 0.60234375 0.03518518518518519 0.0203125
0 0.47824074074074074 0.8286458333333333 0.026851851851851852 0.021875
0 0.425462962962963 0.6578125 0.030555555555555558 0.017708333333333333
0 0.36944444444444446 0.5807291666666666 0.02592592592592593 0.01875
0 0.6805555555555556 0.6815104166666667 0.037037037037037035 0.0203125
0 0.7287037037037037 0.74765625 0.024074074074074074 0.021354166666666667
0 0.763425925925926 0.7375 0.03981481481481482 0.025
0 0.6916666666666667 0.5528645833333333 0.024074074074074074 0.0171875
0 0.7425925925925926 0.5380208333333333 0.03333333333333333 0.015625
0 0.9833333333333334 0.7885416666666667 0.03333333333333333 0.027083333333333334
0 0.9722222222222222 0.75625 0.04259259259259259 0.02395833333333333
0 0.9152777777777779 0.5838541666666667 0.026851851851851852 0.016666666666666666
0 0.7240740740740741 0.5513020833333333 0.02962962962962963 0.0140625
0 0.938425925925926 0.5950520833333334 0.025 0.011979166666666666
0 0.7912037037037037 0.49114583333333334 0.028703703703703703 0.017708333333333333
0 0.8611111111111112 0.4825520833333333 0.03518518518518519 0.015104166666666667
0 0.7342592592592593 0.39036458333333335 0.02962962962962963 0.018229166666666668
0 0.7782407407407408 0.37916666666666665 0.026851851851851852 0.015625
0 0.7773148148148148 0.3997395833333333 0.012037037037037037 0.0109375
0 0.8212962962962963 0.40625 0.014814814814814815 0.008333333333333333
0 0.8384259259259259 0.4005208333333333 0.021296296296296296 0.011458333333333333
0 0.7412037037037037 0.29296875 0.028703703703703703 0.0171875
0 0.8481481481481482 0.2526041666666667 0.02777777777777778 0.01875
0 0.975925925925926 0.17630208333333333 0.02592592592592593 0.01614583333333333
0 0.9625 0.16119791666666666 0.026851851851851852 0.0171875
0 0.9532407407407407 0.30703125 0.021296296296296296 0.011979166666666666
0 0.9319444444444445 0.41640625 0.026851851851851852 0.0109375
0 0.9611111111111111 0.42604166666666665 0.03518518518518519 0.01875
0 0.9745370370370371 0.29296875 0.028703703703703703 0.0171875
0 0.937962962962963 0.28046875 0.031481481481481485 0.0171875
0 0.49074074074074076 0.6890625 0.02777777777777778 0.015625
0 0.825462962962963 0.325 0.02314814814814815 0.013541666666666667
0 0.8273148148148148 0.34270833333333334 0.019444444444444445 0.011458333333333333
