0 0.6351851851851852 0.22239583333333332 0.02592592592592593 0.016666666666666666
0 0.23055555555555557 0.4067708333333333 0.02777777777777778 0.0125
0 0.32592592592592595 0.5184895833333333 0.03333333333333333 0.022395833333333334
0 0.6171296296296297 0.34479166666666666 0.026851851851851852 0.0125
0 0.6583333333333333 0.29401041666666666 0.02592592592592593 0.01614583333333333
0 0.5361111111111111 0.3208333333333333 0.02592592592592593 0.015625
0 0.46481481481481485 0.33307291666666666 0.022222222222222223 0.015104166666666667
0 0.6 0.375 0.02777777777777778 0.01875
0 0.6277777777777778 0.3854166666666667 0.02962962962962963 0.021875
0 0.6574074074074074 0.3848958333333333 0.02592592592592593 0.016666666666666666
0 0.5939814814814816 0.42864583333333334 0.032407407407407406 0.0125
0 0.5120370370370371 0.4278645833333333 0.020370370370370372 0.011979166666666666
0 0.6189814814814815 0.46249999999999997 0.028703703703703703 0.014583333333333334
0 0.5162037037037037 0.4752604166666667 0.028703703703703703 0.018229166666666668
0 0.5388888888888889 0.4890625 0.03333333333333333 0.020833333333333332
0 0.6300925925925926 0.5015625 0.03425925925925926 0.019791666666666666
0 0.6472222222222223 0.5247395833333334 0.031481481481481485 0.019270833333333334
0 0.525 0.5260416666666666 0.022222222222222223 0.019791666666666666
0 0.6425925925925926 0.6125 0.02962962962962963 0.020833333333333332
0 0.5648148148148149 0.6205729166666667 0.03888888888888889 0.0234375
0 0.6083333333333334 0.6895833333333333 0.02962962962962963 0.029166666666666667
0 0.6263888888888889 0.7591145833333334 0.030555555555555558 0.0203125
0 0.5601851851851852 0.7411458333333333 0.031481481481481485 0.021875
0 0.5287037037037037 0.7434895833333334 0.02962962962962963 0.019270833333333334
0 0.4967592592592593 0.6221354166666666 0.025 0.015104166666666667
0 0.375 0.7328125 0.03333333333333333 0.011458333333333333
0 0.32916666666666666 0.6427083333333333 0.025 0.025
0 0.2953703703703704 0.12395833333333334 0.03333333333333333 0.022916666666666665
0 0.27546296296296297 0.13151041666666666 0.036111111111111115 0.024479166666666666
0 0.20925925925925926 0.19088541666666667 0.03518518518518519 0.025520833333333333
0 0.17175925925925928 0.1734375 0.04537037037037037 0.027083333333333334
0 0.13518518518518519 0.23958333333333334 0.02592592592592593 0.017708333333333333
0 0.1050925925925926 0.23515624999999998 0.026851851851851852 0.0171875
0 0.16481481481481483 0.3098958333333333 0.040740740740740744 0.017708333333333333
0 0.06296296296296297 0.3091145833333333 0.037037037037037035 0.018229166666666668
0 0.10231481481481482 0.3442708333333333 0.03981481481481482 0.022916666666666665
0 0.22314814814814815 0.3924479166666667 0.02777777777777778 0.01614583333333333
0 0.27685185185185185 0.45598958333333334 0.02962962962962963 0.019270833333333334
0 0.18842592592592594 0.4510416666666667 0.02314814814814815 0.013541666666666667
0 0.3074074074074074 0.47942708333333334 0.03888888888888889 0.0203125
0 0.23148148148148148 0.48411458333333335 0.037037037037037035 0.021354166666666667
0 0.24722222222222223 0.57265625 0.03333333333333333 0.018229166666666668
0 0.27870370370370373 0.5783854166666667 0.02962962962962963 0.019270833333333334
0 0.3092592592592593 0.6135416666666667 0.037037037037037035 0.017708333333333333
0 0.26203703703703707 0.7018229166666666 0.031481481481481485 0.021354166666666667
0 0.29953703703703705 0.8161458333333333 0.030555555555555558 0.020833333333333332
0 0.22083333333333335 0.74375 0.030555555555555558 0.022916666666666665
0 0.1726851851851852 0.7088541666666667 0.025 0.015625
0 0.19398148148148148 0.52734375 0.03425925925925926 0.019270833333333334
0 0.15416666666666667 0.5247395833333334 0.03981481481481482 0.021354166666666667
0 0.11944444444444445 0.5315104166666667 0.03518518518518519 0.0203125
0 0.10462962962962963 0.5546875 0.037037037037037035 0.019791666666666666
0 0.06620370370370371 0.6044270833333333 0.036111111111111115 0.019270833333333334
0 0.02592592592592593 0.79140625 0.02592592592592593 0.030729166666666665
0 0.027314814814814816 0.6325520833333333 0.028703703703703703 0.01614583333333333
0 0.2935185185185185 0.35833333333333334 0.02592592592592593 0.016666666666666666
0 0.30185185185185187 0.33203125 0.024074074074074074 0.0140625
0 0.008333333333333333 0.6502604166666667 0.014814814814814815 0.01614583333333333
0 0.09166666666666667 0.6375 0.02592592592592593 0.0125
0 0.05740740740740741 0.64140625 0.03333333333333333 0.01614583333333333
0 0.15185185185185185 0.6955729166666667 0.016666666666666666 0.011979166666666666
0 0.0976851851851852 0.6911458333333333 0.032407407407407406 0.020833333333333332
0 0.0638888888888889 0.7184895833333333 0.03333333333333333 0.024479166666666666
0 0.024074074074074074 0.8273437499999999 0.031481481481481485 0.022395833333333334
0 0.3564814814814815 0.753125 0.03333333333333333 0.021875
0 0.2638888888888889 0.7197916666666666 0.022222222222222223 0.016666666666666666
0 0.28611111111111115 0.34010416666666665 0.024074074074074074 0.016666666666666666
0 0.6694444444444445 0.6015625 0.03518518518518519 0.019791666666666666
0 0.4689814814814815 0.8276041666666667 0.025 0.021875
0 0.41712962962962963 0.65625 0.030555555555555558 0.017708333333333333
0 0.3611111111111111 0.5799479166666667 0.02592592592592593 0.019270833333333334
0 0.6708333333333334 0.6807291666666666 0.036111111111111115 0.019791666666666666
0 0.7199074074074074 0.7471354166666666 0.02314814814814815 0.021354166666666667
0 0.7541666666666667 0.7364583333333333 0.03981481481481482 0.025
0 0.6828703703703703 0.5520833333333334 0.028703703703703703 0.017708333333333333
0 0.7361111111111112 0.5372395833333333 0.03333333333333333 0.01614583333333333
0 0.9782407407407407 0.7880208333333333 0.03981481481481482 0.026041666666666668
0 0.9634259259259259 0.75546875 0.04351851851851852 0.0234375
0 0.9069444444444444 0.5828125 0.026851851851851852 0.016666666666666666
0 0.7171296296296297 0.5497395833333333 0.028703703703703703 0.0140625
0 0.9310185185185186 0.59375 0.026851851851851852 0.011458333333333333
0 0.7861111111111111 0.48984374999999997 0.02592592592592593 0.0171875
0 0.8541666666666667 0.48151041666666666 0.03425925925925926 0.0140625
0 0.725925925925926 0.3888020833333333 0.02962962962962963 0.018229166666666668
0 0.7708333333333334 0.3776041666666667 0.026851851851851852 0.015625
0 0.7703703703703704 0.39817708333333335 0.011111111111111112 0.0109375
0 0.8143518518518519 0.4044270833333333 0.015740740740740743 0.008854166666666666
0 0.8324074074074075 0.39947916666666666 0.022222222222222223 0.011458333333333333
0 0.7356481481481482 0.2908854166666667 0.028703703703703703 0.0171875
0 0.8425925925925927 0.2505208333333333 0.02777777777777778 0.01875
0 0.9708333333333333 0.17395833333333333 0.026851851851851852 0.016666666666666666
0 0.9569444444444445 0.15911458333333334 0.026851851851851852 0.0171875
0 0.9472222222222223 0.3052083333333333 0.022222222222222223 0.0125
0 0.925462962962963 0.41510416666666666 0.026851851851851852 0.011458333333333333
0 0.9537037037037037 0.425 0.03518518518518519 0.01875
0 0.9907407407407408 0.2557291666666667 0.018518518518518517 0.013541666666666667
0 0.9689814814814816 0.29140625 0.028703703703703703 0.0171875
0 0.9333333333333333 0.27838541666666666 0.031481481481481485 0.0171875
0 0.48240740740740745 0.6880208333333333 0.02777777777777778 0.015625
0 0.8185185185185185 0.32317708333333334 0.024074074074074074 0.013020833333333334
0 0.8226851851851852 0.3416666666666667 0.017592592592592594 0.013541666666666667
