0 0.6231481481481481 0.21770833333333334 0.02592592592592593 0.016666666666666666
0 0.21712962962962964 0.4036458333333333 0.026851851851851852 0.013541666666666667
0 0.3055555555555556 0.51484375 0.03333333333333333 0.022395833333333334
0 0.6037037037037037 0.3411458333333333 0.02777777777777778 0.0125
0 0.6467592592592593 0.2903645833333333 0.026851851851851852 0.01614583333333333
0 0.5240740740740741 0.31666666666666665 0.02592592592592593 0.015625
0 0.45231481481481484 0.3294270833333333 0.02314814814814815 0.015104166666666667
0 0.5865740740740741 0.3716145833333333 0.028703703703703703 0.019270833333333334
0 0.6129629629629629 0.38177083333333334 0.02962962962962963 0.020833333333333332
0 0.6439814814814815 0.38177083333333334 0.026851851851851852 0.016666666666666666
0 0.5810185185185185 0.42604166666666665 0.03425925925925926 0.0125
0 0.4981481481481482 0.42473958333333334 0.020370370370370372 0.0109375
0 0.6060185185185185 0.459375 0.028703703703703703 0.014583333333333334
0 0.500925925925926 0.47239583333333335 0.02962962962962963 0.01875
0 0.524537037037037 0.48593749999999997 0.03425925925925926 0.020833333333333332
0 0.6152777777777778 0.4981770833333333 0.03425925925925926 0.0203125
0 0.6333333333333333 0.5221354166666666 0.031481481481481485 0.019270833333333334
0 0.5101851851851852 0.5236979166666667 0.022222222222222223 0.0203125
0 0.6277777777777778 0.61015625 0.02962962962962963 0.021354166666666667
0 0.5476851851851852 0.6184895833333334 0.03981481481481482 0.0234375
0 0.5907407407407408 0.6869791666666667 0.02962962962962963 0.029166666666666667
0 0.6097222222222223 0.7565104166666666 0.030555555555555558 0.0203125
0 0.5439814814814815 0.7388020833333333 0.032407407407407406 0.022395833333333334
0 0.5120370370370371 0.7411458333333333 0.02962962962962963 0.019791666666666666
0 0.4810185185185185 0.61953125 0.025 0.015104166666666667
0 0.3578703703703704 0.7302083333333333 0.032407407407407406 0.011458333333333333
0 0.3111111111111111 0.63984375 0.02592592592592593 0.024479166666666666
0 0.2791666666666667 0.11744791666666667 0.03425925925925926 0.0234375
0 0.25925925925925924 0.125 0.037037037037037035 0.025
0 0.19074074074074074 0.18489583333333334 0.03518518518518519 0.025
0 0.15324074074074073 0.16770833333333332 0.04537037037037037 0.028125
0 0.1175925925925926 0.23385416666666667 0.024074074074074074 0.017708333333333333
0 0.08888888888888889 0.23046875 0.02777777777777778 0.0171875
0 0.14675925925925926 0.30572916666666666 0.04166666666666667 0.017708333333333333
0 0.04490740740740741 0.30442708333333335 0.03796296296296296 0.018229166666666668
0 0.08425925925925926 0.33984375 0.03888888888888889 0.0234375
0 0.2087962962962963 0.3888020833333333 0.028703703703703703 0.01614583333333333
0 0.25925925925925924 0.4518229166666667 0.031481481481481485 0.019270833333333334
0 0.16990740740740742 0.4479166666666667 0.02314814814814815 0.013541666666666667
0 0.2888888888888889 0.47630208333333335 0.03888888888888889 0.0203125
0 0.2125 0.48046875 0.03796296296296296 0.021354166666666667
0 0.23101851851851854 0.5703125 0.03425925925925926 0.01875
0 0.2611111111111111 0.5752604166666666 0.02962962962962963 0.019270833333333334
0 0.2935185185185185 0.6114583333333333 0.037037037037037035 0.017708333333333333
0 0.24305555555555555 0.6986979166666667 0.030555555555555558 0.021354166666666667
0 0.28101851851851856 0.8130208333333333 0.030555555555555558 0.021875
0 0.20231481481481484 0.740625 0.030555555555555558 0.022916666666666665
0 0.15601851851851853 0.7059895833333333 0.025 0.015104166666666667
0 0.17685185185185187 0.5239583333333333 0.03518518518518519 0.01875
0 0.13564814814814816 0.521875 0.03981481481481482 0.021875
0 0.10185185185185186 0.5278645833333333 0.03333333333333333 0.0203125
0 0.08935185185185185 0.5515625 0.03796296296296296 0.019791666666666666
0 0.04861111111111111 0.6013020833333333 0.03796296296296296 0.019270833333333334
0 0.010648148148148148 0.7890625 0.017592592592592594 0.03229166666666666
0 0.012037037037037037 0.6291666666666667 0.022222222222222223 0.016666666666666666
0 0.075 0.6348958333333333 0.02592592592592593 0.0125
0 0.04166666666666667 0.6385416666666667 0.03333333333333333 0.016666666666666666
0 0.13611111111111113 0.6924479166666666 0.014814814814814815 0.0109375
0 0.08009259259259259 0.6880208333333333 0.032407407407407406 0.020833333333333332
0 0.044444444444444446 0.7153645833333333 0.03333333333333333 0.024479166666666666
0 0.009722222222222222 0.8236979166666667 0.015740740740740743 0.022395833333333334
0 0.34074074074074073 0.7505208333333333 0.03333333333333333 0.021875
0 0.24537037037037038 0.7169270833333333 0.022222222222222223 0.01614583333333333
0 0.28101851851851856 0.3541666666666667 0.026851851851851852 0.016666666666666666
0 0.2884259259259259 0.32760416666666664 0.02314814814814815 0.014583333333333334
0 0.2712962962962963 0.33619791666666665 0.02592592592592593 0.0171875
0 0.6537037037037037 0.59921875 0.03518518518518519 0.0203125
0 0.44907407407407407 0.8252604166666666 0.024074074074074074 0.022395833333333334
0 0.4013888888888889 0.6536458333333334 0.030555555555555558 0.017708333333333333
0 0.3439814814814815 0.5768229166666666 0.026851851851851852 0.0203125
0 0.6527777777777778 0.67890625 0.03518518518518519 0.0203125
0 0.7027777777777778 0.7450520833333333 0.022222222222222223 0.021354166666666667
0 0.7375 0.7341145833333333 0.03981481481481482 0.024479166666666666
0 0.8402777777777778 0.47890625 0.026851851851851852 0.015104166666666667
0 0.6712962962962963 0.55 0.02592592592592593 0.017708333333333333
0 0.7226851851851852 0.5346354166666667 0.032407407407407406 0.01614583333333333
0 0.9851851851851853 0.86171875 0.02962962962962963 0.030729166666666665
0 0.9634259259259259 0.7856770833333333 0.03981481481481482 0.0265625
0 0.9486111111111112 0.7536458333333333 0.04351851851851852 0.022916666666666665
0 0.8921296296296297 0.5809895833333333 0.026851851851851852 0.0171875
0 0.862962962962963 0.62421875 0.012962962962962964 0.009895833333333333
0 0.7041666666666667 0.54765625 0.026851851851851852 0.0140625
0 0.9189814814814815 0.5921875 0.026851851851851852 0.011458333333333333
0 0.774537037037037 0.48776041666666664 0.025 0.01614583333333333
0 0.7152777777777778 0.38567708333333334 0.030555555555555558 0.0171875
0 0.7574074074074074 0.37421875 0.02592592592592593 0.015104166666666667
0 0.7574074074074074 0.39557291666666666 0.011111111111111112 0.0109375
0 0.8023148148148148 0.40208333333333335 0.015740740740740743 0.008333333333333333
0 0.8203703703703704 0.3966145833333333 0.022222222222222223 0.011979166666666666
0 0.7240740740740741 0.2869791666666667 0.02777777777777778 0.017708333333333333
0 0.8324074074074075 0.24609375 0.02777777777777778 0.019270833333333334
0 0.962037037037037 0.16927083333333334 0.02592592592592593 0.016666666666666666
0 0.9472222222222223 0.15338541666666666 0.02777777777777778 0.0171875
0 0.9898148148148148 0.10807291666666667 0.020370370370370372 0.0171875
0 0.9365740740740741 0.3020833333333333 0.021296296296296296 0.0125
0 0.9375 0.3888020833333333 0.03796296296296296 0.01614583333333333
0 0.9125000000000001 0.41302083333333334 0.026851851851851852 0.0125
0 0.9425925925925926 0.42161458333333335 0.03518518518518519 0.019270833333333334
0 0.9851851851851853 0.2526041666666667 0.024074074074074074 0.013541666666666667
0 0.9578703703703704 0.2872395833333333 0.028703703703703703 0.0171875
0 0.9236111111111112 0.2755208333333333 0.028703703703703703 0.015625
0 0.46805555555555556 0.6856770833333333 0.026851851851851852 0.015104166666666667
0 0.8092592592592593 0.32005208333333335 0.024074074074074074 0.013020833333333334
0 0.8120370370370371 0.33880208333333334 0.020370370370370372 0.013020833333333334
