0 0.6 0.21432291666666667 0.02592592592592593 0.0171875
0 0.19675925925925927 0.40078125 0.028703703703703703 0.015104166666666667
0 0.274537037037037 0.5138020833333333 0.032407407407407406 0.0234375
0 0.5796296296296296 0.33880208333333334 0.02777777777777778 0.013020833333333334
0 0.6263888888888889 0.28802083333333334 0.026851851851851852 0.016666666666666666
0 0.5027777777777778 0.3145833333333333 0.02592592592592593 0.014583333333333334
0 0.43194444444444446 0.3268229166666667 0.02314814814814815 0.015104166666666667
0 0.5615740740740741 0.3697916666666667 0.026851851851851852 0.019791666666666666
0 0.5888888888888889 0.3794270833333333 0.02777777777777778 0.0203125
0 0.6203703703703703 0.3796875 0.02777777777777778 0.016666666666666666
0 0.5587962962962963 0.4239583333333333 0.036111111111111115 0.0125
0 0.47453703703703703 0.42291666666666666 0.019444444444444445 0.011458333333333333
0 0.5847222222222223 0.45729166666666665 0.028703703703703703 0.014583333333333334
0 0.4763888888888889 0.47031249999999997 0.030555555555555558 0.01875
0 0.49953703703703706 0.48411458333333335 0.03425925925925926 0.021354166666666667
0 0.5902777777777778 0.4966145833333333 0.03425925925925926 0.0203125
0 0.6097222222222223 0.5205729166666666 0.030555555555555558 0.019270833333333334
0 0.4861111111111111 0.521875 0.022222222222222223 0.019791666666666666
0 0.6041666666666667 0.6080729166666666 0.028703703703703703 0.021354166666666667
0 0.5212962962962964 0.6169270833333333 0.03888888888888889 0.0234375
0 0.5615740740740741 0.6859375 0.028703703703703703 0.030208333333333334
0 0.5847222222222223 0.7552083333333334 0.030555555555555558 0.019791666666666666
0 0.5171296296296296 0.7375 0.032407407407407406 0.021875
0 0.48564814814814816 0.73984375 0.028703703703703703 0.019270833333333334
0 0.45601851851851855 0.6174479166666667 0.021296296296296296 0.015104166666666667
0 0.33055555555555555 0.7291666666666666 0.02962962962962963 0.011458333333333333
0 0.2851851851851852 0.6380208333333334 0.02592592592592593 0.025
0 0.25601851851851853 0.11276041666666667 0.030555555555555558 0.024479166666666666
0 0.2300925925925926 0.12005208333333334 0.036111111111111115 0.0265625
0 0.15972222222222224 0.18046875 0.036111111111111115 0.025520833333333333
0 0.1212962962962963 0.16223958333333333 0.044444444444444446 0.028645833333333332
0 0.08935185185185185 0.2296875 0.021296296296296296 0.01875
0 0.062037037037037036 0.22630208333333332 0.02777777777777778 0.0171875
0 0.11805555555555557 0.3013020833333333 0.04166666666666667 0.0171875
0 0.018518518518518517 0.30078125 0.03518518518518519 0.018229166666666668
0 0.055092592592592596 0.33567708333333335 0.03796296296296296 0.0234375
0 0.18611111111111112 0.38671875 0.02592592592592593 0.015104166666666667
0 0.2300925925925926 0.44921875 0.032407407407407406 0.019270833333333334
0 0.14120370370370372 0.4453125 0.021296296296296296 0.013541666666666667
0 0.2601851851851852 0.4739583333333333 0.03888888888888889 0.020833333333333332
0 0.18287037037037038 0.4783854166666667 0.036111111111111115 0.021354166666666667
0 0.20277777777777778 0.5684895833333333 0.03518518518518519 0.018229166666666668
0 0.23287037037037037 0.5744791666666667 0.028703703703703703 0.01875
0 0.27175925925925926 0.6106770833333334 0.036111111111111115 0.015104166666666667
0 0.2162037037037037 0.69765625 0.030555555555555558 0.021354166666666667
0 0.25324074074074077 0.8117187499999999 0.030555555555555558 0.022395833333333334
0 0.17407407407407408 0.7395833333333334 0.02962962962962963 0.022916666666666665
0 0.12824074074074074 0.7044270833333334 0.02314814814814815 0.01614583333333333
0 0.1486111111111111 0.5216145833333333 0.036111111111111115 0.0203125
0 0.10694444444444445 0.5197916666666667 0.03981481481481482 0.021875
0 0.07453703703703704 0.5263020833333333 0.032407407407407406 0.0203125
0 0.06342592592592593 0.5489583333333333 0.03981481481481482 0.020833333333333332
0 0.022685185185185187 0.59921875 0.036111111111111115 0.019270833333333334
0 0.05 0.6328125 0.02592592592592593 0.0125
0 0.017592592592592594 0.6364583333333333 0.031481481481481485 0.016666666666666666
0 0.11064814814814815 0.690625 0.012037037037037037 0.009375
0 0.05324074074074074 0.6861979166666666 0.03425925925925926 0.0203125
0 0.01898148148148148 0.7130208333333333 0.03425925925925926 0.025
0 0.3148148148148148 0.7489583333333333 0.03333333333333333 0.021875
0 0.21805555555555556 0.7153645833333333 0.021296296296296296 0.01614583333333333
0 0.25787037037037036 0.35130208333333335 0.026851851851851852 0.0171875
0 0.2652777777777778 0.3247395833333333 0.025 0.015104166666666667
0 0.24722222222222223 0.33359375 0.024074074074074074 0.0171875
0 0.6287037037037038 0.5981770833333333 0.03518518518518519 0.0203125
0 0.41944444444444445 0.82421875 0.024074074074074074 0.022395833333333334
0 0.3763888888888889 0.6520833333333333 0.030555555555555558 0.017708333333333333
0 0.31851851851851853 0.5755208333333334 0.02777777777777778 0.020833333333333332
0 0.6236111111111111 0.6776041666666667 0.03425925925925926 0.017708333333333333
0 0.7097222222222223 0.7333333333333333 0.03981481481481482 0.025
0 0.6472222222222223 0.5481770833333334 0.024074074074074074 0.0171875
0 0.700925925925926 0.5330729166666667 0.03333333333333333 0.01614583333333333
0 0.9638888888888889 0.8630208333333333 0.040740740740740744 0.03125
0 0.9365740740740741 0.78515625 0.03981481481481482 0.0265625
0 0.9240740740740742 0.7526041666666666 0.04259259259259259 0.022916666666666665
0 0.8648148148148148 0.5796875 0.02777777777777778 0.017708333333333333
0 0.8398148148148148 0.62265625 0.018518518518518517 0.009895833333333333
0 0.6824074074074075 0.5466145833333333 0.02777777777777778 0.0140625
0 0.8953703703703704 0.59140625 0.02592592592592593 0.011979166666666666
0 0.7541666666666667 0.4856770833333333 0.025 0.01614583333333333
0 0.6907407407407408 0.38359375 0.02962962962962963 0.0171875
0 0.7333333333333334 0.3723958333333333 0.02592592592592593 0.015625
0 0.7337962962962963 0.39348958333333334 0.012037037037037037 0.0109375
0 0.7796296296296297 0.3997395833333333 0.014814814814814815 0.008854166666666666
0 0.7972222222222223 0.39479166666666665 0.022222222222222223 0.0125
0 0.701388888888889 0.28489583333333335 0.028703703703703703 0.017708333333333333
0 0.8092592592592593 0.24401041666666667 0.02777777777777778 0.019270833333333334
0 0.9388888888888889 0.16640625 0.02592592592592593 0.0171875
0 0.924537037037037 0.15078125 0.026851851851851852 0.0171875
0 0.9694444444444444 0.1046875 0.02777777777777778 0.017708333333333333
0 0.912962962962963 0.2994791666666667 0.022222222222222223 0.0125
0 0.975462962962963 0.2828125 0.025 0.020833333333333332
0 0.8875000000000001 0.4145833333333333 0.028703703703703703 0.015625
0 0.9194444444444445 0.4205729166666667 0.031481481481481485 0.018229166666666668
0 0.9773148148148149 0.4263020833333333 0.025 0.015104166666666667
0 0.987962962962963 0.5283854166666666 0.024074074074074074 0.019270833333333334
0 0.9740740740740741 0.5734375 0.03333333333333333 0.009375
0 0.962962962962963 0.25 0.024074074074074074 0.013541666666666667
0 0.9337962962962963 0.2856770833333333 0.028703703703703703 0.0171875
0 0.9148148148148149 0.3880208333333333 0.03333333333333333 0.01875
0 0.9032407407407408 0.2739583333333333 0.030555555555555558 0.015625
0 0.44583333333333336 0.6841145833333333 0.026851851851851852 0.015104166666666667
0 0.788425925925926 0.3182291666666667 0.02314814814814815 0.013541666666666667
0 0.7912037037037037 0.3372395833333333 0.021296296296296296 0.013020833333333334
