0 0.41203703703703703 0.21484375 0.02592592592592593 0.0171875
0 0.8148148148148149 0.4010416666666667 0.02592592592592593 0.013541666666666667
0 0.7393518518518519 0.5145833333333333 0.03425925925925926 0.022916666666666665
0 0.4324074074074074 0.33880208333333334 0.02777777777777778 0.013020833333333334
0 0.3856481481481482 0.28854166666666664 0.026851851851851852 0.016666666666666666
0 0.5083333333333333 0.31484375 0.02777777777777778 0.0140625
0 0.5787037037037037 0.32708333333333334 0.022222222222222223 0.015625
0 0.45 0.3697916666666667 0.02777777777777778 0.019791666666666666
0 0.4226851851851852 0.37994791666666666 0.026851851851851852 0.019270833333333334
0 0.39212962962962966 0.37994791666666666 0.026851851851851852 0.0171875
0 0.4537037037037037 0.4244791666666667 0.037037037037037035 0.0125
0 0.537962962962963 0.42291666666666666 0.020370370370370372 0.011458333333333333
0 0.42592592592592593 0.45807291666666666 0.02962962962962963 0.015104166666666667
0 0.5361111111111111 0.4705729166666667 0.02962962962962963 0.018229166666666668
0 0.5120370370370371 0.48463541666666665 0.03518518518518519 0.021354166666666667
0 0.42083333333333334 0.49713541666666666 0.03425925925925926 0.0203125
0 0.4013888888888889 0.5205729166666666 0.030555555555555558 0.019270833333333334
0 0.525 0.521875 0.020370370370370372 0.019791666666666666
0 0.4064814814814815 0.60859375 0.02777777777777778 0.021354166666666667
0 0.4912037037037037 0.6171875 0.03981481481481482 0.022916666666666665
0 0.45092592592592595 0.68671875 0.02962962962962963 0.0296875
0 0.4273148148148148 0.7557291666666667 0.030555555555555558 0.019791666666666666
0 0.4939814814814815 0.73828125 0.032407407407407406 0.022395833333333334
0 0.5268518518518519 0.7401041666666667 0.02962962962962963 0.019791666666666666
0 0.5550925925925926 0.6182291666666666 0.021296296296296296 0.015625
0 0.6810185185185186 0.7296875 0.028703703703703703 0.011458333333333333
0 0.7268518518518519 0.63828125 0.02777777777777778 0.024479166666666666
0 0.7564814814814815 0.11302083333333333 0.031481481481481485 0.025
0 0.7833333333333333 0.1203125 0.03888888888888889 0.026041666666666668
0 0.8541666666666667 0.18046875 0.036111111111111115 0.025520833333333333
0 0.8912037037037037 0.1625 0.04537037037037037 0.029166666666666667
0 0.9231481481481482 0.22942708333333334 0.020370370370370372 0.018229166666666668
0 0.9495370370370371 0.22604166666666667 0.026851851851851852 0.017708333333333333
0 0.8944444444444445 0.3015625 0.040740740740740744 0.016666666666666666
0 0.9875 0.30104166666666665 0.025 0.01875
0 0.9569444444444445 0.33619791666666665 0.03796296296296296 0.0234375
0 0.8250000000000001 0.38697916666666665 0.024074074074074074 0.014583333333333334
0 0.7824074074074074 0.44947916666666665 0.031481481481481485 0.01875
0 0.8722222222222222 0.44479166666666664 0.022222222222222223 0.013541666666666667
0 0.7532407407407408 0.4739583333333333 0.03981481481481482 0.020833333333333332
0 0.8291666666666667 0.4783854166666667 0.036111111111111115 0.021354166666666667
0 0.8101851851851852 0.5684895833333333 0.03518518518518519 0.018229166666666668
0 0.7791666666666667 0.5744791666666667 0.028703703703703703 0.01875
0 0.7407407407407408 0.6106770833333334 0.03518518518518519 0.015104166666666667
0 0.7967592592592593 0.6979166666666666 0.030555555555555558 0.021875
0 0.7597222222222223 0.8122395833333333 0.030555555555555558 0.0234375
0 0.837962962962963 0.73984375 0.02962962962962963 0.022395833333333334
0 0.8837962962962963 0.7046875 0.02314814814814815 0.015625
0 0.8643518518518519 0.5223958333333333 0.03796296296296296 0.020833333333333332
0 0.9055555555555556 0.5197916666666667 0.040740740740740744 0.021875
0 0.9375 0.5265625 0.032407407407407406 0.020833333333333332
0 0.8518518518518519 0.20078125 0.02592592592592593 0.018229166666666668
0 0.9486111111111112 0.5494791666666666 0.03981481481481482 0.019791666666666666
0 0.9856481481481482 0.5997395833333333 0.028703703703703703 0.019270833333333334
0 0.9606481481481481 0.6333333333333333 0.026851851851851852 0.0125
0 0.9893518518518519 0.6364583333333333 0.021296296296296296 0.016666666666666666
0 0.9597222222222223 0.68671875 0.03425925925925926 0.0203125
0 0.987037037037037 0.7140625 0.02592592592592593 0.026041666666666668
0 0.6962962962962963 0.7494791666666667 0.03333333333333333 0.021875
0 0.7939814814814815 0.7161458333333334 0.021296296296296296 0.016666666666666666
0 0.7532407407407408 0.35104166666666664 0.026851851851851852 0.016666666666666666
0 0.7458333333333333 0.325 0.025 0.015625
0 0.763425925925926 0.33359375 0.025 0.0171875
0 0.38333333333333336 0.5984375 0.03518518518518519 0.019791666666666666
0 0.11620370370370371 0.5911458333333334 0.025 0.013541666666666667
0 0.5925925925925926 0.82421875 0.024074074074074074 0.022395833333333334
0 0.6361111111111112 0.6526041666666667 0.031481481481481485 0.017708333333333333
0 0.6944444444444444 0.5760416666666667 0.02777777777777778 0.020833333333333332
0 0.38981481481481484 0.678125 0.03518518518518519 0.017708333333333333
0 0.3023148148148148 0.7338541666666667 0.03981481481481482 0.025
0 0.3648148148148148 0.5486979166666667 0.02592592592592593 0.0171875
0 0.3106481481481482 0.53359375 0.032407407407407406 0.01614583333333333
0 0.04814814814814815 0.8630208333333333 0.040740740740740744 0.03229166666666666
0 0.075 0.7856770833333333 0.03888888888888889 0.0265625
0 0.08796296296296297 0.753125 0.04259259259259259 0.022916666666666665
0 0.09305555555555556 0.42083333333333334 0.030555555555555558 0.01875
0 0.1476851851851852 0.5799479166666667 0.028703703703703703 0.018229166666666668
0 0.17222222222222222 0.62265625 0.020370370370370372 0.009895833333333333
0 0.32916666666666666 0.5466145833333333 0.028703703703703703 0.0140625
0 0.2569444444444445 0.48541666666666666 0.025 0.014583333333333334
0 0.32083333333333336 0.38385416666666666 0.028703703703703703 0.016666666666666666
0 0.2791666666666667 0.37265625 0.025 0.015104166666666667
0 0.27824074074074073 0.39348958333333334 0.012037037037037037 0.0109375
0 0.23148148148148148 0.4 0.014814814814814815 0.008333333333333333
0 0.21435185185185185 0.39479166666666665 0.021296296296296296 0.0125
0 0.30972222222222223 0.28489583333333335 0.028703703703703703 0.017708333333333333
0 0.20231481481481484 0.24427083333333333 0.026851851851851852 0.019791666666666666
0 0.07361111111111111 0.16666666666666666 0.025 0.016666666666666666
0 0.08750000000000001 0.15104166666666666 0.026851851851851852 0.016666666666666666
0 0.04166666666666667 0.10546875 0.02777777777777778 0.0171875
0 0.09861111111111112 0.30026041666666664 0.021296296296296296 0.011979166666666666
0 0.037037037037037035 0.2828125 0.02592592592592593 0.020833333333333332
0 0.12361111111111112 0.41562499999999997 0.028703703703703703 0.015625
0 0.034722222222222224 0.42682291666666666 0.025 0.015104166666666667
0 0.01990740740740741 0.5286458333333334 0.036111111111111115 0.017708333333333333
0 0.037037037037037035 0.5739583333333333 0.03333333333333333 0.009375
0 0.04861111111111111 0.2505208333333333 0.02314814814814815 0.013541666666666667
0 0.07916666666666666 0.2859375 0.028703703703703703 0.017708333333333333
0 0.0976851851851852 0.3890625 0.036111111111111115 0.020833333333333332
0 0.10694444444444445 0.27421875 0.030555555555555558 0.015104166666666667
0 0.5638888888888889 0.6846354166666666 0.02777777777777778 0.015104166666666667
0 0.22175925925925927 0.31875 0.02314814814814815 0.013541666666666667
0 0.2199074074074074 0.3377604166666667 0.02314814814814815 0.013020833333333334
