0 0.4203703703703704 0.21510416666666665 0.02592592592592593 0.016666666666666666
0 0.8250000000000001 0.40078125 0.022222222222222223 0.013020833333333334
0 0.7518518518518519 0.5151041666666667 0.03518518518518519 0.022916666666666665
0 0.4416666666666667 0.33958333333333335 0.02777777777777778 0.0125
0 0.3939814814814815 0.28802083333333334 0.026851851851851852 0.016666666666666666
0 0.5171296296296296 0.3151041666666667 0.028703703703703703 0.013541666666666667
0 0.5875 0.32708333333333334 0.02314814814814815 0.015625
0 0.4601851851851852 0.37005208333333334 0.02777777777777778 0.019270833333333334
0 0.4324074074074074 0.37994791666666666 0.02592592592592593 0.019270833333333334
0 0.40046296296296297 0.3802083333333333 0.026851851851851852 0.016666666666666666
0 0.4601851851851852 0.4244791666666667 0.03518518518518519 0.0125
0 0.5467592592592593 0.42291666666666666 0.019444444444444445 0.011458333333333333
0 0.43472222222222223 0.4583333333333333 0.028703703703703703 0.014583333333333334
0 0.5449074074074074 0.4708333333333333 0.028703703703703703 0.01875
0 0.5208333333333334 0.48515625 0.03425925925925926 0.021354166666666667
0 0.4300925925925926 0.49713541666666666 0.03425925925925926 0.0203125
0 0.4101851851851852 0.5216145833333333 0.031481481481481485 0.019270833333333334
0 0.5342592592592593 0.52265625 0.020370370370370372 0.0203125
0 0.4152777777777778 0.6091145833333333 0.026851851851851852 0.021354166666666667
0 0.500925925925926 0.6177083333333333 0.040740740740740744 0.022916666666666665
0 0.4615740740740741 0.6872395833333333 0.030555555555555558 0.0296875
0 0.4365740740740741 0.75625 0.030555555555555558 0.019791666666666666
0 0.5041666666666667 0.7385416666666667 0.032407407407407406 0.021875
0 0.5365740740740741 0.7408854166666666 0.030555555555555558 0.019270833333333334
0 0.5648148148148149 0.6182291666666666 0.020370370370370372 0.015625
0 0.6912037037037038 0.7302083333333333 0.026851851851851852 0.011458333333333333
0 0.737037037037037 0.6390625 0.02777777777777778 0.025
0 0.7675925925925926 0.11328125 0.031481481481481485 0.025520833333333333
0 0.7944444444444445 0.12057291666666667 0.03888888888888889 0.0265625
0 0.8652777777777778 0.18098958333333334 0.036111111111111115 0.025520833333333333
0 0.9032407407407408 0.1625 0.04537037037037037 0.028125
0 0.9342592592592593 0.22994791666666667 0.018518518518518517 0.0171875
0 0.9597222222222223 0.22604166666666667 0.026851851851851852 0.017708333333333333
0 0.9050925925925927 0.30182291666666666 0.04166666666666667 0.0171875
0 0.9685185185185186 0.33671875 0.037037037037037035 0.0234375
0 0.8342592592592593 0.3875 0.022222222222222223 0.014583333333333334
0 0.7939814814814815 0.4497395833333333 0.032407407407407406 0.018229166666666668
0 0.8837962962962963 0.4458333333333333 0.021296296296296296 0.013541666666666667
0 0.7643518518518518 0.4744791666666667 0.03981481481481482 0.020833333333333332
0 0.8407407407407408 0.4786458333333333 0.037037037037037035 0.020833333333333332
0 0.8203703703703704 0.5692708333333333 0.03518518518518519 0.01875
0 0.7902777777777779 0.575 0.028703703703703703 0.01875
0 0.75 0.61171875 0.03518518518518519 0.015104166666666667
0 0.8074074074074075 0.6986979166666667 0.031481481481481485 0.021354166666666667
0 0.7699074074074075 0.8135416666666666 0.030555555555555558 0.022916666666666665
0 0.8472222222222222 0.7411458333333333 0.03333333333333333 0.022916666666666665
0 0.8944444444444445 0.7052083333333333 0.024074074074074074 0.014583333333333334
0 0.875925925925926 0.5231770833333333 0.03888888888888889 0.021354166666666667
0 0.9166666666666667 0.5203125 0.040740740740740744 0.021875
0 0.9481481481481482 0.5270833333333333 0.031481481481481485 0.020833333333333332
0 0.9578703703703704 0.5502604166666667 0.03981481481481482 0.0203125
0 0.9907407407407408 0.6002604166666666 0.018518518518518517 0.0203125
0 0.9708333333333333 0.6338541666666666 0.026851851851851852 0.0125
0 0.9703703703703704 0.6880208333333333 0.03518518518518519 0.020833333333333332
0 0.9907407407407408 0.7140625 0.018518518518518517 0.027083333333333334
0 0.8638888888888889 0.20104166666666667 0.02592592592592593 0.01875
0 0.7060185185185186 0.7505208333333333 0.032407407407407406 0.021875
0 0.8050925925925926 0.7169270833333333 0.021296296296296296 0.0171875
0 0.7620370370370371 0.3515625 0.02777777777777778 0.016666666666666666
0 0.7550925925925926 0.3255208333333333 0.025 0.015625
0 0.7726851851851853 0.3338541666666667 0.025 0.016666666666666666
0 0.39212962962962966 0.59921875 0.03425925925925926 0.019270833333333334
0 0.6046296296296296 0.8255208333333334 0.024074074074074074 0.022916666666666665
0 0.6444444444444445 0.6536458333333334 0.031481481481481485 0.017708333333333333
0 0.7041666666666667 0.5765625 0.028703703703703703 0.020833333333333332
0 0.40046296296296297 0.6786458333333333 0.03425925925925926 0.017708333333333333
0 0.3125 0.7341145833333333 0.03981481481481482 0.024479166666666666
0 0.3731481481481482 0.5489583333333333 0.02592592592592593 0.017708333333333333
0 0.3189814814814815 0.5341145833333333 0.032407407407407406 0.01614583333333333
0 0.05740740740740741 0.86328125 0.040740740740740744 0.03177083333333333
0 0.0837962962962963 0.7859375 0.03796296296296296 0.027083333333333334
0 0.0962962962962963 0.753125 0.04259259259259259 0.022916666666666665
0 0.1574074074074074 0.58046875 0.02962962962962963 0.018229166666666668
0 0.1814814814814815 0.6229166666666667 0.022222222222222223 0.010416666666666666
0 0.337037037037037 0.5471354166666667 0.02777777777777778 0.0140625
0 0.2652777777777778 0.48515625 0.025 0.015104166666666667
0 0.33055555555555555 0.3848958333333333 0.02777777777777778 0.017708333333333333
0 0.287962962962963 0.3729166666666667 0.02592592592592593 0.015625
0 0.28750000000000003 0.39401041666666664 0.012037037037037037 0.0109375
0 0.23981481481481481 0.4 0.014814814814814815 0.007291666666666667
0 0.22268518518518518 0.39479166666666665 0.021296296296296296 0.0125
0 0.31851851851851853 0.28489583333333335 0.02777777777777778 0.017708333333333333
0 0.21064814814814817 0.24479166666666666 0.026851851851851852 0.019791666666666666
0 0.08194444444444444 0.16692708333333334 0.025 0.0171875
0 0.0962962962962963 0.15130208333333334 0.02592592592592593 0.01614583333333333
0 0.051388888888888894 0.10520833333333333 0.026851851851851852 0.017708333333333333
0 0.10694444444444445 0.3 0.021296296296296296 0.0125
0 0.046759259259259264 0.2828125 0.025 0.020833333333333332
0 0.013425925925925926 0.22760416666666666 0.02314814814814815 0.017708333333333333
0 0.13194444444444445 0.41562499999999997 0.026851851851851852 0.015625
0 0.10046296296296296 0.41953124999999997 0.030555555555555558 0.0171875
0 0.043055555555555555 0.4265625 0.025 0.015625
0 0.024537037037037038 0.52890625 0.03981481481481482 0.019270833333333334
0 0.04537037037037037 0.5744791666666667 0.03333333333333333 0.009375
0 0.05694444444444444 0.2505208333333333 0.02314814814814815 0.013541666666666667
0 0.08750000000000001 0.2856770833333333 0.028703703703703703 0.0171875
0 0.10740740740740741 0.38958333333333334 0.03518518518518519 0.020833333333333332
0 0.11527777777777778 0.275 0.030555555555555558 0.014583333333333334
0 0.5726851851851852 0.6848958333333334 0.026851851851851852 0.015625
0 0.22962962962962963 0.3190104166666667 0.024074074074074074 0.0140625
0 0.22685185185185186 0.3380208333333333 0.022222222222222223 0.0125
