0 0.5814814814814815 0.21510416666666665 0.02592592592592593 0.016666666666666666
0 0.17685185185185187 0.40078125 0.022222222222222223 0.013020833333333334
0 0.25 0.5151041666666667 0.03518518518518519 0.022916666666666665
0 0.5601851851851852 0.33958333333333335 0.02777777777777778 0.0125
0 0.6078703703703704 0.28802083333333334 0.026851851851851852 0.016666666666666666
0 0.4847222222222222 0.3151041666666667 0.028703703703703703 0.013541666666666667
0 0.41435185185185186 0.32708333333333334 0.02314814814814815 0.015625
0 0.5416666666666667 0.37005208333333334 0.02777777777777778 0.019270833333333334
0 0.5694444444444444 0.37994791666666666 0.02592592592592593 0.019270833333333334
0 0.6013888888888889 0.3802083333333333 0.026851851851851852 0.016666666666666666
0 0.5416666666666667 0.4244791666666667 0.03518518518518519 0.0125
0 0.4550925925925926 0.42291666666666666 0.019444444444444445 0.011458333333333333
0 0.5671296296296297 0.4583333333333333 0.028703703703703703 0.014583333333333334
0 0.4569444444444445 0.4708333333333333 0.028703703703703703 0.01875
0 0.4810185185185185 0.48515625 0.03425925925925926 0.021354166666666667
0 0.5717592592592593 0.49713541666666666 0.03425925925925926 0.0203125
0 0.5916666666666667 0.5216145833333333 0.031481481481481485 0.019270833333333334
0 0.4675925925925926 0.52265625 0.020370370370370372 0.0203125
0 0.5865740740740741 0.6091145833333333 0.026851851851851852 0.021354166666666667
0 0.500925925925926 0.6177083333333333 0.040740740740740744 0.022916666666666665
0 0.5402777777777777 0.6872395833333333 0.030555555555555558 0.0296875
0 0.5652777777777778 0.75625 0.030555555555555558 0.019791666666666666
0 0.49768518518518523 0.7385416666666667 0.032407407407407406 0.021875
0 0.4652777777777778 0.7408854166666666 0.030555555555555558 0.019270833333333334
0 0.43703703703703706 0.6182291666666666 0.020370370370370372 0.015625
0 0.3106481481481482 0.7302083333333333 0.026851851851851852 0.011458333333333333
0 0.26481481481481484 0.6390625 0.02777777777777778 0.025
0 0.23425925925925928 0.11328125 0.031481481481481485 0.025520833333333333
0 0.20740740740740743 0.12057291666666667 0.03888888888888889 0.0265625
0 0.13657407407407407 0.18098958333333334 0.036111111111111115 0.025520833333333333
0 0.09861111111111112 0.1625 0.04537037037037037 0.028125
0 0.06759259259259259 0.22994791666666667 0.018518518518518517 0.0171875
0 0.04212962962962963 0.22604166666666667 0.026851851851851852 0.017708333333333333
0 0.09675925925925927 0.30182291666666666 0.04166666666666667 0.0171875
0 0.03333333333333333 0.33671875 0.037037037037037035 0.0234375
0 0.1675925925925926 0.3875 0.022222222222222223 0.014583333333333334
0 0.20787037037037037 0.4497395833333333 0.032407407407407406 0.018229166666666668
0 0.11805555555555557 0.4458333333333333 0.021296296296296296 0.013541666666666667
0 0.23750000000000002 0.4744791666666667 0.03981481481481482 0.020833333333333332
0 0.16111111111111112 0.4786458333333333 0.037037037037037035 0.020833333333333332
0 0.1814814814814815 0.5692708333333333 0.03518518518518519 0.01875
0 0.21157407407407408 0.575 0.028703703703703703 0.01875
0 0.2518518518518519 0.61171875 0.03518518518518519 0.015104166666666667
0 0.19444444444444445 0.6986979166666667 0.031481481481481485 0.021354166666666667
0 0.23194444444444445 0.8135416666666666 0.030555555555555558 0.022916666666666665
0 0.15462962962962964 0.7411458333333333 0.03333333333333333 0.022916666666666665
0 0.10740740740740741 0.7052083333333333 0.024074074074074074 0.014583333333333334
0 0.12592592592592594 0.5231770833333333 0.03888888888888889 0.021354166666666667
0 0.08518518518518518 0.5203125 0.040740740740740744 0.021875
0 0.053703703703703705 0.5270833333333333 0.031481481481481485 0.020833333333333332
0 0.04398148148148148 0.5502604166666667 0.03981481481481482 0.0203125
0 0.010648148148148148 0.6 0.019444444444444445 0.019791666666666666
0 0.031018518518518518 0.6338541666666666 0.026851851851851852 0.0125
0 0.031481481481481485 0.6880208333333333 0.03518518518518519 0.020833333333333332
0 0.010648148148148148 0.7138020833333333 0.019444444444444445 0.0265625
0 0.13796296296296298 0.20104166666666667 0.02592592592592593 0.01875
0 0.29583333333333334 0.7505208333333333 0.032407407407407406 0.021875
0 0.19675925925925927 0.7169270833333333 0.021296296296296296 0.0171875
0 0.23981481481481481 0.3515625 0.02777777777777778 0.016666666666666666
0 0.24675925925925926 0.3255208333333333 0.025 0.015625
0 0.22916666666666669 0.3338541666666667 0.025 0.016666666666666666
0 0.6097222222222223 0.59921875 0.03425925925925926 0.019270833333333334
0 0.39722222222222225 0.8255208333333334 0.024074074074074074 0.022916666666666665
0 0.3574074074074074 0.6536458333333334 0.031481481481481485 0.017708333333333333
0 0.2976851851851852 0.5765625 0.028703703703703703 0.020833333333333332
0 0.6013888888888889 0.6786458333333333 0.03425925925925926 0.017708333333333333
0 0.6893518518518519 0.7341145833333333 0.03981481481481482 0.024479166666666666
0 0.6287037037037038 0.5489583333333333 0.02592592592592593 0.017708333333333333
0 0.6828703703703703 0.5341145833333333 0.032407407407407406 0.01614583333333333
0 0.9444444444444445 0.86328125 0.040740740740740744 0.03177083333333333
0 0.9180555555555556 0.7859375 0.03796296296296296 0.027083333333333334
0 0.9055555555555556 0.753125 0.04259259259259259 0.022916666666666665
0 0.8444444444444444 0.58046875 0.02962962962962963 0.018229166666666668
0 0.8203703703703704 0.6229166666666667 0.022222222222222223 0.010416666666666666
0 0.6648148148148149 0.5471354166666667 0.02777777777777778 0.0140625
0 0.736574074074074 0.48515625 0.025 0.015104166666666667
0 0.6712962962962963 0.3848958333333333 0.02777777777777778 0.017708333333333333
0 0.7138888888888889 0.3729166666666667 0.02592592592592593 0.015625
0 0.7143518518518519 0.39401041666666664 0.012037037037037037 0.0109375
0 0.7620370370370371 0.4 0.014814814814814815 0.007291666666666667
0 0.7791666666666667 0.39479166666666665 0.021296296296296296 0.0125
0 0.6833333333333333 0.28489583333333335 0.02777777777777778 0.017708333333333333
0 0.7912037037037037 0.24479166666666666 0.026851851851851852 0.019791666666666666
0 0.9199074074074074 0.16692708333333334 0.025 0.0171875
0 0.9055555555555556 0.15130208333333334 0.02592592592592593 0.01614583333333333
0 0.950462962962963 0.10520833333333333 0.026851851851851852 0.017708333333333333
0 0.8949074074074075 0.3 0.021296296296296296 0.0125
0 0.9550925925925926 0.2828125 0.025 0.020833333333333332
0 0.9884259259259259 0.22760416666666666 0.02314814814814815 0.017708333333333333
0 0.8699074074074075 0.41562499999999997 0.026851851851851852 0.015625
0 0.9013888888888889 0.41953124999999997 0.030555555555555558 0.0171875
0 0.9587962962962964 0.4265625 0.025 0.015625
0 0.9773148148148149 0.52890625 0.03981481481481482 0.019270833333333334
0 0.9564814814814815 0.5744791666666667 0.03333333333333333 0.009375
0 0.9449074074074074 0.2505208333333333 0.02314814814814815 0.013541666666666667
0 0.9143518518518519 0.2856770833333333 0.028703703703703703 0.0171875
0 0.8944444444444445 0.38958333333333334 0.03518518518518519 0.020833333333333332
0 0.8865740740740741 0.275 0.030555555555555558 0.014583333333333334
0 0.4291666666666667 0.6848958333333334 0.026851851851851852 0.015625
0 0.7722222222222223 0.3190104166666667 0.024074074074074074 0.0140625
0 0.775 0.3380208333333333 0.022222222222222223 0.0125
