0 0.5726851851851852 0.21484375 0.026851851851851852 0.0171875
0 0.16898148148148148 0.4015625 0.021296296296296296 0.0125
0 0.23935185185185187 0.5158854166666667 0.03425925925925926 0.0234375
0 0.5518518518518519 0.33932291666666664 0.02777777777777778 0.013020833333333334
0 0.6013888888888889 0.28854166666666664 0.026851851851851852 0.017708333333333333
0 0.4777777777777778 0.3151041666666667 0.02777777777777778 0.013541666666666667
0 0.40694444444444444 0.32760416666666664 0.02314814814814815 0.015625
0 0.5337962962962963 0.37005208333333334 0.028703703703703703 0.0203125
0 0.5601851851851852 0.3796875 0.02592592592592593 0.01875
0 0.5921296296296297 0.37994791666666666 0.026851851851851852 0.0171875
0 0.5333333333333333 0.42473958333333334 0.03888888888888889 0.0109375
0 0.4467592592592593 0.4236979166666667 0.019444444444444445 0.011979166666666666
0 0.5597222222222222 0.4583333333333333 0.028703703703703703 0.014583333333333334
0 0.4481481481481482 0.4708333333333333 0.02962962962962963 0.01875
0 0.47222222222222227 0.4848958333333333 0.03518518518518519 0.020833333333333332
0 0.5638888888888889 0.4973958333333333 0.03333333333333333 0.019791666666666666
0 0.5837962962962964 0.5213541666666667 0.032407407407407406 0.01875
0 0.4587962962962963 0.5229166666666667 0.021296296296296296 0.019791666666666666
0 0.5787037037037037 0.6091145833333333 0.02592592592592593 0.021354166666666667
0 0.49212962962962964 0.6177083333333333 0.03981481481481482 0.022916666666666665
0 0.538425925925926 0.6872395833333333 0.03425925925925926 0.0296875
0 0.5574074074074075 0.7565104166666666 0.02962962962962963 0.0203125
0 0.48888888888888893 0.7385416666666667 0.03333333333333333 0.021875
0 0.4569444444444445 0.7416666666666667 0.030555555555555558 0.01875
0 0.42962962962962964 0.61875 0.020370370370370372 0.015625
0 0.3013888888888889 0.7307291666666667 0.026851851851851852 0.011458333333333333
0 0.2550925925925926 0.6393229166666666 0.028703703703703703 0.024479166666666666
0 0.2240740740740741 0.11354166666666667 0.031481481481481485 0.025
0 0.1962962962962963 0.12083333333333333 0.03888888888888889 0.027083333333333334
0 0.12638888888888888 0.18072916666666666 0.036111111111111115 0.025
0 0.08703703703703704 0.1625 0.0462962962962963 0.029166666666666667
0 0.058333333333333334 0.23020833333333332 0.018518518518518517 0.017708333333333333
0 0.03194444444444445 0.2265625 0.026851851851851852 0.017708333333333333
0 0.08750000000000001 0.3020833333333333 0.03981481481481482 0.016666666666666666
0 0.02314814814814815 0.33697916666666666 0.037037037037037035 0.02395833333333333
0 0.19814814814814816 0.45 0.031481481481481485 0.01875
0 0.1087962962962963 0.44609375 0.021296296296296296 0.013020833333333334
0 0.22824074074074074 0.4752604166666667 0.04166666666666667 0.0203125
0 0.15046296296296297 0.47942708333333334 0.036111111111111115 0.021354166666666667
0 0.17175925925925928 0.5700520833333333 0.03425925925925926 0.018229166666666668
0 0.20231481481481484 0.5755208333333334 0.028703703703703703 0.01875
0 0.22592592592592595 0.8140625 0.031481481481481485 0.020833333333333332
0 0.2425925925925926 0.6119791666666666 0.037037037037037035 0.014583333333333334
0 0.18564814814814815 0.69921875 0.032407407407407406 0.021354166666666667
0 0.14583333333333334 0.7419270833333333 0.03425925925925926 0.0234375
0 0.09814814814814815 0.70703125 0.024074074074074074 0.0171875
0 0.11712962962962964 0.52265625 0.03796296296296296 0.0203125
0 0.075 0.52109375 0.040740740740740744 0.022395833333333334
0 0.044444444444444446 0.52734375 0.031481481481481485 0.021354166666666667
0 0.034722222222222224 0.5505208333333333 0.03981481481481482 0.020833333333333332
0 0.022222222222222223 0.6348958333333333 0.02592592592592593 0.0125
0 0.021296296296296296 0.6880208333333333 0.03518518518518519 0.020833333333333332
0 0.1287037037037037 0.20104166666666667 0.02592592592592593 0.01875
0 0.28703703703703703 0.7513020833333334 0.03333333333333333 0.022395833333333334
0 0.1865740740740741 0.7177083333333333 0.02314814814814815 0.016666666666666666
0 0.23240740740740742 0.35182291666666665 0.02777777777777778 0.0171875
0 0.23842592592592593 0.3255208333333333 0.025 0.015625
0 0.22083333333333335 0.3338541666666667 0.025 0.017708333333333333
0 0.6013888888888889 0.5997395833333333 0.03425925925925926 0.019270833333333334
0 0.38796296296296295 0.82578125 0.024074074074074074 0.022395833333333334
0 0.34861111111111115 0.6536458333333334 0.032407407407407406 0.017708333333333333
0 0.2884259259259259 0.5776041666666667 0.028703703703703703 0.020833333333333332
0 0.5930555555555556 0.6791666666666667 0.03425925925925926 0.017708333333333333
0 0.6810185185185186 0.7346354166666667 0.03981481481481482 0.024479166666666666
0 0.6212962962962963 0.5489583333333333 0.02592592592592593 0.017708333333333333
0 0.675 0.5341145833333333 0.031481481481481485 0.01614583333333333
0 0.9370370370370371 0.8640625 0.04259259259259259 0.03125
0 0.9101851851851852 0.7856770833333333 0.03888888888888889 0.0265625
0 0.8981481481481481 0.7528645833333333 0.04259259259259259 0.022395833333333334
0 0.8361111111111111 0.5802083333333333 0.02962962962962963 0.01875
0 0.813425925925926 0.6223958333333334 0.02314814814814815 0.010416666666666666
0 0.6574074074074074 0.5473958333333333 0.02777777777777778 0.013541666666666667
0 0.7305555555555556 0.48515625 0.024074074074074074 0.0140625
0 0.6638888888888889 0.3841145833333333 0.02777777777777778 0.0171875
0 0.7046296296296296 0.3731770833333333 0.02592592592592593 0.015104166666666667
0 0.7060185185185186 0.39427083333333335 0.012037037037037037 0.011458333333333333
0 0.7537037037037038 0.4 0.014814814814814815 0.00625
0 0.7708333333333334 0.39479166666666665 0.021296296296296296 0.0125
0 0.675462962962963 0.28541666666666665 0.028703703703703703 0.017708333333333333
0 0.7828703703703704 0.24427083333333333 0.026851851851851852 0.019791666666666666
0 0.9115740740740741 0.16614583333333333 0.025 0.016666666666666666
0 0.8972222222222223 0.15052083333333333 0.02592592592592593 0.016666666666666666
0 0.9416666666666667 0.10494791666666667 0.02777777777777778 0.0171875
0 0.8856481481481482 0.3 0.021296296296296296 0.0125
0 0.9467592592592593 0.2828125 0.025 0.020833333333333332
0 0.9828703703703704 0.22682291666666665 0.028703703703703703 0.0171875
0 0.8606481481481482 0.41510416666666666 0.028703703703703703 0.014583333333333334
0 0.8925925925925926 0.4197916666666667 0.031481481481481485 0.017708333333333333
0 0.9916666666666667 0.37057291666666664 0.016666666666666666 0.0171875
0 0.951388888888889 0.4265625 0.025 0.015625
0 0.9694444444444444 0.5286458333333334 0.03888888888888889 0.019791666666666666
0 0.9495370370370371 0.5744791666666667 0.03425925925925926 0.009375
0 0.9375 0.25 0.02314814814814815 0.013541666666666667
0 0.9060185185185186 0.2856770833333333 0.028703703703703703 0.0171875
0 0.8861111111111112 0.39010416666666664 0.03518518518518519 0.021875
0 0.8796296296296297 0.27421875 0.031481481481481485 0.0140625
0 0.4222222222222222 0.6856770833333333 0.02777777777777778 0.015104166666666667
0 0.7652777777777778 0.3190104166666667 0.02314814814814815 0.0140625
0 0.7675925925925926 0.3375 0.022222222222222223 0.0125
