0 0.5458333333333334 0.21640625 0.026851851851851852 0.0171875
0 0.14351851851851852 0.4041666666666667 0.016666666666666666 0.011458333333333333
0 0.20833333333333334 0.51953125 0.024074074074074074 0.0234375
0 0.525462962962963 0.340625 0.028703703703703703 0.0125
0 0.5768518518518518 0.2895833333333333 0.02592592592592593 0.017708333333333333
0 0.4537037037037037 0.3169270833333333 0.02777777777777778 0.013020833333333334
0 0.38287037037037036 0.32890625 0.02314814814814815 0.015104166666666667
0 0.5055555555555555 0.371875 0.02777777777777778 0.019791666666666666
0 0.5337962962962963 0.3809895833333333 0.025 0.018229166666666668
0 0.5662037037037038 0.3815104166666667 0.026851851851851852 0.0171875
0 0.5087962962962963 0.42604166666666665 0.03981481481481482 0.011458333333333333
0 0.42083333333333334 0.42526041666666664 0.019444444444444445 0.0109375
0 0.5365740740740741 0.4596354166666667 0.028703703703703703 0.015104166666666667
0 0.4217592592592593 0.47239583333333335 0.028703703703703703 0.01875
0 0.4467592592592593 0.4869791666666667 0.03425925925925926 0.021875
0 0.537962962962963 0.4986979166666667 0.03333333333333333 0.0203125
0 0.5592592592592592 0.5229166666666667 0.03333333333333333 0.01875
0 0.4337962962962963 0.5239583333333333 0.021296296296296296 0.019791666666666666
0 0.5560185185185186 0.6106770833333334 0.026851851851851852 0.021354166666666667
0 0.4652777777777778 0.6197916666666666 0.03981481481481482 0.022916666666666665
0 0.5087962962962963 0.6890625 0.036111111111111115 0.028125
0 0.5314814814814816 0.7591145833333334 0.031481481481481485 0.0203125
0 0.46296296296296297 0.7411458333333333 0.03333333333333333 0.021875
0 0.43194444444444446 0.7440104166666667 0.028703703703703703 0.019270833333333334
0 0.40601851851851856 0.62109375 0.026851851851851852 0.0140625
0 0.274537037037037 0.7333333333333333 0.025 0.011458333333333333
0 0.22824074074074074 0.6419270833333334 0.028703703703703703 0.024479166666666666
0 0.14351851851851852 0.3671875 0.02777777777777778 0.01875
0 0.19305555555555556 0.11510416666666666 0.032407407407407406 0.025
0 0.16481481481481483 0.12343749999999999 0.03888888888888889 0.027083333333333334
0 0.09305555555555556 0.18333333333333332 0.036111111111111115 0.025
0 0.05324074074074074 0.165625 0.04722222222222222 0.029166666666666667
0 0.025462962962962965 0.23255208333333333 0.019444444444444445 0.0171875
0 0.009722222222222222 0.22838541666666667 0.017592592592592594 0.019270833333333334
0 0.05740740740740741 0.30442708333333335 0.040740740740740744 0.0171875
0 0.17037037037037037 0.3927083333333333 0.022222222222222223 0.0125
0 0.1685185185185185 0.45234375 0.03333333333333333 0.018229166666666668
0 0.0787037037037037 0.44869791666666664 0.020370370370370372 0.013020833333333334
0 0.19722222222222224 0.47734375 0.04259259259259259 0.0203125
0 0.11990740740740741 0.4817708333333333 0.036111111111111115 0.020833333333333332
0 0.1425925925925926 0.57265625 0.03518518518518519 0.018229166666666668
0 0.17407407407407408 0.578125 0.02777777777777778 0.01875
0 0.0699074074074074 0.7091145833333333 0.019444444444444445 0.01614583333333333
0 0.21666666666666667 0.6151041666666667 0.03518518518518519 0.014583333333333334
0 0.1574074074074074 0.7026041666666667 0.031481481481481485 0.020833333333333332
0 0.19907407407407407 0.8166666666666667 0.02592592592592593 0.02395833333333333
0 0.11620370370370371 0.7442708333333333 0.03425925925925926 0.022916666666666665
0 0.08750000000000001 0.5247395833333334 0.03796296296296296 0.022395833333333334
0 0.04490740740740741 0.5234375 0.04166666666666667 0.021875
0 0.015740740740740743 0.5302083333333333 0.02777777777777778 0.020833333333333332
0 0.015740740740740743 0.5541666666666667 0.02777777777777778 0.020833333333333332
0 0.09861111111111112 0.20416666666666666 0.028703703703703703 0.019791666666666666
0 0.2611111111111111 0.7536458333333333 0.03333333333333333 0.021875
0 0.15972222222222224 0.72109375 0.02314814814814815 0.0171875
0 0.2064814814814815 0.35390625 0.02777777777777778 0.0171875
0 0.21435185185185185 0.32734375 0.025 0.015104166666666667
0 0.19444444444444445 0.33671875 0.02592592592592593 0.0171875
0 0.28055555555555556 0.5041666666666667 0.02777777777777778 0.016666666666666666
0 0.4949074074074074 0.6078125 0.02314814814814815 0.019791666666666666
0 0.5768518518518518 0.6010416666666667 0.03518518518518519 0.01875
0 0.3601851851851852 0.8294270833333334 0.024074074074074074 0.022395833333333334
0 0.325 0.6559895833333333 0.031481481481481485 0.018229166666666668
0 0.2601851851851852 0.5770833333333333 0.03333333333333333 0.015625
0 0.5648148148148149 0.6815104166666667 0.037037037037037035 0.018229166666666668
0 0.6574074074074074 0.7348958333333333 0.04259259259259259 0.026041666666666668
0 0.5990740740740741 0.5513020833333333 0.02777777777777778 0.018229166666666668
0 0.6518518518518519 0.53515625 0.031481481481481485 0.0171875
0 0.9097222222222222 0.86484375 0.04166666666666667 0.03177083333333333
0 0.8865740740740741 0.7869791666666667 0.04166666666666667 0.027083333333333334
0 0.8726851851851852 0.7541666666666667 0.04166666666666667 0.022916666666666665
0 0.9861111111111112 0.7471354166666666 0.024074074074074074 0.018229166666666668
0 0.8097222222222222 0.5809895833333333 0.030555555555555558 0.019270833333333334
0 0.7916666666666667 0.6234375 0.024074074074074074 0.010416666666666666
0 0.6337962962962963 0.5486979166666667 0.028703703703703703 0.0140625
0 0.800462962962963 0.54140625 0.019444444444444445 0.011979166666666666
0 0.7087962962962964 0.48593749999999997 0.02314814814814815 0.0125
0 0.6375000000000001 0.3854166666666667 0.026851851851851852 0.016666666666666666
0 0.6777777777777778 0.37473958333333335 0.02592592592592593 0.015104166666666667
0 0.6805555555555556 0.3950520833333333 0.012962962962962964 0.0109375
0 0.7467592592592592 0.39609375 0.021296296296296296 0.011979166666666666
0 0.6509259259259259 0.2859375 0.02777777777777778 0.017708333333333333
0 0.7574074074074074 0.24557291666666667 0.02777777777777778 0.0203125
0 0.8847222222222223 0.16692708333333334 0.025 0.0171875
0 0.8712962962962963 0.15182291666666667 0.02592592592592593 0.01614583333333333
0 0.9148148148148149 0.10546875 0.02777777777777778 0.0171875
0 0.8606481481481482 0.30078125 0.021296296296296296 0.013020833333333334
0 0.9194444444444445 0.2838541666666667 0.02592592592592593 0.020833333333333332
0 0.9708333333333333 0.2716145833333333 0.025 0.013020833333333334
0 0.9564814814814815 0.228125 0.02777777777777778 0.016666666666666666
0 0.8365740740740741 0.4153645833333333 0.025 0.013020833333333334
0 0.8657407407407408 0.4205729166666667 0.03333333333333333 0.018229166666666668
0 0.8638888888888889 0.4005208333333333 0.018518518518518517 0.011458333333333333
0 0.9083333333333333 0.37838541666666664 0.018518518518518517 0.009895833333333333
0 0.9722222222222222 0.37135416666666665 0.02962962962962963 0.016666666666666666
0 0.925462962962963 0.4278645833333333 0.026851851851851852 0.01614583333333333
0 0.9467592592592593 0.5296875 0.036111111111111115 0.020833333333333332
0 0.913425925925926 0.5455729166666666 0.02314814814814815 0.01614583333333333
0 0.9111111111111111 0.25078125 0.024074074074074074 0.0140625
0 0.8787037037037038 0.2864583333333333 0.02962962962962963 0.017708333333333333
0 0.8578703703703704 0.390625 0.036111111111111115 0.022916666666666665
0 0.8541666666666667 0.275 0.030555555555555558 0.015625
0 0.5962962962962963 0.3880208333333333 0.018518518518518517 0.013541666666666667
0 0.3990740740740741 0.6875 0.02592592592592593 0.015625
0 0.7421296296296297 0.31979166666666664 0.02314814814814815 0.014583333333333334
0 0.7449074074074075 0.3390625 0.021296296296296296 0.0125
