0 0.5402777777777777 0.21640625 0.026851851851851852 0.0171875
0 0.13564814814814816 0.40390624999999997 0.015740740740740743 0.0109375
0 0.19861111111111113 0.5197916666666667 0.025 0.022916666666666665
0 0.5189814814814815 0.3403645833333333 0.028703703703703703 0.013020833333333334
0 0.5699074074074074 0.28984375 0.026851851851851852 0.018229166666666668
0 0.4481481481481482 0.31666666666666665 0.02777777777777778 0.0125
0 0.3773148148148148 0.32916666666666666 0.02314814814814815 0.015625
0 0.49953703703703706 0.37135416666666665 0.028703703703703703 0.019791666666666666
0 0.5268518518518519 0.38125 0.024074074074074074 0.017708333333333333
0 0.5597222222222222 0.38125 0.026851851851851852 0.016666666666666666
0 0.5027777777777778 0.4263020833333333 0.040740740740740744 0.0109375
0 0.41435185185185186 0.425 0.019444444444444445 0.011458333333333333
0 0.5296296296296297 0.459375 0.02962962962962963 0.014583333333333334
0 0.4138888888888889 0.47239583333333335 0.02962962962962963 0.01875
0 0.4388888888888889 0.48671875 0.03333333333333333 0.021354166666666667
0 0.5296296296296297 0.49895833333333334 0.03518518518518519 0.019791666666666666
0 0.5527777777777778 0.5229166666666667 0.03333333333333333 0.01875
0 0.42685185185185187 0.52421875 0.020370370370370372 0.019270833333333334
0 0.5486111111111112 0.6111979166666667 0.026851851851851852 0.021354166666666667
0 0.4569444444444445 0.6200520833333333 0.03981481481481482 0.0234375
0 0.49953703703703706 0.6893229166666667 0.036111111111111115 0.028645833333333332
0 0.5236111111111111 0.7591145833333334 0.030555555555555558 0.0203125
0 0.45462962962962966 0.7411458333333333 0.03333333333333333 0.021875
0 0.42314814814814816 0.7440104166666667 0.02962962962962963 0.019270833333333334
0 0.3976851851851852 0.6213541666666667 0.026851851851851852 0.013541666666666667
0 0.26666666666666666 0.7338541666666667 0.024074074074074074 0.011458333333333333
0 0.22083333333333335 0.6421875 0.028703703703703703 0.02395833333333333
0 0.13564814814814816 0.3671875 0.028703703703703703 0.017708333333333333
0 0.1851851851851852 0.11536458333333333 0.03333333333333333 0.025520833333333333
0 0.15694444444444444 0.12291666666666666 0.03981481481481482 0.027083333333333334
0 0.08472222222222223 0.18359375 0.036111111111111115 0.024479166666666666
0 0.044444444444444446 0.16536458333333334 0.0462962962962963 0.0296875
0 0.014351851851851852 0.23151041666666666 0.02314814814814815 0.01614583333333333
0 0.04953703703703704 0.30442708333333335 0.04166666666666667 0.0171875
0 0.16435185185185186 0.3932291666666667 0.02314814814814815 0.0125
0 0.15925925925925927 0.45260416666666664 0.03333333333333333 0.01875
0 0.07037037037037037 0.44869791666666664 0.020370370370370372 0.013020833333333334
0 0.18888888888888888 0.47760416666666666 0.040740740740740744 0.020833333333333332
0 0.11203703703703705 0.48125 0.03518518518518519 0.020833333333333332
0 0.13333333333333333 0.57265625 0.03518518518518519 0.018229166666666668
0 0.16574074074074074 0.5783854166666667 0.02777777777777778 0.018229166666666668
0 0.20925925925925926 0.6151041666666667 0.03518518518518519 0.014583333333333334
0 0.1486111111111111 0.7026041666666667 0.032407407407407406 0.020833333333333332
0 0.18981481481481483 0.8169270833333333 0.02592592592592593 0.0234375
0 0.10740740740740741 0.7450520833333333 0.03518518518518519 0.0234375
0 0.061111111111111116 0.709375 0.022222222222222223 0.014583333333333334
0 0.07916666666666666 0.5244791666666666 0.03796296296296296 0.022916666666666665
0 0.037037037037037035 0.5236979166666667 0.040740740740740744 0.022395833333333334
0 0.012037037037037037 0.55390625 0.020370370370370372 0.019270833333333334
0 0.09074074074074075 0.20416666666666666 0.02962962962962963 0.019791666666666666
0 0.25324074074074077 0.75390625 0.03425925925925926 0.022395833333333334
0 0.1513888888888889 0.7213541666666666 0.02314814814814815 0.016666666666666666
0 0.20046296296296298 0.35390625 0.028703703703703703 0.0171875
0 0.20694444444444446 0.32708333333333334 0.025 0.015625
0 0.18796296296296297 0.33619791666666665 0.02592592592592593 0.0171875
0 0.27361111111111114 0.5041666666666667 0.028703703703703703 0.016666666666666666
0 0.48703703703703705 0.6083333333333333 0.024074074074074074 0.019791666666666666
0 0.5694444444444444 0.6010416666666667 0.03518518518518519 0.01875
0 0.350462962962963 0.8291666666666666 0.02314814814814815 0.022916666666666665
0 0.31712962962962965 0.6559895833333333 0.032407407407407406 0.018229166666666668
0 0.2523148148148148 0.5770833333333333 0.03425925925925926 0.015625
0 0.5564814814814815 0.68125 0.03888888888888889 0.01875
0 0.6490740740740741 0.7348958333333333 0.04259259259259259 0.026041666666666668
0 0.5939814814814816 0.5513020833333333 0.028703703703703703 0.018229166666666668
0 0.6449074074074075 0.5354166666666667 0.030555555555555558 0.016666666666666666
0 0.9018518518518519 0.865625 0.040740740740740744 0.03125
0 0.8791666666666667 0.7869791666666667 0.04166666666666667 0.027083333333333334
0 0.8652777777777778 0.7546875 0.04166666666666667 0.022916666666666665
0 0.9787037037037037 0.74765625 0.024074074074074074 0.018229166666666668
0 0.8018518518518519 0.5809895833333333 0.02962962962962963 0.018229166666666668
0 0.7861111111111111 0.6236979166666666 0.024074074074074074 0.0109375
0 0.6282407407407408 0.54921875 0.028703703703703703 0.0140625
0 0.7935185185185185 0.5416666666666666 0.020370370370370372 0.011458333333333333
0 0.7023148148148148 0.4856770833333333 0.025 0.011979166666666666
0 0.6310185185185185 0.3854166666666667 0.026851851851851852 0.016666666666666666
0 0.6717592592592593 0.37421875 0.025 0.015104166666666667
0 0.674537037037037 0.3953125 0.012037037037037037 0.010416666666666666
0 0.7388888888888889 0.39609375 0.020370370370370372 0.0109375
0 0.6453703703703704 0.2864583333333333 0.02777777777777778 0.017708333333333333
0 0.7523148148148149 0.24505208333333334 0.026851851851851852 0.0203125
0 0.8796296296296297 0.16744791666666667 0.02592592592592593 0.0171875
0 0.8648148148148148 0.15130208333333334 0.02592592592592593 0.01614583333333333
0 0.9097222222222222 0.10598958333333333 0.026851851851851852 0.0171875
0 0.8541666666666667 0.30078125 0.021296296296296296 0.013020833333333334
0 0.912962962962963 0.284375 0.02592592592592593 0.020833333333333332
0 0.9643518518518519 0.2721354166666667 0.026851851851851852 0.013020833333333334
0 0.950925925925926 0.228125 0.02777777777777778 0.016666666666666666
0 0.8310185185185186 0.41562499999999997 0.025 0.013541666666666667
0 0.8583333333333334 0.42083333333333334 0.03333333333333333 0.017708333333333333
0 0.8569444444444445 0.4005208333333333 0.017592592592592594 0.010416666666666666
0 0.9027777777777778 0.37916666666666665 0.018518518518518517 0.009375
0 0.9662037037037038 0.37135416666666665 0.030555555555555558 0.016666666666666666
0 0.9194444444444445 0.4278645833333333 0.02592592592592593 0.01614583333333333
0 0.9393518518518519 0.5302083333333333 0.03796296296296296 0.020833333333333332
0 0.9078703703703704 0.5455729166666666 0.02314814814814815 0.015104166666666667
0 0.9060185185185186 0.2505208333333333 0.02314814814814815 0.013541666666666667
0 0.8726851851851852 0.2864583333333333 0.028703703703703703 0.017708333333333333
0 0.851388888888889 0.39088541666666665 0.036111111111111115 0.021354166666666667
0 0.8490740740740741 0.2752604166666667 0.02962962962962963 0.015104166666666667
0 0.5893518518518519 0.3880208333333333 0.017592592592592594 0.013541666666666667
0 0.39166666666666666 0.6877604166666667 0.02592592592592593 0.015104166666666667
0 0.736574074074074 0.31927083333333334 0.02314814814814815 0.014583333333333334
0 0.7393518518518519 0.3390625 0.021296296296296296 0.0125
