0 0.5347222222222222 0.21640625 0.026851851851851852 0.0171875
0 0.13055555555555556 0.4036458333333333 0.014814814814814815 0.011458333333333333
0 0.1902777777777778 0.51953125 0.025 0.0234375
0 0.513425925925926 0.3403645833333333 0.028703703703703703 0.013020833333333334
0 0.5652777777777778 0.290625 0.026851851851851852 0.01875
0 0.4430555555555556 0.31640625 0.026851851851851852 0.011979166666666666
0 0.3726851851851852 0.32890625 0.02314814814814815 0.015104166666666667
0 0.4935185185185185 0.3716145833333333 0.02777777777777778 0.0203125
0 0.5212962962962964 0.3815104166666667 0.024074074074074074 0.018229166666666668
0 0.5532407407407408 0.3815104166666667 0.026851851851851852 0.0171875
0 0.49722222222222223 0.4263020833333333 0.040740740740740744 0.011979166666666666
0 0.4083333333333333 0.42552083333333335 0.018518518518518517 0.011458333333333333
0 0.525 0.459375 0.02962962962962963 0.014583333333333334
0 0.4083333333333333 0.47239583333333335 0.02962962962962963 0.01875
0 0.4328703703703704 0.4864583333333333 0.03425925925925926 0.020833333333333332
0 0.525 0.4986979166666667 0.03333333333333333 0.0203125
0 0.5453703703703704 0.5229166666666667 0.031481481481481485 0.01875
0 0.42083333333333334 0.5244791666666666 0.021296296296296296 0.019791666666666666
0 0.5412037037037037 0.6106770833333334 0.026851851851851852 0.021354166666666667
0 0.44953703703703707 0.6197916666666666 0.03981481481481482 0.022916666666666665
0 0.4912037037037037 0.6895833333333333 0.036111111111111115 0.028125
0 0.5157407407407407 0.7588541666666666 0.02962962962962963 0.019791666666666666
0 0.4467592592592593 0.7416666666666667 0.03425925925925926 0.021875
0 0.41620370370370374 0.7440104166666667 0.028703703703703703 0.019270833333333334
0 0.3893518518518519 0.6216145833333333 0.026851851851851852 0.013020833333333334
0 0.2587962962962963 0.7333333333333333 0.02314814814814815 0.011458333333333333
0 0.21203703703703705 0.6419270833333334 0.02962962962962963 0.024479166666666666
0 0.1287037037037037 0.36692708333333335 0.02962962962962963 0.018229166666666668
0 0.17962962962962964 0.11458333333333333 0.03333333333333333 0.025
0 0.15092592592592594 0.12291666666666666 0.03888888888888889 0.027083333333333334
0 0.07777777777777778 0.18307291666666667 0.037037037037037035 0.024479166666666666
0 0.03796296296296296 0.16484375 0.04814814814814815 0.0296875
0 0.009259259259259259 0.23072916666666665 0.016666666666666666 0.014583333333333334
0 0.04259259259259259 0.30390625 0.040740740740740744 0.0171875
0 0.15925925925925927 0.39296875 0.024074074074074074 0.013020833333333334
0 0.15231481481481482 0.45208333333333334 0.032407407407407406 0.01875
0 0.06296296296296297 0.44869791666666664 0.020370370370370372 0.013020833333333334
0 0.18101851851851852 0.47682291666666665 0.04166666666666667 0.0203125
0 0.10324074074074074 0.48151041666666666 0.036111111111111115 0.0203125
0 0.12592592592592594 0.5721354166666667 0.03518518518518519 0.018229166666666668
0 0.15787037037037038 0.5783854166666667 0.026851851851851852 0.018229166666666668
0 0.20231481481481484 0.6151041666666667 0.036111111111111115 0.014583333333333334
0 0.14074074074074075 0.7026041666666667 0.03333333333333333 0.020833333333333332
0 0.18101851851851852 0.8169270833333333 0.026851851851851852 0.0234375
0 0.1 0.7450520833333333 0.03333333333333333 0.0234375
0 0.05324074074074074 0.7088541666666667 0.021296296296296296 0.014583333333333334
0 0.07175925925925926 0.5244791666666666 0.03796296296296296 0.022916666666666665
0 0.029166666666666667 0.5234375 0.04166666666666667 0.021875
0 0.08425925925925926 0.20390624999999998 0.02962962962962963 0.0203125
0 0.24583333333333335 0.75390625 0.03425925925925926 0.022395833333333334
0 0.14305555555555557 0.7216145833333333 0.02314814814814815 0.0171875
0 0.1953703703703704 0.3536458333333333 0.02962962962962963 0.016666666666666666
0 0.20092592592592592 0.32708333333333334 0.02592592592592593 0.015625
0 0.18287037037037038 0.33567708333333335 0.026851851851851852 0.0171875
0 0.7333333333333334 0.3966145833333333 0.018518518518518517 0.0109375
0 0.26712962962962966 0.5044270833333333 0.028703703703703703 0.018229166666666668
0 0.4800925925925926 0.6078125 0.025 0.019791666666666666
0 0.563425925925926 0.6010416666666667 0.03425925925925926 0.01875
0 0.34305555555555556 0.8291666666666666 0.02314814814814815 0.022916666666666665
0 0.3101851851851852 0.6559895833333333 0.031481481481481485 0.018229166666666668
0 0.2449074074074074 0.57734375 0.032407407407407406 0.01614583333333333
0 0.549074074074074 0.6809895833333334 0.03888888888888889 0.019270833333333334
0 0.6416666666666667 0.7348958333333333 0.04259259259259259 0.026041666666666668
0 0.587037037037037 0.5510416666666667 0.02777777777777778 0.01875
0 0.6393518518518518 0.5356770833333333 0.030555555555555558 0.0171875
0 0.8939814814814815 0.8661458333333333 0.03981481481481482 0.03125
0 0.8708333333333333 0.7877604166666666 0.04166666666666667 0.027604166666666666
0 0.8578703703703704 0.7552083333333334 0.04166666666666667 0.022916666666666665
0 0.9722222222222222 0.7481770833333333 0.024074074074074074 0.018229166666666668
0 0.7949074074074074 0.5815104166666667 0.030555555555555558 0.018229166666666668
0 0.7800925925925927 0.6239583333333333 0.02314814814814815 0.010416666666666666
0 0.6222222222222222 0.5489583333333333 0.02777777777777778 0.013541666666666667
0 0.7875 0.5424479166666667 0.021296296296296296 0.011979166666666666
0 0.6986111111111112 0.4856770833333333 0.02314814814814815 0.011979166666666666
0 0.625462962962963 0.3854166666666667 0.025 0.016666666666666666
0 0.6657407407407407 0.37447916666666664 0.02592592592592593 0.015625
0 0.6680555555555556 0.39557291666666666 0.012037037037037037 0.0109375
0 0.6398148148148148 0.2864583333333333 0.02777777777777778 0.017708333333333333
0 0.7472222222222222 0.2453125 0.02777777777777778 0.019791666666666666
0 0.875 0.16796875 0.02592592592592593 0.0171875
0 0.8611111111111112 0.15208333333333332 0.02592592592592593 0.015625
0 0.9046296296296297 0.10598958333333333 0.02777777777777778 0.018229166666666668
0 0.8495370370370371 0.3013020833333333 0.021296296296296296 0.013020833333333334
0 0.9069444444444444 0.28489583333333335 0.025 0.020833333333333332
0 0.9592592592592593 0.27239583333333334 0.02592592592592593 0.013541666666666667
0 0.9462962962962963 0.22838541666666667 0.02777777777777778 0.0171875
0 0.825925925925926 0.4166666666666667 0.024074074074074074 0.013541666666666667
0 0.8527777777777779 0.42161458333333335 0.03333333333333333 0.018229166666666668
0 0.850462962962963 0.40182291666666664 0.017592592592592594 0.008854166666666666
0 0.8967592592592593 0.3796875 0.019444444444444445 0.010416666666666666
0 0.9611111111111111 0.3723958333333333 0.02962962962962963 0.016666666666666666
0 0.913425925925926 0.42890625 0.026851851851851852 0.01614583333333333
0 0.9342592592592593 0.5307291666666667 0.037037037037037035 0.020833333333333332
0 0.9027777777777778 0.5447916666666667 0.022222222222222223 0.014583333333333334
0 0.9861111111111112 0.6057291666666667 0.02777777777777778 0.011458333333333333
0 0.9009259259259259 0.25104166666666666 0.024074074074074074 0.013541666666666667
0 0.8671296296296297 0.2869791666666667 0.028703703703703703 0.017708333333333333
0 0.8449074074074074 0.39088541666666665 0.036111111111111115 0.021354166666666667
0 0.8430555555555556 0.27630208333333334 0.028703703703703703 0.015104166666666667
0 0.5833333333333334 0.3885416666666667 0.018518518518518517 0.013541666666666667
0 0.3861111111111111 0.6877604166666667 0.02592592592592593 0.015104166666666667
0 0.7328703703703704 0.32057291666666665 0.02314814814814815 0.015104166666666667
0 0.7351851851851852 0.33880208333333334 0.022222222222222223 0.013020833333333334
