0 0.47222222222222227 0.21692708333333333 0.02777777777777778 0.0171875
0 0.8189814814814815 0.51953125 0.025 0.0234375
0 0.4949074074074074 0.34088541666666666 0.028703703703703703 0.013020833333333334
0 0.4416666666666667 0.2908854166666667 0.02592592592592593 0.018229166666666668
0 0.5643518518518519 0.31666666666666665 0.026851851851851852 0.011458333333333333
0 0.6347222222222223 0.32890625 0.02314814814814815 0.015104166666666667
0 0.5148148148148148 0.371875 0.02777777777777778 0.019791666666666666
0 0.487962962962963 0.38203125 0.024074074074074074 0.018229166666666668
0 0.45416666666666666 0.3815104166666667 0.026851851851851852 0.0171875
0 0.5111111111111112 0.42682291666666666 0.04259259259259259 0.011979166666666666
0 0.600462962962963 0.42552083333333335 0.019444444444444445 0.011458333333333333
0 0.4828703703703704 0.45989583333333334 0.030555555555555558 0.014583333333333334
0 0.6 0.47291666666666665 0.02962962962962963 0.01875
0 0.575462962962963 0.4869791666666667 0.03425925925925926 0.020833333333333332
0 0.4842592592592593 0.49895833333333334 0.03333333333333333 0.019791666666666666
0 0.46296296296296297 0.5229166666666667 0.031481481481481485 0.01875
0 0.587962962962963 0.5244791666666666 0.020370370370370372 0.019791666666666666
0 0.4666666666666667 0.6109375 0.02592592592592593 0.021875
0 0.5597222222222222 0.61953125 0.03981481481481482 0.0234375
0 0.5189814814814815 0.6893229166666667 0.036111111111111115 0.028645833333333332
0 0.4935185185185185 0.7591145833333334 0.02962962962962963 0.0203125
0 0.562962962962963 0.74140625 0.03333333333333333 0.022395833333333334
0 0.5939814814814816 0.74453125 0.028703703703703703 0.019270833333333334
0 0.6171296296296297 0.621875 0.025 0.013541666666666667
0 0.7513888888888889 0.7338541666666667 0.02314814814814815 0.011458333333333333
0 0.7972222222222223 0.6416666666666666 0.02962962962962963 0.02395833333333333
0 0.8796296296296297 0.36666666666666664 0.02962962962962963 0.017708333333333333
0 0.8277777777777778 0.11484375 0.03333333333333333 0.025520833333333333
0 0.8574074074074074 0.12291666666666666 0.03888888888888889 0.027083333333333334
0 0.9296296296296297 0.1828125 0.037037037037037035 0.025
0 0.9699074074074074 0.16484375 0.04722222222222222 0.0296875
0 0.9648148148148149 0.30364583333333334 0.040740740740740744 0.016666666666666666
0 0.8472222222222222 0.3932291666666667 0.022222222222222223 0.013541666666666667
0 0.8564814814814815 0.45208333333333334 0.03333333333333333 0.01875
0 0.9453703703703704 0.44817708333333334 0.020370370370370372 0.013020833333333334
0 0.8273148148148148 0.4770833333333333 0.04166666666666667 0.020833333333333332
0 0.9055555555555556 0.48125 0.03518518518518519 0.020833333333333332
0 0.8824074074074074 0.5721354166666667 0.03518518518518519 0.018229166666666668
0 0.850925925925926 0.578125 0.02777777777777778 0.01875
0 0.8064814814814815 0.6151041666666667 0.03518518518518519 0.014583333333333334
0 0.8689814814814815 0.7026041666666667 0.032407407407407406 0.020833333333333332
0 0.8305555555555556 0.8166666666666667 0.02777777777777778 0.02395833333333333
0 0.9101851851851852 0.7442708333333333 0.03333333333333333 0.02395833333333333
0 0.9564814814814815 0.7088541666666667 0.022222222222222223 0.014583333333333334
0 0.9370370370370371 0.5239583333333333 0.037037037037037035 0.022916666666666665
0 0.9782407407407407 0.5234375 0.03981481481481482 0.021875
0 0.9236111111111112 0.20364583333333333 0.030555555555555558 0.019791666666666666
0 0.763425925925926 0.7536458333333333 0.03425925925925926 0.021875
0 0.8666666666666667 0.7208333333333333 0.024074074074074074 0.016666666666666666
0 0.8115740740740741 0.3533854166666667 0.028703703703703703 0.0171875
0 0.8050925925925926 0.32708333333333334 0.025 0.015625
0 0.8245370370370371 0.33567708333333335 0.026851851851851852 0.0171875
0 0.7416666666666667 0.5044270833333333 0.02962962962962963 0.018229166666666668
0 0.5291666666666667 0.6083333333333333 0.025 0.019791666666666666
0 0.44537037037037036 0.6015625 0.03518518518518519 0.01875
0 0.6675925925925926 0.8299479166666667 0.024074074074074074 0.022395833333333334
0 0.6981481481481482 0.6559895833333333 0.031481481481481485 0.018229166666666668
0 0.7648148148148148 0.5770833333333333 0.03333333333333333 0.015625
0 0.46064814814814814 0.6815104166666667 0.03796296296296296 0.019270833333333334
0 0.3685185185185185 0.7354166666666666 0.04259259259259259 0.026041666666666668
0 0.42129629629629634 0.5513020833333333 0.02777777777777778 0.018229166666666668
0 0.3689814814814815 0.5361979166666666 0.030555555555555558 0.0171875
0 0.11666666666666667 0.8669270833333333 0.040740740740740744 0.030729166666666665
0 0.1388888888888889 0.78828125 0.04259259259259259 0.027604166666666666
0 0.1513888888888889 0.7557291666666667 0.04166666666666667 0.022916666666666665
0 0.03657407407407408 0.7494791666666667 0.025 0.01875
0 0.21481481481481482 0.58203125 0.031481481481481485 0.019270833333333334
0 0.22824074074074074 0.62421875 0.02314814814814815 0.0109375
0 0.3861111111111111 0.54921875 0.02777777777777778 0.0140625
0 0.2212962962962963 0.5432291666666667 0.022222222222222223 0.0125
0 0.3092592592592593 0.4861979166666667 0.022222222222222223 0.011979166666666666
0 0.38333333333333336 0.3859375 0.02592592592592593 0.016666666666666666
0 0.3425925925925926 0.37526041666666665 0.02592592592592593 0.015104166666666667
0 0.3402777777777778 0.39557291666666666 0.012037037037037037 0.0109375
0 0.3675925925925926 0.2869791666666667 0.02777777777777778 0.017708333333333333
0 0.2606481481481482 0.24609375 0.026851851851851852 0.0203125
0 0.1328703703703704 0.16848958333333333 0.025 0.0171875
0 0.14675925925925926 0.15286458333333333 0.025 0.01614583333333333
0 0.10370370370370371 0.10755208333333333 0.02777777777777778 0.0171875
0 0.15972222222222224 0.30182291666666666 0.021296296296296296 0.013020833333333334
0 0.10138888888888889 0.28515625 0.025 0.021354166666666667
0 0.04953703703703704 0.2739583333333333 0.026851851851851852 0.013541666666666667
0 0.0625 0.22994791666666667 0.026851851851851852 0.0171875
0 0.18333333333333335 0.41744791666666664 0.024074074074074074 0.0140625
0 0.15601851851851853 0.42265625 0.032407407407407406 0.018229166666666668
0 0.1574074074074074 0.40208333333333335 0.018518518518518517 0.009375
0 0.11203703703703705 0.3802083333333333 0.020370370370370372 0.010416666666666666
0 0.04814814814814815 0.3731770833333333 0.02962962962962963 0.01614583333333333
0 0.09490740740740741 0.42942708333333335 0.026851851851851852 0.01614583333333333
0 0.075 0.5315104166666667 0.037037037037037035 0.0203125
0 0.10601851851851853 0.5455729166666666 0.025 0.01614583333333333
0 0.01712962962962963 0.60625 0.030555555555555558 0.013541666666666667
0 0.10694444444444445 0.2520833333333333 0.02314814814814815 0.013541666666666667
0 0.14120370370370372 0.28802083333333334 0.028703703703703703 0.017708333333333333
0 0.16342592592592592 0.39140625 0.036111111111111115 0.021354166666666667
0 0.16481481481481483 0.2765625 0.02962962962962963 0.014583333333333334
0 0.4240740740740741 0.3890625 0.018518518518518517 0.013541666666666667
0 0.6236111111111111 0.6877604166666667 0.025 0.015104166666666667
0 0.274537037037037 0.32109375 0.02314814814814815 0.015104166666666667
0 0.27222222222222225 0.33984375 0.022222222222222223 0.013020833333333334
