0 0.5296296296296297 0.21692708333333333 0.02777777777777778 0.0171875
0 0.18287037037037038 0.51953125 0.025 0.0234375
0 0.5069444444444444 0.34088541666666666 0.028703703703703703 0.013020833333333334
0 0.5601851851851852 0.2908854166666667 0.02592592592592593 0.018229166666666668
0 0.4375 0.31666666666666665 0.026851851851851852 0.011458333333333333
0 0.36712962962962964 0.32890625 0.02314814814814815 0.015104166666666667
0 0.48703703703703705 0.371875 0.02777777777777778 0.019791666666666666
0 0.513888888888889 0.38203125 0.024074074074074074 0.018229166666666668
0 0.5476851851851852 0.3815104166666667 0.026851851851851852 0.0171875
0 0.49074074074074076 0.42682291666666666 0.04259259259259259 0.011979166666666666
0 0.4013888888888889 0.42552083333333335 0.019444444444444445 0.011458333333333333
0 0.5189814814814815 0.45989583333333334 0.030555555555555558 0.014583333333333334
0 0.40185185185185185 0.47291666666666665 0.02962962962962963 0.01875
0 0.42638888888888893 0.4869791666666667 0.03425925925925926 0.020833333333333332
0 0.5175925925925926 0.49895833333333334 0.03333333333333333 0.019791666666666666
0 0.5388888888888889 0.5229166666666667 0.031481481481481485 0.01875
0 0.4138888888888889 0.5244791666666666 0.020370370370370372 0.019791666666666666
0 0.5351851851851852 0.6109375 0.02592592592592593 0.021875
0 0.44212962962962965 0.61953125 0.03981481481481482 0.0234375
0 0.4828703703703704 0.6893229166666667 0.036111111111111115 0.028645833333333332
0 0.5083333333333333 0.7591145833333334 0.02962962962962963 0.0203125
0 0.4388888888888889 0.74140625 0.03333333333333333 0.022395833333333334
0 0.4078703703703704 0.74453125 0.028703703703703703 0.019270833333333334
0 0.38472222222222224 0.621875 0.025 0.013541666666666667
0 0.250462962962963 0.7338541666666667 0.02314814814814815 0.011458333333333333
0 0.20462962962962963 0.6416666666666666 0.02962962962962963 0.02395833333333333
0 0.12222222222222223 0.36666666666666664 0.02962962962962963 0.017708333333333333
0 0.17407407407407408 0.11484375 0.03333333333333333 0.025520833333333333
0 0.14444444444444446 0.12291666666666666 0.03888888888888889 0.027083333333333334
0 0.07222222222222223 0.1828125 0.037037037037037035 0.025
0 0.03194444444444445 0.16484375 0.04722222222222222 0.0296875
0 0.037037037037037035 0.30364583333333334 0.040740740740740744 0.016666666666666666
0 0.15462962962962964 0.3932291666666667 0.022222222222222223 0.013541666666666667
0 0.14537037037037037 0.45208333333333334 0.03333333333333333 0.01875
0 0.05648148148148149 0.44817708333333334 0.020370370370370372 0.013020833333333334
0 0.17453703703703705 0.4770833333333333 0.04166666666666667 0.020833333333333332
0 0.0962962962962963 0.48125 0.03518518518518519 0.020833333333333332
0 0.11944444444444445 0.5721354166666667 0.03518518518518519 0.018229166666666668
0 0.15092592592592594 0.578125 0.02777777777777778 0.01875
0 0.1953703703703704 0.6151041666666667 0.03518518518518519 0.014583333333333334
0 0.1328703703703704 0.7026041666666667 0.032407407407407406 0.020833333333333332
0 0.1712962962962963 0.8166666666666667 0.02777777777777778 0.02395833333333333
0 0.09166666666666667 0.7442708333333333 0.03333333333333333 0.02395833333333333
0 0.04537037037037037 0.7088541666666667 0.022222222222222223 0.014583333333333334
0 0.06481481481481481 0.5239583333333333 0.037037037037037035 0.022916666666666665
0 0.02361111111111111 0.5234375 0.03981481481481482 0.021875
0 0.07824074074074075 0.20364583333333333 0.030555555555555558 0.019791666666666666
0 0.23842592592592593 0.7536458333333333 0.03425925925925926 0.021875
0 0.13518518518518519 0.7208333333333333 0.024074074074074074 0.016666666666666666
0 0.1902777777777778 0.3533854166666667 0.028703703703703703 0.0171875
0 0.19675925925925927 0.32708333333333334 0.025 0.015625
0 0.17731481481481481 0.33567708333333335 0.026851851851851852 0.0171875
0 0.2601851851851852 0.5044270833333333 0.02962962962962963 0.018229166666666668
0 0.4726851851851852 0.6083333333333333 0.025 0.019791666666666666
0 0.5564814814814815 0.6015625 0.03518518518518519 0.01875
0 0.33425925925925926 0.8299479166666667 0.024074074074074074 0.022395833333333334
0 0.3037037037037037 0.6559895833333333 0.031481481481481485 0.018229166666666668
0 0.23703703703703705 0.5770833333333333 0.03333333333333333 0.015625
0 0.5412037037037037 0.6815104166666667 0.03796296296296296 0.019270833333333334
0 0.6333333333333333 0.7354166666666666 0.04259259259259259 0.026041666666666668
0 0.5805555555555556 0.5513020833333333 0.02777777777777778 0.018229166666666668
0 0.6328703703703704 0.5361979166666666 0.030555555555555558 0.0171875
0 0.8851851851851852 0.8669270833333333 0.040740740740740744 0.030729166666666665
0 0.862962962962963 0.78828125 0.04259259259259259 0.027604166666666666
0 0.850462962962963 0.7557291666666667 0.04166666666666667 0.022916666666666665
0 0.9652777777777778 0.7494791666666667 0.025 0.01875
0 0.7870370370370371 0.58203125 0.031481481481481485 0.019270833333333334
0 0.7736111111111111 0.62421875 0.02314814814814815 0.0109375
0 0.6157407407407408 0.54921875 0.02777777777777778 0.0140625
0 0.7805555555555556 0.5432291666666667 0.022222222222222223 0.0125
0 0.6925925925925926 0.4861979166666667 0.022222222222222223 0.011979166666666666
0 0.6185185185185186 0.3859375 0.02592592592592593 0.016666666666666666
0 0.6592592592592593 0.37526041666666665 0.02592592592592593 0.015104166666666667
0 0.6615740740740741 0.39557291666666666 0.012037037037037037 0.0109375
0 0.6342592592592593 0.2869791666666667 0.02777777777777778 0.017708333333333333
0 0.7412037037037037 0.24609375 0.026851851851851852 0.0203125
0 0.8689814814814815 0.16848958333333333 0.025 0.0171875
0 0.8550925925925926 0.15286458333333333 0.025 0.01614583333333333
0 0.8981481481481481 0.10755208333333333 0.02777777777777778 0.0171875
0 0.8421296296296297 0.30182291666666666 0.021296296296296296 0.013020833333333334
0 0.900462962962963 0.28515625 0.025 0.021354166666666667
0 0.9523148148148148 0.2739583333333333 0.026851851851851852 0.013541666666666667
0 0.9393518518518519 0.22994791666666667 0.026851851851851852 0.0171875
0 0.8185185185185185 0.41744791666666664 0.024074074074074074 0.0140625
0 0.8458333333333333 0.42265625 0.032407407407407406 0.018229166666666668
0 0.8444444444444444 0.40208333333333335 0.018518518518518517 0.009375
0 0.8898148148148148 0.3802083333333333 0.020370370370370372 0.010416666666666666
0 0.9537037037037037 0.3731770833333333 0.02962962962962963 0.01614583333333333
0 0.9069444444444444 0.42942708333333335 0.026851851851851852 0.01614583333333333
0 0.9268518518518519 0.5315104166666667 0.037037037037037035 0.0203125
0 0.8958333333333334 0.5455729166666666 0.025 0.01614583333333333
0 0.9847222222222223 0.60625 0.030555555555555558 0.013541666666666667
0 0.8949074074074075 0.2520833333333333 0.02314814814814815 0.013541666666666667
0 0.8606481481481482 0.28802083333333334 0.028703703703703703 0.017708333333333333
0 0.8384259259259259 0.39140625 0.036111111111111115 0.021354166666666667
0 0.837037037037037 0.2765625 0.02962962962962963 0.014583333333333334
0 0.5777777777777778 0.3890625 0.018518518518518517 0.013541666666666667
0 0.37824074074074077 0.6877604166666667 0.025 0.015104166666666667
0 0.7273148148148149 0.32109375 0.02314814814814815 0.015104166666666667
0 0.7296296296296296 0.33984375 0.022222222222222223 0.013020833333333334
