0 0.5226851851851853 0.2171875 0.026851851851851852 0.016666666666666666
0 0.17314814814814816 0.5197916666666667 0.02592592592592593 0.022916666666666665
0 0.500462962962963 0.3416666666666667 0.028703703703703703 0.0125
0 0.5537037037037037 0.2911458333333333 0.02592592592592593 0.017708333333333333
0 0.4328703703703704 0.31744791666666666 0.026851851851851852 0.011979166666666666
0 0.3615740740740741 0.32916666666666666 0.02314814814814815 0.015625
0 0.47962962962962963 0.37265625 0.02777777777777778 0.0203125
0 0.5069444444444444 0.38255208333333335 0.02314814814814815 0.019270833333333334
0 0.5402777777777777 0.3815104166666667 0.026851851851851852 0.0171875
0 0.4842592592592593 0.4270833333333333 0.04259259259259259 0.011458333333333333
0 0.39490740740740743 0.425 0.019444444444444445 0.011458333333333333
0 0.5125000000000001 0.46041666666666664 0.030555555555555558 0.014583333333333334
0 0.3939814814814815 0.47291666666666665 0.030555555555555558 0.01875
0 0.41805555555555557 0.4869791666666667 0.03425925925925926 0.021875
0 0.5106481481481482 0.49973958333333335 0.032407407407407406 0.0203125
0 0.5314814814814816 0.5234375 0.031481481481481485 0.01875
0 0.4064814814814815 0.5244791666666666 0.020370370370370372 0.019791666666666666
0 0.5273148148148148 0.61015625 0.028703703703703703 0.024479166666666666
0 0.43333333333333335 0.6205729166666667 0.040740740740740744 0.0234375
0 0.47361111111111115 0.6901041666666666 0.036111111111111115 0.029166666666666667
0 0.49953703703703706 0.7596354166666667 0.030555555555555558 0.0203125
0 0.4300925925925926 0.7419270833333333 0.03425925925925926 0.021354166666666667
0 0.3990740740740741 0.7447916666666666 0.02962962962962963 0.01875
0 0.37824074074074077 0.6221354166666666 0.02314814814814815 0.013020833333333334
0 0.24074074074074076 0.7338541666666667 0.022222222222222223 0.011458333333333333
0 0.19675925925925927 0.6419270833333334 0.028703703703703703 0.024479166666666666
0 0.11481481481481481 0.36666666666666664 0.031481481481481485 0.017708333333333333
0 0.1675925925925926 0.11484375 0.03333333333333333 0.025520833333333333
0 0.13842592592592592 0.12291666666666666 0.03981481481481482 0.027083333333333334
0 0.06481481481481481 0.18229166666666666 0.037037037037037035 0.025
0 0.025 0.16484375 0.0462962962962963 0.0296875
0 0.030555555555555558 0.30364583333333334 0.040740740740740744 0.016666666666666666
0 0.1486111111111111 0.39296875 0.02314814814814815 0.0140625
0 0.13611111111111113 0.45208333333333334 0.03333333333333333 0.01875
0 0.04722222222222222 0.4479166666666667 0.020370370370370372 0.0125
0 0.16574074074074074 0.4770833333333333 0.040740740740740744 0.020833333333333332
0 0.08796296296296297 0.48072916666666665 0.03518518518518519 0.020833333333333332
0 0.11018518518518519 0.571875 0.03518518518518519 0.01875
0 0.14212962962962963 0.5778645833333333 0.028703703703703703 0.018229166666666668
0 0.18703703703703706 0.6151041666666667 0.03518518518518519 0.014583333333333334
0 0.12407407407407407 0.7020833333333333 0.03333333333333333 0.020833333333333332
0 0.16111111111111112 0.8169270833333333 0.02962962962962963 0.024479166666666666
0 0.08194444444444444 0.7453125 0.032407407407407406 0.02395833333333333
0 0.03657407407407408 0.7088541666666667 0.02314814814814815 0.014583333333333334
0 0.05601851851851852 0.5234375 0.03981481481481482 0.022916666666666665
0 0.01898148148148148 0.5229166666666667 0.032407407407407406 0.021875
0 0.0712962962962963 0.20390624999999998 0.031481481481481485 0.0203125
0 0.23055555555555557 0.7536458333333333 0.03518518518518519 0.022916666666666665
0 0.12638888888888888 0.72109375 0.02314814814814815 0.0171875
0 0.18333333333333335 0.353125 0.02962962962962963 0.016666666666666666
0 0.1902777777777778 0.3268229166666667 0.025 0.015104166666666667
0 0.17083333333333334 0.33567708333333335 0.026851851851851852 0.0171875
0 0.2537037037037037 0.5044270833333333 0.02777777777777778 0.0171875
0 0.46481481481481485 0.6083333333333333 0.024074074074074074 0.019791666666666666
0 0.5472222222222223 0.6018229166666667 0.03518518518518519 0.018229166666666668
0 0.3236111111111111 0.8302083333333333 0.02314814814814815 0.022916666666666665
0 0.2953703703703704 0.6565104166666667 0.031481481481481485 0.018229166666666668
0 0.22916666666666669 0.5778645833333333 0.032407407407407406 0.01614583333333333
0 0.5328703703703704 0.68203125 0.03981481481481482 0.019270833333333334
0 0.6245370370370371 0.7364583333333333 0.04166666666666667 0.026041666666666668
0 0.5731481481481482 0.5520833333333334 0.02777777777777778 0.01875
0 0.625925925925926 0.53671875 0.031481481481481485 0.0171875
0 0.8763888888888889 0.8677083333333333 0.04166666666666667 0.03125
0 0.8550925925925926 0.7893229166666667 0.04166666666666667 0.027604166666666666
0 0.8421296296296297 0.75625 0.04166666666666667 0.022916666666666665
0 0.9574074074074075 0.75 0.024074074074074074 0.01875
0 0.7782407407407408 0.5830729166666666 0.030555555555555558 0.018229166666666668
0 0.7671296296296296 0.6252604166666667 0.02314814814814815 0.0109375
0 0.6087962962962963 0.5502604166666667 0.028703703703703703 0.013020833333333334
0 0.7726851851851853 0.54375 0.02314814814814815 0.0125
0 0.6861111111111111 0.48671875 0.022222222222222223 0.011979166666666666
0 0.612037037037037 0.38619791666666664 0.02592592592592593 0.01614583333333333
0 0.6518518518518519 0.37526041666666665 0.02592592592592593 0.015104166666666667
0 0.6546296296296297 0.396875 0.012962962962962964 0.010416666666666666
0 0.6273148148148149 0.2875 0.026851851851851852 0.017708333333333333
0 0.7347222222222223 0.24661458333333333 0.026851851851851852 0.0203125
0 0.8615740740740742 0.16953125 0.025 0.0171875
0 0.8481481481481482 0.15416666666666667 0.02592592592592593 0.015625
0 0.8912037037037037 0.10833333333333334 0.026851851851851852 0.017708333333333333
0 0.8356481481481481 0.3028645833333333 0.021296296296296296 0.013020833333333334
0 0.8916666666666667 0.2864583333333333 0.02592592592592593 0.020833333333333332
0 0.9453703703703704 0.2747395833333333 0.02592592592592593 0.013020833333333334
0 0.9319444444444445 0.23072916666666665 0.026851851851851852 0.016666666666666666
0 0.8101851851851852 0.41796875 0.024074074074074074 0.0140625
0 0.837962962962963 0.4231770833333333 0.03333333333333333 0.018229166666666668
0 0.8375 0.403125 0.017592592592592594 0.009375
0 0.8824074074074074 0.38177083333333334 0.020370370370370372 0.010416666666666666
0 0.9458333333333334 0.37421875 0.028703703703703703 0.01614583333333333
0 0.8990740740740741 0.43046875 0.02592592592592593 0.01614583333333333
0 0.9185185185185185 0.53203125 0.037037037037037035 0.0203125
0 0.8902777777777778 0.5463541666666667 0.025 0.015625
0 0.976388888888889 0.60703125 0.030555555555555558 0.013020833333333334
0 0.8875000000000001 0.25338541666666664 0.02314814814814815 0.0140625
0 0.8527777777777779 0.2890625 0.02777777777777778 0.017708333333333333
0 0.8305555555555556 0.3927083333333333 0.03518518518518519 0.020833333333333332
0 0.8310185185185186 0.27708333333333335 0.028703703703703703 0.014583333333333334
0 0.5703703703703704 0.3890625 0.018518518518518517 0.013541666666666667
0 0.3717592592592593 0.6877604166666667 0.026851851851851852 0.0140625
0 0.7208333333333333 0.321875 0.02314814814814815 0.014583333333333334
0 0.7231481481481482 0.34010416666666665 0.022222222222222223 0.013541666666666667
