0 0.4865740740740741 0.21770833333333334 0.026851851851851852 0.016666666666666666
0 0.8393518518518519 0.5200520833333333 0.026851851851851852 0.0234375
0 0.5097222222222222 0.3421875 0.028703703703703703 0.0125
0 0.45555555555555555 0.29244791666666664 0.02592592592592593 0.018229166666666668
0 0.575462962962963 0.31744791666666666 0.026851851851851852 0.011979166666666666
0 0.6472222222222223 0.3296875 0.024074074074074074 0.015625
0 0.5305555555555556 0.3731770833333333 0.02777777777777778 0.0203125
0 0.5018518518518519 0.38307291666666665 0.022222222222222223 0.019270833333333334
0 0.46990740740740744 0.38255208333333335 0.026851851851851852 0.0171875
0 0.525 0.4276041666666667 0.044444444444444446 0.0125
0 0.6148148148148148 0.42604166666666665 0.018518518518518517 0.011458333333333333
0 0.4967592592592593 0.46041666666666664 0.030555555555555558 0.014583333333333334
0 0.6152777777777778 0.4731770833333333 0.030555555555555558 0.019270833333333334
0 0.5912037037037037 0.48723958333333334 0.03425925925925926 0.021354166666666667
0 0.49953703703703706 0.49973958333333335 0.03425925925925926 0.0203125
0 0.47824074074074074 0.5236979166666667 0.032407407407407406 0.019270833333333334
0 0.6032407407407407 0.5252604166666667 0.021296296296296296 0.0203125
0 0.4828703703703704 0.6106770833333334 0.028703703703703703 0.025520833333333333
0 0.5773148148148148 0.62109375 0.03981481481481482 0.0234375
0 0.537962962962963 0.6908854166666667 0.037037037037037035 0.028645833333333332
0 0.5106481481481482 0.7604166666666666 0.030555555555555558 0.020833333333333332
0 0.5805555555555556 0.7424479166666667 0.03333333333333333 0.022395833333333334
0 0.611574074074074 0.7458333333333333 0.028703703703703703 0.01875
0 0.6314814814814815 0.62265625 0.024074074074074074 0.013020833333333334
0 0.7699074074074075 0.734375 0.021296296296296296 0.011458333333333333
0 0.8138888888888889 0.6424479166666667 0.02962962962962963 0.024479166666666666
0 0.8949074074074075 0.36692708333333335 0.032407407407407406 0.018229166666666668
0 0.8421296296296297 0.11562499999999999 0.03425925925925926 0.025
0 0.8717592592592593 0.12343749999999999 0.03981481481481482 0.027083333333333334
0 0.9462962962962963 0.1828125 0.03518518518518519 0.025
0 0.9810185185185185 0.165625 0.03796296296296296 0.03125
0 0.9800925925925926 0.30364583333333334 0.03981481481481482 0.016666666666666666
0 0.8601851851851852 0.39401041666666664 0.024074074074074074 0.015104166666666667
0 0.8745370370370371 0.45234375 0.03425925925925926 0.019270833333333334
0 0.9634259259259259 0.4479166666666667 0.019444444444444445 0.0125
0 0.8453703703703704 0.47760416666666666 0.040740740740740744 0.020833333333333332
0 0.9231481481481482 0.48125 0.037037037037037035 0.020833333333333332
0 0.9009259259259259 0.5723958333333333 0.03518518518518519 0.01875
0 0.8694444444444445 0.5786458333333333 0.02777777777777778 0.01875
0 0.8231481481481482 0.615625 0.03518518518518519 0.014583333333333334
0 0.8870370370370371 0.703125 0.03333333333333333 0.020833333333333332
0 0.850925925925926 0.81796875 0.02962962962962963 0.024479166666666666
0 0.9291666666666667 0.7455729166666667 0.032407407407407406 0.0234375
0 0.9740740740740741 0.709375 0.022222222222222223 0.014583333333333334
0 0.9546296296296297 0.5239583333333333 0.03888888888888889 0.022916666666666665
0 0.9875 0.5229166666666667 0.025 0.021875
0 0.937962962962963 0.20416666666666666 0.031481481481481485 0.020833333333333332
0 0.7805555555555556 0.7541666666666667 0.03518518518518519 0.021875
0 0.8851851851851852 0.721875 0.024074074074074074 0.017708333333333333
0 0.8250000000000001 0.3533854166666667 0.02962962962962963 0.0171875
0 0.8185185185185185 0.32734375 0.02592592592592593 0.015104166666666667
0 0.8384259259259259 0.33619791666666665 0.026851851851851852 0.0171875
0 0.7564814814814815 0.5049479166666666 0.02777777777777778 0.0171875
0 0.5458333333333334 0.609375 0.025 0.019791666666666666
0 0.4625 0.6026041666666666 0.036111111111111115 0.01875
0 0.6875 0.8309895833333333 0.02314814814814815 0.0234375
0 0.7143518518518519 0.65703125 0.032407407407407406 0.018229166666666668
0 0.7814814814814816 0.5783854166666667 0.03333333333333333 0.01614583333333333
0 0.47731481481481486 0.6828125 0.03796296296296296 0.01875
0 0.3856481481481482 0.7369791666666666 0.04166666666666667 0.026041666666666668
0 0.4365740740740741 0.55234375 0.026851851851851852 0.018229166666666668
0 0.38333333333333336 0.5372395833333333 0.02962962962962963 0.0171875
0 0.13518518518518519 0.8690104166666667 0.04259259259259259 0.030729166666666665
0 0.1564814814814815 0.78984375 0.040740740740740744 0.027604166666666666
0 0.16898148148148148 0.75703125 0.04166666666666667 0.022395833333333334
0 0.05277777777777778 0.7502604166666667 0.02592592592592593 0.018229166666666668
0 0.23240740740740742 0.58359375 0.031481481481481485 0.018229166666666668
0 0.24212962962962964 0.62578125 0.02314814814814815 0.0109375
0 0.4013888888888889 0.5505208333333333 0.028703703703703703 0.013541666666666667
0 0.1800925925925926 0.5911458333333334 0.030555555555555558 0.011458333333333333
0 0.23796296296296296 0.5447916666666667 0.024074074074074074 0.0125
0 0.3226851851851852 0.48723958333333334 0.02314814814814815 0.011979166666666666
0 0.39814814814814814 0.38697916666666665 0.02592592592592593 0.016666666666666666
0 0.35833333333333334 0.3765625 0.02592592592592593 0.015625
0 0.3564814814814815 0.3971354166666667 0.012962962962962964 0.0109375
0 0.3824074074074074 0.28802083333333334 0.02777777777777778 0.017708333333333333
0 0.27546296296296297 0.24765625 0.026851851851851852 0.0203125
0 0.1486111111111111 0.17057291666666666 0.025 0.0171875
0 0.1625 0.1546875 0.025 0.015625
0 0.11944444444444445 0.109375 0.02777777777777778 0.017708333333333333
0 0.17453703703703705 0.3033854166666667 0.021296296296296296 0.013020833333333334
0 0.11898148148148148 0.28671875 0.025 0.0203125
0 0.06574074074074074 0.2752604166666667 0.02777777777777778 0.013020833333333334
0 0.07824074074074075 0.23124999999999998 0.026851851851851852 0.016666666666666666
0 0.2 0.41901041666666666 0.024074074074074074 0.0140625
0 0.17175925925925928 0.42343749999999997 0.032407407407407406 0.017708333333333333
0 0.1726851851851852 0.40390624999999997 0.017592592592592594 0.009895833333333333
0 0.1277777777777778 0.38255208333333335 0.020370370370370372 0.0109375
0 0.06481481481481481 0.37447916666666664 0.02962962962962963 0.016666666666666666
0 0.11111111111111112 0.43072916666666666 0.02592592592592593 0.015625
0 0.09027777777777778 0.53203125 0.03425925925925926 0.021354166666666667
0 0.12037037037037038 0.5473958333333333 0.02592592592592593 0.016666666666666666
0 0.033796296296296297 0.6078125 0.026851851851851852 0.013541666666666667
0 0.12175925925925926 0.25416666666666665 0.02314814814814815 0.014583333333333334
0 0.1574074074074074 0.2890625 0.02777777777777778 0.017708333333333333
0 0.18055555555555555 0.3927083333333333 0.03518518518518519 0.020833333333333332
0 0.1787037037037037 0.2778645833333333 0.02962962962962963 0.0140625
0 0.4398148148148148 0.38984375 0.020370370370370372 0.0140625
0 0.6375000000000001 0.6869791666666667 0.026851851851851852 0.0125
0 0.2884259259259259 0.3221354166666667 0.02314814814814815 0.015104166666666667
0 0.2847222222222222 0.340625 0.02314814814814815 0.013541666666666667
