0 0.5069444444444444 0.21901041666666665 0.026851851851851852 0.0171875
0 0.15231481481481482 0.5205729166666666 0.026851851851851852 0.0234375
0 0.48379629629629634 0.34322916666666664 0.028703703703703703 0.014583333333333334
0 0.537962962962963 0.29270833333333335 0.02592592592592593 0.017708333333333333
0 0.4189814814814815 0.31614583333333335 0.026851851851851852 0.014583333333333334
0 0.3472222222222222 0.3296875 0.024074074074074074 0.015625
0 0.46296296296296297 0.3736979166666667 0.02777777777777778 0.0203125
0 0.4962962962962963 0.38177083333333334 0.02592592592592593 0.01875
0 0.5231481481481481 0.3828125 0.02592592592592593 0.016666666666666666
0 0.46944444444444444 0.428125 0.0462962962962963 0.0125
0 0.3787037037037037 0.4265625 0.018518518518518517 0.011458333333333333
0 0.49722222222222223 0.4614583333333333 0.02962962962962963 0.014583333333333334
0 0.3791666666666667 0.47369791666666666 0.028703703703703703 0.019270833333333334
0 0.4013888888888889 0.48802083333333335 0.03425925925925926 0.021875
0 0.4935185185185185 0.5002604166666667 0.03333333333333333 0.0203125
0 0.5157407407407407 0.5244791666666666 0.03333333333333333 0.01875
0 0.39490740740740743 0.5255208333333333 0.028703703703703703 0.019791666666666666
0 0.5120370370370371 0.6114583333333333 0.02962962962962963 0.025
0 0.41574074074074074 0.6216145833333333 0.040740740740740744 0.0234375
0 0.4537037037037037 0.6916666666666667 0.037037037037037035 0.029166666666666667
0 0.4828703703703704 0.7609375 0.028703703703703703 0.020833333333333332
0 0.41250000000000003 0.7434895833333334 0.03425925925925926 0.022395833333333334
0 0.3861111111111111 0.7481770833333333 0.02592592592592593 0.01614583333333333
0 0.36203703703703705 0.6234375 0.024074074074074074 0.013541666666666667
0 0.22268518518518518 0.7354166666666666 0.021296296296296296 0.011458333333333333
0 0.17824074074074076 0.64296875 0.028703703703703703 0.024479166666666666
0 0.09722222222222222 0.36744791666666665 0.03333333333333333 0.018229166666666668
0 0.14953703703703705 0.11588541666666667 0.03425925925925926 0.025520833333333333
0 0.12037037037037038 0.12395833333333334 0.03888888888888889 0.027083333333333334
0 0.04583333333333334 0.18307291666666667 0.036111111111111115 0.024479166666666666
0 0.015740740740740743 0.16666666666666666 0.02962962962962963 0.030208333333333334
0 0.016666666666666666 0.30442708333333335 0.031481481481481485 0.0171875
0 0.13333333333333333 0.39427083333333335 0.02592592592592593 0.014583333333333334
0 0.11851851851851852 0.45260416666666664 0.03518518518518519 0.01875
0 0.02962962962962963 0.44869791666666664 0.020370370370370372 0.011979166666666666
0 0.14675925925925926 0.47812499999999997 0.03981481481481482 0.020833333333333332
0 0.06898148148148149 0.48151041666666666 0.036111111111111115 0.021354166666666667
0 0.09212962962962963 0.5734375 0.036111111111111115 0.01875
0 0.12268518518518519 0.5791666666666666 0.026851851851851852 0.01875
0 0.17083333333333334 0.6171875 0.036111111111111115 0.014583333333333334
0 0.1050925925925926 0.70390625 0.032407407407407406 0.021354166666666667
0 0.14166666666666666 0.8184895833333333 0.02962962962962963 0.024479166666666666
0 0.06342592592592593 0.7471354166666666 0.030555555555555558 0.024479166666666666
0 0.018518518518518517 0.7104166666666667 0.022222222222222223 0.014583333333333334
0 0.03888888888888889 0.5247395833333334 0.040740740740740744 0.022395833333333334
0 0.8250000000000001 0.7572916666666667 0.03888888888888889 0.02395833333333333
0 0.05416666666666667 0.2046875 0.032407407407407406 0.020833333333333332
0 0.21296296296296297 0.7549479166666666 0.03518518518518519 0.022395833333333334
0 0.10694444444444445 0.7229166666666667 0.02314814814814815 0.017708333333333333
0 0.1685185185185185 0.35442708333333334 0.02962962962962963 0.0171875
0 0.17500000000000002 0.32786458333333335 0.02592592592592593 0.015104166666666667
0 0.1550925925925926 0.33671875 0.026851851851851852 0.0171875
0 0.23657407407407408 0.50546875 0.026851851851851852 0.0171875
0 0.44722222222222224 0.6098958333333333 0.02592592592592593 0.019791666666666666
0 0.5310185185185186 0.603125 0.036111111111111115 0.01875
0 0.3050925925925926 0.83203125 0.02314814814814815 0.0234375
0 0.27824074074074073 0.6575520833333334 0.032407407407407406 0.018229166666666668
0 0.21157407407407408 0.5791666666666666 0.03425925925925926 0.015625
0 0.5157407407407407 0.68359375 0.03888888888888889 0.019270833333333334
0 0.6064814814814815 0.7372395833333333 0.04259259259259259 0.025520833333333333
0 0.5564814814814815 0.5526041666666667 0.02777777777777778 0.01875
0 0.6111111111111112 0.5372395833333333 0.02962962962962963 0.0171875
0 0.8587962962962963 0.86875 0.04166666666666667 0.03125
0 0.837962962962963 0.78984375 0.040740740740740744 0.027604166666666666
0 0.9412037037037038 0.75 0.025 0.01875
0 0.7611111111111112 0.5833333333333334 0.02962962962962963 0.01875
0 0.7527777777777778 0.62578125 0.024074074074074074 0.0109375
0 0.5930555555555556 0.55078125 0.028703703703703703 0.013020833333333334
0 0.8138888888888889 0.5916666666666667 0.031481481481481485 0.011458333333333333
0 0.7564814814814815 0.5447916666666667 0.02592592592592593 0.0125
0 0.6712962962962963 0.4875 0.022222222222222223 0.0125
0 0.7486111111111111 0.52109375 0.02314814814814815 0.013020833333333334
0 0.7412037037037037 0.48020833333333335 0.025 0.014583333333333334
0 0.5949074074074074 0.3872395833333333 0.025 0.01614583333333333
0 0.6347222222222223 0.3765625 0.026851851851851852 0.015625
0 0.637962962962963 0.39765625 0.012962962962962964 0.0109375
0 0.6111111111111112 0.28854166666666664 0.02777777777777778 0.017708333333333333
0 0.7180555555555556 0.24791666666666667 0.026851851851851852 0.020833333333333332
0 0.8439814814814816 0.1703125 0.025 0.017708333333333333
0 0.8300925925925926 0.1546875 0.025 0.015625
0 0.8726851851851852 0.109375 0.026851851851851852 0.017708333333333333
0 0.8189814814814815 0.3033854166666667 0.021296296296296296 0.013020833333333334
0 0.8736111111111111 0.2869791666666667 0.025 0.020833333333333332
0 0.9268518518518519 0.2747395833333333 0.02777777777777778 0.013020833333333334
0 0.9143518518518519 0.23124999999999998 0.026851851851851852 0.016666666666666666
0 0.7935185185185185 0.4192708333333333 0.024074074074074074 0.014583333333333334
0 0.8217592592592593 0.42343749999999997 0.032407407407407406 0.017708333333333333
0 0.8203703703703704 0.4036458333333333 0.018518518518518517 0.009375
0 0.8657407407407408 0.38203125 0.020370370370370372 0.0109375
0 0.9287037037037037 0.37447916666666664 0.02962962962962963 0.016666666666666666
0 0.8828703703703704 0.43046875 0.026851851851851852 0.01614583333333333
0 0.9027777777777778 0.53203125 0.03518518518518519 0.0203125
0 0.8722222222222222 0.546875 0.02592592592592593 0.015625
0 0.9606481481481481 0.60703125 0.026851851851851852 0.0140625
0 0.8712962962962963 0.25364583333333335 0.024074074074074074 0.014583333333333334
0 0.8351851851851853 0.2890625 0.02777777777777778 0.017708333333333333
0 0.813425925925926 0.39348958333333334 0.03425925925925926 0.0203125
0 0.8143518518518519 0.27760416666666665 0.028703703703703703 0.014583333333333334
0 0.5550925925925926 0.39036458333333335 0.019444444444444445 0.0140625
0 0.3574074074074074 0.6880208333333333 0.02592592592592593 0.0125
0 0.7060185185185186 0.3223958333333333 0.02314814814814815 0.014583333333333334
0 0.7087962962962964 0.3411458333333333 0.02314814814814815 0.013541666666666667
