0 0.513425925925926 0.21875 0.026851851851851852 0.016666666666666666
0 0.8708333333333333 0.521875 0.030555555555555558 0.022916666666666665
0 0.5351851851851852 0.34322916666666664 0.02962962962962963 0.014583333333333334
0 0.47962962962962963 0.2921875 0.02592592592592593 0.017708333333333333
0 0.5990740740740741 0.31666666666666665 0.02962962962962963 0.015625
0 0.6703703703703704 0.3299479166666667 0.024074074074074074 0.015104166666666667
0 0.5564814814814815 0.3736979166666667 0.02777777777777778 0.0203125
0 0.5231481481481481 0.38203125 0.024074074074074074 0.021354166666666667
0 0.49583333333333335 0.3828125 0.026851851851851852 0.017708333333333333
0 0.5504629629629629 0.4278645833333333 0.04537037037037037 0.011979166666666666
0 0.6337962962962963 0.4278645833333333 0.028703703703703703 0.013020833333333334
0 0.5199074074074074 0.46119791666666665 0.030555555555555558 0.0140625
0 0.6412037037037037 0.4744791666666667 0.028703703703703703 0.01875
0 0.6175925925925926 0.48854166666666665 0.03333333333333333 0.021875
0 0.525 0.5002604166666667 0.03333333333333333 0.019270833333333334
0 0.5023148148148149 0.5247395833333334 0.032407407407407406 0.019270833333333334
0 0.6240740740740741 0.5263020833333333 0.02777777777777778 0.0203125
0 0.6041666666666667 0.6221354166666666 0.03981481481481482 0.0234375
0 0.5666666666666667 0.69140625 0.037037037037037035 0.0296875
0 0.5351851851851852 0.76171875 0.02777777777777778 0.0203125
0 0.6060185185185185 0.7442708333333333 0.03425925925925926 0.021875
0 0.6328703703703704 0.7489583333333333 0.025 0.016666666666666666
0 0.8416666666666667 0.6442708333333333 0.02777777777777778 0.02395833333333333
0 0.924537037037037 0.3677083333333333 0.036111111111111115 0.01875
0 0.8731481481481482 0.11614583333333334 0.03518518518518519 0.025
0 0.9041666666666667 0.12421875 0.03981481481481482 0.0265625
0 0.9777777777777779 0.18359375 0.037037037037037035 0.024479166666666666
0 0.8861111111111112 0.3953125 0.022222222222222223 0.014583333333333334
0 0.9027777777777778 0.45416666666666666 0.03518518518518519 0.01875
0 0.9916666666666667 0.45026041666666666 0.016666666666666666 0.013020833333333334
0 0.875925925925926 0.4791666666666667 0.040740740740740744 0.020833333333333332
0 0.9532407407407407 0.4825520833333333 0.03796296296296296 0.021354166666666667
0 0.9287037037037037 0.5747395833333333 0.03518518518518519 0.019270833333333334
0 0.8986111111111111 0.5807291666666666 0.026851851851851852 0.01875
0 0.8486111111111111 0.6182291666666666 0.036111111111111115 0.014583333333333334
0 0.9148148148148149 0.70546875 0.03333333333333333 0.021354166666666667
0 0.8791666666666667 0.82109375 0.030555555555555558 0.024479166666666666
0 0.9583333333333334 0.74921875 0.02962962962962963 0.0234375
0 0.9828703703703704 0.52578125 0.03425925925925926 0.022395833333333334
0 0.9671296296296297 0.20520833333333333 0.032407407407407406 0.020833333333333332
0 0.8050925925925926 0.7567708333333333 0.036111111111111115 0.022916666666666665
0 0.912962962962963 0.72421875 0.024074074074074074 0.0171875
0 0.850925925925926 0.35494791666666664 0.031481481481481485 0.0171875
0 0.8439814814814816 0.3286458333333333 0.025 0.015625
0 0.8652777777777778 0.3364583333333333 0.028703703703703703 0.016666666666666666
0 0.7828703703703704 0.5065104166666666 0.028703703703703703 0.0171875
0 0.5726851851851852 0.61015625 0.026851851851851852 0.0203125
0 0.487962962962963 0.60390625 0.037037037037037035 0.018229166666666668
0 0.7162037037037037 0.83359375 0.02314814814814815 0.0234375
0 0.7402777777777778 0.65859375 0.032407407407407406 0.018229166666666668
0 0.8087962962962963 0.5799479166666667 0.03425925925925926 0.01614583333333333
0 0.5018518518518519 0.6841145833333333 0.037037037037037035 0.019270833333333334
0 0.19722222222222224 0.86484375 0.02962962962962963 0.0234375
0 0.4115740740740741 0.7372395833333333 0.04351851851851852 0.025520833333333333
0 0.19212962962962965 0.7575520833333333 0.04166666666666667 0.024479166666666666
0 0.46111111111111114 0.5528645833333333 0.02777777777777778 0.018229166666666668
0 0.40694444444444444 0.5372395833333333 0.030555555555555558 0.0171875
0 0.16111111111111112 0.8690104166666667 0.040740740740740744 0.03177083333333333
0 0.1814814814814815 0.78984375 0.040740740740740744 0.027604166666666666
0 0.3462962962962963 0.48723958333333334 0.020370370370370372 0.011979166666666666
0 0.075 0.75 0.02592592592592593 0.01875
0 0.2587962962962963 0.5830729166666666 0.030555555555555558 0.018229166666666668
0 0.26296296296296295 0.6252604166666667 0.024074074074074074 0.0109375
0 0.4240740740740741 0.5513020833333333 0.02777777777777778 0.013020833333333334
0 0.20324074074074075 0.5921875 0.032407407407407406 0.0125
0 0.2611111111111111 0.54453125 0.024074074074074074 0.013020833333333334
0 0.26851851851851855 0.5205729166666666 0.022222222222222223 0.013020833333333334
0 0.274537037037037 0.47890625 0.025 0.013020833333333334
0 0.4236111111111111 0.38671875 0.025 0.01614583333333333
0 0.3842592592592593 0.3765625 0.02592592592592593 0.015625
0 0.37962962962962965 0.39739583333333334 0.012962962962962964 0.010416666666666666
0 0.4083333333333333 0.2877604166666667 0.02777777777777778 0.018229166666666668
0 0.30092592592592593 0.24713541666666666 0.02592592592592593 0.0203125
0 0.17453703703703705 0.16927083333333334 0.025 0.017708333333333333
0 0.18842592592592594 0.15390625 0.025 0.015104166666666667
0 0.14583333333333334 0.10807291666666667 0.026851851851851852 0.018229166666666668
0 0.20046296296296298 0.3028645833333333 0.021296296296296296 0.013020833333333334
0 0.14583333333333334 0.28619791666666666 0.025 0.0203125
0 0.08981481481481482 0.27421875 0.02592592592592593 0.013020833333333334
0 0.10324074074074074 0.23020833333333332 0.026851851851851852 0.016666666666666666
0 0.225 0.4184895833333333 0.024074074074074074 0.0171875
0 0.19722222222222224 0.42291666666666666 0.03333333333333333 0.017708333333333333
0 0.1962962962962963 0.4028645833333333 0.018518518518518517 0.009895833333333333
0 0.15324074074074073 0.3828125 0.021296296296296296 0.011458333333333333
0 0.09074074074074075 0.37395833333333334 0.02962962962962963 0.016666666666666666
0 0.13564814814814816 0.42994791666666665 0.026851851851851852 0.01614583333333333
0 0.11527777777777778 0.5317708333333333 0.03425925925925926 0.019791666666666666
0 0.1439814814814815 0.5466145833333333 0.026851851851851852 0.0171875
0 0.058333333333333334 0.6065104166666666 0.02777777777777778 0.0140625
0 0.14675925925925926 0.25338541666666664 0.02314814814814815 0.015104166666666667
0 0.1837962962962963 0.28854166666666664 0.026851851851851852 0.017708333333333333
0 0.20555555555555557 0.3921875 0.03333333333333333 0.019791666666666666
0 0.20416666666666666 0.27682291666666664 0.026851851851851852 0.0140625
0 0.46435185185185185 0.39010416666666664 0.019444444444444445 0.013541666666666667
0 0.6601851851851852 0.6888020833333334 0.02592592592592593 0.011979166666666666
0 0.3106481481481482 0.321875 0.02314814814814815 0.014583333333333334
0 0.30648148148148147 0.340625 0.022222222222222223 0.013541666666666667
