0 0.4800925925925926 0.21848958333333332 0.026851851851851852 0.01614583333333333
0 0.12083333333333333 0.5221354166666666 0.030555555555555558 0.0234375
0 0.45833333333333337 0.34296875 0.02962962962962963 0.0140625
0 0.5148148148148148 0.2921875 0.02592592592592593 0.017708333333333333
0 0.39722222222222225 0.31614583333333335 0.02592592592592593 0.016666666666666666
0 0.3236111111111111 0.3294270833333333 0.02314814814814815 0.015104166666666667
0 0.4361111111111111 0.37395833333333334 0.02777777777777778 0.019791666666666666
0 0.46944444444444444 0.38177083333333334 0.024074074074074074 0.020833333333333332
0 0.4967592592592593 0.38255208333333335 0.026851851851851852 0.0171875
0 0.4439814814814815 0.428125 0.04722222222222222 0.013541666666666667
0 0.3597222222222222 0.4276041666666667 0.028703703703703703 0.0125
0 0.4740740740740741 0.46067708333333335 0.02962962962962963 0.0140625
0 0.3527777777777778 0.4744791666666667 0.02777777777777778 0.01875
0 0.375 0.48828125 0.03333333333333333 0.021354166666666667
0 0.46805555555555556 0.5005208333333333 0.03425925925925926 0.019791666666666666
0 0.49074074074074076 0.5247395833333334 0.031481481481481485 0.019270833333333334
0 0.3703703703703704 0.5263020833333333 0.02777777777777778 0.0203125
0 0.38796296296296295 0.6223958333333334 0.040740740740740744 0.022916666666666665
0 0.42685185185185187 0.6919270833333333 0.037037037037037035 0.0296875
0 0.45787037037037037 0.7619791666666667 0.028703703703703703 0.020833333333333332
0 0.3861111111111111 0.7442708333333333 0.03333333333333333 0.021875
0 0.3601851851851852 0.7494791666666667 0.024074074074074074 0.015625
0 0.15046296296296297 0.6442708333333333 0.028703703703703703 0.022916666666666665
0 0.06759259259259259 0.36796875 0.037037037037037035 0.018229166666666668
0 0.11944444444444445 0.11562499999999999 0.03518518518518519 0.025
0 0.08888888888888889 0.12369791666666667 0.040740740740740744 0.0265625
0 0.01712962962962963 0.18307291666666667 0.032407407407407406 0.025520833333333333
0 0.10740740740740741 0.3953125 0.020370370370370372 0.014583333333333334
0 0.09027777777777778 0.4536458333333333 0.036111111111111115 0.01875
0 0.11620370370370371 0.47942708333333334 0.04166666666666667 0.0203125
0 0.03796296296296296 0.4825520833333333 0.037037037037037035 0.0203125
0 0.06342592592592593 0.575 0.036111111111111115 0.019791666666666666
0 0.09351851851851853 0.58125 0.02592592592592593 0.01875
0 0.14444444444444446 0.6182291666666666 0.03518518518518519 0.014583333333333334
0 0.07731481481481482 0.7057291666666666 0.03425925925925926 0.020833333333333332
0 0.11342592592592593 0.8213541666666666 0.030555555555555558 0.02395833333333333
0 0.03287037037037037 0.7489583333333333 0.028703703703703703 0.022916666666666665
0 0.014351851851851852 0.5263020833333333 0.026851851851851852 0.0234375
0 0.02638888888888889 0.20494791666666667 0.03425925925925926 0.0203125
0 0.1875 0.75703125 0.036111111111111115 0.022395833333333334
0 0.0787037037037037 0.7247395833333333 0.024074074074074074 0.0171875
0 0.1425925925925926 0.35442708333333334 0.031481481481481485 0.0171875
0 0.14953703703703705 0.328125 0.026851851851851852 0.015625
0 0.1287037037037037 0.3364583333333333 0.02777777777777778 0.016666666666666666
0 0.2101851851851852 0.5065104166666666 0.02962962962962963 0.0171875
0 0.42083333333333334 0.6106770833333334 0.026851851851851852 0.0203125
0 0.5055555555555555 0.6036458333333333 0.037037037037037035 0.017708333333333333
0 0.275 0.83359375 0.024074074074074074 0.0234375
0 0.2537037037037037 0.6591145833333333 0.03333333333333333 0.018229166666666668
0 0.1837962962962963 0.58046875 0.03425925925925926 0.01614583333333333
0 0.48935185185185187 0.684375 0.03796296296296296 0.019791666666666666
0 0.7953703703703704 0.8651041666666667 0.02962962962962963 0.019791666666666666
0 0.799537037037037 0.7578125 0.03796296296296296 0.02395833333333333
0 0.5810185185185185 0.7375 0.04166666666666667 0.026041666666666668
0 0.5328703703703704 0.5533854166666666 0.026851851851851852 0.018229166666666668
0 0.587962962962963 0.5372395833333333 0.02962962962962963 0.0171875
0 0.8314814814814815 0.8692708333333333 0.040740740740740744 0.03125
0 0.8115740740740741 0.78984375 0.03981481481481482 0.027604166666666666
0 0.9185185185185185 0.7497395833333333 0.02592592592592593 0.018229166666666668
0 0.7347222222222223 0.5833333333333334 0.030555555555555558 0.017708333333333333
0 0.7324074074074074 0.6252604166666667 0.024074074074074074 0.0109375
0 0.5708333333333333 0.5513020833333333 0.026851851851851852 0.013020833333333334
0 0.7902777777777779 0.5927083333333333 0.032407407407407406 0.0125
0 0.7333333333333334 0.5442708333333334 0.02592592592592593 0.013541666666666667
0 0.7273148148148149 0.5205729166666666 0.019444444444444445 0.013020833333333334
0 0.7199074074074074 0.4786458333333333 0.025 0.011458333333333333
0 0.5694444444444444 0.38671875 0.02592592592592593 0.01614583333333333
0 0.6087962962962963 0.37578125 0.026851851851851852 0.015104166666666667
0 0.6134259259259259 0.39739583333333334 0.01388888888888889 0.010416666666666666
0 0.5861111111111111 0.2875 0.02777777777777778 0.017708333333333333
0 0.6939814814814815 0.24687499999999998 0.026851851851851852 0.020833333333333332
0 0.8199074074074074 0.16979166666666667 0.025 0.017708333333333333
0 0.8060185185185186 0.15364583333333334 0.025 0.015625
0 0.8467592592592593 0.10781249999999999 0.026851851851851852 0.017708333333333333
0 0.7939814814814815 0.3028645833333333 0.021296296296296296 0.013020833333333334
0 0.8476851851851852 0.28619791666666666 0.025 0.0203125
0 0.9041666666666667 0.27447916666666666 0.025 0.0125
0 0.8902777777777778 0.22994791666666667 0.026851851851851852 0.01614583333333333
0 0.7685185185185186 0.4184895833333333 0.024074074074074074 0.0171875
0 0.7962962962962963 0.42291666666666666 0.031481481481481485 0.017708333333333333
0 0.7981481481481482 0.4028645833333333 0.018518518518518517 0.009895833333333333
0 0.8407407407407408 0.38307291666666665 0.022222222222222223 0.011979166666666666
0 0.9032407407407408 0.37395833333333334 0.028703703703703703 0.016666666666666666
0 0.8592592592592593 0.42994791666666665 0.02592592592592593 0.01614583333333333
0 0.8791666666666667 0.53203125 0.03425925925925926 0.0203125
0 0.850462962962963 0.5463541666666667 0.026851851851851852 0.015625
0 0.9342592592592593 0.60703125 0.02962962962962963 0.0140625
0 0.8476851851851852 0.25364583333333335 0.02314814814814815 0.015625
0 0.8101851851851852 0.28854166666666664 0.02777777777777778 0.017708333333333333
0 0.787962962962963 0.3927083333333333 0.03333333333333333 0.019791666666666666
0 0.7893518518518519 0.27682291666666664 0.025 0.0140625
0 0.5287037037037037 0.39010416666666664 0.018518518518518517 0.0125
0 0.33472222222222225 0.6885416666666666 0.025 0.011458333333333333
0 0.6837962962962963 0.3221354166666667 0.02314814814814815 0.015104166666666667
0 0.6875 0.340625 0.021296296296296296 0.013541666666666667
