0 0.46574074074074073 0.2171875 0.02777777777777778 0.016666666666666666
0 0.0962962962962963 0.5216145833333333 0.02962962962962963 0.0234375
0 0.4425925925925926 0.34270833333333334 0.02962962962962963 0.014583333333333334
0 0.500925925925926 0.2911458333333333 0.02592592592592593 0.017708333333333333
0 0.3814814814814815 0.31640625 0.02592592592592593 0.01614583333333333
0 0.3092592592592593 0.32890625 0.024074074074074074 0.015104166666666667
0 0.41944444444444445 0.3731770833333333 0.02777777777777778 0.0203125
0 0.4532407407407408 0.3815104166666667 0.02314814814814815 0.021354166666666667
0 0.4814814814814815 0.38203125 0.02592592592592593 0.0171875
0 0.34351851851851856 0.42734374999999997 0.02962962962962963 0.011979166666666666
0 0.45925925925925926 0.46067708333333335 0.02962962962962963 0.0140625
0 0.33472222222222225 0.47421874999999997 0.028703703703703703 0.019270833333333334
0 0.35833333333333334 0.48802083333333335 0.03333333333333333 0.021875
0 0.4518518518518519 0.5002604166666667 0.03333333333333333 0.019270833333333334
0 0.47453703703703703 0.5244791666666666 0.032407407407407406 0.01875
0 0.3527777777777778 0.52578125 0.02777777777777778 0.0203125
0 0.36944444444444446 0.62265625 0.040740740740740744 0.0234375
0 0.4064814814814815 0.6924479166666666 0.037037037037037035 0.0296875
0 0.4388888888888889 0.7619791666666667 0.02777777777777778 0.020833333333333332
0 0.3680555555555556 0.7450520833333333 0.03425925925925926 0.022395833333333334
0 0.34074074074074073 0.7497395833333333 0.024074074074074074 0.01614583333333333
0 0.1300925925925926 0.64453125 0.028703703703703703 0.0234375
0 0.04861111111111111 0.36666666666666664 0.03981481481481482 0.01875
0 0.10046296296296296 0.11328125 0.036111111111111115 0.025520833333333333
0 0.06944444444444445 0.12135416666666667 0.040740740740740744 0.027083333333333334
0 0.09166666666666667 0.39479166666666665 0.02592592592592593 0.015625
0 0.06851851851851852 0.453125 0.037037037037037035 0.01875
0 0.09583333333333334 0.4783854166666667 0.04166666666666667 0.0203125
0 0.018518518518518517 0.4822916666666667 0.03333333333333333 0.020833333333333332
0 0.04212962962962963 0.575 0.036111111111111115 0.019791666666666666
0 0.09814814814814815 0.8260416666666667 0.03333333333333333 0.019791666666666666
0 0.07268518518518519 0.58125 0.026851851851851852 0.01875
0 0.12361111111111112 0.61796875 0.036111111111111115 0.0140625
0 0.05648148148148149 0.7059895833333333 0.03333333333333333 0.021354166666666667
0 0.012962962962962964 0.7505208333333333 0.024074074074074074 0.02395833333333333
0 0.014351851851851852 0.20338541666666665 0.025 0.0203125
0 0.1675925925925926 0.7580729166666667 0.03518518518518519 0.022395833333333334
0 0.058333333333333334 0.7252604166666666 0.024074074074074074 0.0171875
0 0.12592592592592594 0.3533854166666667 0.031481481481481485 0.0171875
0 0.1328703703703704 0.32708333333333334 0.026851851851851852 0.015625
0 0.11064814814814815 0.33567708333333335 0.028703703703703703 0.01614583333333333
0 0.1925925925925926 0.5059895833333333 0.02962962962962963 0.0171875
0 0.4027777777777778 0.61015625 0.02777777777777778 0.0203125
0 0.487962962962963 0.60390625 0.037037037037037035 0.0171875
0 0.2537037037037037 0.8346354166666666 0.024074074074074074 0.0234375
0 0.2351851851851852 0.6591145833333333 0.03333333333333333 0.018229166666666668
0 0.1638888888888889 0.58046875 0.03518518518518519 0.01614583333333333
0 0.775462962962963 0.8645833333333334 0.026851851851851852 0.020833333333333332
0 0.46944444444444444 0.68515625 0.037037037037037035 0.019270833333333334
0 0.7824074074074074 0.75625 0.040740740740740744 0.026041666666666668
0 0.5018518518518519 0.6791666666666667 0.03518518518518519 0.011458333333333333
0 0.5620370370370371 0.7377604166666667 0.04259259259259259 0.025520833333333333
0 0.5157407407407407 0.5528645833333333 0.02777777777777778 0.018229166666666668
0 0.5726851851851852 0.5372395833333333 0.028703703703703703 0.0171875
0 0.8115740740740741 0.8697916666666666 0.03981481481481482 0.03125
0 0.7930555555555556 0.790625 0.03981481481481482 0.027083333333333334
0 0.9023148148148149 0.7494791666666667 0.026851851851851852 0.01875
0 0.7171296296296297 0.5833333333333334 0.030555555555555558 0.017708333333333333
0 0.7180555555555556 0.62578125 0.02314814814814815 0.0109375
0 0.5560185185185186 0.5510416666666667 0.026851851851851852 0.0125
0 0.775462962962963 0.5927083333333333 0.032407407407407406 0.0125
0 0.7171296296296297 0.54453125 0.026851851851851852 0.0140625
0 0.7125 0.5203125 0.019444444444444445 0.013541666666666667
0 0.7055555555555556 0.4786458333333333 0.024074074074074074 0.011458333333333333
0 0.5592592592592592 0.38645833333333335 0.016666666666666666 0.016666666666666666
0 0.5925925925925926 0.37578125 0.02592592592592593 0.015104166666666667
0 0.5981481481481482 0.396875 0.012962962962962964 0.010416666666666666
0 0.6717592592592593 0.39739583333333334 0.01388888888888889 0.007291666666666667
0 0.5712962962962963 0.2872395833333333 0.02777777777777778 0.018229166666666668
0 0.6791666666666667 0.24609375 0.026851851851851852 0.0203125
0 0.8050925925925926 0.16875 0.025 0.017708333333333333
0 0.7912037037037037 0.153125 0.025 0.015625
0 0.8328703703703704 0.10729166666666666 0.026851851851851852 0.017708333333333333
0 0.7787037037037038 0.3020833333333333 0.020370370370370372 0.013541666666666667
0 0.8319444444444445 0.28541666666666665 0.025 0.020833333333333332
0 0.8893518518518518 0.27369791666666665 0.025 0.013020833333333334
0 0.875925925925926 0.22942708333333334 0.02592592592592593 0.01614583333333333
0 0.7537037037037038 0.41822916666666665 0.024074074074074074 0.017708333333333333
0 0.7810185185185186 0.42291666666666666 0.032407407407407406 0.017708333333333333
0 0.7837962962962963 0.40260416666666665 0.017592592592592594 0.010416666666666666
0 0.825462962962963 0.38307291666666665 0.02314814814814815 0.013020833333333334
0 0.888425925925926 0.37395833333333334 0.028703703703703703 0.016666666666666666
0 0.8430555555555556 0.4302083333333333 0.026851851851851852 0.015625
0 0.862962962962963 0.53203125 0.031481481481481485 0.021354166666666667
0 0.8337962962962964 0.54609375 0.025 0.015104166666666667
0 0.9222222222222223 0.60625 0.031481481481481485 0.013541666666666667
0 0.9907407407407408 0.6489583333333333 0.018518518518518517 0.017708333333333333
0 0.8337962962962964 0.25390625 0.02314814814814815 0.01614583333333333
0 0.7944444444444445 0.28828125 0.02592592592592593 0.018229166666666668
0 0.7722222222222223 0.3919270833333333 0.03333333333333333 0.019270833333333334
0 0.7782407407407408 0.27578125 0.02314814814814815 0.015104166666666667
0 0.513425925925926 0.3893229166666667 0.019444444444444445 0.013020833333333334
0 0.3175925925925926 0.6888020833333334 0.02592592592592593 0.0109375
0 0.6712962962962963 0.3221354166666667 0.024074074074074074 0.01614583333333333
0 0.675 0.34010416666666665 0.022222222222222223 0.014583333333333334
