0 0.4587962962962963 0.21640625 0.026851851851851852 0.01614583333333333
0 0.08611111111111111 0.5205729166666666 0.031481481481481485 0.0234375
0 0.4351851851851852 0.3411458333333333 0.02962962962962963 0.014583333333333334
0 0.49444444444444446 0.2908854166666667 0.02592592592592593 0.018229166666666668
0 0.375462962962963 0.31536458333333334 0.025 0.01614583333333333
0 0.30185185185185187 0.32786458333333335 0.024074074074074074 0.015104166666666667
0 0.41203703703703703 0.37213541666666666 0.02777777777777778 0.0203125
0 0.44583333333333336 0.3807291666666667 0.02314814814814815 0.020833333333333332
0 0.4740740740740741 0.3815104166666667 0.02592592592592593 0.0171875
0 0.33611111111111114 0.42682291666666666 0.02962962962962963 0.011979166666666666
0 0.4518518518518519 0.46015625 0.02962962962962963 0.0140625
0 0.32731481481481484 0.4734375 0.028703703703703703 0.01875
0 0.3509259259259259 0.4875 0.03333333333333333 0.021875
0 0.44351851851851853 0.5 0.03333333333333333 0.019791666666666666
0 0.4671296296296297 0.5236979166666667 0.032407407407407406 0.019270833333333334
0 0.3453703703703704 0.5252604166666667 0.02777777777777778 0.0203125
0 0.3601851851851852 0.6223958333333334 0.040740740740740744 0.022916666666666665
0 0.39675925925925926 0.6924479166666666 0.03796296296296296 0.0296875
0 0.4305555555555556 0.7619791666666667 0.02777777777777778 0.020833333333333332
0 0.35879629629629634 0.7447916666666666 0.03425925925925926 0.021875
0 0.33240740740740743 0.7497395833333333 0.024074074074074074 0.01614583333333333
0 0.12083333333333333 0.64453125 0.028703703703703703 0.0234375
0 0.03981481481481482 0.3658854166666667 0.040740740740740744 0.019270833333333334
0 0.0925925925925926 0.11171874999999999 0.037037037037037035 0.025520833333333333
0 0.061111111111111116 0.12005208333333334 0.040740740740740744 0.027604166666666666
0 0.08333333333333334 0.39427083333333335 0.02962962962962963 0.013541666666666667
0 0.05925925925925926 0.45286458333333335 0.037037037037037035 0.019270833333333334
0 0.08564814814814815 0.4778645833333333 0.04166666666666667 0.0203125
0 0.01388888888888889 0.48151041666666666 0.02592592592592593 0.022395833333333334
0 0.033796296296296297 0.5747395833333333 0.036111111111111115 0.019270833333333334
0 0.06342592592592593 0.58046875 0.026851851851851852 0.018229166666666668
0 0.11620370370370371 0.6174479166666667 0.03425925925925926 0.0140625
0 0.0462962962962963 0.70546875 0.03518518518518519 0.021354166666666667
0 0.08750000000000001 0.8260416666666667 0.030555555555555558 0.019791666666666666
0 0.15833333333333333 0.7575520833333333 0.03518518518518519 0.022395833333333334
0 0.049074074074074076 0.7252604166666666 0.024074074074074074 0.0171875
0 0.11851851851851852 0.3528645833333333 0.031481481481481485 0.0171875
0 0.12546296296296297 0.3263020833333333 0.026851851851851852 0.01614583333333333
0 0.10462962962962963 0.3341145833333333 0.02777777777777778 0.01614583333333333
0 0.1851851851851852 0.5052083333333334 0.02962962962962963 0.016666666666666666
0 0.3944444444444445 0.6098958333333333 0.02777777777777778 0.020833333333333332
0 0.4800925925925926 0.6036458333333333 0.03796296296296296 0.017708333333333333
0 0.7671296296296296 0.8643229166666666 0.026851851851851852 0.022395833333333334
0 0.24351851851851852 0.8346354166666666 0.024074074074074074 0.0234375
0 0.2263888888888889 0.6591145833333333 0.03425925925925926 0.018229166666666668
0 0.775462962962963 0.7578125 0.03796296296296296 0.025
0 0.15601851851851853 0.5796875 0.036111111111111115 0.015625
0 0.46111111111111114 0.6846354166666666 0.03518518518518519 0.0203125
0 0.4935185185185185 0.6791666666666667 0.03518518518518519 0.011458333333333333
0 0.5527777777777778 0.7375 0.04259259259259259 0.026041666666666668
0 0.5083333333333333 0.55234375 0.02777777777777778 0.018229166666666668
0 0.5657407407407408 0.5369791666666667 0.02962962962962963 0.017708333333333333
0 0.8032407407407408 0.86953125 0.03981481481481482 0.03177083333333333
0 0.7847222222222222 0.7903645833333334 0.03981481481481482 0.027604166666666666
0 0.8953703703703704 0.75 0.02592592592592593 0.01875
0 0.7097222222222223 0.5833333333333334 0.030555555555555558 0.017708333333333333
0 0.7111111111111111 0.6255208333333333 0.024074074074074074 0.011458333333333333
0 0.549074074074074 0.5510416666666667 0.02777777777777778 0.0125
0 0.7680555555555556 0.5927083333333333 0.032407407407407406 0.0125
0 0.7097222222222223 0.5442708333333334 0.026851851851851852 0.013541666666666667
0 0.7055555555555556 0.5200520833333333 0.020370370370370372 0.013020833333333334
0 0.6995370370370371 0.47812499999999997 0.02314814814814815 0.011458333333333333
0 0.5527777777777778 0.3859375 0.016666666666666666 0.016666666666666666
0 0.5861111111111111 0.375 0.02592592592592593 0.015625
0 0.5907407407407408 0.3963541666666667 0.012962962962962964 0.010416666666666666
0 0.6648148148148149 0.3971354166666667 0.016666666666666666 0.0078125
0 0.674074074074074 0.41302083333333334 0.018518518518518517 0.010416666666666666
0 0.5657407407407408 0.2864583333333333 0.02777777777777778 0.017708333333333333
0 0.6736111111111112 0.24557291666666667 0.026851851851851852 0.0203125
0 0.7986111111111112 0.16796875 0.025 0.018229166666666668
0 0.7861111111111111 0.15208333333333332 0.024074074074074074 0.015625
0 0.826388888888889 0.10651041666666666 0.026851851851851852 0.0171875
0 0.7731481481481481 0.30182291666666666 0.020370370370370372 0.013020833333333334
0 0.825925925925926 0.28541666666666665 0.02592592592592593 0.020833333333333332
0 0.8837962962962963 0.27291666666666664 0.025 0.0125
0 0.8708333333333333 0.22942708333333334 0.026851851851851852 0.01614583333333333
0 0.7462962962962963 0.4184895833333333 0.024074074074074074 0.0171875
0 0.7736111111111111 0.4223958333333333 0.032407407407407406 0.017708333333333333
0 0.7768518518518519 0.40234375 0.018518518518518517 0.009895833333333333
0 0.8189814814814815 0.38203125 0.02314814814814815 0.0140625
0 0.8814814814814815 0.3734375 0.02962962962962963 0.016666666666666666
0 0.837037037037037 0.42994791666666665 0.02592592592592593 0.01614583333333333
0 0.8564814814814815 0.5317708333333333 0.03518518518518519 0.019791666666666666
0 0.8287037037037037 0.5466145833333333 0.02777777777777778 0.015104166666666667
0 0.9180555555555556 0.6057291666666667 0.028703703703703703 0.0125
0 0.987962962962963 0.65 0.024074074074074074 0.016666666666666666
0 0.9884259259259259 0.6286458333333333 0.02314814814814815 0.010416666666666666
0 0.8277777777777778 0.2526041666666667 0.024074074074074074 0.015625
0 0.788425925925926 0.2877604166666667 0.026851851851851852 0.018229166666666668
0 0.7662037037037037 0.3919270833333333 0.032407407407407406 0.0203125
0 0.7717592592592593 0.2752604166666667 0.02314814814814815 0.015104166666666667
0 0.5064814814814815 0.3893229166666667 0.020370370370370372 0.013020833333333334
0 0.3106481481481482 0.6888020833333334 0.026851851851851852 0.0109375
0 0.6652777777777779 0.3216145833333333 0.02314814814814815 0.01614583333333333
0 0.6689814814814815 0.33932291666666664 0.021296296296296296 0.0140625
