0 0.437962962962963 0.21510416666666665 0.02592592592592593 0.016666666666666666
0 0.05740740740740741 0.5197916666666667 0.03333333333333333 0.02395833333333333
0 0.41481481481481486 0.340625 0.02962962962962963 0.014583333333333334
0 0.475462962962963 0.28984375 0.025 0.018229166666666668
0 0.35694444444444445 0.3143229166666667 0.019444444444444445 0.0171875
0 0.2833333333333333 0.3263020833333333 0.024074074074074074 0.015104166666666667
0 0.3902777777777778 0.37135416666666665 0.028703703703703703 0.019791666666666666
0 0.4236111111111111 0.3802083333333333 0.02314814814814815 0.020833333333333332
0 0.4527777777777778 0.3809895833333333 0.024074074074074074 0.0171875
0 0.3143518518518519 0.42578125 0.028703703703703703 0.011979166666666666
0 0.4328703703703704 0.4591145833333333 0.030555555555555558 0.0140625
0 0.30462962962962964 0.47239583333333335 0.02962962962962963 0.01875
0 0.3282407407407408 0.4869791666666667 0.032407407407407406 0.021875
0 0.4217592592592593 0.49921875 0.032407407407407406 0.019270833333333334
0 0.44583333333333336 0.5236979166666667 0.032407407407407406 0.019270833333333334
0 0.3236111111111111 0.5244791666666666 0.026851851851851852 0.020833333333333332
0 0.33611111111111114 0.6216145833333333 0.040740740740740744 0.0234375
0 0.3717592592592593 0.6919270833333333 0.03796296296296296 0.0296875
0 0.40740740740740744 0.7622395833333333 0.02777777777777778 0.0203125
0 0.33472222222222225 0.74453125 0.03425925925925926 0.022395833333333334
0 0.3078703703703704 0.7494791666666667 0.025 0.015625
0 0.0962962962962963 0.6434895833333333 0.02962962962962963 0.0234375
0 0.021296296296296296 0.3640625 0.037037037037037035 0.01875
0 0.06944444444444445 0.10963541666666667 0.037037037037037035 0.025520833333333333
0 0.036111111111111115 0.11770833333333333 0.040740740740740744 0.027083333333333334
0 0.0375 0.38697916666666665 0.030555555555555558 0.017708333333333333
0 0.03333333333333333 0.45078124999999997 0.037037037037037035 0.018229166666666668
0 0.05925925925925926 0.4765625 0.04259259259259259 0.020833333333333332
0 0.014351851851851852 0.5734375 0.025 0.019791666666666666
0 0.038425925925925926 0.5796875 0.026851851851851852 0.01875
0 0.07175925925925926 0.59375 0.026851851851851852 0.017708333333333333
0 0.09212962962962963 0.61640625 0.03425925925925926 0.013020833333333334
0 0.020833333333333336 0.7049479166666667 0.03425925925925926 0.022395833333333334
0 0.06157407407407408 0.8255208333333334 0.032407407407407406 0.019791666666666666
0 0.13472222222222222 0.75703125 0.03425925925925926 0.022395833333333334
0 0.024537037037037038 0.7244791666666667 0.02314814814814815 0.016666666666666666
0 0.0976851851851852 0.35104166666666664 0.032407407407407406 0.017708333333333333
0 0.10648148148148148 0.325 0.02777777777777778 0.015625
0 0.08333333333333334 0.33307291666666666 0.02777777777777778 0.01614583333333333
0 0.16342592592592592 0.5049479166666666 0.030555555555555558 0.0171875
0 0.3712962962962963 0.61015625 0.02962962962962963 0.021354166666666667
0 0.45787037037037037 0.6033854166666667 0.036111111111111115 0.0171875
0 0.21574074074074076 0.8348958333333333 0.024074074074074074 0.022916666666666665
0 0.20416666666666666 0.65859375 0.03425925925925926 0.018229166666666668
0 0.13055555555555556 0.5791666666666666 0.037037037037037035 0.015625
0 0.4361111111111111 0.68515625 0.03518518518518519 0.021354166666666667
0 0.4703703703703704 0.6786458333333333 0.03333333333333333 0.011458333333333333
0 0.5287037037037037 0.7377604166666667 0.04259259259259259 0.025520833333333333
0 0.611574074074074 0.5994791666666667 0.032407407407407406 0.020833333333333332
0 0.48750000000000004 0.5515625 0.028703703703703703 0.017708333333333333
0 0.5458333333333334 0.5364583333333334 0.028703703703703703 0.017708333333333333
0 0.7782407407407408 0.8697916666666666 0.03981481481481482 0.03125
0 0.7439814814814815 0.8635416666666667 0.026851851851851852 0.03229166666666666
0 0.7625000000000001 0.7903645833333334 0.03981481481481482 0.027604166666666666
0 0.7555555555555555 0.7567708333333333 0.03888888888888889 0.028125
0 0.875925925925926 0.7505208333333333 0.02592592592592593 0.016666666666666666
0 0.6865740740740741 0.5830729166666666 0.030555555555555558 0.018229166666666668
0 0.6930555555555555 0.6247395833333333 0.02314814814814815 0.011979166666666666
0 0.5300925925925926 0.5510416666666667 0.026851851851851852 0.0125
0 0.7564814814814815 0.5924479166666666 0.020370370370370372 0.013020833333333334
0 0.6916666666666667 0.5432291666666667 0.02592592592592593 0.013541666666666667
0 0.688425925925926 0.5197916666666667 0.017592592592592594 0.013541666666666667
0 0.6814814814814815 0.47578125 0.022222222222222223 0.008854166666666666
0 0.5310185185185186 0.3848958333333333 0.017592592592592594 0.016666666666666666
0 0.5638888888888889 0.37447916666666664 0.02592592592592593 0.015625
0 0.5699074074074074 0.3953125 0.01388888888888889 0.010416666666666666
0 0.6407407407407407 0.39453125 0.020370370370370372 0.0078125
0 0.6527777777777778 0.4125 0.020370370370370372 0.013541666666666667
0 0.5462962962962963 0.28515625 0.02777777777777778 0.018229166666666668
0 0.6532407407407408 0.24505208333333334 0.026851851851851852 0.0203125
0 0.7800925925925927 0.16692708333333334 0.025 0.018229166666666668
0 0.7662037037037037 0.15104166666666666 0.02314814814814815 0.015625
0 0.8055555555555556 0.10520833333333333 0.02592592592592593 0.017708333333333333
0 0.7527777777777778 0.30104166666666665 0.020370370370370372 0.013541666666666667
0 0.8032407407407408 0.28463541666666664 0.025 0.021354166666666667
0 0.8638888888888889 0.27239583333333334 0.02592592592592593 0.0125
0 0.850462962962963 0.228125 0.026851851851851852 0.016666666666666666
0 0.7263888888888889 0.41770833333333335 0.02314814814814815 0.017708333333333333
0 0.7532407407407408 0.42213541666666665 0.032407407407407406 0.0171875
0 0.7578703703703704 0.40182291666666664 0.019444444444444445 0.0109375
0 0.7986111111111112 0.38229166666666664 0.02314814814814815 0.0125
0 0.8615740740740742 0.3731770833333333 0.028703703703703703 0.0171875
0 0.8166666666666667 0.42942708333333335 0.02592592592592593 0.01614583333333333
0 0.8407407407407408 0.5315104166666667 0.04259259259259259 0.019270833333333334
0 0.8087962962962963 0.5466145833333333 0.030555555555555558 0.015104166666666667
0 0.8972222222222223 0.6057291666666667 0.031481481481481485 0.0125
0 0.987037037037037 0.6942708333333333 0.024074074074074074 0.020833333333333332
0 0.9736111111111111 0.65 0.028703703703703703 0.016666666666666666
0 0.9726851851851852 0.628125 0.02314814814814815 0.010416666666666666
0 0.8083333333333333 0.2518229166666667 0.022222222222222223 0.0140625
0 0.7662037037037037 0.2869791666666667 0.025 0.017708333333333333
0 0.7490740740740741 0.3921875 0.02592592592592593 0.016666666666666666
0 0.7523148148148149 0.2734375 0.026851851851851852 0.014583333333333334
0 0.4851851851851852 0.3880208333333333 0.020370370370370372 0.013541666666666667
0 0.29074074074074074 0.68828125 0.02592592592592593 0.0109375
0 0.6481481481481481 0.32109375 0.022222222222222223 0.0171875
0 0.6518518518518519 0.33880208333333334 0.022222222222222223 0.0140625
