0 0.40694444444444444 0.21588541666666666 0.025 0.01614583333333333
0 0.022222222222222223 0.5213541666666667 0.03888888888888889 0.02395833333333333
0 0.38333333333333336 0.3411458333333333 0.02962962962962963 0.014583333333333334
0 0.44722222222222224 0.28984375 0.02592592592592593 0.018229166666666668
0 0.3277777777777778 0.3145833333333333 0.018518518518518517 0.016666666666666666
0 0.25601851851851853 0.32708333333333334 0.025 0.014583333333333334
0 0.3578703703703704 0.37213541666666666 0.026851851851851852 0.0203125
0 0.3907407407407408 0.3809895833333333 0.024074074074074074 0.021354166666666667
0 0.42129629629629634 0.38203125 0.022222222222222223 0.0171875
0 0.2828703703703704 0.4263020833333333 0.028703703703703703 0.011979166666666666
0 0.4046296296296297 0.46015625 0.02962962962962963 0.0140625
0 0.2726851851851852 0.4734375 0.026851851851851852 0.01875
0 0.2953703703703704 0.4875 0.031481481481481485 0.021875
0 0.3893518518518519 0.5 0.03425925925925926 0.019791666666666666
0 0.4166666666666667 0.5247395833333334 0.031481481481481485 0.019270833333333334
0 0.2916666666666667 0.5263020833333333 0.02592592592592593 0.021354166666666667
0 0.3013888888888889 0.6234375 0.04166666666666667 0.02395833333333333
0 0.33611111111111114 0.6942708333333333 0.03888888888888889 0.030208333333333334
0 0.3736111111111111 0.7635416666666667 0.028703703703703703 0.020833333333333332
0 0.30092592592592593 0.7471354166666666 0.03518518518518519 0.022395833333333334
0 0.2740740740740741 0.7518229166666667 0.024074074074074074 0.015104166666666667
0 0.06064814814814815 0.6453125 0.030555555555555558 0.02395833333333333
0 0.034722222222222224 0.11041666666666666 0.03796296296296296 0.025
0 0.011574074074074075 0.11848958333333333 0.021296296296296296 0.024479166666666666
0 0.02314814814814815 0.47760416666666666 0.040740740740740744 0.020833333333333332
0 0.007870370370370371 0.5822916666666667 0.01388888888888889 0.016666666666666666
0 0.0375 0.5950520833333334 0.026851851851851852 0.018229166666666668
0 0.05601851851851852 0.6177083333333333 0.030555555555555558 0.0125
0 0.025 0.8278645833333333 0.02962962962962963 0.021354166666666667
0 0.09907407407407408 0.759375 0.031481481481481485 0.021875
0 0.06851851851851852 0.35182291666666665 0.03333333333333333 0.018229166666666668
0 0.07546296296296297 0.3255208333333333 0.028703703703703703 0.015625
0 0.053703703703703705 0.3338541666666667 0.02777777777777778 0.016666666666666666
0 0.13055555555555556 0.50625 0.031481481481481485 0.017708333333333333
0 0.3375 0.6114583333333333 0.032407407407407406 0.020833333333333332
0 0.425 0.6049479166666667 0.03518518518518519 0.018229166666666668
0 0.17777777777777778 0.8372395833333334 0.024074074074074074 0.024479166666666666
0 0.17083333333333334 0.6606770833333333 0.03425925925925926 0.018229166666666668
0 0.09537037037037037 0.58046875 0.03888888888888889 0.015104166666666667
0 0.3990740740740741 0.68671875 0.040740740740740744 0.019270833333333334
0 0.4365740740740741 0.6807291666666666 0.030555555555555558 0.0125
0 0.49444444444444446 0.7390625 0.044444444444444446 0.02395833333333333
0 0.6129629629629629 0.7546875 0.018518518518518517 0.010416666666666666
0 0.5750000000000001 0.6 0.03333333333333333 0.020833333333333332
0 0.45833333333333337 0.553125 0.02962962962962963 0.01875
0 0.5162037037037037 0.5377604166666666 0.028703703703703703 0.0171875
0 0.7435185185185186 0.871875 0.040740740740740744 0.03125
0 0.7083333333333334 0.8658854166666666 0.03518518518518519 0.027604166666666666
0 0.7291666666666667 0.7919270833333333 0.03981481481481482 0.027604166666666666
0 0.7236111111111111 0.7583333333333333 0.03796296296296296 0.027083333333333334
0 0.800462962962963 0.7083333333333334 0.025 0.019791666666666666
0 0.8453703703703704 0.75234375 0.02592592592592593 0.01614583333333333
0 0.9680555555555556 0.8296875 0.04351851851851852 0.028125
0 0.6532407407407408 0.5838541666666667 0.030555555555555558 0.01875
0 0.6643518518518519 0.6255208333333333 0.019444444444444445 0.011458333333333333
0 0.500925925925926 0.5515625 0.02777777777777778 0.0125
0 0.7268518518518519 0.5934895833333333 0.02592592592592593 0.0140625
0 0.6638888888888889 0.5421875 0.024074074074074074 0.011458333333333333
0 0.6587962962962963 0.5205729166666666 0.019444444444444445 0.0140625
0 0.6546296296296297 0.4770833333333333 0.020370370370370372 0.010416666666666666
0 0.49953703703703706 0.38567708333333334 0.019444444444444445 0.01614583333333333
0 0.5333333333333333 0.37526041666666665 0.02592592592592593 0.01614583333333333
0 0.5393518518518519 0.3966145833333333 0.01388888888888889 0.009895833333333333
0 0.6111111111111112 0.39453125 0.020370370370370372 0.0067708333333333336
0 0.6236111111111111 0.4114583333333333 0.019444444444444445 0.0125
0 0.5175925925925926 0.28619791666666666 0.02777777777777778 0.018229166666666668
0 0.6236111111111111 0.2453125 0.026851851851851852 0.020833333333333332
0 0.7495370370370371 0.16744791666666667 0.025 0.018229166666666668
0 0.7361111111111112 0.15234375 0.024074074074074074 0.01614583333333333
0 0.774537037037037 0.10572916666666667 0.025 0.017708333333333333
0 0.7222222222222222 0.3020833333333333 0.020370370370370372 0.013541666666666667
0 0.7712962962962964 0.28541666666666665 0.02592592592592593 0.020833333333333332
0 0.8333333333333334 0.27317708333333335 0.02592592592592593 0.013020833333333334
0 0.8203703703703704 0.22890625 0.02592592592592593 0.01614583333333333
0 0.6958333333333334 0.41822916666666665 0.02314814814814815 0.016666666666666666
0 0.7217592592592593 0.42291666666666666 0.030555555555555558 0.01875
0 0.7287037037037037 0.4028645833333333 0.022222222222222223 0.013020833333333334
0 0.7671296296296296 0.3833333333333333 0.02314814814814815 0.013541666666666667
0 0.8310185185185186 0.3734375 0.028703703703703703 0.016666666666666666
0 0.7865740740740741 0.4302083333333333 0.028703703703703703 0.015625
0 0.8111111111111111 0.53203125 0.040740740740740744 0.019270833333333334
0 0.7814814814814816 0.5471354166666667 0.031481481481481485 0.015104166666666667
0 0.8717592592592593 0.6049479166666667 0.026851851851851852 0.011979166666666666
0 0.8768518518518519 0.6427083333333333 0.016666666666666666 0.010416666666666666
0 0.9824074074074074 0.73046875 0.03518518518518519 0.018229166666666668
0 0.9592592592592593 0.6955729166666667 0.031481481481481485 0.0203125
0 0.9472222222222223 0.65078125 0.02592592592592593 0.0171875
0 0.9712962962962963 0.6486979166666667 0.016666666666666666 0.013020833333333334
0 0.9842592592592593 0.64140625 0.024074074074074074 0.0140625
0 0.9467592592592593 0.62890625 0.025 0.009895833333333333
0 0.7782407407407408 0.2520833333333333 0.021296296296296296 0.013541666666666667
0 0.7347222222222223 0.2872395833333333 0.025 0.018229166666666668
0 0.7143518518518519 0.3927083333333333 0.026851851851851852 0.01875
0 0.7222222222222222 0.2734375 0.02777777777777778 0.0125
0 0.45416666666666666 0.3888020833333333 0.021296296296296296 0.0140625
0 0.2601851851851852 0.6903645833333333 0.02592592592592593 0.0109375
0 0.6212962962962963 0.3223958333333333 0.022222222222222223 0.017708333333333333
0 0.625925925925926 0.33932291666666664 0.022222222222222223 0.0140625
