0 0.3912037037037037 0.2140625 0.025 0.015625
0 0.3666666666666667 0.33984375 0.02962962962962963 0.0140625
0 0.4324074074074074 0.28932291666666665 0.02592592592592593 0.018229166666666668
0 0.3138888888888889 0.31354166666666666 0.022222222222222223 0.016666666666666666
0 0.24074074074074076 0.3260416666666667 0.024074074074074074 0.014583333333333334
0 0.3402777777777778 0.37083333333333335 0.028703703703703703 0.019791666666666666
0 0.3736111111111111 0.3794270833333333 0.025 0.021354166666666667
0 0.40555555555555556 0.3809895833333333 0.024074074074074074 0.0171875
0 0.26666666666666666 0.42604166666666665 0.02962962962962963 0.0125
0 0.3902777777777778 0.45989583333333334 0.030555555555555558 0.014583333333333334
0 0.25416666666666665 0.47291666666666665 0.028703703703703703 0.01875
0 0.27824074074074073 0.48723958333333334 0.032407407407407406 0.022395833333333334
0 0.3740740740740741 0.5 0.03333333333333333 0.019791666666666666
0 0.40046296296296297 0.5239583333333333 0.032407407407407406 0.01875
0 0.27546296296296297 0.5255208333333333 0.026851851851851852 0.020833333333333332
0 0.2828703703703704 0.6231770833333333 0.04166666666666667 0.0234375
0 0.31666666666666665 0.6940104166666666 0.040740740740740744 0.0296875
0 0.3560185185185185 0.7640625 0.026851851851851852 0.020833333333333332
0 0.2814814814814815 0.7466145833333333 0.03518518518518519 0.022395833333333334
0 0.25601851851851853 0.7518229166666667 0.025 0.015104166666666667
0 0.04490740740740741 0.6453125 0.03425925925925926 0.02395833333333333
0 0.018518518518518517 0.10781249999999999 0.03333333333333333 0.026041666666666668
0 0.013425925925925926 0.47552083333333334 0.025 0.01875
0 0.018518518518518517 0.5947916666666666 0.02592592592592593 0.01875
0 0.037037037037037035 0.6182291666666666 0.02962962962962963 0.0125
0 0.08009259259259259 0.76015625 0.030555555555555558 0.021354166666666667
0 0.052314814814814814 0.35130208333333335 0.03425925925925926 0.018229166666666668
0 0.059722222222222225 0.3247395833333333 0.028703703703703703 0.01614583333333333
0 0.0375 0.3325520833333333 0.028703703703703703 0.01614583333333333
0 0.11296296296296297 0.50546875 0.031481481481481485 0.018229166666666668
0 0.3194444444444445 0.6109375 0.03333333333333333 0.020833333333333332
0 0.4087962962962963 0.6044270833333333 0.036111111111111115 0.018229166666666668
0 0.1564814814814815 0.8380208333333333 0.024074074074074074 0.02395833333333333
0 0.1537037037037037 0.6606770833333333 0.03518518518518519 0.018229166666666668
0 0.0763888888888889 0.5802083333333333 0.03981481481481482 0.014583333333333334
0 0.3842592592592593 0.6872395833333333 0.03518518518518519 0.0203125
0 0.4175925925925926 0.68046875 0.02962962962962963 0.013020833333333334
0 0.4759259259259259 0.7390625 0.044444444444444446 0.022916666666666665
0 0.5953703703703704 0.75390625 0.018518518518518517 0.0109375
0 0.5592592592592592 0.5997395833333333 0.031481481481481485 0.021354166666666667
0 0.44074074074074077 0.55234375 0.031481481481481485 0.019270833333333334
0 0.5023148148148149 0.5372395833333333 0.028703703703703703 0.0171875
0 0.725462962962963 0.871875 0.03981481481481482 0.03125
0 0.6902777777777778 0.8661458333333333 0.036111111111111115 0.028125
0 0.7148148148148148 0.79140625 0.037037037037037035 0.027604166666666666
0 0.7074074074074075 0.7580729166666667 0.037037037037037035 0.027604166666666666
0 0.7847222222222222 0.7075520833333333 0.025 0.0203125
0 0.8300925925925926 0.7515625 0.026851851851851852 0.016666666666666666
0 0.951388888888889 0.82890625 0.04166666666666667 0.028645833333333332
0 0.6365740740740741 0.5828125 0.030555555555555558 0.01875
0 0.6490740740740741 0.62578125 0.016666666666666666 0.0109375
0 0.4865740740740741 0.5515625 0.026851851851851852 0.0125
0 0.712037037037037 0.59296875 0.02777777777777778 0.0140625
0 0.6476851851851853 0.5427083333333333 0.028703703703703703 0.0125
0 0.6449074074074075 0.5203125 0.019444444444444445 0.014583333333333334
0 0.6398148148148148 0.4770833333333333 0.020370370370370372 0.010416666666666666
0 0.48379629629629634 0.3848958333333333 0.021296296296296296 0.016666666666666666
0 0.5171296296296296 0.37421875 0.026851851851851852 0.01614583333333333
0 0.524537037037037 0.3958333333333333 0.01388888888888889 0.010416666666666666
0 0.5976851851851852 0.39453125 0.017592592592592594 0.008854166666666666
0 0.6092592592592593 0.41041666666666665 0.018518518518518517 0.013541666666666667
0 0.5018518518518519 0.28515625 0.02777777777777778 0.018229166666666668
0 0.6226851851851852 0.51875 0.025 0.013541666666666667
0 0.6097222222222223 0.24427083333333333 0.026851851851851852 0.020833333333333332
0 0.7347222222222223 0.165625 0.025 0.017708333333333333
0 0.7226851851851852 0.15078125 0.02314814814814815 0.0171875
0 0.6083333333333334 0.3216145833333333 0.022222222222222223 0.01614583333333333
0 0.7597222222222223 0.10416666666666667 0.025 0.017708333333333333
0 0.6134259259259259 0.33880208333333334 0.019444444444444445 0.0140625
0 0.7074074074074075 0.30104166666666665 0.020370370370370372 0.013541666666666667
0 0.7564814814814815 0.284375 0.02592592592592593 0.020833333333333332
0 0.8194444444444445 0.27265625 0.024074074074074074 0.013020833333333334
0 0.8064814814814815 0.22838541666666667 0.02592592592592593 0.0171875
0 0.6805555555555556 0.41744791666666664 0.022222222222222223 0.0171875
0 0.7074074074074075 0.421875 0.02962962962962963 0.016666666666666666
0 0.7166666666666667 0.40208333333333335 0.018518518518518517 0.011458333333333333
0 0.7518518518518519 0.3833333333333333 0.024074074074074074 0.014583333333333334
0 0.8152777777777778 0.37265625 0.028703703703703703 0.01614583333333333
0 0.7717592592592593 0.4296875 0.026851851851851852 0.015625
0 0.7958333333333334 0.5317708333333333 0.03981481481481482 0.019791666666666666
0 0.7662037037037037 0.5463541666666667 0.028703703703703703 0.014583333333333334
0 0.8550925925925926 0.6041666666666666 0.030555555555555558 0.0125
0 0.862037037037037 0.6421875 0.014814814814814815 0.010416666666666666
0 0.9675925925925927 0.7299479166666667 0.03333333333333333 0.018229166666666668
0 0.9449074074074074 0.6950520833333333 0.032407407407407406 0.0203125
0 0.9337962962962963 0.6505208333333333 0.026851851851851852 0.016666666666666666
0 0.9574074074074075 0.6484375 0.016666666666666666 0.013541666666666667
0 0.9712962962962963 0.640625 0.02592592592592593 0.014583333333333334
0 0.9375 0.6283854166666667 0.019444444444444445 0.009895833333333333
0 0.7643518518518518 0.2505208333333333 0.019444444444444445 0.013541666666666667
0 0.7203703703703704 0.28619791666666666 0.024074074074074074 0.018229166666666668
0 0.6990740740740741 0.3921875 0.02777777777777778 0.01875
0 0.7097222222222223 0.2721354166666667 0.028703703703703703 0.0140625
0 0.43842592592592594 0.38645833333333335 0.025 0.017708333333333333
0 0.2449074074074074 0.6903645833333333 0.026851851851851852 0.0109375
