0 0.3851851851851852 0.21276041666666667 0.02592592592592593 0.01614583333333333
0 0.36064814814814816 0.3390625 0.030555555555555558 0.013541666666666667
0 0.42638888888888893 0.28828125 0.025 0.018229166666666668
0 0.30833333333333335 0.3125 0.024074074074074074 0.016666666666666666
0 0.23472222222222222 0.3247395833333333 0.02314814814814815 0.0140625
0 0.3337962962962963 0.37057291666666664 0.028703703703703703 0.0203125
0 0.3652777777777778 0.37864583333333335 0.025 0.020833333333333332
0 0.39814814814814814 0.37994791666666666 0.022222222222222223 0.0171875
0 0.2601851851851852 0.425 0.02962962962962963 0.0125
0 0.3837962962962963 0.4591145833333333 0.030555555555555558 0.0140625
0 0.24814814814814815 0.47239583333333335 0.02777777777777778 0.01875
0 0.27037037037037037 0.4864583333333333 0.031481481481481485 0.021875
0 0.3662037037037037 0.49895833333333334 0.03425925925925926 0.019791666666666666
0 0.3939814814814815 0.5234375 0.032407407407407406 0.01875
0 0.26805555555555555 0.5244791666666666 0.026851851851851852 0.020833333333333332
0 0.275 0.62265625 0.040740740740740744 0.0234375
0 0.3078703703703704 0.6934895833333333 0.03981481481481482 0.0296875
0 0.34814814814814815 0.7635416666666667 0.02777777777777778 0.020833333333333332
0 0.27361111111111114 0.7466145833333333 0.036111111111111115 0.022395833333333334
0 0.2476851851851852 0.7515625 0.02314814814814815 0.014583333333333334
0 0.03425925925925926 0.6450520833333333 0.03333333333333333 0.024479166666666666
0 0.015277777777777779 0.10651041666666666 0.025 0.0265625
0 0.012962962962962964 0.5932291666666667 0.022222222222222223 0.020833333333333332
0 0.029166666666666667 0.6174479166666667 0.028703703703703703 0.011979166666666666
0 0.07175925925925926 0.7604166666666666 0.030555555555555558 0.020833333333333332
0 0.04490740740740741 0.3502604166666667 0.03425925925925926 0.018229166666666668
0 0.05324074074074074 0.32369791666666664 0.028703703703703703 0.01614583333333333
0 0.029166666666666667 0.33151041666666664 0.028703703703703703 0.01614583333333333
0 0.1050925925925926 0.5049479166666666 0.032407407407407406 0.018229166666666668
0 0.31203703703703706 0.6106770833333334 0.03518518518518519 0.0203125
0 0.4013888888888889 0.60390625 0.036111111111111115 0.018229166666666668
0 0.14675925925925926 0.8375 0.02314814814814815 0.02395833333333333
0 0.14583333333333334 0.66015625 0.03425925925925926 0.018229166666666668
0 0.06759259259259259 0.5799479166666667 0.03888888888888889 0.015104166666666667
0 0.3768518518518519 0.6872395833333333 0.03333333333333333 0.0203125
0 0.4115740740740741 0.6786458333333333 0.028703703703703703 0.013541666666666667
0 0.46851851851851856 0.7388020833333333 0.044444444444444446 0.0234375
0 0.587037037037037 0.75390625 0.018518518518518517 0.0109375
0 0.5513888888888889 0.5997395833333333 0.032407407407407406 0.021354166666666667
0 0.43472222222222223 0.55234375 0.032407407407407406 0.019270833333333334
0 0.49583333333333335 0.5361979166666666 0.028703703703703703 0.0171875
0 0.7166666666666667 0.8713541666666667 0.040740740740740744 0.03125
0 0.6824074074074075 0.865625 0.037037037037037035 0.028125
0 0.7074074074074075 0.79140625 0.037037037037037035 0.027604166666666666
0 0.7000000000000001 0.7578125 0.037037037037037035 0.027083333333333334
0 0.7759259259259259 0.7067708333333333 0.02592592592592593 0.020833333333333332
0 0.8236111111111112 0.7510416666666666 0.025 0.016666666666666666
0 0.9435185185185185 0.8286458333333333 0.04259259259259259 0.028125
0 0.6291666666666667 0.5828125 0.030555555555555558 0.01875
0 0.6416666666666667 0.62578125 0.014814814814814815 0.009895833333333333
0 0.4800925925925926 0.5510416666666667 0.026851851851851852 0.0125
0 0.7060185185185186 0.5924479166666666 0.028703703703703703 0.0140625
0 0.6398148148148148 0.5419270833333333 0.02777777777777778 0.0109375
0 0.638425925925926 0.51953125 0.019444444444444445 0.0140625
0 0.6333333333333333 0.4770833333333333 0.020370370370370372 0.011458333333333333
0 0.4763888888888889 0.3841145833333333 0.021296296296296296 0.01614583333333333
0 0.5101851851851852 0.37421875 0.02777777777777778 0.01614583333333333
0 0.5175925925925926 0.39479166666666665 0.014814814814814815 0.010416666666666666
0 0.5916666666666667 0.39479166666666665 0.018518518518518517 0.009375
0 0.6023148148148149 0.40989583333333335 0.019444444444444445 0.013541666666666667
0 0.4962962962962963 0.2838541666666667 0.02777777777777778 0.01875
0 0.6157407407407408 0.51796875 0.024074074074074074 0.0140625
0 0.6032407407407407 0.24322916666666666 0.026851851851851852 0.020833333333333332
0 0.7291666666666667 0.16484375 0.025 0.018229166666666668
0 0.7166666666666667 0.14973958333333334 0.024074074074074074 0.0171875
0 0.7541666666666667 0.10260416666666666 0.025 0.017708333333333333
0 0.701388888888889 0.30026041666666664 0.021296296296296296 0.013020833333333334
0 0.7490740740740741 0.2833333333333333 0.02592592592592593 0.020833333333333332
0 0.8138888888888889 0.271875 0.024074074074074074 0.013541666666666667
0 0.8009259259259259 0.22734374999999998 0.02592592592592593 0.0171875
0 0.674074074074074 0.41692708333333334 0.022222222222222223 0.0171875
0 0.7000000000000001 0.42083333333333334 0.02962962962962963 0.016666666666666666
0 0.7106481481481481 0.4015625 0.019444444444444445 0.011458333333333333
0 0.7449074074074075 0.38229166666666664 0.02314814814814815 0.014583333333333334
0 0.8092592592592593 0.37213541666666666 0.02962962962962963 0.01614583333333333
0 0.7657407407407407 0.42916666666666664 0.02777777777777778 0.015625
0 0.7893518518518519 0.5315104166666667 0.03981481481481482 0.019270833333333334
0 0.7611111111111112 0.5458333333333333 0.02777777777777778 0.014583333333333334
0 0.8486111111111111 0.6046875 0.028703703703703703 0.0125
0 0.8550925925925926 0.6421875 0.015740740740740743 0.010416666666666666
0 0.9615740740740741 0.7294270833333333 0.03425925925925926 0.018229166666666668
0 0.9393518518518519 0.69453125 0.032407407407407406 0.0203125
0 0.9273148148148148 0.65 0.026851851851851852 0.016666666666666666
0 0.950925925925926 0.6481770833333333 0.016666666666666666 0.013020833333333334
0 0.9671296296296297 0.6403645833333333 0.026851851851851852 0.015104166666666667
0 0.9314814814814815 0.628125 0.020370370370370372 0.010416666666666666
0 0.7587962962962963 0.24973958333333332 0.021296296296296296 0.0140625
0 0.7143518518518519 0.2856770833333333 0.025 0.018229166666666668
0 0.6916666666666667 0.39166666666666666 0.02777777777777778 0.01875
0 0.7050925925925926 0.27109375 0.028703703703703703 0.0140625
0 0.4324074074074074 0.38515625 0.024074074074074074 0.0171875
0 0.23842592592592593 0.68984375 0.026851851851851852 0.0109375
0 0.6023148148148149 0.3208333333333333 0.021296296296296296 0.016666666666666666
0 0.6083333333333334 0.3380208333333333 0.020370370370370372 0.013541666666666667
