0 0.6458333333333334 0.21145833333333333 0.026851851851851852 0.016666666666666666
0 0.6731481481481482 0.3372395833333333 0.031481481481481485 0.013020833333333334
0 0.6018518518518519 0.28671875 0.02592592592592593 0.018229166666666668
0 0.7212962962962963 0.3106770833333333 0.022222222222222223 0.018229166666666668
0 0.7962962962962963 0.3229166666666667 0.024074074074074074 0.014583333333333334
0 0.700925925925926 0.36875 0.02777777777777778 0.020833333333333332
0 0.6583333333333333 0.378125 0.02777777777777778 0.019791666666666666
0 0.6347222222222223 0.37838541666666664 0.02314814814814815 0.0171875
0 0.7731481481481481 0.4236979166666667 0.02962962962962963 0.013020833333333334
0 0.6467592592592593 0.45807291666666666 0.030555555555555558 0.0140625
0 0.7875 0.47109375 0.028703703703703703 0.018229166666666668
0 0.763425925925926 0.4848958333333333 0.032407407407407406 0.022916666666666665
0 0.6666666666666667 0.4981770833333333 0.03333333333333333 0.0203125
0 0.638425925925926 0.5231770833333333 0.03425925925925926 0.019270833333333334
0 0.7662037037037037 0.5236979166666667 0.026851851851851852 0.0203125
0 0.763425925925926 0.6231770833333333 0.04351851851851852 0.0234375
0 0.7319444444444445 0.69296875 0.04166666666666667 0.030729166666666665
0 0.687962962962963 0.7640625 0.02777777777777778 0.020833333333333332
0 0.762962962962963 0.7466145833333333 0.037037037037037035 0.022395833333333334
0 0.788888888888889 0.75234375 0.024074074074074074 0.0140625
0 0.9888888888888889 0.6447916666666667 0.022222222222222223 0.019791666666666666
0 0.9643518518518519 0.76015625 0.030555555555555558 0.021354166666666667
0 0.9847222222222223 0.3481770833333333 0.030555555555555558 0.019270833333333334
0 0.9787037037037037 0.32135416666666666 0.02962962962962963 0.016666666666666666
0 0.9296296296296297 0.5041666666666667 0.03333333333333333 0.01875
0 0.7231481481481482 0.6104166666666666 0.03518518518518519 0.020833333333333332
0 0.6333333333333333 0.6036458333333333 0.03518518518518519 0.017708333333333333
0 0.8949074074074075 0.8377604166666667 0.025 0.0234375
0 0.8898148148148148 0.659375 0.03518518518518519 0.01875
0 0.9712962962962963 0.57890625 0.037037037037037035 0.0140625
0 0.6601851851851852 0.6875 0.03333333333333333 0.020833333333333332
0 0.6240740740740741 0.6786458333333333 0.031481481481481485 0.015625
0 0.5912037037037037 0.7502604166666667 0.02314814814814815 0.022395833333333334
0 0.5694444444444444 0.7390625 0.04259259259259259 0.022916666666666665
0 0.4486111111111111 0.7533854166666667 0.019444444444444445 0.011979166666666666
0 0.5240740740740741 0.375 0.022222222222222223 0.013541666666666667
0 0.5148148148148148 0.39427083333333335 0.012962962962962964 0.011458333333333333
0 0.4847222222222222 0.5997395833333333 0.032407407407407406 0.021354166666666667
0 0.5958333333333333 0.5518229166666666 0.032407407407407406 0.018229166666666668
0 0.5351851851851852 0.5361979166666666 0.02962962962962963 0.0171875
0 0.3199074074074074 0.87265625 0.03981481481481482 0.03177083333333333
0 0.35462962962962963 0.8664062499999999 0.037037037037037035 0.028645833333333332
0 0.3282407407407408 0.7916666666666666 0.03796296296296296 0.027083333333333334
0 0.3351851851851852 0.7588541666666666 0.03888888888888889 0.026041666666666668
0 0.2606481481481482 0.70859375 0.030555555555555558 0.0234375
0 0.20833333333333334 0.7518229166666667 0.02592592592592593 0.01614583333333333
0 0.09305555555555556 0.8299479166666667 0.04351851851851852 0.028645833333333332
0 0.4050925925925926 0.5828125 0.030555555555555558 0.01875
0 0.3819444444444445 0.6265625 0.02314814814814815 0.007291666666666667
0 0.5504629629629629 0.55 0.026851851851851852 0.0125
0 0.325 0.5924479166666666 0.031481481481481485 0.0140625
0 0.38657407407407407 0.5408854166666667 0.02314814814814815 0.009895833333333333
0 0.3902777777777778 0.5197916666666667 0.019444444444444445 0.014583333333333334
0 0.39490740740740743 0.47734375 0.021296296296296296 0.013020833333333334
0 0.5560185185185186 0.3828125 0.02314814814814815 0.016666666666666666
0 0.4398148148148148 0.39479166666666665 0.020370370370370372 0.011458333333333333
0 0.42638888888888893 0.409375 0.019444444444444445 0.013541666666666667
0 0.5333333333333333 0.2825520833333333 0.02777777777777778 0.018229166666666668
0 0.412962962962963 0.51796875 0.022222222222222223 0.015104166666666667
0 0.42592592592592593 0.24166666666666667 0.02777777777777778 0.020833333333333332
0 0.3 0.16328125 0.024074074074074074 0.018229166666666668
0 0.312962962962963 0.14817708333333332 0.022222222222222223 0.0171875
0 0.27685185185185185 0.10104166666666667 0.024074074074074074 0.017708333333333333
0 0.3287037037037037 0.2994791666666667 0.022222222222222223 0.013541666666666667
0 0.2828703703703704 0.28229166666666666 0.025 0.020833333333333332
0 0.21574074074074076 0.27109375 0.024074074074074074 0.013020833333333334
0 0.22916666666666669 0.22604166666666667 0.026851851851851852 0.016666666666666666
0 0.35694444444444445 0.41640625 0.021296296296296296 0.018229166666666668
0 0.3314814814814815 0.4203125 0.02962962962962963 0.016666666666666666
0 0.3175925925925926 0.4010416666666667 0.020370370370370372 0.011458333333333333
0 0.2851851851851852 0.38203125 0.024074074074074074 0.015104166666666667
0 0.2212962962962963 0.371875 0.02777777777777778 0.016666666666666666
0 0.26481481481481484 0.42864583333333334 0.02777777777777778 0.015625
0 0.24212962962962964 0.53125 0.036111111111111115 0.019791666666666666
0 0.26666666666666666 0.5455729166666666 0.02777777777777778 0.0140625
0 0.1837962962962963 0.6052083333333333 0.030555555555555558 0.0125
0 0.1763888888888889 0.6434895833333333 0.015740740740740743 0.009895833333333333
0 0.06944444444444445 0.73046875 0.03333333333333333 0.018229166666666668
0 0.09074074074074075 0.69453125 0.031481481481481485 0.0203125
0 0.10138888888888889 0.6502604166666667 0.028703703703703703 0.01614583333333333
0 0.07685185185185185 0.6486979166666667 0.016666666666666666 0.013020833333333334
0 0.06064814814814815 0.6408854166666667 0.025 0.015104166666666667
0 0.09583333333333334 0.6286458333333333 0.019444444444444445 0.010416666666666666
0 0.012037037037037037 0.41380208333333335 0.020370370370370372 0.0171875
0 0.0125 0.29791666666666666 0.021296296296296296 0.017708333333333333
0 0.26851851851851855 0.24895833333333334 0.022222222222222223 0.014583333333333334
0 0.3180555555555556 0.284375 0.02314814814814815 0.017708333333333333
0 0.3402777777777778 0.39088541666666665 0.028703703703703703 0.019270833333333334
0 0.32453703703703707 0.27057291666666666 0.026851851851851852 0.0140625
0 0.6 0.3841145833333333 0.024074074074074074 0.0171875
0 0.7930555555555556 0.6895833333333333 0.026851851851851852 0.011458333333333333
0 0.425462962962963 0.31953125 0.021296296296296296 0.01614583333333333
0 0.4185185185185185 0.33697916666666666 0.020370370370370372 0.013541666666666667
