0 0.34861111111111115 0.21171874999999998 0.025 0.01614583333333333
0 0.32083333333333336 0.33697916666666666 0.030555555555555558 0.013541666666666667
0 0.3925925925925926 0.28671875 0.02592592592592593 0.018229166666666668
0 0.2726851851851852 0.3106770833333333 0.021296296296296296 0.018229166666666668
0 0.19814814814814816 0.3229166666666667 0.024074074074074074 0.014583333333333334
0 0.29305555555555557 0.3690104166666667 0.026851851851851852 0.021354166666666667
0 0.33564814814814814 0.37838541666666664 0.030555555555555558 0.018229166666666668
0 0.3601851851851852 0.37890625 0.022222222222222223 0.0171875
0 0.2212962962962963 0.4231770833333333 0.02962962962962963 0.013020833333333334
0 0.34814814814814815 0.45807291666666666 0.02962962962962963 0.0140625
0 0.2064814814814815 0.4713541666666667 0.02777777777777778 0.017708333333333333
0 0.23101851851851854 0.48515625 0.030555555555555558 0.0234375
0 0.32685185185185184 0.4981770833333333 0.03333333333333333 0.0203125
0 0.3560185185185185 0.5231770833333333 0.03425925925925926 0.019270833333333334
0 0.23333333333333334 0.52421875 0.03518518518518519 0.021354166666666667
0 0.22962962962962963 0.6234375 0.04259259259259259 0.02395833333333333
0 0.2611111111111111 0.6932291666666667 0.04259259259259259 0.03125
0 0.3050925925925926 0.7643229166666666 0.028703703703703703 0.0203125
0 0.22962962962962963 0.7471354166666666 0.037037037037037035 0.022395833333333334
0 0.20416666666666666 0.7526041666666666 0.02314814814814815 0.014583333333333334
0 0.029166666666666667 0.7598958333333333 0.032407407407407406 0.021875
0 0.01388888888888889 0.3481770833333333 0.024074074074074074 0.019270833333333334
0 0.016203703703703703 0.3208333333333333 0.028703703703703703 0.015625
0 0.06435185185185185 0.5041666666666667 0.03425925925925926 0.01875
0 0.2712962962962963 0.6106770833333334 0.03518518518518519 0.021354166666666667
0 0.3611111111111111 0.6036458333333333 0.03518518518518519 0.017708333333333333
0 0.0976851851851852 0.8385416666666666 0.025 0.02395833333333333
0 0.10462962962962963 0.6596354166666667 0.03518518518518519 0.018229166666666668
0 0.022685185185185187 0.5791666666666666 0.036111111111111115 0.014583333333333334
0 0.33240740740740743 0.6875 0.03333333333333333 0.020833333333333332
0 0.36944444444444446 0.6786458333333333 0.031481481481481485 0.015625
0 0.4027777777777778 0.7510416666666666 0.022222222222222223 0.022916666666666665
0 0.4240740740740741 0.7395833333333334 0.04259259259259259 0.022916666666666665
0 0.5449074074074074 0.75390625 0.019444444444444445 0.011979166666666666
0 0.5087962962962963 0.5997395833333333 0.03425925925925926 0.021354166666666667
0 0.3990740740740741 0.5518229166666666 0.031481481481481485 0.018229166666666668
0 0.4601851851851852 0.5361979166666666 0.02777777777777778 0.0171875
0 0.6736111111111112 0.8729166666666667 0.03981481481481482 0.03125
0 0.6393518518518518 0.8674479166666667 0.03796296296296296 0.028645833333333332
0 0.6657407407407407 0.7921875 0.03888888888888889 0.028125
0 0.6583333333333333 0.7588541666666666 0.03888888888888889 0.026041666666666668
0 0.7328703703703704 0.70859375 0.030555555555555558 0.0234375
0 0.7861111111111111 0.75234375 0.02592592592592593 0.01614583333333333
0 0.9009259259259259 0.8299479166666667 0.04259259259259259 0.028645833333333332
0 0.5884259259259259 0.5828125 0.030555555555555558 0.01875
0 0.6194444444444445 0.6268229166666667 0.014814814814814815 0.0067708333333333336
0 0.4462962962962963 0.5505208333333333 0.024074074074074074 0.0125
0 0.6703703703703704 0.59296875 0.031481481481481485 0.0140625
0 0.6087962962962963 0.540625 0.02314814814814815 0.010416666666666666
0 0.6050925925925926 0.5197916666666667 0.019444444444444445 0.014583333333333334
0 0.6 0.47734375 0.022222222222222223 0.013020833333333334
0 0.437962962962963 0.3828125 0.022222222222222223 0.016666666666666666
0 0.5550925925925926 0.3950520833333333 0.021296296296296296 0.011979166666666666
0 0.5685185185185185 0.409375 0.020370370370370372 0.013541666666666667
0 0.46111111111111114 0.2825520833333333 0.02777777777777778 0.019270833333333334
0 0.5819444444444445 0.51796875 0.021296296296296296 0.015104166666666667
0 0.5694444444444444 0.2421875 0.02777777777777778 0.020833333333333332
0 0.6949074074074074 0.16380208333333332 0.025 0.018229166666666668
0 0.6810185185185186 0.14817708333333332 0.02314814814814815 0.0171875
0 0.7189814814814816 0.10104166666666667 0.02314814814814815 0.017708333333333333
0 0.6662037037037037 0.2994791666666667 0.021296296296296296 0.013541666666666667
0 0.712037037037037 0.28229166666666666 0.02592592592592593 0.020833333333333332
0 0.7796296296296297 0.2713541666666667 0.024074074074074074 0.0125
0 0.7657407407407407 0.2265625 0.02592592592592593 0.016666666666666666
0 0.638425925925926 0.41692708333333334 0.02314814814814815 0.01614583333333333
0 0.6638888888888889 0.42083333333333334 0.02962962962962963 0.016666666666666666
0 0.6768518518518519 0.4010416666666667 0.020370370370370372 0.011458333333333333
0 0.7092592592592593 0.38255208333333335 0.024074074074074074 0.015104166666666667
0 0.774537037037037 0.3723958333333333 0.030555555555555558 0.016666666666666666
0 0.7310185185185185 0.42916666666666664 0.028703703703703703 0.015625
0 0.7523148148148149 0.5317708333333333 0.036111111111111115 0.019791666666666666
0 0.7291666666666667 0.5458333333333333 0.026851851851851852 0.014583333333333334
0 0.8106481481481482 0.6052083333333333 0.030555555555555558 0.0125
0 0.8175925925925926 0.64375 0.014814814814814815 0.010416666666666666
0 0.9263888888888889 0.7307291666666667 0.03425925925925926 0.01875
0 0.9050925925925927 0.6950520833333333 0.030555555555555558 0.0203125
0 0.8939814814814815 0.6502604166666667 0.026851851851851852 0.0171875
0 0.9189814814814815 0.6489583333333333 0.017592592592592594 0.013541666666666667
0 0.9342592592592593 0.64140625 0.02592592592592593 0.015104166666666667
0 0.899537037037037 0.6286458333333333 0.019444444444444445 0.010416666666666666
0 0.9921296296296297 0.525 0.015740740740740743 0.010416666666666666
0 0.9888888888888889 0.4497395833333333 0.022222222222222223 0.015104166666666667
0 0.9861111111111112 0.41380208333333335 0.02777777777777778 0.0171875
0 0.9865740740740742 0.29791666666666666 0.026851851851851852 0.017708333333333333
0 0.725925925925926 0.24921875 0.022222222222222223 0.015104166666666667
0 0.312962962962963 0.64921875 0.024074074074074074 0.019270833333333334
0 0.6768518518518519 0.28463541666666664 0.022222222222222223 0.018229166666666668
0 0.6537037037037037 0.39140625 0.02777777777777778 0.019270833333333334
0 0.6703703703703704 0.27057291666666666 0.02777777777777778 0.0140625
0 0.3939814814814815 0.384375 0.025 0.017708333333333333
0 0.20185185185185187 0.6903645833333333 0.02777777777777778 0.011979166666666666
0 0.5712962962962963 0.31953125 0.020370370370370372 0.01614583333333333
0 0.5773148148148148 0.33697916666666666 0.021296296296296296 0.013541666666666667
