0 0.6675925925925926 0.21223958333333334 0.02592592592592593 0.01614583333333333
0 0.6958333333333334 0.3375 0.030555555555555558 0.013541666666666667
0 0.6222222222222222 0.2875 0.02592592592592593 0.01875
0 0.7412037037037037 0.31223958333333335 0.02314814814814815 0.0171875
0 0.8152777777777778 0.32317708333333334 0.02314814814814815 0.0140625
0 0.7240740740740741 0.36953125 0.02777777777777778 0.021354166666666667
0 0.6805555555555556 0.37890625 0.031481481481481485 0.018229166666666668
0 0.6564814814814816 0.37994791666666666 0.022222222222222223 0.0171875
0 0.7958333333333334 0.425 0.028703703703703703 0.015625
0 0.6666666666666667 0.45859374999999997 0.02962962962962963 0.0140625
0 0.8101851851851852 0.47213541666666664 0.02777777777777778 0.018229166666666668
0 0.7856481481481482 0.48593749999999997 0.032407407407407406 0.022916666666666665
0 0.6888888888888889 0.49895833333333334 0.03333333333333333 0.019791666666666666
0 0.6597222222222222 0.5239583333333333 0.03425925925925926 0.019791666666666666
0 0.7837962962962963 0.5247395833333334 0.036111111111111115 0.0203125
0 0.787962962962963 0.6247395833333333 0.04259259259259259 0.0234375
0 0.7578703703703704 0.69453125 0.04351851851851852 0.030729166666666665
0 0.7111111111111111 0.7653645833333333 0.02777777777777778 0.0203125
0 0.787962962962963 0.7481770833333333 0.037037037037037035 0.022395833333333334
0 0.812962962962963 0.7536458333333333 0.024074074074074074 0.014583333333333334
0 0.9819444444444445 0.7604166666666666 0.03425925925925926 0.02395833333333333
0 0.9925925925925926 0.3221354166666667 0.014814814814814815 0.0171875
0 0.9523148148148148 0.5049479166666666 0.03425925925925926 0.019270833333333334
0 0.7458333333333333 0.6111979166666667 0.03425925925925926 0.021354166666666667
0 0.6560185185185186 0.6049479166666667 0.036111111111111115 0.0171875
0 0.9222222222222223 0.8401041666666667 0.024074074074074074 0.02395833333333333
0 0.9120370370370371 0.6606770833333333 0.03518518518518519 0.018229166666666668
0 0.9888888888888889 0.5796875 0.022222222222222223 0.016666666666666666
0 0.6870370370370371 0.68828125 0.03333333333333333 0.0203125
0 0.6490740740740741 0.68046875 0.031481481481481485 0.015104166666666667
0 0.6157407407407408 0.7520833333333333 0.024074074074074074 0.022916666666666665
0 0.5935185185185186 0.7408854166666666 0.04259259259259259 0.0234375
0 0.4712962962962963 0.7544270833333333 0.020370370370370372 0.013020833333333334
0 0.5064814814814815 0.6 0.02777777777777778 0.021875
0 0.5675925925925926 0.6096354166666667 0.011111111111111112 0.0171875
0 0.6166666666666667 0.5526041666666667 0.031481481481481485 0.017708333333333333
0 0.5555555555555556 0.5372395833333333 0.02777777777777778 0.0171875
0 0.34490740740740744 0.8739583333333333 0.03981481481481482 0.03125
0 0.3791666666666667 0.86875 0.03981481481481482 0.028125
0 0.350462962962963 0.79296875 0.03796296296296296 0.027604166666666666
0 0.35833333333333334 0.7598958333333333 0.03888888888888889 0.026041666666666668
0 0.2865740740740741 0.7098958333333333 0.036111111111111115 0.025
0 0.22824074074074074 0.75546875 0.025 0.011979166666666666
0 0.11574074074074074 0.8309895833333333 0.04259259259259259 0.028645833333333332
0 0.42824074074074076 0.5838541666666667 0.030555555555555558 0.01875
0 0.3944444444444445 0.628125 0.014814814814814815 0.007291666666666667
0 0.5680555555555555 0.5510416666666667 0.02314814814814815 0.0125
0 0.34351851851851856 0.5932291666666667 0.031481481481481485 0.014583333333333334
0 0.40694444444444444 0.5419270833333333 0.02314814814814815 0.0109375
0 0.40972222222222227 0.5205729166666666 0.019444444444444445 0.015104166666666667
0 0.41435185185185186 0.47890625 0.02314814814814815 0.0140625
0 0.5777777777777778 0.3841145833333333 0.024074074074074074 0.01614583333333333
0 0.4777777777777778 0.4010416666666667 0.018518518518518517 0.011458333333333333
0 0.46064814814814814 0.3958333333333333 0.021296296296296296 0.011458333333333333
0 0.4476851851851852 0.40989583333333335 0.019444444444444445 0.013541666666666667
0 0.5546296296296297 0.2838541666666667 0.02777777777777778 0.01875
0 0.4324074074074074 0.5190104166666667 0.022222222222222223 0.015104166666666667
0 0.4476851851851852 0.24270833333333333 0.026851851851851852 0.020833333333333332
0 0.3212962962962963 0.16432291666666665 0.024074074074074074 0.018229166666666668
0 0.33472222222222225 0.14921875 0.02314814814814815 0.0171875
0 0.29953703703703705 0.10208333333333333 0.02314814814814815 0.017708333333333333
0 0.35000000000000003 0.30026041666666664 0.020370370370370372 0.013020833333333334
0 0.3055555555555556 0.28359375 0.02592592592592593 0.0203125
0 0.23703703703703705 0.2716145833333333 0.024074074074074074 0.013020833333333334
0 0.250462962962963 0.22708333333333333 0.025 0.016666666666666666
0 0.3592592592592593 0.39140625 0.022222222222222223 0.019270833333333334
0 0.375 0.41744791666666664 0.02962962962962963 0.01614583333333333
0 0.3527777777777778 0.42135416666666664 0.02962962962962963 0.016666666666666666
0 0.33796296296296297 0.4015625 0.020370370370370372 0.011458333333333333
0 0.3074074074074074 0.38307291666666665 0.02592592592592593 0.015104166666666667
0 0.24351851851851852 0.37265625 0.02777777777777778 0.01614583333333333
0 0.28564814814814815 0.4296875 0.028703703703703703 0.015625
0 0.26342592592592595 0.53203125 0.036111111111111115 0.019270833333333334
0 0.28564814814814815 0.546875 0.026851851851851852 0.013541666666666667
0 0.20324074074074075 0.6067708333333334 0.030555555555555558 0.0125
0 0.1962962962962963 0.64453125 0.018518518518518517 0.009895833333333333
0 0.08888888888888889 0.7315104166666666 0.03333333333333333 0.018229166666666668
0 0.10972222222222222 0.6953125 0.030555555555555558 0.020833333333333332
0 0.12083333333333333 0.6505208333333333 0.026851851851851852 0.017708333333333333
0 0.09490740740740741 0.6494791666666666 0.017592592592592594 0.013541666666666667
0 0.07962962962962963 0.6419270833333334 0.024074074074074074 0.015104166666666667
0 0.11388888888888889 0.6286458333333333 0.018518518518518517 0.010416666666666666
0 0.019444444444444445 0.5255208333333333 0.024074074074074074 0.011458333333333333
0 0.011574074074074075 0.49296875 0.019444444444444445 0.015104166666666667
0 0.021296296296296296 0.4505208333333333 0.031481481481481485 0.014583333333333334
0 0.02777777777777778 0.4145833333333333 0.031481481481481485 0.016666666666666666
0 0.012037037037037037 0.39609375 0.020370370370370372 0.0109375
0 0.027314814814814816 0.2986979166666667 0.030555555555555558 0.0171875
0 0.2898148148148148 0.25 0.022222222222222223 0.014583333333333334
0 0.7046296296296296 0.6497395833333334 0.024074074074074074 0.0203125
0 0.34074074074074073 0.2856770833333333 0.022222222222222223 0.018229166666666668
0 0.34490740740740744 0.2713541666666667 0.026851851851851852 0.013541666666666667
0 0.6217592592592592 0.3841145833333333 0.025 0.018229166666666668
0 0.812962962962963 0.69140625 0.02777777777777778 0.011979166666666666
0 0.4430555555555556 0.3203125 0.019444444444444445 0.015625
0 0.4365740740740741 0.3375 0.021296296296296296 0.013541666666666667
