0 0.6759259259259259 0.21380208333333334 0.02592592592592593 0.01614583333333333
0 0.7032407407407407 0.3385416666666667 0.030555555555555558 0.013541666666666667
0 0.6296296296296297 0.2877604166666667 0.02592592592592593 0.018229166666666668
0 0.7486111111111111 0.31276041666666665 0.02314814814814815 0.0171875
0 0.8236111111111112 0.32395833333333335 0.02314814814814815 0.014583333333333334
0 0.7314814814814815 0.3697916666666667 0.02777777777777778 0.021875
0 0.6888888888888889 0.3796875 0.031481481481481485 0.017708333333333333
0 0.6638888888888889 0.37994791666666666 0.022222222222222223 0.0171875
0 0.8032407407407408 0.42578125 0.028703703703703703 0.015104166666666667
0 0.674074074074074 0.4591145833333333 0.02962962962962963 0.0140625
0 0.8180555555555555 0.47265625 0.026851851851851852 0.018229166666666668
0 0.7949074074074074 0.4861979166666667 0.030555555555555558 0.0234375
0 0.6967592592592593 0.49921875 0.032407407407407406 0.0203125
0 0.6680555555555556 0.5244791666666666 0.03425925925925926 0.019791666666666666
0 0.7921296296296296 0.5260416666666666 0.036111111111111115 0.020833333333333332
0 0.7976851851851852 0.6255208333333333 0.04351851851851852 0.02395833333333333
0 0.7675925925925926 0.6947916666666667 0.044444444444444446 0.03125
0 0.7185185185185186 0.7658854166666667 0.02777777777777778 0.021354166666666667
0 0.7949074074074074 0.74921875 0.03796296296296296 0.022395833333333334
0 0.8203703703703704 0.7549479166666666 0.024074074074074074 0.0140625
0 0.9597222222222223 0.50546875 0.03425925925925926 0.019270833333333334
0 0.7541666666666667 0.6119791666666666 0.03425925925925926 0.021875
0 0.6638888888888889 0.6059895833333333 0.03518518518518519 0.0171875
0 0.9319444444444445 0.8408854166666666 0.025 0.0234375
0 0.9203703703703704 0.6619791666666667 0.03518518518518519 0.01875
0 0.6958333333333334 0.6893229166666667 0.03425925925925926 0.0203125
0 0.6583333333333333 0.68125 0.02962962962962963 0.015625
0 0.6236111111111111 0.7528645833333333 0.02314814814814815 0.022395833333333334
0 0.6018518518518519 0.74140625 0.04259259259259259 0.022395833333333334
0 0.47962962962962963 0.7546875 0.020370370370370372 0.013541666666666667
0 0.5157407407407407 0.60078125 0.02962962962962963 0.021354166666666667
0 0.5745370370370371 0.6111979166666667 0.012037037037037037 0.0171875
0 0.6245370370370371 0.5533854166666666 0.032407407407407406 0.0171875
0 0.5620370370370371 0.5377604166666666 0.02777777777777778 0.0171875
0 0.3527777777777778 0.8742187499999999 0.03888888888888889 0.030729166666666665
0 0.3875 0.86875 0.03981481481481482 0.028125
0 0.35879629629629634 0.79375 0.03796296296296296 0.028125
0 0.36435185185185187 0.7604166666666666 0.03796296296296296 0.026041666666666668
0 0.29583333333333334 0.7098958333333333 0.03796296296296296 0.025
0 0.23564814814814816 0.7557291666666667 0.025 0.011458333333333333
0 0.12407407407407407 0.8309895833333333 0.04259259259259259 0.028645833333333332
0 0.4365740740740741 0.58359375 0.030555555555555558 0.019270833333333334
0 0.40231481481481485 0.628125 0.015740740740740743 0.007291666666666667
0 0.575925925925926 0.5518229166666666 0.024074074074074074 0.011979166666666666
0 0.350462962962963 0.5940104166666667 0.030555555555555558 0.0140625
0 0.41481481481481486 0.54296875 0.024074074074074074 0.011979166666666666
0 0.41620370370370374 0.5205729166666666 0.019444444444444445 0.015104166666666667
0 0.4217592592592593 0.4791666666666667 0.02314814814814815 0.013541666666666667
0 0.5861111111111111 0.3846354166666667 0.024074074074074074 0.01614583333333333
0 0.4865740740740741 0.40182291666666664 0.019444444444444445 0.0109375
0 0.46805555555555556 0.3966145833333333 0.021296296296296296 0.011979166666666666
0 0.4550925925925926 0.41041666666666665 0.019444444444444445 0.013541666666666667
0 0.5611111111111111 0.2838541666666667 0.02777777777777778 0.01875
0 0.44027777777777777 0.5190104166666667 0.021296296296296296 0.01614583333333333
0 0.4550925925925926 0.24375 0.026851851851851852 0.020833333333333332
0 0.33055555555555555 0.16510416666666666 0.024074074074074074 0.017708333333333333
0 0.3439814814814815 0.15 0.02314814814814815 0.017708333333333333
0 0.3078703703703704 0.103125 0.02314814814814815 0.017708333333333333
0 0.35833333333333334 0.30026041666666664 0.020370370370370372 0.013020833333333334
0 0.3148148148148148 0.2838541666666667 0.024074074074074074 0.020833333333333332
0 0.24583333333333335 0.27239583333333334 0.025 0.013541666666666667
0 0.25833333333333336 0.22760416666666666 0.02592592592592593 0.016666666666666666
0 0.3680555555555556 0.3921875 0.02314814814814815 0.019791666666666666
0 0.3824074074074074 0.41796875 0.02777777777777778 0.0171875
0 0.3601851851851852 0.421875 0.02962962962962963 0.016666666666666666
0 0.34444444444444444 0.40182291666666664 0.020370370370370372 0.011979166666666666
0 0.3143518518518519 0.38385416666666666 0.025 0.015625
0 0.2513888888888889 0.3729166666666667 0.026851851851851852 0.016666666666666666
0 0.2925925925925926 0.4302083333333333 0.02777777777777778 0.015625
0 0.27083333333333337 0.5322916666666666 0.036111111111111115 0.01875
0 0.2916666666666667 0.5473958333333333 0.02777777777777778 0.014583333333333334
0 0.21064814814814817 0.60703125 0.030555555555555558 0.011979166666666666
0 0.20370370370370372 0.6442708333333333 0.018518518518518517 0.010416666666666666
0 0.09537037037037037 0.7317708333333334 0.03333333333333333 0.01875
0 0.11712962962962964 0.6955729166666667 0.032407407407407406 0.0203125
0 0.12685185185185185 0.6505208333333333 0.02777777777777778 0.017708333333333333
0 0.10138888888888889 0.6494791666666666 0.017592592592592594 0.013541666666666667
0 0.08564814814814815 0.6419270833333334 0.025 0.015104166666666667
0 0.12037037037037038 0.62890625 0.018518518518518517 0.0109375
0 0.02592592592592593 0.5255208333333333 0.024074074074074074 0.0125
0 0.015277777777777779 0.49296875 0.026851851851851852 0.0140625
0 0.02777777777777778 0.4505208333333333 0.031481481481481485 0.015625
0 0.034722222222222224 0.4145833333333333 0.030555555555555558 0.016666666666666666
0 0.017592592592592594 0.3958333333333333 0.024074074074074074 0.011458333333333333
0 0.034722222222222224 0.2986979166666667 0.030555555555555558 0.0171875
0 0.0125 0.284375 0.021296296296296296 0.015625
0 0.2976851851851852 0.25026041666666665 0.02314814814814815 0.0140625
0 0.7125 0.6510416666666666 0.02314814814814815 0.019791666666666666
0 0.3490740740740741 0.2859375 0.020370370370370372 0.017708333333333333
0 0.35370370370370374 0.27239583333333334 0.02592592592592593 0.013541666666666667
0 0.6305555555555555 0.3854166666666667 0.02592592592592593 0.017708333333333333
0 0.8203703703703704 0.6921875 0.02592592592592593 0.0125
0 0.45092592592592595 0.32057291666666665 0.020370370370370372 0.015104166666666667
0 0.44351851851851853 0.3380208333333333 0.020370370370370372 0.013541666666666667
