0 0.6842592592592592 0.21380208333333334 0.02592592592592593 0.01614583333333333
0 0.712037037037037 0.3390625 0.031481481481481485 0.013541666666666667
0 0.6370370370370371 0.28880208333333335 0.02592592592592593 0.018229166666666668
0 0.7564814814814815 0.31354166666666666 0.024074074074074074 0.015625
0 0.8300925925925926 0.325 0.02314814814814815 0.014583333333333334
0 0.7402777777777778 0.37109375 0.026851851851851852 0.021354166666666667
0 0.6976851851851852 0.37994791666666666 0.030555555555555558 0.018229166666666668
0 0.6726851851851852 0.3809895833333333 0.021296296296296296 0.0171875
0 0.8106481481481482 0.4263020833333333 0.028703703703703703 0.015104166666666667
0 0.6805555555555556 0.45989583333333334 0.02962962962962963 0.013541666666666667
0 0.8273148148148148 0.4734375 0.026851851851851852 0.017708333333333333
0 0.8023148148148148 0.48723958333333334 0.030555555555555558 0.0234375
0 0.7050925925925926 0.5 0.032407407407407406 0.019791666666666666
0 0.6759259259259259 0.525 0.03333333333333333 0.019791666666666666
0 0.8 0.5260416666666666 0.03518518518518519 0.020833333333333332
0 0.8055555555555556 0.6260416666666666 0.04259259259259259 0.02395833333333333
0 0.7768518518518519 0.6953125 0.044444444444444446 0.03125
0 0.7277777777777779 0.7671875 0.02777777777777778 0.020833333333333332
0 0.8041666666666667 0.7497395833333333 0.03796296296296296 0.022395833333333334
0 0.8296296296296297 0.7557291666666667 0.024074074074074074 0.013541666666666667
0 0.9675925925925927 0.5065104166666666 0.03518518518518519 0.019270833333333334
0 0.7620370370370371 0.6127604166666667 0.03518518518518519 0.021354166666666667
0 0.6722222222222223 0.60625 0.03518518518518519 0.017708333333333333
0 0.9402777777777778 0.8419270833333333 0.025 0.0234375
0 0.9282407407407408 0.6625 0.036111111111111115 0.01875
0 0.7050925925925926 0.6901041666666666 0.03425925925925926 0.020833333333333332
0 0.6583333333333333 0.6791666666666667 0.03333333333333333 0.021875
0 0.6324074074074074 0.7536458333333333 0.024074074074074074 0.022916666666666665
0 0.6101851851851852 0.7421875 0.04259259259259259 0.022916666666666665
0 0.48750000000000004 0.7544270833333333 0.021296296296296296 0.0140625
0 0.5236111111111111 0.60078125 0.030555555555555558 0.021354166666666667
0 0.5810185185185185 0.6114583333333333 0.012037037037037037 0.017708333333333333
0 0.6314814814814815 0.5533854166666666 0.031481481481481485 0.0171875
0 0.5689814814814815 0.5380208333333333 0.028703703703703703 0.017708333333333333
0 0.3601851851851852 0.8752604166666667 0.040740740740740744 0.030729166666666665
0 0.39583333333333337 0.8692708333333333 0.03981481481481482 0.028125
0 0.36712962962962964 0.7942708333333334 0.03796296296296296 0.028125
0 0.37222222222222223 0.7609375 0.03888888888888889 0.026041666666666668
0 0.3027777777777778 0.7104166666666667 0.03888888888888889 0.02395833333333333
0 0.2425925925925926 0.75625 0.024074074074074074 0.011458333333333333
0 0.13240740740740742 0.8309895833333333 0.04259259259259259 0.028645833333333332
0 0.4444444444444445 0.5848958333333333 0.031481481481481485 0.01875
0 0.40972222222222227 0.6286458333333333 0.017592592592592594 0.007291666666666667
0 0.5837962962962964 0.5528645833333333 0.025 0.013020833333333334
0 0.3574074074074074 0.5940104166666667 0.031481481481481485 0.0140625
0 0.42129629629629634 0.5434895833333333 0.024074074074074074 0.013020833333333334
0 0.4236111111111111 0.52109375 0.019444444444444445 0.015104166666666667
0 0.42824074074074076 0.47942708333333334 0.02314814814814815 0.0140625
0 0.5944444444444444 0.3848958333333333 0.024074074074074074 0.016666666666666666
0 0.4939814814814815 0.40234375 0.019444444444444445 0.0109375
0 0.475462962962963 0.396875 0.021296296296296296 0.011458333333333333
0 0.4625 0.4109375 0.019444444444444445 0.013541666666666667
0 0.5694444444444444 0.28463541666666664 0.02777777777777778 0.019270833333333334
0 0.44722222222222224 0.51953125 0.020370370370370372 0.01614583333333333
0 0.4625 0.24348958333333334 0.026851851851851852 0.021354166666666667
0 0.33796296296296297 0.16510416666666666 0.024074074074074074 0.017708333333333333
0 0.3513888888888889 0.15052083333333333 0.02314814814814815 0.017708333333333333
0 0.3162037037037037 0.10338541666666666 0.02314814814814815 0.0171875
0 0.36574074074074076 0.30104166666666665 0.020370370370370372 0.013541666666666667
0 0.3226851851851852 0.284375 0.025 0.020833333333333332
0 0.25324074074074077 0.27291666666666664 0.025 0.013541666666666667
0 0.26666666666666666 0.228125 0.02592592592592593 0.016666666666666666
0 0.37592592592592594 0.3927083333333333 0.022222222222222223 0.01875
0 0.3907407407407408 0.4184895833333333 0.02777777777777778 0.01614583333333333
0 0.3685185185185185 0.4223958333333333 0.02962962962962963 0.016666666666666666
0 0.3513888888888889 0.40234375 0.021296296296296296 0.011979166666666666
0 0.32222222222222224 0.384375 0.02592592592592593 0.015625
0 0.25972222222222224 0.3736979166666667 0.026851851851851852 0.01614583333333333
0 0.3 0.43046875 0.02777777777777778 0.015104166666666667
0 0.27870370370370373 0.5322916666666666 0.03518518518518519 0.01875
0 0.2990740740740741 0.5473958333333333 0.02592592592592593 0.014583333333333334
0 0.21944444444444444 0.6078125 0.031481481481481485 0.013541666666666667
0 0.21157407407407408 0.6447916666666667 0.019444444444444445 0.010416666666666666
0 0.10138888888888889 0.73203125 0.032407407407407406 0.018229166666666668
0 0.12453703703703704 0.6958333333333333 0.032407407407407406 0.020833333333333332
0 0.1337962962962963 0.6513020833333333 0.026851851851851852 0.0171875
0 0.1087962962962963 0.6497395833333334 0.017592592592592594 0.013020833333333334
0 0.0912037037037037 0.6421875 0.025 0.015625
0 0.12731481481481483 0.6296875 0.019444444444444445 0.010416666666666666
0 0.032407407407407406 0.5260416666666666 0.024074074074074074 0.011458333333333333
0 0.02175925925925926 0.49322916666666666 0.030555555555555558 0.014583333333333334
0 0.033796296296296297 0.4515625 0.032407407407407406 0.016666666666666666
0 0.04120370370370371 0.4145833333333333 0.030555555555555558 0.016666666666666666
0 0.024074074074074074 0.3966145833333333 0.024074074074074074 0.0109375
0 0.010185185185185186 0.3489583333333333 0.016666666666666666 0.014583333333333334
0 0.04120370370370371 0.2989583333333333 0.030555555555555558 0.017708333333333333
0 0.01712962962962963 0.28411458333333334 0.026851851851851852 0.015104166666666667
0 0.3037037037037037 0.25026041666666665 0.020370370370370372 0.0140625
0 0.7208333333333333 0.6515625 0.02314814814814815 0.019791666666666666
0 0.3574074074074074 0.2859375 0.020370370370370372 0.017708333333333333
0 0.36064814814814816 0.27291666666666664 0.025 0.013541666666666667
0 0.637962962962963 0.3859375 0.02592592592592593 0.017708333333333333
0 0.826388888888889 0.69296875 0.025 0.011979166666666666
0 0.45740740740740743 0.32109375 0.020370370370370372 0.015104166666666667
0 0.44953703703703707 0.3385416666666667 0.021296296296296296 0.013541666666666667
