0 0.31157407407407406 0.21484375 0.026851851851851852 0.01614583333333333
0 0.2833333333333333 0.33958333333333335 0.031481481481481485 0.013541666666666667
0 0.3592592592592593 0.28880208333333335 0.02592592592592593 0.018229166666666668
0 0.24027777777777778 0.31484375 0.026851851851851852 0.015104166666666667
0 0.16481481481481483 0.32526041666666666 0.022222222222222223 0.0140625
0 0.25416666666666665 0.3716145833333333 0.026851851851851852 0.022395833333333334
0 0.2962962962962963 0.3809895833333333 0.031481481481481485 0.018229166666666668
0 0.32175925925925924 0.3809895833333333 0.021296296296296296 0.0171875
0 0.1837962962962963 0.42682291666666666 0.028703703703703703 0.015104166666666667
0 0.31527777777777777 0.46041666666666664 0.030555555555555558 0.013541666666666667
0 0.16712962962962963 0.47421874999999997 0.026851851851851852 0.018229166666666668
0 0.19166666666666668 0.48776041666666664 0.031481481481481485 0.0234375
0 0.28935185185185186 0.5005208333333333 0.032407407407407406 0.019791666666666666
0 0.3189814814814815 0.52578125 0.03425925925925926 0.019270833333333334
0 0.19444444444444445 0.5270833333333333 0.03518518518518519 0.020833333333333332
0 0.18796296296296297 0.6265625 0.04259259259259259 0.02395833333333333
0 0.21712962962962964 0.6963541666666666 0.04537037037037037 0.03125
0 0.2675925925925926 0.7674479166666667 0.02777777777777778 0.021354166666666667
0 0.19074074074074074 0.7502604166666667 0.037037037037037035 0.022395833333333334
0 0.16481481481481483 0.7559895833333333 0.024074074074074074 0.0140625
0 0.02638888888888889 0.50703125 0.03425925925925926 0.019270833333333334
0 0.23240740740740742 0.61328125 0.03518518518518519 0.021354166666666667
0 0.32222222222222224 0.60703125 0.03518518518518519 0.01614583333333333
0 0.052314814814814814 0.8427083333333333 0.025 0.02395833333333333
0 0.06666666666666667 0.66328125 0.03518518518518519 0.018229166666666668
0 0.2884259259259259 0.690625 0.036111111111111115 0.020833333333333332
0 0.3365740740740741 0.6791666666666667 0.030555555555555558 0.021875
0 0.36203703703703705 0.7544270833333333 0.022222222222222223 0.0234375
0 0.38333333333333336 0.7427083333333333 0.040740740740740744 0.022916666666666665
0 0.5069444444444444 0.7549479166666666 0.021296296296296296 0.0140625
0 0.4726851851851852 0.6015625 0.025 0.021875
0 0.41481481481481486 0.6122395833333333 0.012962962962962964 0.0171875
0 0.36342592592592593 0.5541666666666667 0.032407407407407406 0.017708333333333333
0 0.42638888888888893 0.53828125 0.028703703703703703 0.0171875
0 0.6333333333333333 0.8752604166666667 0.040740740740740744 0.03177083333333333
0 0.5981481481481482 0.8700520833333333 0.037037037037037035 0.0296875
0 0.6273148148148149 0.79453125 0.03796296296296296 0.027604166666666666
0 0.6222222222222222 0.7614583333333333 0.03888888888888889 0.026041666666666668
0 0.6912037037037038 0.7104166666666667 0.03981481481481482 0.02395833333333333
0 0.7527777777777778 0.7565104166666666 0.024074074074074074 0.011979166666666666
0 0.8625 0.8315104166666667 0.04166666666666667 0.028645833333333332
0 0.55 0.5848958333333333 0.031481481481481485 0.01875
0 0.5851851851851853 0.6291666666666667 0.018518518518518517 0.007291666666666667
0 0.41250000000000003 0.553125 0.025 0.013541666666666667
0 0.638425925925926 0.5942708333333333 0.030555555555555558 0.014583333333333334
0 0.5736111111111112 0.5442708333333334 0.025 0.013541666666666667
0 0.5722222222222223 0.5216145833333333 0.020370370370370372 0.015104166666666667
0 0.5680555555555555 0.47942708333333334 0.02314814814814815 0.0140625
0 0.40046296296296297 0.38515625 0.025 0.01614583333333333
0 0.500462962962963 0.403125 0.021296296296296296 0.011458333333333333
0 0.5199074074074074 0.3971354166666667 0.021296296296296296 0.011979166666666666
0 0.5333333333333333 0.4114583333333333 0.020370370370370372 0.013541666666666667
0 0.42592592592592593 0.28489583333333335 0.02777777777777778 0.01875
0 0.5481481481481482 0.5200520833333333 0.022222222222222223 0.01614583333333333
0 0.5319444444444444 0.24427083333333333 0.026851851851851852 0.020833333333333332
0 0.6574074074074074 0.165625 0.024074074074074074 0.017708333333333333
0 0.6439814814814815 0.15130208333333334 0.02314814814814815 0.0171875
0 0.6782407407407408 0.10364583333333333 0.02314814814814815 0.017708333333333333
0 0.6287037037037038 0.3013020833333333 0.020370370370370372 0.013020833333333334
0 0.6722222222222223 0.28463541666666664 0.02592592592592593 0.0203125
0 0.7416666666666667 0.2734375 0.02592592592592593 0.013541666666666667
0 0.7277777777777779 0.228125 0.02592592592592593 0.016666666666666666
0 0.6180555555555556 0.39296875 0.02314814814814815 0.019270833333333334
0 0.6041666666666667 0.41875 0.026851851851851852 0.016666666666666666
0 0.625925925925926 0.42291666666666666 0.02962962962962963 0.016666666666666666
0 0.6439814814814815 0.40234375 0.021296296296296296 0.011979166666666666
0 0.6726851851851852 0.3846354166666667 0.025 0.015104166666666667
0 0.7347222222222223 0.3736979166666667 0.026851851851851852 0.01614583333333333
0 0.6953703703703704 0.43046875 0.02777777777777778 0.01614583333333333
0 0.7166666666666667 0.5328125 0.03518518518518519 0.01875
0 0.6967592592592593 0.5481770833333334 0.026851851851851852 0.0140625
0 0.775462962962963 0.60859375 0.032407407407407406 0.013020833333333334
0 0.7842592592592593 0.6455729166666666 0.018518518518518517 0.0109375
0 0.8949074074074075 0.73203125 0.032407407407407406 0.018229166666666668
0 0.8717592592592593 0.69609375 0.032407407407407406 0.0203125
0 0.8625 0.6515625 0.026851851851851852 0.017708333333333333
0 0.8875000000000001 0.6505208333333333 0.017592592592592594 0.013541666666666667
0 0.9046296296296297 0.6424479166666667 0.024074074074074074 0.015104166666666667
0 0.8694444444444445 0.6296875 0.020370370370370372 0.010416666666666666
0 0.9638888888888889 0.5265625 0.024074074074074074 0.0125
0 0.9745370370370371 0.4934895833333333 0.030555555555555558 0.0140625
0 0.962037037037037 0.4513020833333333 0.03333333333333333 0.0171875
0 0.9537037037037037 0.41484375 0.031481481481481485 0.0171875
0 0.9708333333333333 0.396875 0.025 0.011458333333333333
0 0.9884259259259259 0.34869791666666666 0.02314814814814815 0.015104166666666667
0 0.9550925925925926 0.29921875 0.030555555555555558 0.0171875
0 0.9782407407407407 0.28463541666666664 0.026851851851851852 0.015104166666666667
0 0.6916666666666667 0.2513020833333333 0.020370370370370372 0.0140625
0 0.27222222222222225 0.6526041666666667 0.024074074074074074 0.019791666666666666
0 0.6370370370370371 0.2864583333333333 0.020370370370370372 0.016666666666666666
0 0.6342592592592593 0.27291666666666664 0.024074074074074074 0.0125
0 0.3564814814814815 0.38619791666666664 0.02592592592592593 0.018229166666666668
0 0.1685185185185185 0.69375 0.02592592592592593 0.0125
0 0.5388888888888889 0.3216145833333333 0.020370370370370372 0.0140625
0 0.5458333333333334 0.3390625 0.021296296296296296 0.013541666666666667
