0 0.3050925925925926 0.21458333333333332 0.026851851851851852 0.015625
0 0.27592592592592596 0.33984375 0.031481481481481485 0.013020833333333334
0 0.3527777777777778 0.28932291666666665 0.02592592592592593 0.018229166666666668
0 0.23425925925925928 0.31536458333333334 0.02592592592592593 0.0140625
0 0.15925925925925927 0.32578125 0.022222222222222223 0.0140625
0 0.24722222222222223 0.3716145833333333 0.02592592592592593 0.022395833333333334
0 0.2888888888888889 0.3809895833333333 0.03333333333333333 0.018229166666666668
0 0.31527777777777777 0.3815104166666667 0.021296296296296296 0.0171875
0 0.17731481481481481 0.42734374999999997 0.028703703703703703 0.015104166666666667
0 0.3092592592592593 0.46015625 0.031481481481481485 0.0140625
0 0.16064814814814815 0.4744791666666667 0.026851851851851852 0.01875
0 0.1837962962962963 0.48802083333333335 0.030555555555555558 0.022916666666666665
0 0.2828703703703704 0.5010416666666666 0.032407407407407406 0.019791666666666666
0 0.31342592592592594 0.5260416666666666 0.03425925925925926 0.019791666666666666
0 0.18888888888888888 0.5270833333333333 0.03518518518518519 0.020833333333333332
0 0.18055555555555555 0.6268229166666667 0.04259259259259259 0.024479166666666666
0 0.20833333333333334 0.6966145833333334 0.0462962962962963 0.030729166666666665
0 0.25972222222222224 0.76796875 0.026851851851851852 0.021354166666666667
0 0.18287037037037038 0.7502604166666667 0.03796296296296296 0.022395833333333334
0 0.1574074074074074 0.7565104166666666 0.024074074074074074 0.0140625
0 0.01990740740740741 0.5075520833333333 0.036111111111111115 0.019270833333333334
0 0.22592592592592595 0.61328125 0.03518518518518519 0.021354166666666667
0 0.31574074074074077 0.6075520833333333 0.03518518518518519 0.01614583333333333
0 0.04398148148148148 0.8429687499999999 0.02314814814814815 0.0234375
0 0.05925925925925926 0.6635416666666667 0.03518518518518519 0.01875
0 0.2800925925925926 0.690625 0.036111111111111115 0.020833333333333332
0 0.3300925925925926 0.6796875 0.032407407407407406 0.021875
0 0.3541666666666667 0.7544270833333333 0.02314814814814815 0.0234375
0 0.375462962962963 0.74296875 0.04166666666666667 0.022395833333333334
0 0.49953703703703706 0.7552083333333334 0.021296296296296296 0.014583333333333334
0 0.46481481481481485 0.6015625 0.02592592592592593 0.021875
0 0.4083333333333333 0.6119791666666666 0.012962962962962964 0.017708333333333333
0 0.35694444444444445 0.5541666666666667 0.032407407407407406 0.017708333333333333
0 0.41944444444444445 0.5388020833333333 0.02777777777777778 0.0171875
0 0.625462962962963 0.8755208333333333 0.03981481481481482 0.03125
0 0.5907407407407408 0.8700520833333333 0.037037037037037035 0.030729166666666665
0 0.6208333333333333 0.7953125 0.03796296296296296 0.028125
0 0.6152777777777778 0.7622395833333333 0.03981481481481482 0.025520833333333333
0 0.6833333333333333 0.7109375 0.03888888888888889 0.02395833333333333
0 0.7462962962962963 0.75703125 0.024074074074074074 0.011979166666666666
0 0.8560185185185185 0.8322916666666667 0.04166666666666667 0.029166666666666667
0 0.5430555555555556 0.5854166666666667 0.030555555555555558 0.01875
0 0.5796296296296296 0.62890625 0.020370370370370372 0.0078125
0 0.40601851851851856 0.5528645833333333 0.025 0.013020833333333334
0 0.6328703703703704 0.5947916666666666 0.030555555555555558 0.014583333333333334
0 0.5425925925925926 0.5200520833333333 0.024074074074074074 0.015104166666666667
0 0.5680555555555555 0.54453125 0.025 0.0140625
0 0.5657407407407408 0.5221354166666666 0.020370370370370372 0.015104166666666667
0 0.5615740740740741 0.47994791666666664 0.02314814814814815 0.0140625
0 0.39351851851851855 0.38567708333333334 0.024074074074074074 0.0171875
0 0.49444444444444446 0.403125 0.022222222222222223 0.011458333333333333
0 0.513888888888889 0.39765625 0.020370370370370372 0.011979166666666666
0 0.5268518518518519 0.4114583333333333 0.020370370370370372 0.013541666666666667
0 0.4203703703703704 0.28541666666666665 0.02777777777777778 0.01875
0 0.5263888888888889 0.24427083333333333 0.026851851851851852 0.020833333333333332
0 0.6509259259259259 0.16640625 0.024074074074074074 0.018229166666666668
0 0.637962962962963 0.1515625 0.024074074074074074 0.017708333333333333
0 0.6717592592592593 0.10442708333333334 0.02314814814814815 0.0171875
0 0.6226851851851852 0.30182291666666666 0.021296296296296296 0.013020833333333334
0 0.6657407407407407 0.28515625 0.02592592592592593 0.0203125
0 0.7356481481481482 0.27369791666666665 0.025 0.0140625
0 0.7231481481481482 0.22864583333333333 0.02592592592592593 0.016666666666666666
0 0.611574074074074 0.39348958333333334 0.02314814814814815 0.019270833333333334
0 0.5986111111111111 0.41901041666666666 0.026851851851851852 0.01614583333333333
0 0.6203703703703703 0.42343749999999997 0.02962962962962963 0.016666666666666666
0 0.6375000000000001 0.4028645833333333 0.021296296296296296 0.011979166666666666
0 0.6671296296296296 0.3848958333333333 0.025 0.015625
0 0.7291666666666667 0.37395833333333334 0.026851851851851852 0.015625
0 0.6888888888888889 0.43124999999999997 0.02777777777777778 0.015625
0 0.7101851851851853 0.5328125 0.03518518518518519 0.01875
0 0.6916666666666667 0.5484375 0.02592592592592593 0.013541666666666667
0 0.7699074074074075 0.609375 0.032407407407407406 0.014583333333333334
0 0.7773148148148148 0.6458333333333334 0.019444444444444445 0.010416666666666666
0 0.888888888888889 0.7328125 0.03333333333333333 0.01875
0 0.8657407407407408 0.696875 0.03333333333333333 0.020833333333333332
0 0.8578703703703704 0.6515625 0.026851851851851852 0.017708333333333333
0 0.8824074074074074 0.6505208333333333 0.018518518518518517 0.013541666666666667
0 0.9 0.6424479166666667 0.024074074074074074 0.015104166666666667
0 0.8648148148148148 0.6296875 0.020370370370370372 0.010416666666666666
0 0.9921296296296297 0.7033854166666667 0.015740740740740743 0.01614583333333333
0 0.9592592592592593 0.5268229166666667 0.024074074074074074 0.011979166666666666
0 0.9689814814814816 0.49374999999999997 0.030555555555555558 0.014583333333333334
0 0.9574074074074075 0.4515625 0.03333333333333333 0.016666666666666666
0 0.9912037037037037 0.4200520833333333 0.017592592592592594 0.0140625
0 0.9490740740740741 0.41562499999999997 0.031481481481481485 0.017708333333333333
0 0.9666666666666667 0.3971354166666667 0.024074074074074074 0.0109375
0 0.9856481481481482 0.34869791666666666 0.028703703703703703 0.0171875
0 0.9500000000000001 0.2994791666666667 0.031481481481481485 0.017708333333333333
0 0.9736111111111111 0.28515625 0.026851851851851852 0.015104166666666667
0 0.6851851851851852 0.2513020833333333 0.020370370370370372 0.0140625
0 0.2657407407407408 0.6528645833333333 0.022222222222222223 0.0203125
0 0.6310185185185185 0.2869791666666667 0.019444444444444445 0.016666666666666666
0 0.6291666666666667 0.2739583333333333 0.025 0.0125
0 0.35000000000000003 0.38619791666666664 0.02592592592592593 0.018229166666666668
0 0.1625 0.69375 0.025 0.0125
0 0.5337962962962963 0.3221354166666667 0.019444444444444445 0.0140625
0 0.5398148148148149 0.3385416666666667 0.020370370370370372 0.0125
