0 0.30092592592592593 0.21536458333333333 0.02777777777777778 0.01614583333333333
0 0.27083333333333337 0.3403645833333333 0.032407407407407406 0.013020833333333334
0 0.34814814814814815 0.28984375 0.02592592592592593 0.018229166666666668
0 0.23101851851851854 0.31614583333333335 0.026851851851851852 0.014583333333333334
0 0.15416666666666667 0.32578125 0.021296296296296296 0.0140625
0 0.24166666666666667 0.3723958333333333 0.02592592592592593 0.021875
0 0.28425925925925927 0.38125 0.03333333333333333 0.01875
0 0.3101851851851852 0.38177083333333334 0.022222222222222223 0.017708333333333333
0 0.17175925925925928 0.42734374999999997 0.028703703703703703 0.015104166666666667
0 0.3041666666666667 0.46067708333333335 0.030555555555555558 0.0140625
0 0.1550925925925926 0.4747395833333333 0.026851851851851852 0.018229166666666668
0 0.1787037037037037 0.48828125 0.031481481481481485 0.022395833333333334
0 0.2763888888888889 0.5015625 0.032407407407407406 0.019791666666666666
0 0.30694444444444446 0.5263020833333333 0.03425925925925926 0.019270833333333334
0 0.1824074074074074 0.5270833333333333 0.03518518518518519 0.020833333333333332
0 0.17453703703703705 0.6270833333333333 0.04351851851851852 0.02395833333333333
0 0.20092592592592592 0.696875 0.044444444444444446 0.03125
0 0.25324074074074077 0.76796875 0.026851851851851852 0.021354166666666667
0 0.1763888888888889 0.75078125 0.03796296296296296 0.022395833333333334
0 0.15046296296296297 0.75703125 0.025 0.0140625
0 0.016203703703703703 0.5078125 0.030555555555555558 0.019791666666666666
0 0.2189814814814815 0.6135416666666667 0.03425925925925926 0.021875
0 0.3092592592592593 0.6078125 0.03518518518518519 0.015625
0 0.03657407407407408 0.84375 0.02314814814814815 0.02395833333333333
0 0.05324074074074074 0.6638020833333333 0.036111111111111115 0.018229166666666668
0 0.27222222222222225 0.6911458333333333 0.037037037037037035 0.020833333333333332
0 0.3226851851851852 0.6799479166666667 0.032407407407407406 0.022395833333333334
0 0.34675925925925927 0.7546875 0.02314814814814815 0.022916666666666665
0 0.3685185185185185 0.7434895833333334 0.040740740740740744 0.022395833333333334
0 0.4930555555555556 0.75546875 0.021296296296296296 0.015104166666666667
0 0.45787037037037037 0.6020833333333333 0.025 0.021875
0 0.4027777777777778 0.6125 0.014814814814814815 0.017708333333333333
0 0.3509259259259259 0.5546875 0.03333333333333333 0.017708333333333333
0 0.41481481481481486 0.5393229166666667 0.02777777777777778 0.0171875
0 0.6175925925925926 0.8765625 0.03888888888888889 0.03229166666666666
0 0.5837962962962964 0.8716145833333333 0.03981481481481482 0.028645833333333332
0 0.6138888888888889 0.7955729166666666 0.037037037037037035 0.027604166666666666
0 0.6083333333333334 0.7625 0.03888888888888889 0.026041666666666668
0 0.6773148148148148 0.7109375 0.03981481481481482 0.02395833333333333
0 0.7412037037037037 0.7575520833333333 0.025 0.011979166666666666
0 0.8486111111111111 0.8338541666666667 0.04166666666666667 0.029166666666666667
0 0.5365740740740741 0.5856770833333333 0.030555555555555558 0.019270833333333334
0 0.5740740740740741 0.6296875 0.022222222222222223 0.008333333333333333
0 0.40046296296296297 0.55390625 0.025 0.013020833333333334
0 0.6282407407407408 0.5953125 0.030555555555555558 0.014583333333333334
0 0.5625 0.5455729166666666 0.025 0.015104166666666667
0 0.49259259259259264 0.49296875 0.022222222222222223 0.0067708333333333336
0 0.5611111111111111 0.52265625 0.020370370370370372 0.015104166666666667
0 0.5569444444444445 0.48046875 0.02314814814814815 0.0140625
0 0.38842592592592595 0.3859375 0.025 0.016666666666666666
0 0.4236111111111111 0.37447916666666664 0.021296296296296296 0.013541666666666667
0 0.4916666666666667 0.403125 0.018518518518518517 0.011458333333333333
0 0.5083333333333333 0.39791666666666664 0.020370370370370372 0.011458333333333333
0 0.5212962962962964 0.4119791666666667 0.020370370370370372 0.013541666666666667
0 0.41435185185185186 0.2859375 0.028703703703703703 0.01875
0 0.5425925925925926 0.521875 0.02592592592592593 0.014583333333333334
0 0.5208333333333334 0.24479166666666666 0.026851851851851852 0.020833333333333332
0 0.6462962962962964 0.1671875 0.024074074074074074 0.017708333333333333
0 0.6328703703703704 0.15234375 0.02314814814814815 0.0171875
0 0.6675925925925926 0.1046875 0.024074074074074074 0.017708333333333333
0 0.6171296296296297 0.30234375 0.021296296296296296 0.013020833333333334
0 0.6597222222222222 0.2859375 0.025 0.020833333333333332
0 0.7296296296296296 0.27447916666666666 0.02592592592592593 0.013541666666666667
0 0.7175925925925927 0.2296875 0.02592592592592593 0.016666666666666666
0 0.6050925925925926 0.39375 0.02314814814814815 0.019791666666666666
0 0.5925925925925926 0.4192708333333333 0.02592592592592593 0.016666666666666666
0 0.6138888888888889 0.4236979166666667 0.02962962962962963 0.0171875
0 0.6328703703703704 0.4036458333333333 0.021296296296296296 0.0125
0 0.6606481481481482 0.3854166666666667 0.025 0.015625
0 0.7231481481481482 0.37473958333333335 0.02592592592592593 0.01614583333333333
0 0.6833333333333333 0.4315104166666667 0.02777777777777778 0.01614583333333333
0 0.7050925925925926 0.5338541666666666 0.03425925925925926 0.01875
0 0.6861111111111111 0.5489583333333333 0.02592592592592593 0.013541666666666667
0 0.7694444444444445 0.6088541666666667 0.02962962962962963 0.013541666666666667
0 0.7717592592592593 0.64609375 0.019444444444444445 0.009895833333333333
0 0.8824074074074074 0.73359375 0.03333333333333333 0.018229166666666668
0 0.8601851851851852 0.69765625 0.03333333333333333 0.0203125
0 0.8523148148148149 0.6520833333333333 0.026851851851851852 0.017708333333333333
0 0.8777777777777778 0.6510416666666666 0.018518518518518517 0.013541666666666667
0 0.8949074074074075 0.6440104166666667 0.025 0.015104166666666667
0 0.8597222222222223 0.6307291666666667 0.019444444444444445 0.010416666666666666
0 0.9888888888888889 0.70546875 0.022222222222222223 0.0171875
0 0.9537037037037037 0.528125 0.024074074074074074 0.0125
0 0.962037037037037 0.4947916666666667 0.031481481481481485 0.014583333333333334
0 0.9527777777777778 0.45234375 0.03333333333333333 0.01614583333333333
0 0.9439814814814815 0.4158854166666667 0.032407407407407406 0.0171875
0 0.9615740740740741 0.39739583333333334 0.025 0.011458333333333333
0 0.9828703703703704 0.3481770833333333 0.03425925925925926 0.018229166666666668
0 0.9449074074074074 0.30052083333333335 0.030555555555555558 0.017708333333333333
0 0.9680555555555556 0.2859375 0.026851851851851852 0.014583333333333334
0 0.987962962962963 0.42109375 0.024074074074074074 0.015104166666666667
0 0.6796296296296297 0.2520833333333333 0.020370370370370372 0.014583333333333334
0 0.2587962962962963 0.6528645833333333 0.025 0.0203125
0 0.625462962962963 0.2875 0.019444444444444445 0.015625
0 0.6231481481481481 0.27447916666666666 0.024074074074074074 0.0125
0 0.34444444444444444 0.38697916666666665 0.02592592592592593 0.01875
0 0.1564814814814815 0.6942708333333333 0.02592592592592593 0.0125
0 0.5291666666666667 0.321875 0.019444444444444445 0.013541666666666667
0 0.5347222222222222 0.33828125 0.019444444444444445 0.011979166666666666
