0 0.2949074074074074 0.21614583333333334 0.028703703703703703 0.015625
0 0.26481481481481484 0.34088541666666666 0.031481481481481485 0.013020833333333334
0 0.3425925925925926 0.2903645833333333 0.02592592592592593 0.018229166666666668
0 0.14953703703703705 0.3268229166666667 0.021296296296296296 0.0140625
0 0.23472222222222222 0.3729166666666667 0.026851851851851852 0.021875
0 0.27685185185185185 0.38229166666666664 0.03333333333333333 0.019791666666666666
0 0.3037037037037037 0.38229166666666664 0.020370370370370372 0.017708333333333333
0 0.16620370370370371 0.4276041666666667 0.028703703703703703 0.015625
0 0.29814814814814816 0.46119791666666665 0.031481481481481485 0.0140625
0 0.1486111111111111 0.4752604166666667 0.026851851851851852 0.018229166666666668
0 0.17222222222222222 0.4888020833333333 0.031481481481481485 0.0234375
0 0.26944444444444443 0.5015625 0.03333333333333333 0.019791666666666666
0 0.3 0.5270833333333333 0.03333333333333333 0.019791666666666666
0 0.17592592592592593 0.5276041666666667 0.03518518518518519 0.020833333333333332
0 0.16666666666666669 0.6278645833333333 0.04259259259259259 0.024479166666666666
0 0.19305555555555556 0.6973958333333333 0.04722222222222222 0.03125
0 0.24537037037037038 0.7684895833333333 0.02777777777777778 0.021354166666666667
0 0.16898148148148148 0.7513020833333334 0.03796296296296296 0.022395833333333334
0 0.14305555555555557 0.7572916666666667 0.025 0.013541666666666667
0 0.014351851851851852 0.5072916666666667 0.025 0.01875
0 0.2125 0.6143229166666666 0.032407407407407406 0.022395833333333334
0 0.3027777777777778 0.6080729166666666 0.03518518518518519 0.015104166666666667
0 0.028240740740740743 0.84375 0.02314814814814815 0.02395833333333333
0 0.046759259259259264 0.6640625 0.036111111111111115 0.01875
0 0.26435185185185184 0.6916666666666667 0.036111111111111115 0.020833333333333332
0 0.31527777777777777 0.6809895833333334 0.032407407407407406 0.022395833333333334
0 0.3388888888888889 0.7557291666666667 0.022222222222222223 0.022916666666666665
0 0.3611111111111111 0.7440104166666667 0.040740740740740744 0.022395833333333334
0 0.4851851851851852 0.7565104166666666 0.022222222222222223 0.015104166666666667
0 0.45046296296296295 0.6020833333333333 0.025 0.021875
0 0.3962962962962963 0.6127604166666667 0.014814814814814815 0.018229166666666668
0 0.34490740740740744 0.55546875 0.03425925925925926 0.0171875
0 0.4078703703703704 0.5393229166666667 0.026851851851851852 0.0171875
0 0.6097222222222223 0.87734375 0.03981481481481482 0.03177083333333333
0 0.5750000000000001 0.871875 0.037037037037037035 0.03125
0 0.6069444444444445 0.796875 0.03796296296296296 0.028125
0 0.600925925925926 0.76328125 0.03888888888888889 0.025520833333333333
0 0.6689814814814815 0.7119791666666666 0.03981481481481482 0.02395833333333333
0 0.7337962962962963 0.7580729166666667 0.025 0.011979166666666666
0 0.8416666666666667 0.8341145833333333 0.040740740740740744 0.0296875
0 0.5296296296296297 0.58671875 0.031481481481481485 0.019270833333333334
0 0.5675925925925926 0.6294270833333333 0.022222222222222223 0.009895833333333333
0 0.3944444444444445 0.5536458333333333 0.02592592592592593 0.0125
0 0.6222222222222222 0.5963541666666666 0.031481481481481485 0.014583333333333334
0 0.5564814814814815 0.54609375 0.02592592592592593 0.01614583333333333
0 0.48703703703703705 0.49322916666666666 0.022222222222222223 0.00625
0 0.5541666666666667 0.5231770833333333 0.021296296296296296 0.015104166666666667
0 0.5513888888888889 0.48125 0.02314814814814815 0.013541666666666667
0 0.3819444444444445 0.38697916666666665 0.025 0.016666666666666666
0 0.41620370370370374 0.37578125 0.02314814814814815 0.0140625
0 0.48564814814814816 0.4046875 0.017592592592592594 0.011458333333333333
0 0.5018518518518519 0.39869791666666665 0.020370370370370372 0.011979166666666666
0 0.5148148148148148 0.4127604166666667 0.020370370370370372 0.0140625
0 0.4087962962962963 0.2864583333333333 0.028703703703703703 0.01875
0 0.5365740740740741 0.52265625 0.026851851851851852 0.0140625
0 0.5157407407407407 0.24609375 0.02592592592592593 0.0203125
0 0.6398148148148148 0.16822916666666665 0.024074074074074074 0.017708333333333333
0 0.6263888888888889 0.15338541666666666 0.02314814814814815 0.0171875
0 0.6611111111111111 0.10625 0.024074074074074074 0.017708333333333333
0 0.6111111111111112 0.3028645833333333 0.020370370370370372 0.013020833333333334
0 0.6527777777777778 0.2869791666666667 0.024074074074074074 0.020833333333333332
0 0.7240740740740741 0.275 0.02592592592592593 0.013541666666666667
0 0.7115740740740741 0.23072916666666665 0.025 0.016666666666666666
0 0.5986111111111111 0.39479166666666665 0.02314814814814815 0.01875
0 0.5865740740740741 0.41953124999999997 0.026851851851851852 0.01614583333333333
0 0.6074074074074074 0.4244791666666667 0.02962962962962963 0.016666666666666666
0 0.6263888888888889 0.4041666666666667 0.021296296296296296 0.0125
0 0.6550925925925927 0.38619791666666664 0.025 0.015104166666666667
0 0.7171296296296297 0.37604166666666666 0.026851851851851852 0.015625
0 0.6768518518518519 0.4322916666666667 0.02777777777777778 0.015625
0 0.6981481481481482 0.5341145833333333 0.03518518518518519 0.018229166666666668
0 0.6805555555555556 0.5494791666666666 0.02592592592592593 0.013541666666666667
0 0.762962962962963 0.6091145833333333 0.02962962962962963 0.013020833333333334
0 0.7648148148148148 0.6471354166666666 0.020370370370370372 0.0109375
0 0.8763888888888889 0.7346354166666667 0.032407407407407406 0.018229166666666668
0 0.8527777777777779 0.6984375 0.03333333333333333 0.019791666666666666
0 0.8462962962962963 0.6533854166666666 0.02592592592592593 0.0171875
0 0.8712962962962963 0.6515625 0.018518518518518517 0.013541666666666667
0 0.888425925925926 0.64453125 0.025 0.015104166666666667
0 0.8541666666666667 0.63125 0.019444444444444445 0.010416666666666666
0 0.9861111111111112 0.7059895833333333 0.02777777777777778 0.0171875
0 0.9476851851851852 0.5283854166666666 0.025 0.011979166666666666
0 0.9555555555555556 0.49557291666666664 0.031481481481481485 0.015104166666666667
0 0.9467592592592593 0.45338541666666665 0.032407407407407406 0.01614583333333333
0 0.9370370370370371 0.4171875 0.031481481481481485 0.017708333333333333
0 0.9550925925925926 0.39869791666666665 0.025 0.0109375
0 0.9768518518518519 0.3497395833333333 0.03518518518518519 0.0171875
0 0.9393518518518519 0.3015625 0.030555555555555558 0.017708333333333333
0 0.9625 0.28671875 0.026851851851851852 0.015104166666666667
0 0.9833333333333334 0.421875 0.024074074074074074 0.017708333333333333
0 0.6736111111111112 0.25286458333333334 0.021296296296296296 0.0140625
0 0.2518518518518519 0.6536458333333334 0.024074074074074074 0.020833333333333332
0 0.6189814814814815 0.2875 0.019444444444444445 0.015625
0 0.6175925925925926 0.275 0.024074074074074074 0.0125
0 0.33842592592592596 0.3875 0.026851851851851852 0.01875
0 0.1513888888888889 0.69453125 0.025 0.013020833333333334
0 0.5231481481481481 0.32265625 0.020370370370370372 0.013020833333333334
0 0.5287037037037037 0.3390625 0.018518518518518517 0.010416666666666666
