0 0.2888888888888889 0.21666666666666667 0.02777777777777778 0.015625
0 0.2587962962962963 0.3411458333333333 0.030555555555555558 0.013541666666666667
0 0.33611111111111114 0.2908854166666667 0.02592592592592593 0.018229166666666668
0 0.1439814814814815 0.32708333333333334 0.021296296296296296 0.013541666666666667
0 0.22824074074074074 0.3729166666666667 0.026851851851851852 0.021875
0 0.26944444444444443 0.38255208333333335 0.03333333333333333 0.019270833333333334
0 0.2976851851851852 0.3828125 0.021296296296296296 0.017708333333333333
0 0.1587962962962963 0.428125 0.028703703703703703 0.015625
0 0.2916666666666667 0.46171875 0.02962962962962963 0.0140625
0 0.14074074074074075 0.47578125 0.02592592592592593 0.018229166666666668
0 0.16481481481481483 0.48932291666666666 0.031481481481481485 0.0234375
0 0.26342592592592595 0.50234375 0.032407407407407406 0.019270833333333334
0 0.2939814814814815 0.5270833333333333 0.03425925925925926 0.019791666666666666
0 0.16944444444444445 0.5278645833333333 0.03518518518518519 0.021354166666666667
0 0.1587962962962963 0.628125 0.04351851851851852 0.02395833333333333
0 0.1851851851851852 0.69765625 0.0462962962962963 0.030729166666666665
0 0.23842592592592593 0.7692708333333333 0.026851851851851852 0.021875
0 0.16064814814814815 0.7518229166666667 0.03796296296296296 0.022395833333333334
0 0.13611111111111113 0.7580729166666667 0.024074074074074074 0.0140625
0 0.20462962962962963 0.6145833333333334 0.03333333333333333 0.021875
0 0.29444444444444445 0.6088541666666667 0.03518518518518519 0.015625
0 0.01898148148148148 0.84453125 0.02314814814814815 0.024479166666666666
0 0.03935185185185185 0.6645833333333333 0.036111111111111115 0.01875
0 0.2555555555555556 0.6919270833333333 0.037037037037037035 0.021354166666666667
0 0.30694444444444446 0.68125 0.032407407407407406 0.022916666666666665
0 0.33055555555555555 0.75625 0.024074074074074074 0.022916666666666665
0 0.35324074074074074 0.7447916666666666 0.03981481481481482 0.022916666666666665
0 0.47685185185185186 0.7565104166666666 0.022222222222222223 0.015104166666666667
0 0.44212962962962965 0.6033854166666667 0.026851851851851852 0.021354166666666667
0 0.38981481481481484 0.6135416666666667 0.014814814814814815 0.017708333333333333
0 0.33796296296296297 0.5557291666666666 0.03333333333333333 0.016666666666666666
0 0.4013888888888889 0.5401041666666666 0.026851851851851852 0.017708333333333333
0 0.6018518518518519 0.8781249999999999 0.040740740740740744 0.03125
0 0.5680555555555555 0.87265625 0.03796296296296296 0.0296875
0 0.5990740740740741 0.796875 0.037037037037037035 0.028125
0 0.600462962962963 0.7638020833333333 0.026851851851851852 0.025520833333333333
0 0.6611111111111111 0.7122395833333334 0.040740740740740744 0.024479166666666666
0 0.7277777777777779 0.7583333333333333 0.02592592592592593 0.0125
0 0.8333333333333334 0.8348958333333333 0.040740740740740744 0.029166666666666667
0 0.5217592592592593 0.58671875 0.030555555555555558 0.019270833333333334
0 0.5615740740740741 0.6299479166666666 0.02314814814814815 0.009895833333333333
0 0.38796296296296295 0.5541666666666667 0.02592592592592593 0.0125
0 0.6162037037037037 0.5966145833333333 0.030555555555555558 0.0140625
0 0.549074074074074 0.546875 0.02592592592592593 0.016666666666666666
0 0.4810185185185185 0.49322916666666666 0.021296296296296296 0.007291666666666667
0 0.549074074074074 0.5236979166666667 0.020370370370370372 0.015104166666666667
0 0.5449074074074074 0.48151041666666666 0.02314814814814815 0.0140625
0 0.37453703703703706 0.3875 0.02314814814814815 0.016666666666666666
0 0.4083333333333333 0.3765625 0.022222222222222223 0.014583333333333334
0 0.4791666666666667 0.4046875 0.017592592592592594 0.011458333333333333
0 0.4962962962962963 0.39947916666666666 0.020370370370370372 0.011458333333333333
0 0.5087962962962963 0.41328125 0.019444444444444445 0.0140625
0 0.4027777777777778 0.2875 0.02777777777777778 0.01875
0 0.5305555555555556 0.5231770833333333 0.02592592592592593 0.0140625
0 0.5087962962962963 0.24635416666666665 0.026851851851851852 0.020833333333333332
0 0.6328703703703704 0.16875 0.02314814814814815 0.017708333333333333
0 0.6199074074074075 0.15442708333333333 0.02314814814814815 0.0171875
0 0.6546296296296297 0.10677083333333333 0.024074074074074074 0.017708333333333333
0 0.6046296296296296 0.30364583333333334 0.020370370370370372 0.013541666666666667
0 0.6458333333333334 0.2875 0.025 0.020833333333333332
0 0.7166666666666667 0.27578125 0.02592592592592593 0.013020833333333334
0 0.7046296296296296 0.23124999999999998 0.02592592592592593 0.016666666666666666
0 0.5921296296296297 0.3950520833333333 0.02314814814814815 0.019270833333333334
0 0.5791666666666667 0.4205729166666667 0.026851851851851852 0.015104166666666667
0 0.6013888888888889 0.4244791666666667 0.028703703703703703 0.016666666666666666
0 0.6203703703703703 0.4044270833333333 0.022222222222222223 0.011979166666666666
0 0.6481481481481481 0.38671875 0.02592592592592593 0.015104166666666667
0 0.7101851851851853 0.37604166666666666 0.02592592592592593 0.015625
0 0.6703703703703704 0.43255208333333334 0.02777777777777778 0.015104166666666667
0 0.6916666666666667 0.534375 0.03518518518518519 0.01875
0 0.675 0.55 0.02592592592592593 0.013541666666666667
0 0.7574074074074074 0.6091145833333333 0.02777777777777778 0.013020833333333334
0 0.7583333333333334 0.6473958333333333 0.020370370370370372 0.010416666666666666
0 0.8699074074074075 0.7348958333333333 0.032407407407407406 0.01875
0 0.8467592592592593 0.6986979166666667 0.032407407407407406 0.0203125
0 0.8407407407407408 0.6533854166666666 0.02592592592592593 0.018229166666666668
0 0.8657407407407408 0.6520833333333333 0.018518518518518517 0.013541666666666667
0 0.8828703703703704 0.6450520833333333 0.025 0.015104166666666667
0 0.8481481481481482 0.6317708333333333 0.020370370370370372 0.010416666666666666
0 0.9805555555555556 0.7065104166666667 0.02962962962962963 0.0171875
0 0.9421296296296297 0.5286458333333334 0.025 0.0125
0 0.9476851851851852 0.49583333333333335 0.030555555555555558 0.014583333333333334
0 0.9412037037037038 0.4536458333333333 0.032407407407407406 0.015625
0 0.9314814814814815 0.41692708333333334 0.031481481481481485 0.0171875
0 0.9486111111111112 0.39869791666666665 0.025 0.0109375
0 0.9703703703703704 0.35 0.03518518518518519 0.017708333333333333
0 0.9333333333333333 0.3015625 0.02962962962962963 0.017708333333333333
0 0.9560185185185186 0.2872395833333333 0.026851851851851852 0.015104166666666667
0 0.975462962962963 0.42291666666666666 0.02314814814814815 0.015625
0 0.9916666666666667 0.2630208333333333 0.016666666666666666 0.010416666666666666
0 0.6671296296296296 0.25364583333333335 0.021296296296296296 0.014583333333333334
0 0.24351851851851852 0.6536458333333334 0.024074074074074074 0.020833333333333332
0 0.611574074074074 0.28802083333333334 0.019444444444444445 0.015625
0 0.612037037037037 0.2755208333333333 0.024074074074074074 0.011458333333333333
0 0.33101851851851855 0.3875 0.026851851851851852 0.01875
0 0.14444444444444446 0.6958333333333333 0.02592592592592593 0.013541666666666667
0 0.5180555555555556 0.3234375 0.019444444444444445 0.013541666666666667
0 0.5217592592592593 0.3390625 0.015740740740740743 0.010416666666666666
