0 0.7194444444444444 0.21666666666666667 0.02777777777777778 0.015625
0 0.750462962962963 0.3419270833333333 0.032407407407407406 0.013020833333333334
0 0.6712962962962963 0.29140625 0.02592592592592593 0.018229166666666668
0 0.8634259259259259 0.32760416666666664 0.021296296296296296 0.013541666666666667
0 0.7814814814814816 0.3731770833333333 0.02777777777777778 0.021354166666666667
0 0.7393518518518519 0.38307291666666665 0.03425925925925926 0.019270833333333334
0 0.7115740740740741 0.38255208333333335 0.021296296296296296 0.0171875
0 0.85 0.4283854166666667 0.02777777777777778 0.015104166666666667
0 0.7162037037037037 0.46171875 0.030555555555555558 0.0140625
0 0.8675925925925926 0.47552083333333334 0.02592592592592593 0.01875
0 0.8435185185185186 0.4890625 0.031481481481481485 0.022916666666666665
0 0.7453703703703703 0.5028645833333333 0.031481481481481485 0.019270833333333334
0 0.7148148148148148 0.5276041666666667 0.03333333333333333 0.019791666666666666
0 0.8398148148148148 0.5283854166666666 0.03518518518518519 0.021354166666666667
0 0.850462962962963 0.6286458333333333 0.04351851851851852 0.02395833333333333
0 0.8240740740740741 0.6994791666666667 0.04259259259259259 0.026041666666666668
0 0.7712962962962964 0.7692708333333333 0.02777777777777778 0.021875
0 0.8486111111111111 0.7518229166666667 0.03796296296296296 0.022395833333333334
0 0.8731481481481482 0.75859375 0.024074074074074074 0.0140625
0 0.8041666666666667 0.61484375 0.03425925925925926 0.022395833333333334
0 0.7143518518518519 0.6091145833333333 0.036111111111111115 0.015104166666666667
0 0.9902777777777778 0.8453125 0.019444444444444445 0.025
0 0.9689814814814816 0.6645833333333333 0.036111111111111115 0.01875
0 0.7541666666666667 0.6927083333333334 0.03796296296296296 0.021875
0 0.7018518518518518 0.6815104166666667 0.031481481481481485 0.0234375
0 0.6782407407407408 0.75625 0.02314814814814815 0.022916666666666665
0 0.6560185185185186 0.7447916666666666 0.04166666666666667 0.022916666666666665
0 0.5324074074074074 0.75703125 0.022222222222222223 0.015104166666666667
0 0.5680555555555555 0.603125 0.030555555555555558 0.020833333333333332
0 0.6185185185185186 0.6138020833333333 0.014814814814814815 0.0171875
0 0.6699074074074074 0.5559895833333334 0.03425925925925926 0.0171875
0 0.6069444444444445 0.540625 0.026851851851851852 0.016666666666666666
0 0.4064814814814815 0.8781249999999999 0.040740740740740744 0.03125
0 0.4416666666666667 0.87265625 0.037037037037037035 0.0296875
0 0.4101851851851852 0.7973958333333333 0.037037037037037035 0.028125
0 0.4087962962962963 0.7638020833333333 0.026851851851851852 0.025520833333333333
0 0.34861111111111115 0.7125 0.04166666666666667 0.025
0 0.28055555555555556 0.7583333333333333 0.02592592592592593 0.0125
0 0.17546296296296296 0.8348958333333333 0.03981481481481482 0.029166666666666667
0 0.48703703703703705 0.5869791666666666 0.031481481481481485 0.01875
0 0.44537037037037036 0.6299479166666666 0.022222222222222223 0.009895833333333333
0 0.6203703703703703 0.5541666666666667 0.02777777777777778 0.0125
0 0.39212962962962966 0.5963541666666666 0.030555555555555558 0.014583333333333334
0 0.6347222222222223 0.3875 0.021296296296296296 0.015625
0 0.4587962962962963 0.54765625 0.026851851851851852 0.0171875
0 0.525462962962963 0.49140625 0.02314814814814815 0.0109375
0 0.4587962962962963 0.5236979166666667 0.021296296296296296 0.015104166666666667
0 0.4625 0.48151041666666666 0.02314814814814815 0.0140625
0 0.600462962962963 0.3768229166666667 0.02314814814814815 0.0140625
0 0.5287037037037037 0.4046875 0.018518518518518517 0.011458333333333333
0 0.5120370370370371 0.39921875 0.020370370370370372 0.011979166666666666
0 0.4990740740740741 0.41302083333333334 0.020370370370370372 0.013541666666666667
0 0.6055555555555556 0.2872395833333333 0.02777777777777778 0.018229166666666668
0 0.47824074074074074 0.5229166666666667 0.026851851851851852 0.013541666666666667
0 0.49953703703703706 0.24687499999999998 0.026851851851851852 0.020833333333333332
0 0.375 0.16848958333333333 0.024074074074074074 0.018229166666666668
0 0.38842592592592595 0.15390625 0.02314814814814815 0.0171875
0 0.3550925925925926 0.10677083333333333 0.02314814814814815 0.017708333333333333
0 0.40370370370370373 0.30416666666666664 0.020370370370370372 0.013541666666666667
0 0.362962962962963 0.2875 0.024074074074074074 0.020833333333333332
0 0.29074074074074074 0.2760416666666667 0.02592592592592593 0.013541666666666667
0 0.3037037037037037 0.23124999999999998 0.02592592592592593 0.016666666666666666
0 0.41712962962962963 0.3953125 0.02314814814814815 0.019791666666666666
0 0.4287037037037037 0.42083333333333334 0.02592592592592593 0.015625
0 0.40740740740740744 0.4244791666666667 0.02962962962962963 0.016666666666666666
0 0.38703703703703707 0.4046875 0.022222222222222223 0.0125
0 0.3597222222222222 0.38697916666666665 0.025 0.015625
0 0.2986111111111111 0.37604166666666666 0.026851851851851852 0.015625
0 0.33796296296296297 0.4328125 0.02777777777777778 0.015625
0 0.3162037037037037 0.5348958333333333 0.03425925925925926 0.01875
0 0.33333333333333337 0.5502604166666667 0.02592592592592593 0.013020833333333334
0 0.25 0.6091145833333333 0.02777777777777778 0.013020833333333334
0 0.24953703703703706 0.64765625 0.021296296296296296 0.009895833333333333
0 0.13842592592592592 0.7348958333333333 0.032407407407407406 0.01875
0 0.16111111111111112 0.6984375 0.03333333333333333 0.019791666666666666
0 0.16712962962962963 0.6536458333333334 0.025 0.017708333333333333
0 0.14166666666666666 0.65234375 0.018518518518518517 0.013020833333333334
0 0.12361111111111112 0.6450520833333333 0.025 0.015104166666666667
0 0.15925925925925927 0.63203125 0.020370370370370372 0.0109375
0 0.027314814814814816 0.7067708333333333 0.030555555555555558 0.017708333333333333
0 0.010648148148148148 0.6026041666666666 0.017592592592592594 0.014583333333333334
0 0.06527777777777778 0.5286458333333334 0.025 0.0125
0 0.059722222222222225 0.49583333333333335 0.030555555555555558 0.014583333333333334
0 0.06620370370370371 0.45390625 0.032407407407407406 0.01614583333333333
0 0.0763888888888889 0.41692708333333334 0.032407407407407406 0.0171875
0 0.0587962962962963 0.39921875 0.025 0.0109375
0 0.03657407407407408 0.35 0.036111111111111115 0.017708333333333333
0 0.07453703703703704 0.3015625 0.030555555555555558 0.017708333333333333
0 0.051388888888888894 0.2869791666666667 0.026851851851851852 0.015625
0 0.008796296296296297 0.2747395833333333 0.01388888888888889 0.0140625
0 0.013425925925925926 0.26276041666666666 0.02314814814814815 0.009895833333333333
0 0.3416666666666667 0.25364583333333335 0.020370370370370372 0.014583333333333334
0 0.7652777777777778 0.6544270833333333 0.02314814814814815 0.021354166666666667
0 0.39675925925925926 0.28802083333333334 0.019444444444444445 0.015625
0 0.032407407407407406 0.42291666666666666 0.022222222222222223 0.013541666666666667
0 0.3962962962962963 0.27578125 0.024074074074074074 0.0109375
0 0.6763888888888889 0.3880208333333333 0.026851851851851852 0.01875
0 0.8643518518518519 0.69609375 0.025 0.0140625
0 0.48888888888888893 0.3234375 0.020370370370370372 0.0125
