0 0.27037037037037037 0.2171875 0.02962962962962963 0.017708333333333333
0 0.2388888888888889 0.3419270833333333 0.031481481481481485 0.013020833333333334
0 0.3199074074074074 0.29192708333333334 0.026851851851851852 0.018229166666666668
0 0.12638888888888888 0.32760416666666664 0.021296296296296296 0.013541666666666667
0 0.20740740740740743 0.3731770833333333 0.02777777777777778 0.021354166666666667
0 0.24814814814814815 0.38307291666666665 0.03333333333333333 0.019270833333333334
0 0.2763888888888889 0.38359375 0.021296296296296296 0.0171875
0 0.1388888888888889 0.4302083333333333 0.02962962962962963 0.016666666666666666
0 0.2740740740740741 0.4627604166666667 0.02962962962962963 0.0140625
0 0.12037037037037038 0.47630208333333335 0.02592592592592593 0.018229166666666668
0 0.1486111111111111 0.48984374999999997 0.03981481481481482 0.0234375
0 0.24212962962962964 0.5028645833333333 0.032407407407407406 0.019270833333333334
0 0.27314814814814814 0.528125 0.03518518518518519 0.019791666666666666
0 0.1486111111111111 0.5291666666666667 0.03425925925925926 0.020833333333333332
0 0.13518518518518519 0.6291666666666667 0.04259259259259259 0.02395833333333333
0 0.16296296296296298 0.6997395833333333 0.040740740740740744 0.027604166666666666
0 0.2162037037037037 0.7703125 0.026851851851851852 0.021875
0 0.13842592592592592 0.7528645833333333 0.03796296296296296 0.022395833333333334
0 0.11388888888888889 0.759375 0.024074074074074074 0.013541666666666667
0 0.18287037037037038 0.6153645833333333 0.03425925925925926 0.022395833333333334
0 0.27222222222222225 0.6119791666666666 0.03333333333333333 0.016666666666666666
0 0.01898148148148148 0.665625 0.03425925925925926 0.01875
0 0.23194444444444445 0.69296875 0.03981481481481482 0.021354166666666667
0 0.28194444444444444 0.6822916666666666 0.030555555555555558 0.02395833333333333
0 0.30694444444444446 0.7572916666666667 0.02314814814814815 0.022916666666666665
0 0.33055555555555555 0.7455729166666667 0.040740740740740744 0.022395833333333334
0 0.45462962962962966 0.7578125 0.022222222222222223 0.015625
0 0.42129629629629634 0.60390625 0.02592592592592593 0.0203125
0 0.36944444444444446 0.6143229166666666 0.014814814814814815 0.0171875
0 0.3189814814814815 0.5565104166666667 0.03425925925925926 0.0171875
0 0.3527777777777778 0.690625 0.014814814814814815 0.017708333333333333
0 0.3824074074074074 0.5401041666666666 0.02777777777777778 0.014583333333333334
0 0.5787037037037037 0.8796875 0.040740740740740744 0.03125
0 0.5453703703703704 0.8736979166666666 0.03888888888888889 0.0296875
0 0.5773148148148148 0.7981770833333334 0.03796296296296296 0.027604166666666666
0 0.5782407407407407 0.7651041666666667 0.028703703703703703 0.025
0 0.637962962962963 0.7135416666666666 0.04259259259259259 0.025
0 0.7074074074074075 0.7591145833333334 0.02592592592592593 0.013020833333333334
0 0.8106481481481482 0.8359375 0.03981481481481482 0.029166666666666667
0 0.500925925925926 0.5877604166666667 0.031481481481481485 0.019270833333333334
0 0.5444444444444445 0.63046875 0.022222222222222223 0.009895833333333333
0 0.3685185185185185 0.5552083333333333 0.02777777777777778 0.0125
0 0.5981481481481482 0.596875 0.031481481481481485 0.014583333333333334
0 0.5314814814814816 0.5479166666666666 0.02592592592592593 0.017708333333333333
0 0.46435185185185185 0.49166666666666664 0.02314814814814815 0.011458333333333333
0 0.5300925925925926 0.5244791666666666 0.02314814814814815 0.014583333333333334
0 0.5277777777777778 0.48203124999999997 0.022222222222222223 0.0140625
0 0.3861111111111111 0.37734375 0.024074074074074074 0.015104166666666667
0 0.4 0.3971354166666667 0.014814814814814815 0.0078125
0 0.4601851851851852 0.40572916666666664 0.020370370370370372 0.010416666666666666
0 0.47731481481481486 0.4002604166666667 0.021296296296296296 0.011979166666666666
0 0.49074074074074076 0.41432291666666665 0.020370370370370372 0.0140625
0 0.38472222222222224 0.28802083333333334 0.028703703703703703 0.01875
0 0.5106481481481482 0.5239583333333333 0.028703703703703703 0.014583333333333334
0 0.49074074074074076 0.24765625 0.02777777777777778 0.0203125
0 0.6148148148148148 0.17005208333333333 0.024074074074074074 0.018229166666666668
0 0.6013888888888889 0.15546875 0.02314814814814815 0.0171875
0 0.6342592592592593 0.10859375 0.024074074074074074 0.0171875
0 0.5851851851851853 0.30494791666666665 0.020370370370370372 0.013020833333333334
0 0.625462962962963 0.28880208333333335 0.025 0.0203125
0 0.6976851851851852 0.27708333333333335 0.025 0.013541666666666667
0 0.6856481481481482 0.23229166666666667 0.025 0.016666666666666666
0 0.5712962962962963 0.3963541666666667 0.024074074074074074 0.01875
0 0.5592592592592592 0.421875 0.024074074074074074 0.016666666666666666
0 0.5814814814814815 0.42578125 0.02962962962962963 0.01614583333333333
0 0.6023148148148149 0.40572916666666664 0.021296296296296296 0.0125
0 0.6291666666666667 0.38776041666666666 0.025 0.015104166666666667
0 0.6907407407407408 0.37734375 0.02592592592592593 0.01614583333333333
0 0.6513888888888889 0.43359375 0.028703703703703703 0.015104166666666667
0 0.6717592592592593 0.5354166666666667 0.03425925925925926 0.01875
0 0.6569444444444444 0.55078125 0.025 0.0140625
0 0.6703703703703704 0.6864583333333333 0.024074074074074074 0.011458333333333333
0 0.737037037037037 0.6098958333333333 0.02777777777777778 0.0125
0 0.737962962962963 0.6486979166666667 0.020370370370370372 0.0109375
0 0.851388888888889 0.7361979166666667 0.032407407407407406 0.018229166666666668
0 0.8277777777777778 0.6997395833333333 0.03518518518518519 0.0203125
0 0.8226851851851852 0.6546875 0.025 0.017708333333333333
0 0.8476851851851852 0.6533854166666666 0.019444444444444445 0.013020833333333334
0 0.8662037037037037 0.6455729166666666 0.02314814814814815 0.015104166666666667
0 0.8305555555555556 0.6328125 0.020370370370370372 0.010416666666666666
0 0.987962962962963 0.7419270833333333 0.024074074074074074 0.0203125
0 0.9606481481481481 0.7080729166666666 0.030555555555555558 0.0171875
0 0.9782407407407407 0.6052083333333333 0.025 0.017708333333333333
0 0.9560185185185186 0.42421875 0.021296296296296296 0.013020833333333334
0 0.9240740740740742 0.5302083333333333 0.02592592592592593 0.0125
0 0.9273148148148148 0.49713541666666666 0.030555555555555558 0.0140625
0 0.9240740740740742 0.4549479166666667 0.031481481481481485 0.01614583333333333
0 0.912962962962963 0.4184895833333333 0.031481481481481485 0.0171875
0 0.9324074074074075 0.4 0.02777777777777778 0.011458333333333333
0 0.9518518518518518 0.35104166666666664 0.03518518518518519 0.017708333333333333
0 0.9157407407407407 0.3028645833333333 0.02962962962962963 0.0171875
0 0.937962962962963 0.28854166666666664 0.02592592592592593 0.015625
0 0.9842592592592593 0.27630208333333334 0.020370370370370372 0.0140625
0 0.9773148148148149 0.2643229166666667 0.02314814814814815 0.0109375
0 0.6481481481481481 0.25494791666666666 0.022222222222222223 0.0140625
0 0.2212962962962963 0.65546875 0.024074074074074074 0.021354166666666667
0 0.5907407407407408 0.2895833333333333 0.018518518518518517 0.014583333333333334
0 0.5925925925925926 0.27682291666666664 0.024074074074074074 0.0109375
0 0.3111111111111111 0.3890625 0.02777777777777778 0.01875
0 0.12453703703703704 0.696875 0.02314814814814815 0.013541666666666667
0 0.5013888888888889 0.3223958333333333 0.021296296296296296 0.009375
