0 0.7388888888888889 0.21744791666666666 0.02962962962962963 0.0171875
0 0.7712962962962964 0.3424479166666667 0.031481481481481485 0.013020833333333334
0 0.6888888888888889 0.29244791666666664 0.02592592592592593 0.018229166666666668
0 0.8819444444444445 0.328125 0.021296296296296296 0.013541666666666667
0 0.8023148148148148 0.37447916666666664 0.026851851851851852 0.021875
0 0.7606481481481482 0.38359375 0.03425925925925926 0.019270833333333334
0 0.7328703703703704 0.38385416666666666 0.021296296296296296 0.017708333333333333
0 0.8703703703703703 0.43046875 0.02962962962962963 0.0171875
0 0.7347222222222223 0.4627604166666667 0.028703703703703703 0.0140625
0 0.8898148148148148 0.47630208333333335 0.02592592592592593 0.018229166666666668
0 0.862037037037037 0.4903645833333333 0.03888888888888889 0.0234375
0 0.7675925925925926 0.50390625 0.03333333333333333 0.019270833333333334
0 0.7356481481481482 0.5283854166666666 0.03425925925925926 0.0203125
0 0.8611111111111112 0.5294270833333333 0.03333333333333333 0.021354166666666667
0 0.875462962962963 0.6294270833333333 0.04351851851851852 0.024479166666666666
0 0.8486111111111111 0.7 0.03981481481481482 0.027083333333333334
0 0.7944444444444445 0.7708333333333334 0.02777777777777778 0.021875
0 0.8726851851851852 0.7536458333333333 0.03796296296296296 0.022916666666666665
0 0.8972222222222223 0.7598958333333333 0.024074074074074074 0.013541666666666667
0 0.8273148148148148 0.6158854166666666 0.03425925925925926 0.022395833333333334
0 0.737962962962963 0.6127604166666667 0.03333333333333333 0.0171875
0 0.987037037037037 0.66640625 0.02592592592592593 0.019270833333333334
0 0.7791666666666667 0.69375 0.04166666666666667 0.021875
0 0.7282407407407407 0.6828125 0.03425925925925926 0.022916666666666665
0 0.7050925925925926 0.7580729166666667 0.02314814814814815 0.0234375
0 0.6805555555555556 0.7463541666666667 0.040740740740740744 0.021875
0 0.5564814814814815 0.7583333333333333 0.022222222222222223 0.015625
0 0.5898148148148148 0.6046875 0.02592592592592593 0.020833333333333332
0 0.6407407407407407 0.61484375 0.014814814814814815 0.0171875
0 0.6902777777777778 0.55703125 0.03425925925925926 0.0171875
0 0.6569444444444444 0.6911458333333333 0.015740740740740743 0.017708333333333333
0 0.625462962962963 0.5408854166666667 0.028703703703703703 0.01614583333333333
0 0.4324074074074074 0.88046875 0.040740740740740744 0.03177083333333333
0 0.46574074074074073 0.8739583333333333 0.03888888888888889 0.030208333333333334
0 0.4328703703703704 0.7989583333333333 0.03796296296296296 0.028125
0 0.4314814814814815 0.7658854166666667 0.02962962962962963 0.024479166666666666
0 0.37222222222222223 0.7135416666666666 0.04259259259259259 0.025
0 0.30185185185185187 0.7598958333333333 0.02592592592592593 0.013541666666666667
0 0.19953703703703704 0.8364583333333333 0.04166666666666667 0.029166666666666667
0 0.5092592592592593 0.5880208333333333 0.031481481481481485 0.019791666666666666
0 0.4638888888888889 0.6307291666666667 0.022222222222222223 0.010416666666666666
0 0.6402777777777778 0.5557291666666666 0.026851851851851852 0.0125
0 0.4101851851851852 0.5979166666666667 0.031481481481481485 0.014583333333333334
0 0.47824074074074074 0.54921875 0.025 0.018229166666666668
0 0.5449074074074074 0.49166666666666664 0.02314814814814815 0.011458333333333333
0 0.4759259259259259 0.5244791666666666 0.018518518518518517 0.014583333333333334
0 0.4810185185185185 0.48385416666666664 0.02314814814814815 0.015625
0 0.625925925925926 0.3770833333333333 0.024074074074074074 0.014583333333333334
0 0.6097222222222223 0.3971354166666667 0.015740740740740743 0.0078125
0 0.5481481481481482 0.40625 0.016666666666666666 0.010416666666666666
0 0.5310185185185186 0.4002604166666667 0.021296296296296296 0.011979166666666666
0 0.5180555555555556 0.41484375 0.021296296296296296 0.0140625
0 0.625 0.28854166666666664 0.02777777777777778 0.01875
0 0.49768518518518523 0.52421875 0.028703703703703703 0.0140625
0 0.5189814814814815 0.24791666666666667 0.026851851851851852 0.020833333333333332
0 0.3944444444444445 0.17109375 0.024074074074074074 0.018229166666666668
0 0.4078703703703704 0.15572916666666667 0.02314814814814815 0.017708333333333333
0 0.375462962962963 0.10911458333333333 0.02314814814814815 0.0171875
0 0.4240740740740741 0.3052083333333333 0.020370370370370372 0.013541666666666667
0 0.38472222222222224 0.2890625 0.025 0.020833333333333332
0 0.3106481481481482 0.27734375 0.025 0.0140625
0 0.32453703703703707 0.23333333333333334 0.025 0.016666666666666666
0 0.43842592592592594 0.3971354166666667 0.025 0.019270833333333334
0 0.44953703703703707 0.42265625 0.02314814814814815 0.0171875
0 0.4277777777777778 0.42604166666666665 0.02962962962962963 0.016666666666666666
0 0.4064814814814815 0.40598958333333335 0.022222222222222223 0.013020833333333334
0 0.3805555555555556 0.38828125 0.024074074074074074 0.015104166666666667
0 0.3194444444444445 0.3776041666666667 0.02592592592592593 0.016666666666666666
0 0.3578703703703704 0.4341145833333333 0.028703703703703703 0.015104166666666667
0 0.3375 0.5356770833333333 0.03425925925925926 0.019270833333333334
0 0.35185185185185186 0.55078125 0.02592592592592593 0.0140625
0 0.33935185185185185 0.6861979166666666 0.026851851851851852 0.013020833333333334
0 0.2712962962962963 0.6098958333333333 0.02777777777777778 0.0125
0 0.27175925925925926 0.6497395833333334 0.021296296296296296 0.0109375
0 0.15787037037037038 0.7364583333333333 0.032407407407407406 0.01875
0 0.1814814814814815 0.7002604166666666 0.03518518518518519 0.0203125
0 0.18611111111111112 0.6549479166666666 0.02592592592592593 0.0171875
0 0.16111111111111112 0.65390625 0.020370370370370372 0.013020833333333334
0 0.14212962962962963 0.64609375 0.02314814814814815 0.015104166666666667
0 0.17824074074074076 0.6330729166666667 0.019444444444444445 0.0109375
0 0.018055555555555557 0.74296875 0.032407407407407406 0.018229166666666668
0 0.04814814814814815 0.7083333333333334 0.02962962962962963 0.016666666666666666
0 0.4175925925925926 0.29010416666666666 0.016666666666666666 0.015625
0 0.41712962962962963 0.27708333333333335 0.021296296296296296 0.0125
0 0.030555555555555558 0.6059895833333333 0.02592592592592593 0.018229166666666668
0 0.6981481481481482 0.3890625 0.02962962962962963 0.01875
0 0.8842592592592593 0.69765625 0.024074074074074074 0.0140625
0 0.0837962962962963 0.53046875 0.025 0.013020833333333334
0 0.08240740740740742 0.496875 0.031481481481481485 0.014583333333333334
0 0.08472222222222223 0.45546875 0.030555555555555558 0.01614583333333333
0 0.0962962962962963 0.41901041666666666 0.031481481481481485 0.0171875
0 0.07685185185185185 0.40078125 0.02777777777777778 0.0109375
0 0.058333333333333334 0.35130208333333335 0.03518518518518519 0.018229166666666668
0 0.0925925925925926 0.30364583333333334 0.02962962962962963 0.017708333333333333
0 0.07037037037037037 0.2895833333333333 0.02592592592592593 0.015625
0 0.024074074074074074 0.27630208333333334 0.020370370370370372 0.0140625
0 0.007407407407407408 0.27630208333333334 0.011111111111111112 0.013020833333333334
0 0.032407407407407406 0.26458333333333334 0.022222222222222223 0.011458333333333333
0 0.3615740740740741 0.25546875 0.021296296296296296 0.0140625
0 0.7870370370370371 0.6557291666666667 0.022222222222222223 0.021875
0 0.5064814814814815 0.3229166666666667 0.020370370370370372 0.009375
