0 0.26296296296296295 0.21744791666666666 0.02962962962962963 0.0171875
0 0.23055555555555557 0.3424479166666667 0.031481481481481485 0.013020833333333334
0 0.312962962962963 0.29244791666666664 0.02592592592592593 0.018229166666666668
0 0.11990740740740741 0.328125 0.021296296296296296 0.013541666666666667
0 0.19953703703703704 0.37447916666666664 0.026851851851851852 0.021875
0 0.24120370370370373 0.38359375 0.03425925925925926 0.019270833333333334
0 0.2689814814814815 0.38385416666666666 0.021296296296296296 0.017708333333333333
0 0.13148148148148148 0.43046875 0.02962962962962963 0.0171875
0 0.26712962962962966 0.4627604166666667 0.028703703703703703 0.0140625
0 0.11203703703703705 0.47630208333333335 0.02592592592592593 0.018229166666666668
0 0.1398148148148148 0.4903645833333333 0.03888888888888889 0.0234375
0 0.23425925925925928 0.50390625 0.03333333333333333 0.019270833333333334
0 0.2662037037037037 0.5283854166666666 0.03425925925925926 0.0203125
0 0.14074074074074075 0.5294270833333333 0.03333333333333333 0.021354166666666667
0 0.12638888888888888 0.6294270833333333 0.04351851851851852 0.024479166666666666
0 0.15324074074074073 0.7 0.03981481481481482 0.027083333333333334
0 0.20740740740740743 0.7708333333333334 0.02777777777777778 0.021875
0 0.12916666666666668 0.7536458333333333 0.03796296296296296 0.022916666666666665
0 0.10462962962962963 0.7598958333333333 0.024074074074074074 0.013541666666666667
0 0.17453703703703705 0.6158854166666666 0.03425925925925926 0.022395833333333334
0 0.2638888888888889 0.6127604166666667 0.03333333333333333 0.0171875
0 0.014351851851851852 0.6661458333333333 0.026851851851851852 0.01875
0 0.22268518518518518 0.69375 0.04166666666666667 0.021875
0 0.27361111111111114 0.6828125 0.03425925925925926 0.022916666666666665
0 0.2967592592592593 0.7580729166666667 0.02314814814814815 0.0234375
0 0.3212962962962963 0.7463541666666667 0.040740740740740744 0.021875
0 0.44537037037037036 0.7583333333333333 0.022222222222222223 0.015625
0 0.41203703703703703 0.6046875 0.02592592592592593 0.020833333333333332
0 0.3611111111111111 0.61484375 0.014814814814814815 0.0171875
0 0.31157407407407406 0.55703125 0.03425925925925926 0.0171875
0 0.34490740740740744 0.6911458333333333 0.015740740740740743 0.017708333333333333
0 0.3763888888888889 0.5408854166666667 0.028703703703703703 0.01614583333333333
0 0.5694444444444444 0.88046875 0.040740740740740744 0.03177083333333333
0 0.5361111111111111 0.8739583333333333 0.03888888888888889 0.030208333333333334
0 0.5689814814814815 0.7989583333333333 0.03796296296296296 0.028125
0 0.5703703703703704 0.7658854166666667 0.02962962962962963 0.024479166666666666
0 0.6296296296296297 0.7135416666666666 0.04259259259259259 0.025
0 0.7000000000000001 0.7598958333333333 0.02592592592592593 0.013541666666666667
0 0.8023148148148148 0.8364583333333333 0.04166666666666667 0.029166666666666667
0 0.49259259259259264 0.5880208333333333 0.031481481481481485 0.019791666666666666
0 0.537962962962963 0.6307291666666667 0.022222222222222223 0.010416666666666666
0 0.3615740740740741 0.5557291666666666 0.026851851851851852 0.0125
0 0.5916666666666667 0.5979166666666667 0.031481481481481485 0.014583333333333334
0 0.5236111111111111 0.54921875 0.025 0.018229166666666668
0 0.4569444444444445 0.49166666666666664 0.02314814814814815 0.011458333333333333
0 0.5259259259259259 0.5244791666666666 0.018518518518518517 0.014583333333333334
0 0.5208333333333334 0.48385416666666664 0.02314814814814815 0.015625
0 0.37592592592592594 0.3770833333333333 0.024074074074074074 0.014583333333333334
0 0.39212962962962966 0.3971354166666667 0.015740740740740743 0.0078125
0 0.4537037037037037 0.40625 0.016666666666666666 0.010416666666666666
0 0.4708333333333333 0.4002604166666667 0.021296296296296296 0.011979166666666666
0 0.48379629629629634 0.41484375 0.021296296296296296 0.0140625
0 0.3768518518518519 0.28854166666666664 0.02777777777777778 0.01875
0 0.5041666666666667 0.52421875 0.028703703703703703 0.0140625
0 0.4828703703703704 0.24791666666666667 0.026851851851851852 0.020833333333333332
0 0.6074074074074074 0.17109375 0.024074074074074074 0.018229166666666668
0 0.5939814814814816 0.15572916666666667 0.02314814814814815 0.017708333333333333
0 0.6263888888888889 0.10911458333333333 0.02314814814814815 0.0171875
0 0.5777777777777778 0.3052083333333333 0.020370370370370372 0.013541666666666667
0 0.6171296296296297 0.2890625 0.025 0.020833333333333332
0 0.6912037037037038 0.27734375 0.025 0.0140625
0 0.6773148148148148 0.23333333333333334 0.025 0.016666666666666666
0 0.563425925925926 0.3971354166666667 0.025 0.019270833333333334
0 0.5523148148148148 0.42265625 0.02314814814814815 0.0171875
0 0.5740740740740741 0.42604166666666665 0.02962962962962963 0.016666666666666666
0 0.5953703703703704 0.40598958333333335 0.022222222222222223 0.013020833333333334
0 0.6212962962962963 0.38828125 0.024074074074074074 0.015104166666666667
0 0.6824074074074075 0.3776041666666667 0.02592592592592593 0.016666666666666666
0 0.6439814814814815 0.4341145833333333 0.028703703703703703 0.015104166666666667
0 0.6643518518518519 0.5356770833333333 0.03425925925925926 0.019270833333333334
0 0.65 0.55078125 0.02592592592592593 0.0140625
0 0.6625 0.6861979166666666 0.026851851851851852 0.013020833333333334
0 0.7305555555555556 0.6098958333333333 0.02777777777777778 0.0125
0 0.7300925925925926 0.6497395833333334 0.021296296296296296 0.0109375
0 0.8439814814814816 0.7364583333333333 0.032407407407407406 0.01875
0 0.8203703703703704 0.7002604166666666 0.03518518518518519 0.0203125
0 0.8157407407407408 0.6549479166666666 0.02592592592592593 0.0171875
0 0.8407407407407408 0.65390625 0.020370370370370372 0.013020833333333334
0 0.8597222222222223 0.64609375 0.02314814814814815 0.015104166666666667
0 0.8236111111111112 0.6330729166666667 0.019444444444444445 0.0109375
0 0.9837962962962963 0.74296875 0.032407407407407406 0.018229166666666668
0 0.9537037037037037 0.7083333333333334 0.02962962962962963 0.016666666666666666
0 0.5842592592592593 0.29010416666666666 0.016666666666666666 0.015625
0 0.5847222222222223 0.27708333333333335 0.021296296296296296 0.0125
0 0.9712962962962963 0.6059895833333333 0.02592592592592593 0.018229166666666668
0 0.3037037037037037 0.3890625 0.02962962962962963 0.01875
0 0.1175925925925926 0.69765625 0.024074074074074074 0.0140625
0 0.9180555555555556 0.53046875 0.025 0.013020833333333334
0 0.9194444444444445 0.496875 0.031481481481481485 0.014583333333333334
0 0.9171296296296296 0.45546875 0.030555555555555558 0.01614583333333333
0 0.9055555555555556 0.41901041666666666 0.031481481481481485 0.0171875
0 0.925 0.40078125 0.02777777777777778 0.0109375
0 0.9435185185185185 0.35130208333333335 0.03518518518518519 0.018229166666666668
0 0.9092592592592593 0.30364583333333334 0.02962962962962963 0.017708333333333333
0 0.9314814814814815 0.2895833333333333 0.02592592592592593 0.015625
0 0.9777777777777779 0.27630208333333334 0.020370370370370372 0.0140625
0 0.9944444444444445 0.27630208333333334 0.011111111111111112 0.013020833333333334
0 0.9694444444444444 0.26458333333333334 0.022222222222222223 0.011458333333333333
0 0.6402777777777778 0.25546875 0.021296296296296296 0.0140625
0 0.21481481481481482 0.6557291666666667 0.022222222222222223 0.021875
0 0.4953703703703704 0.3229166666666667 0.020370370370370372 0.009375
