0 0.7458333333333333 0.21744791666666666 0.028703703703703703 0.0171875
0 0.7787037037037038 0.34296875 0.031481481481481485 0.013020833333333334
0 0.6958333333333334 0.29244791666666664 0.026851851851851852 0.018229166666666668
0 0.888425925925926 0.32838541666666665 0.021296296296296296 0.013020833333333334
0 0.8101851851851852 0.37447916666666664 0.02777777777777778 0.021875
0 0.7699074074074075 0.38385416666666666 0.03425925925925926 0.019791666666666666
0 0.7412037037037037 0.38359375 0.021296296296296296 0.0171875
0 0.8782407407407408 0.42994791666666665 0.030555555555555558 0.0140625
0 0.7425925925925926 0.4630208333333333 0.02962962962962963 0.013541666666666667
0 0.8981481481481481 0.4770833333333333 0.02592592592592593 0.01875
0 0.8703703703703703 0.4908854166666667 0.037037037037037035 0.0234375
0 0.775 0.50390625 0.03333333333333333 0.019270833333333334
0 0.7435185185185186 0.5286458333333334 0.03333333333333333 0.019791666666666666
0 0.8685185185185186 0.5299479166666666 0.03333333333333333 0.021354166666666667
0 0.8847222222222223 0.6299479166666666 0.04351851851851852 0.024479166666666666
0 0.8574074074074074 0.70078125 0.040740740740740744 0.027604166666666666
0 0.8037037037037037 0.7716145833333333 0.02777777777777778 0.022395833333333334
0 0.8814814814814815 0.7544270833333333 0.03888888888888889 0.022395833333333334
0 0.9060185185185186 0.7611979166666667 0.02314814814814815 0.013020833333333334
0 0.8356481481481481 0.6166666666666667 0.03425925925925926 0.022916666666666665
0 0.7458333333333333 0.6127604166666667 0.032407407407407406 0.0171875
0 0.787962962962963 0.6940104166666666 0.04259259259259259 0.022395833333333334
0 0.736574074074074 0.684375 0.032407407407407406 0.020833333333333332
0 0.7134259259259259 0.7591145833333334 0.02314814814814815 0.0234375
0 0.687962962962963 0.7471354166666666 0.040740740740740744 0.022395833333333334
0 0.5643518518518519 0.75859375 0.021296296296296296 0.01614583333333333
0 0.5981481481481482 0.6052083333333333 0.02777777777777778 0.020833333333333332
0 0.6481481481481481 0.6158854166666666 0.014814814814814815 0.01614583333333333
0 0.6976851851851852 0.5572916666666666 0.03425925925925926 0.017708333333333333
0 0.6643518518518519 0.6916666666666667 0.015740740740740743 0.017708333333333333
0 0.6319444444444444 0.5411458333333333 0.028703703703703703 0.016666666666666666
0 0.44074074074074077 0.8809895833333333 0.040740740740740744 0.03177083333333333
0 0.47361111111111115 0.8739583333333333 0.03796296296296296 0.030208333333333334
0 0.44027777777777777 0.7997395833333333 0.03796296296296296 0.027604166666666666
0 0.4388888888888889 0.76640625 0.02962962962962963 0.024479166666666666
0 0.3791666666666667 0.7135416666666666 0.04166666666666667 0.025
0 0.3087962962962963 0.759375 0.026851851851851852 0.014583333333333334
0 0.20694444444444446 0.83671875 0.03981481481481482 0.0296875
0 0.5166666666666667 0.58828125 0.031481481481481485 0.019270833333333334
0 0.4703703703703704 0.63125 0.022222222222222223 0.010416666666666666
0 0.6467592592592593 0.5559895833333334 0.026851851851851852 0.013020833333333334
0 0.4166666666666667 0.5981770833333333 0.031481481481481485 0.0140625
0 0.48564814814814816 0.5489583333333333 0.028703703703703703 0.017708333333333333
0 0.5509259259259259 0.49192708333333335 0.022222222222222223 0.011979166666666666
0 0.4828703703703704 0.5247395833333334 0.019444444444444445 0.015104166666666667
0 0.48703703703703705 0.4830729166666667 0.022222222222222223 0.0140625
0 0.6324074074074074 0.3770833333333333 0.02592592592592593 0.014583333333333334
0 0.6180555555555556 0.39765625 0.017592592592592594 0.009895833333333333
0 0.5550925925925926 0.40625 0.015740740740740743 0.010416666666666666
0 0.5393518518518519 0.40078125 0.021296296296296296 0.011979166666666666
0 0.525 0.41484375 0.020370370370370372 0.0140625
0 0.6319444444444444 0.28854166666666664 0.028703703703703703 0.01875
0 0.5046296296296297 0.52421875 0.02962962962962963 0.0140625
0 0.5259259259259259 0.2484375 0.02777777777777778 0.020833333333333332
0 0.4013888888888889 0.17057291666666666 0.02314814814814815 0.018229166666666668
0 0.4152777777777778 0.15546875 0.02314814814814815 0.0171875
0 0.38333333333333336 0.10911458333333333 0.022222222222222223 0.0171875
0 0.4314814814814815 0.30546875 0.020370370370370372 0.013020833333333334
0 0.39212962962962966 0.2890625 0.025 0.020833333333333332
0 0.3180555555555556 0.27734375 0.025 0.0140625
0 0.33101851851851855 0.23333333333333334 0.025 0.016666666666666666
0 0.44537037037037036 0.3971354166666667 0.024074074074074074 0.019270833333333334
0 0.45740740740740743 0.42291666666666666 0.022222222222222223 0.016666666666666666
0 0.4351851851851852 0.4263020833333333 0.02962962962962963 0.0171875
0 0.412962962962963 0.40598958333333335 0.022222222222222223 0.013020833333333334
0 0.3875 0.3880208333333333 0.025 0.015625
0 0.3263888888888889 0.37786458333333334 0.026851851851851852 0.01614583333333333
0 0.3652777777777778 0.4341145833333333 0.028703703703703703 0.015104166666666667
0 0.3439814814814815 0.5359375 0.03425925925925926 0.01875
0 0.35833333333333334 0.5510416666666667 0.02592592592592593 0.013541666666666667
0 0.34490740740740744 0.6869791666666667 0.030555555555555558 0.0125
0 0.2791666666666667 0.61015625 0.028703703703703703 0.011979166666666666
0 0.27870370370370373 0.65 0.020370370370370372 0.011458333333333333
0 0.16435185185185186 0.7364583333333333 0.032407407407407406 0.01875
0 0.18796296296296297 0.7002604166666666 0.03518518518518519 0.0203125
0 0.19305555555555556 0.6552083333333333 0.025 0.017708333333333333
0 0.16805555555555557 0.65390625 0.019444444444444445 0.013020833333333334
0 0.14814814814814814 0.64609375 0.024074074074074074 0.015104166666666667
0 0.18287037037037038 0.6325520833333333 0.019444444444444445 0.0109375
0 0.02314814814814815 0.7427083333333333 0.037037037037037035 0.017708333333333333
0 0.05555555555555556 0.70859375 0.02962962962962963 0.0171875
0 0.425 0.2908854166666667 0.018518518518518517 0.015104166666666667
0 0.03796296296296296 0.6059895833333333 0.02592592592592593 0.018229166666666668
0 0.425 0.278125 0.022222222222222223 0.013541666666666667
0 0.08981481481481482 0.5307291666666667 0.02592592592592593 0.013541666666666667
0 0.08888888888888889 0.49713541666666666 0.031481481481481485 0.0140625
0 0.09166666666666667 0.4549479166666667 0.031481481481481485 0.01614583333333333
0 0.10277777777777779 0.41901041666666666 0.031481481481481485 0.0171875
0 0.08287037037037037 0.40078125 0.028703703703703703 0.0109375
0 0.06481481481481481 0.35130208333333335 0.03518518518518519 0.018229166666666668
0 0.09907407407407408 0.303125 0.02962962962962963 0.017708333333333333
0 0.07731481481481482 0.2890625 0.026851851851851852 0.015625
0 0.030555555555555558 0.27630208333333334 0.020370370370370372 0.0140625
0 0.010185185185185186 0.27578125 0.016666666666666666 0.013020833333333334
0 0.0125 0.2671875 0.021296296296296296 0.014583333333333334
0 0.03796296296296296 0.26458333333333334 0.022222222222222223 0.011458333333333333
0 0.3680555555555556 0.25546875 0.021296296296296296 0.0140625
0 0.7949074074074074 0.6565104166666667 0.019444444444444445 0.021354166666666667
0 0.7060185185185186 0.38958333333333334 0.028703703703703703 0.01875
0 0.8930555555555556 0.6979166666666666 0.02314814814814815 0.013541666666666667
0 0.512962962962963 0.32317708333333334 0.020370370370370372 0.008854166666666666
