0 0.23101851851851854 0.21666666666666667 0.028703703703703703 0.017708333333333333
0 0.19722222222222224 0.34270833333333334 0.031481481481481485 0.013541666666666667
0 0.2828703703703704 0.29192708333333334 0.026851851851851852 0.018229166666666668
0 0.08935185185185185 0.32786458333333335 0.021296296296296296 0.013020833333333334
0 0.1638888888888889 0.37395833333333334 0.02777777777777778 0.020833333333333332
0 0.20324074074074075 0.384375 0.03425925925925926 0.020833333333333332
0 0.23425925925925928 0.38359375 0.022222222222222223 0.0171875
0 0.09722222222222222 0.4296875 0.02962962962962963 0.014583333333333334
0 0.2351851851851852 0.4630208333333333 0.02962962962962963 0.014583333333333334
0 0.07592592592592592 0.47682291666666665 0.02592592592592593 0.018229166666666668
0 0.10185185185185186 0.49140625 0.03518518518518519 0.022395833333333334
0 0.19861111111111113 0.5044270833333333 0.032407407407407406 0.019270833333333334
0 0.23194444444444445 0.5291666666666667 0.03425925925925926 0.019791666666666666
0 0.1050925925925926 0.5299479166666666 0.032407407407407406 0.022395833333333334
0 0.08703703703703704 0.6309895833333333 0.044444444444444446 0.024479166666666666
0 0.11157407407407408 0.7013020833333333 0.04166666666666667 0.0265625
0 0.16898148148148148 0.77265625 0.026851851851851852 0.022395833333333334
0 0.09074074074074075 0.7549479166666666 0.03888888888888889 0.022395833333333334
0 0.06574074074074074 0.76171875 0.024074074074074074 0.013020833333333334
0 0.13796296296296298 0.6169270833333333 0.037037037037037035 0.022395833333333334
0 0.22777777777777777 0.6138020833333333 0.031481481481481485 0.0171875
0 0.18194444444444446 0.69453125 0.04351851851851852 0.022395833333333334
0 0.23657407407407408 0.6848958333333334 0.03425925925925926 0.021875
0 0.2587962962962963 0.7598958333333333 0.021296296296296296 0.022916666666666665
0 0.28240740740740744 0.7479166666666667 0.040740740740740744 0.022916666666666665
0 0.4083333333333333 0.7591145833333334 0.022222222222222223 0.0171875
0 0.44027777777777777 0.7424479166666667 0.01388888888888889 0.01614583333333333
0 0.3731481481481482 0.60546875 0.02777777777777778 0.019270833333333334
0 0.33240740740740743 0.6192708333333333 0.018518518518518517 0.010416666666666666
0 0.27870370370370373 0.5572916666666666 0.03518518518518519 0.016666666666666666
0 0.3101851851851852 0.6916666666666667 0.018518518518518517 0.017708333333333333
0 0.34444444444444444 0.5411458333333333 0.02962962962962963 0.015625
0 0.5300925925925926 0.8822916666666667 0.03981481481481482 0.03229166666666666
0 0.49768518518518523 0.8752604166666667 0.03981481481481482 0.0296875
0 0.5328703703703704 0.80078125 0.03796296296296296 0.027604166666666666
0 0.5356481481481482 0.7671875 0.030555555555555558 0.02395833333333333
0 0.5953703703703704 0.7138020833333333 0.040740740740740744 0.025520833333333333
0 0.6671296296296296 0.759375 0.026851851851851852 0.016666666666666666
0 0.7648148148148148 0.8377604166666667 0.03888888888888889 0.0296875
0 0.45740740740740743 0.5888020833333333 0.031481481481481485 0.0203125
0 0.5101851851851852 0.6317708333333333 0.020370370370370372 0.011458333333333333
0 0.33055555555555555 0.5557291666666666 0.02592592592592593 0.0125
0 0.5625 0.5981770833333333 0.032407407407407406 0.015104166666666667
0 0.49583333333333335 0.5494791666666666 0.025 0.017708333333333333
0 0.4291666666666667 0.49192708333333335 0.02314814814814815 0.013020833333333334
0 0.4953703703703704 0.525 0.020370370370370372 0.014583333333333334
0 0.4912037037037037 0.48411458333333335 0.025 0.015104166666666667
0 0.3439814814814815 0.3776041666666667 0.025 0.016666666666666666
0 0.3592592592592593 0.39921875 0.018518518518518517 0.011979166666666666
0 0.4236111111111111 0.40625 0.015740740740740743 0.010416666666666666
0 0.4393518518518519 0.40078125 0.021296296296296296 0.011979166666666666
0 0.4532407407407408 0.41484375 0.021296296296296296 0.0140625
0 0.3458333333333333 0.28802083333333334 0.028703703703703703 0.01875
0 0.4740740740740741 0.525 0.02777777777777778 0.013541666666666667
0 0.4532407407407408 0.24817708333333333 0.026851851851851852 0.0203125
0 0.5773148148148148 0.17057291666666666 0.02314814814814815 0.018229166666666668
0 0.5638888888888889 0.15546875 0.024074074074074074 0.0171875
0 0.5944444444444444 0.10833333333333334 0.020370370370370372 0.016666666666666666
0 0.5462962962962963 0.30546875 0.020370370370370372 0.013020833333333334
0 0.5833333333333334 0.28880208333333335 0.02592592592592593 0.0203125
0 0.6606481481481482 0.2778645833333333 0.025 0.0140625
0 0.6472222222222223 0.23307291666666666 0.024074074074074074 0.01614583333333333
0 0.5291666666666667 0.39765625 0.025 0.019270833333333334
0 0.5199074074074074 0.42265625 0.02314814814814815 0.0171875
0 0.5416666666666667 0.42604166666666665 0.02962962962962963 0.016666666666666666
0 0.5666666666666667 0.40651041666666665 0.022222222222222223 0.013020833333333334
0 0.5912037037037037 0.38828125 0.025 0.01614583333333333
0 0.6513888888888889 0.378125 0.026851851851851852 0.015625
0 0.6134259259259259 0.434375 0.028703703703703703 0.014583333333333334
0 0.6361111111111112 0.5364583333333334 0.02592592592592593 0.020833333333333332
0 0.6226851851851852 0.5515625 0.02314814814814815 0.013541666666666667
0 0.6458333333333334 0.578125 0.025 0.010416666666666666
0 0.6337962962962963 0.6903645833333333 0.036111111111111115 0.0140625
0 0.7023148148148148 0.6098958333333333 0.02314814814814815 0.010416666666666666
0 0.6962962962962963 0.65078125 0.018518518518518517 0.009895833333333333
0 0.813425925925926 0.7375 0.032407407407407406 0.01875
0 0.7893518518518519 0.70078125 0.036111111111111115 0.0203125
0 0.7865740740740741 0.6557291666666667 0.025 0.017708333333333333
0 0.8115740740740741 0.6546875 0.019444444444444445 0.013541666666666667
0 0.8319444444444445 0.6466145833333333 0.02314814814814815 0.015104166666666667
0 0.7972222222222223 0.6338541666666666 0.020370370370370372 0.010416666666666666
0 0.950462962962963 0.7440104166666667 0.036111111111111115 0.018229166666666668
0 0.9212962962962963 0.7096354166666666 0.02777777777777778 0.0171875
0 0.9365740740740741 0.60703125 0.026851851851851852 0.018229166666666668
0 0.8925925925925926 0.53125 0.020370370370370372 0.0125
0 0.9805555555555556 0.5013020833333334 0.03333333333333333 0.015104166666666667
0 0.8870370370370371 0.4979166666666667 0.031481481481481485 0.014583333333333334
0 0.8893518518518518 0.4557291666666667 0.028703703703703703 0.015625
0 0.8773148148148149 0.4205729166666667 0.032407407407407406 0.0203125
0 0.8972222222222223 0.40130208333333334 0.02777777777777778 0.0109375
0 0.9143518518518519 0.35260416666666666 0.03425925925925926 0.017708333333333333
0 0.9912037037037037 0.3033854166666667 0.017592592592592594 0.013020833333333334
0 0.8819444444444445 0.30364583333333334 0.030555555555555558 0.017708333333333333
0 0.9041666666666667 0.2895833333333333 0.026851851851851852 0.015625
0 0.950925925925926 0.27708333333333335 0.020370370370370372 0.013541666666666667
0 0.9731481481481482 0.27682291666666664 0.022222222222222223 0.013020833333333334
0 0.9712962962962963 0.26666666666666666 0.024074074074074074 0.0125
0 0.9430555555555556 0.26484375 0.021296296296296296 0.0109375
0 0.9787037037037037 0.25703125 0.022222222222222223 0.011979166666666666
0 0.9856481481481482 0.20442708333333334 0.028703703703703703 0.019270833333333334
0 0.611574074074074 0.2552083333333333 0.021296296296296296 0.013541666666666667
0 0.17777777777777778 0.6578125 0.018518518518518517 0.019791666666666666
0 0.5504629629629629 0.29010416666666666 0.015740740740740743 0.015625
0 0.5550925925925926 0.278125 0.02314814814814815 0.011458333333333333
0 0.26990740740740743 0.3890625 0.030555555555555558 0.01875
0 0.08055555555555556 0.69765625 0.022222222222222223 0.011979166666666666
