0 0.7708333333333334 0.21666666666666667 0.028703703703703703 0.017708333333333333
0 0.8046296296296297 0.34270833333333334 0.031481481481481485 0.013541666666666667
0 0.7189814814814816 0.29192708333333334 0.026851851851851852 0.018229166666666668
0 0.9125000000000001 0.32786458333333335 0.021296296296296296 0.013020833333333334
0 0.837962962962963 0.37395833333333334 0.02777777777777778 0.020833333333333332
0 0.7986111111111112 0.384375 0.03425925925925926 0.020833333333333332
0 0.7675925925925926 0.38359375 0.022222222222222223 0.0171875
0 0.9046296296296297 0.4296875 0.02962962962962963 0.014583333333333334
0 0.7666666666666667 0.4630208333333333 0.02962962962962963 0.014583333333333334
0 0.9259259259259259 0.47682291666666665 0.02592592592592593 0.018229166666666668
0 0.9 0.49140625 0.03518518518518519 0.022395833333333334
0 0.8032407407407408 0.5044270833333333 0.032407407407407406 0.019270833333333334
0 0.7699074074074075 0.5291666666666667 0.03425925925925926 0.019791666666666666
0 0.8967592592592593 0.5299479166666666 0.032407407407407406 0.022395833333333334
0 0.9148148148148149 0.6309895833333333 0.044444444444444446 0.024479166666666666
0 0.8902777777777778 0.7013020833333333 0.04166666666666667 0.0265625
0 0.8328703703703704 0.77265625 0.026851851851851852 0.022395833333333334
0 0.9111111111111111 0.7549479166666666 0.03888888888888889 0.022395833333333334
0 0.9361111111111111 0.76171875 0.024074074074074074 0.013020833333333334
0 0.8638888888888889 0.6169270833333333 0.037037037037037035 0.022395833333333334
0 0.7740740740740741 0.6138020833333333 0.031481481481481485 0.0171875
0 0.8199074074074074 0.69453125 0.04351851851851852 0.022395833333333334
0 0.7652777777777778 0.6848958333333334 0.03425925925925926 0.021875
0 0.7430555555555556 0.7598958333333333 0.021296296296296296 0.022916666666666665
0 0.7194444444444444 0.7479166666666667 0.040740740740740744 0.022916666666666665
0 0.5935185185185186 0.7591145833333334 0.022222222222222223 0.0171875
0 0.5615740740740741 0.7424479166666667 0.01388888888888889 0.01614583333333333
0 0.6287037037037038 0.60546875 0.02777777777777778 0.019270833333333334
0 0.6694444444444445 0.6192708333333333 0.018518518518518517 0.010416666666666666
0 0.7231481481481482 0.5572916666666666 0.03518518518518519 0.016666666666666666
0 0.6916666666666667 0.6916666666666667 0.018518518518518517 0.017708333333333333
0 0.6574074074074074 0.5411458333333333 0.02962962962962963 0.015625
0 0.47175925925925927 0.8822916666666667 0.03981481481481482 0.03229166666666666
0 0.5041666666666667 0.8752604166666667 0.03981481481481482 0.0296875
0 0.4689814814814815 0.80078125 0.03796296296296296 0.027604166666666666
0 0.46620370370370373 0.7671875 0.030555555555555558 0.02395833333333333
0 0.4064814814814815 0.7138020833333333 0.040740740740740744 0.025520833333333333
0 0.33472222222222225 0.759375 0.026851851851851852 0.016666666666666666
0 0.23703703703703705 0.8377604166666667 0.03888888888888889 0.0296875
0 0.5444444444444445 0.5888020833333333 0.031481481481481485 0.0203125
0 0.4916666666666667 0.6317708333333333 0.020370370370370372 0.011458333333333333
0 0.6712962962962963 0.5557291666666666 0.02592592592592593 0.0125
0 0.4393518518518519 0.5981770833333333 0.032407407407407406 0.015104166666666667
0 0.5060185185185185 0.5494791666666666 0.025 0.017708333333333333
0 0.5726851851851852 0.49192708333333335 0.02314814814814815 0.013020833333333334
0 0.5064814814814815 0.525 0.020370370370370372 0.014583333333333334
0 0.5106481481481482 0.48411458333333335 0.025 0.015104166666666667
0 0.6578703703703704 0.3776041666666667 0.025 0.016666666666666666
0 0.6425925925925926 0.39921875 0.018518518518518517 0.011979166666666666
0 0.5782407407407407 0.40625 0.015740740740740743 0.010416666666666666
0 0.5625 0.40078125 0.021296296296296296 0.011979166666666666
0 0.5486111111111112 0.41484375 0.021296296296296296 0.0140625
0 0.6560185185185186 0.28802083333333334 0.028703703703703703 0.01875
0 0.5277777777777778 0.525 0.02777777777777778 0.013541666666666667
0 0.5486111111111112 0.24817708333333333 0.026851851851851852 0.0203125
0 0.42453703703703705 0.17057291666666666 0.02314814814814815 0.018229166666666668
0 0.437962962962963 0.15546875 0.024074074074074074 0.0171875
0 0.40740740740740744 0.10833333333333334 0.020370370370370372 0.016666666666666666
0 0.45555555555555555 0.30546875 0.020370370370370372 0.013020833333333334
0 0.4185185185185185 0.28880208333333335 0.02592592592592593 0.0203125
0 0.34120370370370373 0.2778645833333333 0.025 0.0140625
0 0.35462962962962963 0.23307291666666666 0.024074074074074074 0.01614583333333333
0 0.4726851851851852 0.39765625 0.025 0.019270833333333334
0 0.48194444444444445 0.42265625 0.02314814814814815 0.0171875
0 0.4601851851851852 0.42604166666666665 0.02962962962962963 0.016666666666666666
0 0.4351851851851852 0.40651041666666665 0.022222222222222223 0.013020833333333334
0 0.41064814814814815 0.38828125 0.025 0.01614583333333333
0 0.350462962962963 0.378125 0.026851851851851852 0.015625
0 0.38842592592592595 0.434375 0.028703703703703703 0.014583333333333334
0 0.36574074074074076 0.5364583333333334 0.02592592592592593 0.020833333333333332
0 0.3791666666666667 0.5515625 0.02314814814814815 0.013541666666666667
0 0.3560185185185185 0.578125 0.025 0.010416666666666666
0 0.3680555555555556 0.6903645833333333 0.036111111111111115 0.0140625
0 0.29953703703703705 0.6098958333333333 0.02314814814814815 0.010416666666666666
0 0.3055555555555556 0.65078125 0.018518518518518517 0.009895833333333333
0 0.18842592592592594 0.7375 0.032407407407407406 0.01875
0 0.2125 0.70078125 0.036111111111111115 0.0203125
0 0.2152777777777778 0.6557291666666667 0.025 0.017708333333333333
0 0.1902777777777778 0.6546875 0.019444444444444445 0.013541666666666667
0 0.16990740740740742 0.6466145833333333 0.02314814814814815 0.015104166666666667
0 0.20462962962962963 0.6338541666666666 0.020370370370370372 0.010416666666666666
0 0.051388888888888894 0.7440104166666667 0.036111111111111115 0.018229166666666668
0 0.08055555555555556 0.7096354166666666 0.02777777777777778 0.0171875
0 0.06527777777777778 0.60703125 0.026851851851851852 0.018229166666666668
0 0.10925925925925926 0.53125 0.020370370370370372 0.0125
0 0.021296296296296296 0.5013020833333334 0.03333333333333333 0.015104166666666667
0 0.11481481481481481 0.4979166666666667 0.031481481481481485 0.014583333333333334
0 0.1125 0.4557291666666667 0.028703703703703703 0.015625
0 0.12453703703703704 0.4205729166666667 0.032407407407407406 0.0203125
0 0.10462962962962963 0.40130208333333334 0.02777777777777778 0.0109375
0 0.08750000000000001 0.35260416666666666 0.03425925925925926 0.017708333333333333
0 0.010648148148148148 0.3033854166666667 0.017592592592592594 0.013020833333333334
0 0.11990740740740741 0.30364583333333334 0.030555555555555558 0.017708333333333333
0 0.0976851851851852 0.2895833333333333 0.026851851851851852 0.015625
0 0.05092592592592593 0.27708333333333335 0.020370370370370372 0.013541666666666667
0 0.028703703703703703 0.27682291666666664 0.022222222222222223 0.013020833333333334
0 0.030555555555555558 0.26666666666666666 0.024074074074074074 0.0125
0 0.0587962962962963 0.26484375 0.021296296296296296 0.0109375
0 0.02314814814814815 0.25703125 0.022222222222222223 0.011979166666666666
0 0.016203703703703703 0.20442708333333334 0.028703703703703703 0.019270833333333334
0 0.3902777777777778 0.2552083333333333 0.021296296296296296 0.013541666666666667
0 0.8240740740740741 0.6578125 0.018518518518518517 0.019791666666666666
0 0.4513888888888889 0.29010416666666666 0.015740740740740743 0.015625
0 0.4467592592592593 0.278125 0.02314814814814815 0.011458333333333333
0 0.7319444444444445 0.3890625 0.030555555555555558 0.01875
0 0.9212962962962963 0.69765625 0.022222222222222223 0.011979166666666666
