0 0.2189814814814815 0.21588541666666666 0.028703703703703703 0.0171875
0 0.18287037037037038 0.3419270833333333 0.030555555555555558 0.013020833333333334
0 0.27083333333333337 0.29192708333333334 0.026851851851851852 0.018229166666666668
0 0.07685185185185185 0.32760416666666664 0.020370370370370372 0.013541666666666667
0 0.14907407407407408 0.3729166666666667 0.02777777777777778 0.020833333333333332
0 0.19398148148148148 0.38229166666666664 0.026851851851851852 0.017708333333333333
0 0.22037037037037038 0.38307291666666665 0.022222222222222223 0.0171875
0 0.08333333333333334 0.42864583333333334 0.02962962962962963 0.015625
0 0.22222222222222224 0.4630208333333333 0.02777777777777778 0.014583333333333334
0 0.061111111111111116 0.4765625 0.024074074074074074 0.01875
0 0.08888888888888889 0.4908854166666667 0.03888888888888889 0.022395833333333334
0 0.18425925925925926 0.50390625 0.031481481481481485 0.019270833333333334
0 0.21712962962962964 0.52890625 0.03425925925925926 0.019270833333333334
0 0.09027777777777778 0.5291666666666667 0.032407407407407406 0.022916666666666665
0 0.07037037037037037 0.6309895833333333 0.044444444444444446 0.0234375
0 0.09444444444444444 0.7013020833333333 0.04259259259259259 0.0265625
0 0.15231481481481482 0.7723958333333333 0.026851851851851852 0.022916666666666665
0 0.07407407407407407 0.7557291666666667 0.03888888888888889 0.022916666666666665
0 0.047685185185185185 0.7622395833333333 0.02314814814814815 0.011979166666666666
0 0.12222222222222223 0.6166666666666667 0.037037037037037035 0.022916666666666665
0 0.21296296296296297 0.6135416666666667 0.031481481481481485 0.016666666666666666
0 0.16435185185185186 0.6950520833333333 0.04537037037037037 0.022395833333333334
0 0.22222222222222224 0.6848958333333334 0.03518518518518519 0.021875
0 0.24305555555555555 0.76015625 0.021296296296296296 0.0234375
0 0.2662037037037037 0.7484375 0.03981481481481482 0.021875
0 0.3925925925925926 0.7588541666666666 0.022222222222222223 0.017708333333333333
0 0.425 0.7432291666666666 0.014814814814814815 0.016666666666666666
0 0.3564814814814815 0.6057291666666667 0.02962962962962963 0.019791666666666666
0 0.3180555555555556 0.61875 0.019444444444444445 0.011458333333333333
0 0.26481481481481484 0.5567708333333333 0.03518518518518519 0.016666666666666666
0 0.2949074074074074 0.6921875 0.019444444444444445 0.017708333333333333
0 0.33194444444444443 0.5411458333333333 0.030555555555555558 0.014583333333333334
0 0.513425925925926 0.8828125 0.03981481481481482 0.03229166666666666
0 0.4814814814814815 0.875 0.03888888888888889 0.029166666666666667
0 0.5171296296296296 0.80078125 0.03796296296296296 0.027604166666666666
0 0.5203703703703704 0.76796875 0.02962962962962963 0.0234375
0 0.5796296296296296 0.7138020833333333 0.040740740740740744 0.0265625
0 0.6532407407407408 0.759375 0.026851851851851852 0.017708333333333333
0 0.7490740740740741 0.83828125 0.037037037037037035 0.0296875
0 0.4425925925925926 0.5890625 0.031481481481481485 0.019791666666666666
0 0.4981481481481482 0.6315104166666666 0.020370370370370372 0.0109375
0 0.3175925925925926 0.5557291666666666 0.02592592592592593 0.0125
0 0.55 0.5986979166666666 0.031481481481481485 0.015104166666666667
0 0.48240740740740745 0.5497395833333333 0.02592592592592593 0.0171875
0 0.4166666666666667 0.49166666666666664 0.024074074074074074 0.013541666666666667
0 0.48240740740740745 0.5255208333333333 0.020370370370370372 0.014583333333333334
0 0.47962962962962963 0.48385416666666664 0.024074074074074074 0.014583333333333334
0 0.3314814814814815 0.37786458333333334 0.02592592592592593 0.015104166666666667
0 0.3453703703703704 0.39869791666666665 0.018518518518518517 0.011979166666666666
0 0.41064814814814815 0.40598958333333335 0.015740740740740743 0.009895833333333333
0 0.42638888888888893 0.4002604166666667 0.021296296296296296 0.011979166666666666
0 0.44074074074074077 0.41484375 0.020370370370370372 0.0140625
0 0.3337962962962963 0.2877604166666667 0.028703703703703703 0.019270833333333334
0 0.46111111111111114 0.52421875 0.02592592592592593 0.0140625
0 0.44027777777777777 0.24739583333333334 0.026851851851851852 0.020833333333333332
0 0.5643518518518519 0.1703125 0.02314814814814815 0.01875
0 0.5513888888888889 0.15494791666666666 0.02314814814814815 0.0171875
0 0.5819444444444445 0.10781249999999999 0.021296296296296296 0.016666666666666666
0 0.5337962962962963 0.30494791666666665 0.019444444444444445 0.013020833333333334
0 0.5694444444444444 0.28880208333333335 0.02592592592592593 0.0203125
0 0.6481481481481481 0.27760416666666665 0.02592592592592593 0.013541666666666667
0 0.6342592592592593 0.23255208333333333 0.024074074074074074 0.01614583333333333
0 0.5162037037037037 0.3971354166666667 0.025 0.019270833333333334
0 0.5064814814814815 0.42291666666666666 0.022222222222222223 0.016666666666666666
0 0.5282407407407408 0.4263020833333333 0.028703703703703703 0.01614583333333333
0 0.5537037037037037 0.40651041666666665 0.022222222222222223 0.013020833333333334
0 0.5782407407407407 0.38828125 0.02314814814814815 0.015104166666666667
0 0.6375000000000001 0.37786458333333334 0.026851851851851852 0.01614583333333333
0 0.600462962962963 0.434375 0.028703703703703703 0.014583333333333334
0 0.6217592592592592 0.5361979166666666 0.026851851851851852 0.0203125
0 0.612037037037037 0.5518229166666666 0.020370370370370372 0.013020833333333334
0 0.6314814814814815 0.57734375 0.02962962962962963 0.011979166666666666
0 0.6208333333333333 0.6911458333333333 0.032407407407407406 0.014583333333333334
0 0.6893518518518519 0.6106770833333334 0.021296296296296296 0.0109375
0 0.6856481481481482 0.6484375 0.025 0.014583333333333334
0 0.8 0.7372395833333333 0.031481481481481485 0.018229166666666668
0 0.7763888888888889 0.7013020833333333 0.036111111111111115 0.0203125
0 0.7740740740740741 0.6557291666666667 0.02777777777777778 0.016666666666666666
0 0.8 0.6544270833333333 0.020370370370370372 0.0140625
0 0.8199074074074074 0.646875 0.02314814814814815 0.014583333333333334
0 0.7851851851851852 0.6333333333333333 0.020370370370370372 0.010416666666666666
0 0.9342592592592593 0.7442708333333333 0.03518518518518519 0.017708333333333333
0 0.9074074074074074 0.71015625 0.02777777777777778 0.0171875
0 0.9226851851851853 0.60703125 0.026851851851851852 0.018229166666666668
0 0.9907407407407408 0.5796875 0.018518518518518517 0.009375
0 0.8800925925925926 0.5315104166666667 0.02314814814814815 0.0140625
0 0.9694444444444444 0.5013020833333334 0.031481481481481485 0.015104166666666667
0 0.9898148148148148 0.4361979166666667 0.020370370370370372 0.011979166666666666
0 0.8736111111111111 0.4979166666666667 0.030555555555555558 0.014583333333333334
0 0.8773148148148149 0.4557291666666667 0.028703703703703703 0.015625
0 0.8657407407407408 0.4203125 0.03333333333333333 0.020833333333333332
0 0.8851851851851852 0.4010416666666667 0.02777777777777778 0.011458333333333333
0 0.9018518518518519 0.35234375 0.03333333333333333 0.018229166666666668
0 0.9856481481481482 0.30364583333333334 0.028703703703703703 0.011458333333333333
0 0.8694444444444445 0.3033854166666667 0.02962962962962963 0.018229166666666668
0 0.8921296296296297 0.2895833333333333 0.026851851851851852 0.015625
0 0.9388888888888889 0.2765625 0.020370370370370372 0.013541666666666667
0 0.9611111111111111 0.2765625 0.022222222222222223 0.0125
0 0.9587962962962964 0.26640625 0.02314814814814815 0.011979166666666666
0 0.9300925925925926 0.26458333333333334 0.021296296296296296 0.011458333333333333
0 0.9652777777777778 0.25703125 0.02314814814814815 0.011979166666666666
0 0.975925925925926 0.20416666666666666 0.03333333333333333 0.01875
0 0.6 0.2544270833333333 0.022222222222222223 0.013020833333333334
0 0.16296296296296298 0.659375 0.018518518518518517 0.017708333333333333
0 0.5370370370370371 0.2895833333333333 0.014814814814814815 0.015625
0 0.5416666666666667 0.27708333333333335 0.022222222222222223 0.011458333333333333
0 0.2564814814814815 0.3893229166666667 0.031481481481481485 0.018229166666666668
0 0.06527777777777778 0.6973958333333333 0.019444444444444445 0.0125
