0 0.19490740740740742 0.21380208333333334 0.028703703703703703 0.0171875
0 0.1587962962962963 0.340625 0.030555555555555558 0.013541666666666667
0 0.24953703703703706 0.2903645833333333 0.026851851851851852 0.018229166666666668
0 0.055092592592592596 0.32708333333333334 0.019444444444444445 0.0125
0 0.12546296296296297 0.3723958333333333 0.028703703703703703 0.020833333333333332
0 0.16944444444444445 0.38125 0.02777777777777778 0.01875
0 0.1962962962962963 0.38229166666666664 0.022222222222222223 0.017708333333333333
0 0.05925925925925926 0.4278645833333333 0.031481481481481485 0.0140625
0 0.20277777777777778 0.46249999999999997 0.031481481481481485 0.014583333333333334
0 0.036111111111111115 0.47578125 0.024074074074074074 0.018229166666666668
0 0.06527777777777778 0.48984374999999997 0.03981481481481482 0.022395833333333334
0 0.16018518518518518 0.5036458333333333 0.031481481481481485 0.019791666666666666
0 0.19398148148148148 0.52890625 0.03425925925925926 0.019270833333333334
0 0.06666666666666667 0.5291666666666667 0.031481481481481485 0.022916666666666665
0 0.04490740740740741 0.63125 0.04537037037037037 0.02395833333333333
0 0.06759259259259259 0.7015625 0.0462962962962963 0.026041666666666668
0 0.1300925925925926 0.7729166666666667 0.026851851851851852 0.022916666666666665
0 0.050462962962962966 0.7557291666666667 0.03981481481481482 0.022916666666666665
0 0.024537037037037038 0.7630208333333334 0.02314814814814815 0.0125
0 0.09861111111111112 0.6171875 0.03796296296296296 0.022916666666666665
0 0.18888888888888888 0.6138020833333333 0.031481481481481485 0.0171875
0 0.13842592592592592 0.6947916666666667 0.04722222222222222 0.022916666666666665
0 0.20185185185185187 0.6854166666666667 0.02962962962962963 0.020833333333333332
0 0.2175925925925926 0.7604166666666666 0.020370370370370372 0.022916666666666665
0 0.24212962962962964 0.7489583333333333 0.03981481481481482 0.021875
0 0.3689814814814815 0.7591145833333334 0.02314814814814815 0.018229166666666668
0 0.40370370370370373 0.7427083333333333 0.016666666666666666 0.016666666666666666
0 0.33101851851851855 0.6059895833333333 0.030555555555555558 0.019270833333333334
0 0.29814814814814816 0.61875 0.022222222222222223 0.011458333333333333
0 0.24351851851851852 0.5567708333333333 0.03333333333333333 0.016666666666666666
0 0.2740740740740741 0.6919270833333333 0.020370370370370372 0.0171875
0 0.31203703703703706 0.5408854166666667 0.031481481481481485 0.0140625
0 0.4898148148148148 0.8828125 0.040740740740740744 0.03229166666666666
0 0.45787037037037037 0.8755208333333333 0.03796296296296296 0.029166666666666667
0 0.49444444444444446 0.80078125 0.037037037037037035 0.027604166666666666
0 0.4981481481481482 0.7682291666666666 0.031481481481481485 0.022916666666666665
0 0.5574074074074075 0.71328125 0.040740740740740744 0.0265625
0 0.6342592592592593 0.7583333333333333 0.02777777777777778 0.017708333333333333
0 0.7273148148148149 0.8369791666666666 0.03425925925925926 0.03125
0 0.4199074074074074 0.5885416666666666 0.032407407407407406 0.020833333333333332
0 0.4791666666666667 0.6309895833333333 0.021296296296296296 0.0109375
0 0.2990740740740741 0.55546875 0.02777777777777778 0.011979166666666666
0 0.5324074074074074 0.59765625 0.031481481481481485 0.015104166666666667
0 0.46342592592592596 0.5489583333333333 0.026851851851851852 0.017708333333333333
0 0.39814814814814814 0.49114583333333334 0.024074074074074074 0.013541666666666667
0 0.46342592592592596 0.52421875 0.021296296296296296 0.0140625
0 0.46064814814814814 0.4828125 0.025 0.015625
0 0.28055555555555556 0.38567708333333334 0.022222222222222223 0.013020833333333334
0 0.30833333333333335 0.3768229166666667 0.024074074074074074 0.015104166666666667
0 0.3226851851851852 0.39817708333333335 0.019444444444444445 0.011979166666666666
0 0.38981481481481484 0.40520833333333334 0.016666666666666666 0.010416666666666666
0 0.40601851851851856 0.39921875 0.021296296296296296 0.011979166666666666
0 0.4199074074074074 0.41354166666666664 0.021296296296296296 0.014583333333333334
0 0.3125 0.28619791666666666 0.028703703703703703 0.019270833333333334
0 0.4416666666666667 0.5236979166666667 0.02592592592592593 0.0140625
0 0.41944444444444445 0.24609375 0.02777777777777778 0.0203125
0 0.5435185185185185 0.16796875 0.024074074074074074 0.018229166666666668
0 0.5296296296296297 0.15260416666666665 0.024074074074074074 0.017708333333333333
0 0.5597222222222222 0.10494791666666667 0.021296296296296296 0.0171875
0 0.5125000000000001 0.30364583333333334 0.019444444444444445 0.0125
0 0.5467592592592593 0.2875 0.026851851851851852 0.019791666666666666
0 0.6273148148148149 0.27578125 0.025 0.0140625
0 0.6129629629629629 0.23072916666666665 0.024074074074074074 0.016666666666666666
0 0.4939814814814815 0.39609375 0.026851851851851852 0.019270833333333334
0 0.4851851851851852 0.42213541666666665 0.022222222222222223 0.0171875
0 0.5069444444444444 0.4244791666666667 0.028703703703703703 0.016666666666666666
0 0.5351851851851852 0.40520833333333334 0.022222222222222223 0.0125
0 0.5578703703703703 0.38671875 0.02314814814814815 0.015104166666666667
0 0.6175925925925926 0.37604166666666666 0.02777777777777778 0.015625
0 0.5805555555555556 0.43333333333333335 0.02777777777777778 0.014583333333333334
0 0.6013888888888889 0.5359375 0.028703703703703703 0.019791666666666666
0 0.5935185185185186 0.5510416666666667 0.020370370370370372 0.013541666666666667
0 0.6175925925925926 0.5776041666666667 0.022222222222222223 0.010416666666666666
0 0.600925925925926 0.6916666666666667 0.031481481481481485 0.016666666666666666
0 0.6694444444444445 0.61015625 0.024074074074074074 0.013020833333333334
0 0.6652777777777779 0.6473958333333333 0.02314814814814815 0.014583333333333334
0 0.7819444444444444 0.7364583333333333 0.032407407407407406 0.01875
0 0.7569444444444444 0.7005208333333334 0.036111111111111115 0.020833333333333332
0 0.7569444444444444 0.65546875 0.028703703703703703 0.018229166666666668
0 0.7824074074074074 0.6533854166666666 0.020370370370370372 0.0140625
0 0.8032407407407408 0.6455729166666666 0.02314814814814815 0.015104166666666667
0 0.7680555555555556 0.6322916666666667 0.021296296296296296 0.010416666666666666
0 0.912962962962963 0.7432291666666666 0.03518518518518519 0.017708333333333333
0 0.888425925925926 0.709375 0.026851851851851852 0.016666666666666666
0 0.9893518518518519 0.6838541666666667 0.021296296296296296 0.014583333333333334
0 0.9888888888888889 0.63203125 0.022222222222222223 0.013020833333333334
0 0.9023148148148149 0.6065104166666666 0.028703703703703703 0.018229166666666668
0 0.9851851851851853 0.56640625 0.02962962962962963 0.01614583333333333
0 0.9837962962962963 0.5776041666666667 0.032407407407407406 0.009375
0 0.8638888888888889 0.53046875 0.022222222222222223 0.013020833333333334
0 0.9518518518518518 0.49973958333333335 0.031481481481481485 0.015104166666666667
0 0.9740740740740741 0.4356770833333333 0.024074074074074074 0.013020833333333334
0 0.8532407407407407 0.49635416666666665 0.030555555555555558 0.014583333333333334
0 0.8606481481481482 0.45416666666666666 0.028703703703703703 0.014583333333333334
0 0.8476851851851852 0.41796875 0.032407407407407406 0.019270833333333334
0 0.8675925925925926 0.3997395833333333 0.02777777777777778 0.0109375
0 0.9898148148148148 0.35182291666666665 0.020370370370370372 0.0171875
0 0.8824074074074074 0.35052083333333334 0.03333333333333333 0.017708333333333333
0 0.9694444444444444 0.3013020833333333 0.02962962962962963 0.011979166666666666
0 0.8527777777777779 0.3015625 0.02962962962962963 0.017708333333333333
0 0.8736111111111111 0.2869791666666667 0.026851851851851852 0.015625
0 0.9217592592592593 0.2747395833333333 0.019444444444444445 0.0140625
0 0.9430555555555556 0.27421875 0.02314814814814815 0.013020833333333334
0 0.9402777777777778 0.2638020833333333 0.02314814814814815 0.011979166666666666
0 0.912962962962963 0.26197916666666665 0.020370370370370372 0.011458333333333333
0 0.9486111111111112 0.2546875 0.02314814814814815 0.011458333333333333
0 0.9583333333333334 0.2015625 0.03333333333333333 0.01875
0 0.5796296296296296 0.25286458333333334 0.022222222222222223 0.013020833333333334
0 0.13796296296296298 0.6598958333333333 0.018518518518518517 0.016666666666666666
0 0.513888888888889 0.28802083333333334 0.014814814814814815 0.015625
0 0.5208333333333334 0.275 0.021296296296296296 0.011458333333333333
0 0.23333333333333334 0.3885416666666667 0.02962962962962963 0.016666666666666666
