0 0.8212962962962963 0.21119791666666665 0.02962962962962963 0.0171875
0 0.8574074074074074 0.33880208333333334 0.02962962962962963 0.013020833333333334
0 0.7652777777777778 0.28880208333333335 0.026851851851851852 0.018229166666666668
0 0.9597222222222223 0.3247395833333333 0.019444444444444445 0.013020833333333334
0 0.8925925925925926 0.37083333333333335 0.02962962962962963 0.020833333333333332
0 0.8481481481481482 0.3796875 0.02777777777777778 0.01875
0 0.8212962962962963 0.3807291666666667 0.024074074074074074 0.017708333333333333
0 0.9592592592592593 0.4265625 0.03333333333333333 0.014583333333333334
0 0.8106481481481482 0.46171875 0.032407407407407406 0.0140625
0 0.9814814814814815 0.4752604166666667 0.024074074074074074 0.018229166666666668
0 0.9537037037037037 0.4890625 0.03888888888888889 0.022916666666666665
0 0.8574074074074074 0.5028645833333333 0.03333333333333333 0.019270833333333334
0 0.8222222222222223 0.52734375 0.03518518518518519 0.0203125
0 0.950462962962963 0.5283854166666666 0.032407407407407406 0.022395833333333334
0 0.9745370370370371 0.6307291666666667 0.04537037037037037 0.02395833333333333
0 0.9523148148148148 0.7013020833333333 0.04351851851851852 0.025520833333333333
0 0.888425925925926 0.77265625 0.026851851851851852 0.022395833333333334
0 0.9680555555555556 0.7557291666666667 0.03981481481481482 0.022916666666666665
0 0.9921296296296297 0.7635416666666667 0.015740740740740743 0.013541666666666667
0 0.9199074074074074 0.6166666666666667 0.03796296296296296 0.022916666666666665
0 0.825462962962963 0.6109375 0.03981481481481482 0.021875
0 0.8814814814814815 0.69453125 0.0462962962962963 0.022395833333333334
0 0.8171296296296297 0.6854166666666667 0.030555555555555558 0.020833333333333332
0 0.8009259259259259 0.7606770833333333 0.020370370370370372 0.0234375
0 0.7768518518518519 0.7484375 0.03888888888888889 0.021875
0 0.6486111111111111 0.7583333333333333 0.02314814814814815 0.01875
0 0.6134259259259259 0.7419270833333333 0.017592592592592594 0.0171875
0 0.687962962962963 0.60546875 0.02962962962962963 0.0203125
0 0.7171296296296297 0.6177083333333333 0.021296296296296296 0.011458333333333333
0 0.7722222222222223 0.5559895833333334 0.03333333333333333 0.0171875
0 0.7430555555555556 0.6916666666666667 0.021296296296296296 0.017708333333333333
0 0.7041666666666667 0.53984375 0.030555555555555558 0.015104166666666667
0 0.5291666666666667 0.8830729166666667 0.04166666666666667 0.03177083333333333
0 0.5606481481481481 0.8744791666666667 0.03796296296296296 0.028125
0 0.5222222222222223 0.8002604166666667 0.037037037037037035 0.027604166666666666
0 0.5194444444444445 0.7677083333333333 0.031481481481481485 0.022916666666666665
0 0.46064814814814814 0.7127604166666667 0.04166666666666667 0.027604166666666666
0 0.3819444444444445 0.7583333333333333 0.026851851851851852 0.017708333333333333
0 0.2902777777777778 0.8369791666666666 0.03425925925925926 0.030208333333333334
0 0.5976851851851852 0.5875 0.032407407407407406 0.019791666666666666
0 0.5356481481481482 0.6307291666666667 0.021296296296296296 0.011458333333333333
0 0.7157407407407408 0.5546875 0.02777777777777778 0.011458333333333333
0 0.4810185185185185 0.5971354166666667 0.032407407407407406 0.015104166666666667
0 0.5523148148148148 0.5481770833333334 0.026851851851851852 0.018229166666666668
0 0.6166666666666667 0.4895833333333333 0.024074074074074074 0.013541666666666667
0 0.5518518518518519 0.5236979166666667 0.022222222222222223 0.015104166666666667
0 0.5537037037037037 0.48203124999999997 0.02592592592592593 0.015104166666666667
0 0.736574074074074 0.3859375 0.02314814814814815 0.0125
0 0.7087962962962964 0.37578125 0.025 0.015104166666666667
0 0.6930555555555555 0.396875 0.019444444444444445 0.0125
0 0.625462962962963 0.4036458333333333 0.015740740740740743 0.010416666666666666
0 0.6097222222222223 0.39791666666666664 0.021296296296296296 0.0125
0 0.5953703703703704 0.4127604166666667 0.022222222222222223 0.0140625
0 0.7027777777777778 0.28411458333333334 0.02962962962962963 0.019270833333333334
0 0.5731481481481482 0.5231770833333333 0.02592592592592593 0.0140625
0 0.5953703703703704 0.24401041666666667 0.02777777777777778 0.0203125
0 0.4712962962962963 0.16536458333333334 0.024074074074074074 0.018229166666666668
0 0.48379629629629634 0.15026041666666667 0.02314814814814815 0.0171875
0 0.4550925925925926 0.10286458333333333 0.021296296296296296 0.0171875
0 0.5027777777777778 0.3020833333333333 0.020370370370370372 0.0125
0 0.4689814814814815 0.28541666666666665 0.026851851851851852 0.019791666666666666
0 0.38703703703703707 0.27369791666666665 0.02592592592592593 0.0140625
0 0.40092592592592596 0.22890625 0.024074074074074074 0.01614583333333333
0 0.5226851851851853 0.39453125 0.026851851851851852 0.019270833333333334
0 0.5310185185185186 0.42083333333333334 0.021296296296296296 0.016666666666666666
0 0.5087962962962963 0.42343749999999997 0.028703703703703703 0.016666666666666666
0 0.4791666666666667 0.40390624999999997 0.02314814814814815 0.013020833333333334
0 0.41435185185185186 0.5338541666666666 0.03425925925925926 0.016666666666666666
0 0.4569444444444445 0.38567708333333334 0.02314814814814815 0.015104166666666667
0 0.39814814814814814 0.375 0.02777777777777778 0.015625
0 0.4342592592592593 0.4322916666666667 0.02777777777777778 0.014583333333333334
0 0.4199074074074074 0.5505208333333333 0.019444444444444445 0.013541666666666667
0 0.39722222222222225 0.57734375 0.022222222222222223 0.0109375
0 0.41574074074074074 0.6921875 0.03333333333333333 0.016666666666666666
0 0.3462962962962963 0.6098958333333333 0.02592592592592593 0.013541666666666667
0 0.34953703703703703 0.646875 0.02314814814814815 0.014583333333333334
0 0.23425925925925928 0.7361979166666667 0.031481481481481485 0.019270833333333334
0 0.25833333333333336 0.7 0.03518518518518519 0.020833333333333332
0 0.25833333333333336 0.6552083333333333 0.02962962962962963 0.01875
0 0.23194444444444445 0.6528645833333333 0.021296296296296296 0.0140625
0 0.2111111111111111 0.6455729166666666 0.024074074074074074 0.015104166666666667
0 0.24583333333333335 0.6317708333333333 0.021296296296296296 0.010416666666666666
0 0.10416666666666667 0.7427083333333333 0.036111111111111115 0.017708333333333333
0 0.1277777777777778 0.7091145833333333 0.02592592592592593 0.0171875
0 0.022222222222222223 0.6841145833333333 0.02962962962962963 0.0140625
0 0.020833333333333336 0.63125 0.036111111111111115 0.014583333333333334
0 0.11435185185185186 0.6057291666666667 0.028703703703703703 0.01875
0 0.02777777777777778 0.5658854166666667 0.03333333333333333 0.015104166666666667
0 0.028240740740740743 0.5770833333333333 0.03796296296296296 0.009375
0 0.15 0.5296875 0.022222222222222223 0.013541666666666667
0 0.016203703703703703 0.51015625 0.028703703703703703 0.018229166666666668
0 0.062037037037037036 0.49921875 0.031481481481481485 0.015104166666666667
0 0.015277777777777779 0.43854166666666666 0.026851851851851852 0.017708333333333333
0 0.040740740740740744 0.43515624999999997 0.02592592592592593 0.013020833333333334
0 0.16203703703703703 0.49609375 0.02962962962962963 0.0140625
0 0.15185185185185185 0.45338541666666665 0.02777777777777778 0.0140625
0 0.16712962962962963 0.4171875 0.032407407407407406 0.01875
0 0.1462962962962963 0.39869791666666665 0.02777777777777778 0.011979166666666666
0 0.01712962962962963 0.35130208333333335 0.028703703703703703 0.01614583333333333
0 0.13101851851851853 0.3497395833333333 0.03425925925925926 0.018229166666666668
0 0.044444444444444446 0.30026041666666664 0.02962962962962963 0.011979166666666666
0 0.16064814814814815 0.30078125 0.028703703703703703 0.018229166666666668
0 0.13935185185185187 0.2859375 0.026851851851851852 0.015625
0 0.0912037037037037 0.2739583333333333 0.019444444444444445 0.013541666666666667
0 0.07037037037037037 0.27317708333333335 0.022222222222222223 0.013020833333333334
0 0.07268518518518519 0.26328125 0.02314814814814815 0.011979166666666666
0 0.1 0.26119791666666664 0.020370370370370372 0.0109375
0 0.06435185185185185 0.253125 0.02314814814814815 0.011458333333333333
0 0.013425925925925926 0.24583333333333332 0.02314814814814815 0.019791666666666666
0 0.05462962962962963 0.20052083333333334 0.03333333333333333 0.01875
0 0.4351851851851852 0.25104166666666666 0.020370370370370372 0.0125
0 0.3912037037037037 0.4817708333333333 0.010185185185185186 0.011458333333333333
0 0.8819444444444445 0.659375 0.019444444444444445 0.016666666666666666
0 0.5018518518518519 0.28619791666666666 0.012962962962962964 0.015104166666666667
0 0.4939814814814815 0.27317708333333335 0.019444444444444445 0.0109375
0 0.7856481481481482 0.3872395833333333 0.028703703703703703 0.01614583333333333
