0 0.8527777777777779 0.20598958333333334 0.02962962962962963 0.018229166666666668
0 0.8902777777777778 0.33489583333333334 0.030555555555555558 0.013541666666666667
0 0.7935185185185185 0.28411458333333334 0.02777777777777778 0.018229166666666668
0 0.9898148148148148 0.3208333333333333 0.018518518518518517 0.0125
0 0.925462962962963 0.36666666666666664 0.030555555555555558 0.020833333333333332
0 0.8805555555555555 0.37578125 0.02777777777777778 0.018229166666666668
0 0.8527777777777779 0.3770833333333333 0.022222222222222223 0.017708333333333333
0 0.987962962962963 0.4236979166666667 0.024074074074074074 0.01614583333333333
0 0.837037037037037 0.45859374999999997 0.03518518518518519 0.015104166666666667
0 0.9842592592592593 0.48593749999999997 0.031481481481481485 0.025
0 0.8898148148148148 0.50078125 0.031481481481481485 0.01614583333333333
0 0.8527777777777779 0.5260416666666666 0.03518518518518519 0.019791666666666666
0 0.9805555555555556 0.5260416666666666 0.02962962962962963 0.021875
0 0.9819444444444445 0.6981770833333333 0.036111111111111115 0.022395833333333334
0 0.9217592592592593 0.771875 0.026851851851851852 0.022916666666666665
0 0.9907407407407408 0.7544270833333333 0.018518518518518517 0.022395833333333334
0 0.9541666666666667 0.6151041666666667 0.03796296296296296 0.022916666666666665
0 0.8583333333333334 0.6096354166666667 0.040740740740740744 0.021354166666666667
0 0.9189814814814815 0.69375 0.04537037037037037 0.021875
0 0.850462962962963 0.6841145833333333 0.030555555555555558 0.021354166666666667
0 0.8361111111111111 0.7596354166666667 0.020370370370370372 0.0234375
0 0.8111111111111111 0.7473958333333334 0.03888888888888889 0.021875
0 0.6810185185185186 0.7575520833333333 0.02314814814814815 0.019270833333333334
0 0.6435185185185185 0.7408854166666666 0.020370370370370372 0.0171875
0 0.7208333333333333 0.60234375 0.036111111111111115 0.019270833333333334
0 0.7439814814814815 0.6166666666666667 0.021296296296296296 0.010416666666666666
0 0.8032407407407408 0.5541666666666667 0.03425925925925926 0.016666666666666666
0 0.7722222222222223 0.68984375 0.020370370370370372 0.0171875
0 0.7328703703703704 0.5380208333333333 0.028703703703703703 0.014583333333333334
0 0.5615740740740741 0.8817708333333333 0.04166666666666667 0.03229166666666666
0 0.5935185185185186 0.8744791666666667 0.03888888888888889 0.030208333333333334
0 0.5532407407407408 0.79921875 0.03796296296296296 0.027604166666666666
0 0.549074074074074 0.7674479166666667 0.03333333333333333 0.022395833333333334
0 0.49212962962962964 0.7114583333333333 0.04351851851851852 0.027083333333333334
0 0.4078703703703704 0.7559895833333333 0.025 0.019270833333333334
0 0.32222222222222224 0.8361979166666667 0.03333333333333333 0.0296875
0 0.6291666666666667 0.5861979166666667 0.032407407407407406 0.0203125
0 0.5606481481481481 0.6286458333333333 0.02314814814814815 0.0125
0 0.7439814814814815 0.553125 0.028703703703703703 0.0125
0 0.5074074074074074 0.5950520833333334 0.031481481481481485 0.015104166666666667
0 0.5791666666666667 0.54609375 0.026851851851851852 0.018229166666666668
0 0.6416666666666667 0.48776041666666664 0.024074074074074074 0.013020833333333334
0 0.5782407407407407 0.52109375 0.021296296296296296 0.015104166666666667
0 0.5796296296296296 0.47994791666666664 0.024074074074074074 0.015104166666666667
0 0.7685185185185186 0.38203125 0.024074074074074074 0.01614583333333333
0 0.5995370370370371 0.5200520833333333 0.02314814814814815 0.015104166666666667
0 0.7407407407407408 0.3716145833333333 0.02592592592592593 0.015104166666666667
0 0.7231481481481482 0.39375 0.020370370370370372 0.0125
0 0.6541666666666667 0.40078125 0.015740740740740743 0.0109375
0 0.637962962962963 0.3953125 0.022222222222222223 0.0125
0 0.6236111111111111 0.409375 0.02314814814814815 0.014583333333333334
0 0.7319444444444445 0.2796875 0.030555555555555558 0.019791666666666666
0 0.6231481481481481 0.23906249999999998 0.02777777777777778 0.020833333333333332
0 0.4981481481481482 0.15989583333333332 0.024074074074074074 0.017708333333333333
0 0.5115740740740741 0.14427083333333332 0.02314814814814815 0.017708333333333333
0 0.48333333333333334 0.09557291666666666 0.020370370370370372 0.0171875
0 0.5305555555555556 0.2981770833333333 0.020370370370370372 0.011979166666666666
0 0.49768518518518523 0.28151041666666665 0.026851851851851852 0.0203125
0 0.4138888888888889 0.26979166666666665 0.02592592592592593 0.014583333333333334
0 0.4273148148148148 0.22421875 0.02314814814814815 0.0171875
0 0.44212962962962965 0.53203125 0.030555555555555558 0.0140625
0 0.5518518518518519 0.39140625 0.02777777777777778 0.019270833333333334
0 0.5587962962962963 0.41796875 0.021296296296296296 0.01614583333333333
0 0.5370370370370371 0.42083333333333334 0.02962962962962963 0.016666666666666666
0 0.5041666666666667 0.4010416666666667 0.02314814814814815 0.0125
0 0.4842592592592593 0.38255208333333335 0.024074074074074074 0.015104166666666667
0 0.425 0.3716145833333333 0.02592592592592593 0.015104166666666667
0 0.4615740740740741 0.42916666666666664 0.028703703703703703 0.014583333333333334
0 0.4444444444444445 0.5481770833333334 0.018518518518518517 0.0140625
0 0.4240740740740741 0.5770833333333333 0.02592592592592593 0.013541666666666667
0 0.4439814814814815 0.69140625 0.032407407407407406 0.018229166666666668
0 0.37222222222222223 0.6080729166666666 0.02592592592592593 0.0140625
0 0.3763888888888889 0.6455729166666666 0.02314814814814815 0.0140625
0 0.2601851851851852 0.7341145833333333 0.031481481481481485 0.019270833333333334
0 0.2847222222222222 0.6979166666666666 0.03425925925925926 0.020833333333333332
0 0.28194444444444444 0.6528645833333333 0.028703703703703703 0.018229166666666668
0 0.25601851851851853 0.65078125 0.021296296296296296 0.0140625
0 0.2337962962962963 0.6432291666666666 0.02314814814814815 0.014583333333333334
0 0.26851851851851855 0.6296875 0.022222222222222223 0.010416666666666666
0 0.13333333333333333 0.7411458333333333 0.037037037037037035 0.017708333333333333
0 0.1550925925925926 0.7072916666666667 0.025 0.016666666666666666
0 0.013425925925925926 0.7911458333333333 0.02314814814814815 0.019791666666666666
0 0.047685185185185185 0.6817708333333333 0.028703703703703703 0.014583333333333334
0 0.049074074074074076 0.62890625 0.03333333333333333 0.015104166666666667
0 0.14212962962962963 0.6033854166666667 0.028703703703703703 0.018229166666666668
0 0.052314814814814814 0.5635416666666666 0.032407407407407406 0.015625
0 0.05185185185185186 0.5744791666666667 0.037037037037037035 0.009375
0 0.0125 0.57734375 0.021296296296296296 0.013020833333333334
0 0.1726851851851852 0.5276041666666667 0.02314814814814815 0.013541666666666667
0 0.03657407407407408 0.5075520833333333 0.036111111111111115 0.0171875
0 0.08425925925925926 0.49609375 0.031481481481481485 0.015104166666666667
0 0.017592592592592594 0.4596354166666667 0.02592592592592593 0.013020833333333334
0 0.037037037037037035 0.4354166666666667 0.03518518518518519 0.017708333333333333
0 0.06666666666666667 0.4317708333333333 0.02592592592592593 0.0125
0 0.18981481481481483 0.4934895833333333 0.02777777777777778 0.0140625
0 0.17546296296296296 0.45078124999999997 0.025 0.013020833333333334
0 0.18935185185185185 0.4140625 0.032407407407407406 0.017708333333333333
0 0.16990740740740742 0.39609375 0.028703703703703703 0.011979166666666666
0 0.03425925925925926 0.3484375 0.02777777777777778 0.014583333333333334
0 0.1550925925925926 0.3458333333333333 0.032407407407407406 0.017708333333333333
0 0.06666666666666667 0.29635416666666664 0.02962962962962963 0.011458333333333333
0 0.18333333333333335 0.29661458333333335 0.02962962962962963 0.018229166666666668
0 0.1615740740740741 0.28203125 0.026851851851851852 0.01614583333333333
0 0.11342592592592593 0.26927083333333335 0.019444444444444445 0.013541666666666667
0 0.09212962962962963 0.26901041666666664 0.02314814814814815 0.013020833333333334
0 0.09490740740740741 0.25859375 0.02314814814814815 0.013020833333333334
0 0.12175925925925926 0.25677083333333334 0.019444444444444445 0.011458333333333333
0 0.08657407407407408 0.24869791666666666 0.02314814814814815 0.011979166666666666
0 0.031481481481481485 0.240625 0.03333333333333333 0.019791666666666666
0 0.07685185185185185 0.19505208333333332 0.03333333333333333 0.019270833333333334
0 0.46064814814814814 0.24609375 0.019444444444444445 0.011979166666666666
0 0.41435185185185186 0.48020833333333335 0.01388888888888889 0.0125
0 0.9157407407407407 0.65859375 0.022222222222222223 0.01614583333333333
0 0.5222222222222223 0.2682291666666667 0.016666666666666666 0.009375
