0 0.14907407407407408 0.20598958333333334 0.02962962962962963 0.018229166666666668
0 0.11157407407407408 0.33489583333333334 0.030555555555555558 0.013541666666666667
0 0.20833333333333334 0.28411458333333334 0.02777777777777778 0.018229166666666668
0 0.012037037037037037 0.3208333333333333 0.018518518518518517 0.0125
0 0.0763888888888889 0.36666666666666664 0.030555555555555558 0.020833333333333332
0 0.1212962962962963 0.37578125 0.02777777777777778 0.018229166666666668
0 0.14907407407407408 0.3770833333333333 0.022222222222222223 0.017708333333333333
0 0.013425925925925926 0.42343749999999997 0.025 0.015625
0 0.16481481481481483 0.45859374999999997 0.03518518518518519 0.015104166666666667
0 0.01712962962962963 0.4856770833333333 0.032407407407407406 0.024479166666666666
0 0.11203703703703705 0.50078125 0.031481481481481485 0.01614583333333333
0 0.14907407407407408 0.5260416666666666 0.03518518518518519 0.019791666666666666
0 0.021296296296296296 0.5260416666666666 0.02962962962962963 0.021875
0 0.019444444444444445 0.6979166666666666 0.037037037037037035 0.021875
0 0.08009259259259259 0.771875 0.026851851851851852 0.022916666666666665
0 0.011111111111111112 0.7544270833333333 0.018518518518518517 0.022395833333333334
0 0.047685185185185185 0.6151041666666667 0.03796296296296296 0.022916666666666665
0 0.14351851851851852 0.6096354166666667 0.040740740740740744 0.021354166666666667
0 0.08287037037037037 0.69375 0.04537037037037037 0.021875
0 0.1513888888888889 0.6841145833333333 0.030555555555555558 0.021354166666666667
0 0.16574074074074074 0.7596354166666667 0.020370370370370372 0.0234375
0 0.19074074074074074 0.7473958333333334 0.03888888888888889 0.021875
0 0.32083333333333336 0.7575520833333333 0.02314814814814815 0.019270833333333334
0 0.35833333333333334 0.7408854166666666 0.020370370370370372 0.0171875
0 0.28101851851851856 0.60234375 0.036111111111111115 0.019270833333333334
0 0.25787037037037036 0.6166666666666667 0.021296296296296296 0.010416666666666666
0 0.19861111111111113 0.5541666666666667 0.03425925925925926 0.016666666666666666
0 0.22962962962962963 0.68984375 0.020370370370370372 0.0171875
0 0.2689814814814815 0.5380208333333333 0.028703703703703703 0.014583333333333334
0 0.44027777777777777 0.8817708333333333 0.04166666666666667 0.03229166666666666
0 0.4083333333333333 0.8744791666666667 0.03888888888888889 0.030208333333333334
0 0.4486111111111111 0.79921875 0.03796296296296296 0.027604166666666666
0 0.4527777777777778 0.7674479166666667 0.03333333333333333 0.022395833333333334
0 0.5097222222222222 0.7114583333333333 0.04351851851851852 0.027083333333333334
0 0.5939814814814816 0.7559895833333333 0.025 0.019270833333333334
0 0.6796296296296297 0.8361979166666667 0.03333333333333333 0.0296875
0 0.3726851851851852 0.5861979166666667 0.032407407407407406 0.0203125
0 0.4412037037037037 0.6286458333333333 0.02314814814814815 0.0125
0 0.25787037037037036 0.553125 0.028703703703703703 0.0125
0 0.49444444444444446 0.5950520833333334 0.031481481481481485 0.015104166666666667
0 0.4226851851851852 0.54609375 0.026851851851851852 0.018229166666666668
0 0.3601851851851852 0.48776041666666664 0.024074074074074074 0.013020833333333334
0 0.4236111111111111 0.52109375 0.021296296296296296 0.015104166666666667
0 0.4222222222222222 0.47994791666666664 0.024074074074074074 0.015104166666666667
0 0.23333333333333334 0.38203125 0.024074074074074074 0.01614583333333333
0 0.40231481481481485 0.5200520833333333 0.02314814814814815 0.015104166666666667
0 0.2611111111111111 0.3716145833333333 0.02592592592592593 0.015104166666666667
0 0.27870370370370373 0.39375 0.020370370370370372 0.0125
0 0.3476851851851852 0.40078125 0.015740740740740743 0.0109375
0 0.36388888888888893 0.3953125 0.022222222222222223 0.0125
0 0.37824074074074077 0.409375 0.02314814814814815 0.014583333333333334
0 0.26990740740740743 0.2796875 0.030555555555555558 0.019791666666666666
0 0.3787037037037037 0.23906249999999998 0.02777777777777778 0.020833333333333332
0 0.5037037037037038 0.15989583333333332 0.024074074074074074 0.017708333333333333
0 0.4902777777777778 0.14427083333333332 0.02314814814814815 0.017708333333333333
0 0.5185185185185185 0.09557291666666666 0.020370370370370372 0.0171875
0 0.4712962962962963 0.2981770833333333 0.020370370370370372 0.011979166666666666
0 0.5041666666666667 0.28151041666666665 0.026851851851851852 0.0203125
0 0.587962962962963 0.26979166666666665 0.02592592592592593 0.014583333333333334
0 0.5745370370370371 0.22421875 0.02314814814814815 0.0171875
0 0.5597222222222222 0.53203125 0.030555555555555558 0.0140625
0 0.45 0.39140625 0.02777777777777778 0.019270833333333334
0 0.4430555555555556 0.41796875 0.021296296296296296 0.01614583333333333
0 0.46481481481481485 0.42083333333333334 0.02962962962962963 0.016666666666666666
0 0.49768518518518523 0.4010416666666667 0.02314814814814815 0.0125
0 0.5175925925925926 0.38255208333333335 0.024074074074074074 0.015104166666666667
0 0.5768518518518518 0.3716145833333333 0.02592592592592593 0.015104166666666667
0 0.5402777777777777 0.42916666666666664 0.028703703703703703 0.014583333333333334
0 0.5574074074074075 0.5481770833333334 0.018518518518518517 0.0140625
0 0.5777777777777778 0.5770833333333333 0.02592592592592593 0.013541666666666667
0 0.5578703703703703 0.69140625 0.032407407407407406 0.018229166666666668
0 0.6296296296296297 0.6080729166666666 0.02592592592592593 0.0140625
0 0.625462962962963 0.6455729166666666 0.02314814814814815 0.0140625
0 0.7416666666666667 0.7341145833333333 0.031481481481481485 0.019270833333333334
0 0.7171296296296297 0.6979166666666666 0.03425925925925926 0.020833333333333332
0 0.7199074074074074 0.6528645833333333 0.028703703703703703 0.018229166666666668
0 0.7458333333333333 0.65078125 0.021296296296296296 0.0140625
0 0.7680555555555556 0.6432291666666666 0.02314814814814815 0.014583333333333334
0 0.7333333333333334 0.6296875 0.022222222222222223 0.010416666666666666
0 0.8685185185185186 0.7411458333333333 0.037037037037037035 0.017708333333333333
0 0.8467592592592593 0.7072916666666667 0.025 0.016666666666666666
0 0.9884259259259259 0.7911458333333333 0.02314814814814815 0.019791666666666666
0 0.9541666666666667 0.6817708333333333 0.028703703703703703 0.014583333333333334
0 0.9527777777777778 0.62890625 0.03333333333333333 0.015104166666666667
0 0.8597222222222223 0.6033854166666667 0.028703703703703703 0.018229166666666668
0 0.9495370370370371 0.5635416666666666 0.032407407407407406 0.015625
0 0.9500000000000001 0.5744791666666667 0.037037037037037035 0.009375
0 0.9893518518518519 0.57734375 0.021296296296296296 0.013020833333333334
0 0.8291666666666667 0.5276041666666667 0.02314814814814815 0.013541666666666667
0 0.9652777777777778 0.5075520833333333 0.036111111111111115 0.0171875
0 0.9175925925925926 0.49609375 0.031481481481481485 0.015104166666666667
0 0.9842592592592593 0.4596354166666667 0.02592592592592593 0.013020833333333334
0 0.9648148148148149 0.4354166666666667 0.03518518518518519 0.017708333333333333
0 0.9351851851851852 0.4317708333333333 0.02592592592592593 0.0125
0 0.8120370370370371 0.4934895833333333 0.02777777777777778 0.0140625
0 0.826388888888889 0.45078124999999997 0.025 0.013020833333333334
0 0.8125 0.4140625 0.032407407407407406 0.017708333333333333
0 0.8319444444444445 0.39609375 0.028703703703703703 0.011979166666666666
0 0.9675925925925927 0.3484375 0.02777777777777778 0.014583333333333334
0 0.8467592592592593 0.3458333333333333 0.032407407407407406 0.017708333333333333
0 0.9351851851851852 0.29635416666666664 0.02962962962962963 0.011458333333333333
0 0.8185185185185185 0.29661458333333335 0.02962962962962963 0.018229166666666668
0 0.8402777777777778 0.28203125 0.026851851851851852 0.01614583333333333
0 0.888425925925926 0.26927083333333335 0.019444444444444445 0.013541666666666667
0 0.9097222222222222 0.26901041666666664 0.02314814814814815 0.013020833333333334
0 0.9069444444444444 0.25859375 0.02314814814814815 0.013020833333333334
0 0.8800925925925926 0.25677083333333334 0.019444444444444445 0.011458333333333333
0 0.9152777777777779 0.24869791666666666 0.02314814814814815 0.011979166666666666
0 0.9703703703703704 0.240625 0.03333333333333333 0.019791666666666666
0 0.925 0.19505208333333332 0.03333333333333333 0.019270833333333334
0 0.5412037037037037 0.24609375 0.019444444444444445 0.011979166666666666
0 0.5875 0.48020833333333335 0.01388888888888889 0.0125
0 0.08611111111111111 0.65859375 0.022222222222222223 0.01614583333333333
0 0.47962962962962963 0.2682291666666667 0.016666666666666666 0.009375
