0 0.11898148148148148 0.19713541666666667 0.030555555555555558 0.019270833333333334
0 0.07962962962962963 0.32838541666666665 0.02962962962962963 0.0140625
0 0.18055555555555555 0.27708333333333335 0.02777777777777778 0.01875
0 0.04259259259259259 0.36041666666666666 0.02962962962962963 0.020833333333333332
0 0.08842592592592594 0.37057291666666664 0.025 0.018229166666666668
0 0.11435185185185186 0.371875 0.02314814814814815 0.016666666666666666
0 0.13564814814814816 0.45390625 0.03981481481481482 0.01614583333333333
0 0.07962962962962963 0.49583333333333335 0.031481481481481485 0.017708333333333333
0 0.11898148148148148 0.5213541666666667 0.036111111111111115 0.019791666666666666
0 0.04722222222222222 0.76796875 0.02592592592592593 0.0234375
0 0.01712962962962963 0.6111979166666667 0.032407407407407406 0.0234375
0 0.11064814814814815 0.6057291666666667 0.03981481481481482 0.020833333333333332
0 0.04537037037037037 0.6903645833333333 0.044444444444444446 0.0234375
0 0.11805555555555557 0.6809895833333334 0.032407407407407406 0.021354166666666667
0 0.1328703703703704 0.7559895833333333 0.021296296296296296 0.022395833333333334
0 0.15694444444444444 0.74453125 0.03796296296296296 0.022395833333333334
0 0.28935185185185186 0.7536458333333333 0.02314814814814815 0.019791666666666666
0 0.3287037037037037 0.7377604166666667 0.022222222222222223 0.0171875
0 0.24629629629629632 0.5986979166666666 0.037037037037037035 0.0203125
0 0.23148148148148148 0.6130208333333333 0.022222222222222223 0.010416666666666666
0 0.17037037037037037 0.5502604166666667 0.03333333333333333 0.0171875
0 0.20092592592592592 0.6864583333333333 0.020370370370370372 0.017708333333333333
0 0.24027777777777778 0.53359375 0.026851851851851852 0.0140625
0 0.4078703703703704 0.8783854166666667 0.04166666666666667 0.03177083333333333
0 0.37592592592592594 0.8705729166666667 0.040740740740740744 0.028645833333333332
0 0.41805555555555557 0.7958333333333333 0.03796296296296296 0.027083333333333334
0 0.4226851851851852 0.7638020833333333 0.03425925925925926 0.022395833333333334
0 0.4791666666666667 0.7072916666666667 0.04537037037037037 0.029166666666666667
0 0.39675925925925926 0.4747395833333333 0.021296296296296296 0.013020833333333334
0 0.5671296296296297 0.7526041666666666 0.026851851851851852 0.019791666666666666
0 0.65 0.8330729166666666 0.031481481481481485 0.0296875
0 0.3421296296296296 0.58203125 0.032407407407407406 0.0203125
0 0.24814814814814815 0.3880208333333333 0.018518518518518517 0.0125
0 0.4175925925925926 0.6244791666666667 0.024074074074074074 0.0125
0 0.3226851851851852 0.3950520833333333 0.015740740740740743 0.0109375
0 0.22916666666666669 0.5497395833333333 0.026851851851851852 0.013020833333333334
0 0.337037037037037 0.38984375 0.022222222222222223 0.0109375
0 0.46944444444444444 0.5908854166666666 0.02777777777777778 0.01614583333333333
0 0.3527777777777778 0.40338541666666666 0.020370370370370372 0.0140625
0 0.39675925925925926 0.5424479166666667 0.026851851851851852 0.018229166666666668
0 0.24351851851851852 0.27291666666666664 0.02962962962962963 0.019791666666666666
0 0.3351851851851852 0.4828125 0.024074074074074074 0.013541666666666667
0 0.37777777777777777 0.515625 0.020370370370370372 0.015625
0 0.3976851851851852 0.5174479166666667 0.021296296296296296 0.015104166666666667
0 0.3527777777777778 0.23151041666666666 0.02777777777777778 0.021354166666666667
0 0.20370370370370372 0.3768229166666667 0.024074074074074074 0.0171875
0 0.47962962962962963 0.15026041666666667 0.022222222222222223 0.0171875
0 0.23055555555555557 0.36614583333333334 0.02592592592592593 0.015625
0 0.46574074074074073 0.13463541666666667 0.024074074074074074 0.018229166666666668
0 0.4930555555555556 0.0859375 0.021296296296296296 0.01875
0 0.4462962962962963 0.29192708333333334 0.020370370370370372 0.013020833333333334
0 0.47731481481481486 0.2734375 0.026851851851851852 0.020833333333333332
0 0.5657407407407408 0.2622395833333333 0.02592592592592593 0.0140625
0 0.5504629629629629 0.21588541666666666 0.025 0.0171875
0 0.4226851851851852 0.38567708333333334 0.028703703703703703 0.019270833333333334
0 0.41805555555555557 0.41354166666666664 0.021296296296296296 0.016666666666666666
0 0.4393518518518519 0.4161458333333333 0.026851851851851852 0.017708333333333333
0 0.475462962962963 0.3953125 0.021296296296296296 0.011458333333333333
0 0.4935185185185185 0.3770833333333333 0.024074074074074074 0.015625
0 0.5509259259259259 0.36666666666666664 0.02592592592592593 0.016666666666666666
0 0.5152777777777778 0.4239583333333333 0.026851851851851852 0.015625
0 0.5342592592592593 0.5276041666666667 0.031481481481481485 0.015625
0 0.5337962962962963 0.5440104166666666 0.021296296296296296 0.015104166666666667
0 0.5527777777777778 0.5731770833333333 0.02962962962962963 0.011979166666666666
0 0.5305555555555556 0.68828125 0.03333333333333333 0.0171875
0 0.6064814814814815 0.60546875 0.02777777777777778 0.0140625
0 0.6 0.6424479166666667 0.022222222222222223 0.015104166666666667
0 0.7180555555555556 0.73125 0.032407407407407406 0.019791666666666666
0 0.6925925925925926 0.6947916666666667 0.03333333333333333 0.01875
0 0.700462962962963 0.6494791666666666 0.028703703703703703 0.016666666666666666
0 0.725462962962963 0.6473958333333333 0.021296296296296296 0.014583333333333334
0 0.7476851851851852 0.63984375 0.026851851851851852 0.015104166666666667
0 0.7106481481481481 0.6263020833333334 0.02314814814814815 0.0109375
0 0.8407407407407408 0.7375 0.03518518518518519 0.019791666666666666
0 0.8236111111111112 0.7046875 0.030555555555555558 0.021875
0 0.9569444444444445 0.7875 0.026851851851851852 0.025
0 0.9296296296296297 0.6783854166666666 0.02777777777777778 0.015104166666666667
0 0.9263888888888889 0.62421875 0.03425925925925926 0.0203125
0 0.8361111111111111 0.6002604166666666 0.02962962962962963 0.019270833333333334
0 0.9277777777777778 0.5596354166666666 0.031481481481481485 0.015104166666666667
0 0.9273148148148148 0.5708333333333333 0.030555555555555558 0.0125
0 0.9662037037037038 0.5744791666666667 0.02314814814814815 0.014583333333333334
0 0.8083333333333333 0.5234375 0.022222222222222223 0.013541666666666667
0 0.9444444444444445 0.50390625 0.037037037037037035 0.018229166666666668
0 0.8981481481481481 0.49322916666666666 0.02962962962962963 0.015625
0 0.9638888888888889 0.45546875 0.02777777777777778 0.0140625
0 0.9833333333333334 0.43385416666666665 0.03333333333333333 0.019791666666666666
0 0.9435185185185185 0.4309895833333333 0.03518518518518519 0.018229166666666668
0 0.913425925925926 0.42734374999999997 0.02314814814814815 0.011979166666666666
0 0.788425925925926 0.4895833333333333 0.026851851851851852 0.014583333333333334
0 0.8037037037037037 0.44609375 0.020370370370370372 0.011979166666666666
0 0.7921296296296296 0.409375 0.030555555555555558 0.017708333333333333
0 0.8120370370370371 0.39088541666666665 0.02592592592592593 0.011979166666666666
0 0.9546296296296297 0.34322916666666664 0.02592592592592593 0.014583333333333334
0 0.825925925925926 0.33984375 0.02962962962962963 0.018229166666666668
0 0.9166666666666667 0.29010416666666666 0.02962962962962963 0.011458333333333333
0 0.800462962962963 0.2908854166666667 0.028703703703703703 0.0171875
0 0.8208333333333334 0.27630208333333334 0.026851851851851852 0.015104166666666667
0 0.8699074074074075 0.2625 0.017592592592592594 0.013541666666666667
0 0.8921296296296297 0.26171875 0.025 0.0140625
0 0.8893518518518518 0.2513020833333333 0.021296296296296296 0.011979166666666666
0 0.8615740740740742 0.25 0.019444444444444445 0.011458333333333333
0 0.8976851851851853 0.24192708333333332 0.02314814814814815 0.011979166666666666
0 0.9541666666666667 0.23359375 0.032407407407407406 0.0203125
0 0.9087962962962963 0.1875 0.030555555555555558 0.017708333333333333
0 0.5171296296296296 0.23828125 0.019444444444444445 0.011979166666666666
0 0.05092592592592593 0.6552083333333333 0.022222222222222223 0.016666666666666666
0 0.5675925925925926 0.47682291666666665 0.016666666666666666 0.015104166666666667
0 0.4564814814814815 0.26119791666666664 0.016666666666666666 0.0078125
