0 0.8828703703703704 0.19713541666666667 0.030555555555555558 0.019270833333333334
0 0.9222222222222223 0.32838541666666665 0.02962962962962963 0.0140625
0 0.8212962962962963 0.27708333333333335 0.02777777777777778 0.01875
0 0.9592592592592593 0.36041666666666666 0.02962962962962963 0.020833333333333332
0 0.913425925925926 0.37057291666666664 0.025 0.018229166666666668
0 0.8875000000000001 0.371875 0.02314814814814815 0.016666666666666666
0 0.8662037037037037 0.45390625 0.03981481481481482 0.01614583333333333
0 0.9222222222222223 0.49583333333333335 0.031481481481481485 0.017708333333333333
0 0.8828703703703704 0.5213541666666667 0.036111111111111115 0.019791666666666666
0 0.9546296296296297 0.76796875 0.02592592592592593 0.0234375
0 0.9842592592592593 0.6114583333333333 0.031481481481481485 0.02395833333333333
0 0.8912037037037037 0.6057291666666667 0.03981481481481482 0.020833333333333332
0 0.9564814814814815 0.6903645833333333 0.044444444444444446 0.0234375
0 0.8837962962962963 0.6809895833333334 0.032407407407407406 0.021354166666666667
0 0.8689814814814815 0.7559895833333333 0.021296296296296296 0.022395833333333334
0 0.8449074074074074 0.74453125 0.03796296296296296 0.022395833333333334
0 0.7125 0.7536458333333333 0.02314814814814815 0.019791666666666666
0 0.6731481481481482 0.7377604166666667 0.022222222222222223 0.0171875
0 0.7555555555555555 0.5986979166666666 0.037037037037037035 0.0203125
0 0.7703703703703704 0.6130208333333333 0.022222222222222223 0.010416666666666666
0 0.8314814814814815 0.5502604166666667 0.03333333333333333 0.0171875
0 0.8009259259259259 0.6864583333333333 0.020370370370370372 0.017708333333333333
0 0.7615740740740741 0.53359375 0.026851851851851852 0.0140625
0 0.5939814814814816 0.8783854166666667 0.04166666666666667 0.03177083333333333
0 0.625925925925926 0.8705729166666667 0.040740740740740744 0.028645833333333332
0 0.5837962962962964 0.7958333333333333 0.03796296296296296 0.027083333333333334
0 0.5791666666666667 0.7638020833333333 0.03425925925925926 0.022395833333333334
0 0.5226851851851853 0.7072916666666667 0.04537037037037037 0.029166666666666667
0 0.6050925925925926 0.4747395833333333 0.021296296296296296 0.013020833333333334
0 0.43472222222222223 0.7526041666666666 0.026851851851851852 0.019791666666666666
0 0.35185185185185186 0.8330729166666666 0.031481481481481485 0.0296875
0 0.6597222222222222 0.58203125 0.032407407407407406 0.0203125
0 0.7537037037037038 0.3880208333333333 0.018518518518518517 0.0125
0 0.5842592592592593 0.6244791666666667 0.024074074074074074 0.0125
0 0.6791666666666667 0.3950520833333333 0.015740740740740743 0.0109375
0 0.7726851851851853 0.5497395833333333 0.026851851851851852 0.013020833333333334
0 0.6648148148148149 0.38984375 0.022222222222222223 0.0109375
0 0.5324074074074074 0.5908854166666666 0.02777777777777778 0.01614583333333333
0 0.6490740740740741 0.40338541666666666 0.020370370370370372 0.0140625
0 0.6050925925925926 0.5424479166666667 0.026851851851851852 0.018229166666666668
0 0.7583333333333334 0.27291666666666664 0.02962962962962963 0.019791666666666666
0 0.6666666666666667 0.4828125 0.024074074074074074 0.013541666666666667
0 0.6240740740740741 0.515625 0.020370370370370372 0.015625
0 0.6041666666666667 0.5174479166666667 0.021296296296296296 0.015104166666666667
0 0.6490740740740741 0.23151041666666666 0.02777777777777778 0.021354166666666667
0 0.7981481481481482 0.3768229166666667 0.024074074074074074 0.0171875
0 0.5222222222222223 0.15026041666666667 0.022222222222222223 0.0171875
0 0.7712962962962964 0.36614583333333334 0.02592592592592593 0.015625
0 0.5361111111111111 0.13463541666666667 0.024074074074074074 0.018229166666666668
0 0.5087962962962963 0.0859375 0.021296296296296296 0.01875
0 0.5555555555555556 0.29192708333333334 0.020370370370370372 0.013020833333333334
0 0.524537037037037 0.2734375 0.026851851851851852 0.020833333333333332
0 0.4361111111111111 0.2622395833333333 0.02592592592592593 0.0140625
0 0.4513888888888889 0.21588541666666666 0.025 0.0171875
0 0.5791666666666667 0.38567708333333334 0.028703703703703703 0.019270833333333334
0 0.5837962962962964 0.41354166666666664 0.021296296296296296 0.016666666666666666
0 0.5625 0.4161458333333333 0.026851851851851852 0.017708333333333333
0 0.5263888888888889 0.3953125 0.021296296296296296 0.011458333333333333
0 0.5083333333333333 0.3770833333333333 0.024074074074074074 0.015625
0 0.45092592592592595 0.36666666666666664 0.02592592592592593 0.016666666666666666
0 0.4865740740740741 0.4239583333333333 0.026851851851851852 0.015625
0 0.4675925925925926 0.5276041666666667 0.031481481481481485 0.015625
0 0.46805555555555556 0.5440104166666666 0.021296296296296296 0.015104166666666667
0 0.44907407407407407 0.5731770833333333 0.02962962962962963 0.011979166666666666
0 0.4712962962962963 0.68828125 0.03333333333333333 0.0171875
0 0.39537037037037037 0.60546875 0.02777777777777778 0.0140625
0 0.40185185185185185 0.6424479166666667 0.022222222222222223 0.015104166666666667
0 0.2837962962962963 0.73125 0.032407407407407406 0.019791666666666666
0 0.3092592592592593 0.6947916666666667 0.03333333333333333 0.01875
0 0.3013888888888889 0.6494791666666666 0.028703703703703703 0.016666666666666666
0 0.2763888888888889 0.6473958333333333 0.021296296296296296 0.014583333333333334
0 0.25416666666666665 0.63984375 0.026851851851851852 0.015104166666666667
0 0.29120370370370374 0.6263020833333334 0.02314814814814815 0.0109375
0 0.16111111111111112 0.7375 0.03518518518518519 0.019791666666666666
0 0.17824074074074076 0.7046875 0.030555555555555558 0.021875
0 0.04490740740740741 0.7875 0.026851851851851852 0.025
0 0.07222222222222223 0.6783854166666666 0.02777777777777778 0.015104166666666667
0 0.07546296296296297 0.62421875 0.03425925925925926 0.0203125
0 0.16574074074074074 0.6002604166666666 0.02962962962962963 0.019270833333333334
0 0.07407407407407407 0.5596354166666666 0.031481481481481485 0.015104166666666667
0 0.07453703703703704 0.5708333333333333 0.030555555555555558 0.0125
0 0.03564814814814815 0.5744791666666667 0.02314814814814815 0.014583333333333334
0 0.19351851851851853 0.5234375 0.022222222222222223 0.013541666666666667
0 0.05740740740740741 0.50390625 0.037037037037037035 0.018229166666666668
0 0.10370370370370371 0.49322916666666666 0.02962962962962963 0.015625
0 0.03796296296296296 0.45546875 0.02777777777777778 0.0140625
0 0.018518518518518517 0.43385416666666665 0.03333333333333333 0.019791666666666666
0 0.058333333333333334 0.4309895833333333 0.03518518518518519 0.018229166666666668
0 0.08842592592592594 0.42734374999999997 0.02314814814814815 0.011979166666666666
0 0.21342592592592594 0.4895833333333333 0.026851851851851852 0.014583333333333334
0 0.19814814814814816 0.44609375 0.020370370370370372 0.011979166666666666
0 0.20972222222222223 0.409375 0.030555555555555558 0.017708333333333333
0 0.18981481481481483 0.39088541666666665 0.02592592592592593 0.011979166666666666
0 0.04722222222222222 0.34322916666666664 0.02592592592592593 0.014583333333333334
0 0.17592592592592593 0.33984375 0.02962962962962963 0.018229166666666668
0 0.08518518518518518 0.29010416666666666 0.02962962962962963 0.011458333333333333
0 0.2013888888888889 0.2908854166666667 0.028703703703703703 0.0171875
0 0.18101851851851852 0.27630208333333334 0.026851851851851852 0.015104166666666667
0 0.13194444444444445 0.2625 0.017592592592592594 0.013541666666666667
0 0.10972222222222222 0.26171875 0.025 0.0140625
0 0.1125 0.2513020833333333 0.021296296296296296 0.011979166666666666
0 0.14027777777777778 0.25 0.019444444444444445 0.011458333333333333
0 0.10416666666666667 0.24192708333333332 0.02314814814814815 0.011979166666666666
0 0.047685185185185185 0.23359375 0.032407407407407406 0.0203125
0 0.09305555555555556 0.1875 0.030555555555555558 0.017708333333333333
0 0.4847222222222222 0.23828125 0.019444444444444445 0.011979166666666666
0 0.950925925925926 0.6552083333333333 0.022222222222222223 0.016666666666666666
0 0.4342592592592593 0.47682291666666665 0.016666666666666666 0.015104166666666667
0 0.5453703703703704 0.26119791666666664 0.016666666666666666 0.0078125
