0 0.11203703703703705 0.19479166666666667 0.031481481481481485 0.01875
0 0.07222222222222223 0.3260416666666667 0.02962962962962963 0.013541666666666667
0 0.17453703703703705 0.275 0.028703703703703703 0.01875
0 0.03425925925925926 0.35859375 0.02962962962962963 0.0203125
0 0.08194444444444444 0.3690104166666667 0.025 0.019270833333333334
0 0.1287037037037037 0.45208333333333334 0.040740740740740744 0.015625
0 0.07268518518518519 0.49374999999999997 0.032407407407407406 0.017708333333333333
0 0.1125 0.5192708333333333 0.036111111111111115 0.019791666666666666
0 0.03981481481481482 0.7669270833333334 0.02592592592592593 0.0234375
0 0.01388888888888889 0.61015625 0.024074074074074074 0.0234375
0 0.10231481481481482 0.6041666666666666 0.03796296296296296 0.020833333333333332
0 0.03796296296296296 0.68828125 0.044444444444444446 0.0234375
0 0.11111111111111112 0.6791666666666667 0.03333333333333333 0.020833333333333332
0 0.12453703703703704 0.7544270833333333 0.021296296296296296 0.022395833333333334
0 0.14907407407407408 0.7424479166666667 0.037037037037037035 0.022395833333333334
0 0.28194444444444444 0.7518229166666667 0.02314814814814815 0.019270833333333334
0 0.32175925925925924 0.7361979166666667 0.02314814814814815 0.0171875
0 0.2388888888888889 0.59765625 0.037037037037037035 0.0203125
0 0.225 0.6114583333333333 0.022222222222222223 0.010416666666666666
0 0.16296296296296298 0.5481770833333334 0.03333333333333333 0.0171875
0 0.1953703703703704 0.68515625 0.020370370370370372 0.0171875
0 0.23657407407407408 0.5330729166666667 0.030555555555555558 0.01614583333333333
0 0.4 0.8763020833333334 0.04259259259259259 0.03177083333333333
0 0.3685185185185185 0.8684895833333334 0.040740740740740744 0.028645833333333332
0 0.4115740740740741 0.7942708333333334 0.03796296296296296 0.027083333333333334
0 0.41620370370370374 0.7622395833333333 0.03425925925925926 0.022395833333333334
0 0.47222222222222227 0.70546875 0.0462962962962963 0.0296875
0 0.5611111111111111 0.7505208333333333 0.02592592592592593 0.019791666666666666
0 0.6421296296296296 0.8312499999999999 0.032407407407407406 0.029166666666666667
0 0.33564814814814814 0.5807291666666666 0.032407407407407406 0.020833333333333332
0 0.41250000000000003 0.6229166666666667 0.02314814814814815 0.0125
0 0.22314814814814815 0.5479166666666666 0.02592592592592593 0.0125
0 0.3462962962962963 0.40208333333333335 0.020370370370370372 0.014583333333333334
0 0.46342592592592596 0.5890625 0.026851851851851852 0.015625
0 0.23750000000000002 0.2703125 0.028703703703703703 0.020833333333333332
0 0.3907407407407408 0.5403645833333334 0.02592592592592593 0.018229166666666668
0 0.3717592592592593 0.51484375 0.019444444444444445 0.015104166666666667
0 0.32962962962962966 0.48151041666666666 0.024074074074074074 0.013020833333333334
0 0.39212962962962966 0.515625 0.021296296296296296 0.015625
0 0.47453703703703703 0.14765625 0.025 0.018229166666666668
0 0.3912037037037037 0.4731770833333333 0.021296296296296296 0.013020833333333334
0 0.4601851851851852 0.13177083333333334 0.024074074074074074 0.017708333333333333
0 0.19722222222222224 0.37447916666666664 0.024074074074074074 0.016666666666666666
0 0.22361111111111112 0.36432291666666666 0.025 0.015104166666666667
0 0.44027777777777777 0.28984375 0.019444444444444445 0.013020833333333334
0 0.24212962962962964 0.38619791666666664 0.019444444444444445 0.011979166666666666
0 0.31666666666666665 0.3932291666666667 0.016666666666666666 0.010416666666666666
0 0.5606481481481481 0.26015625 0.026851851851851852 0.015104166666666667
0 0.33101851851851855 0.3875 0.021296296296296296 0.011458333333333333
0 0.5458333333333334 0.21354166666666666 0.025 0.017708333333333333
0 0.3458333333333333 0.22890625 0.028703703703703703 0.021354166666666667
0 0.41620370370370374 0.3833333333333333 0.030555555555555558 0.01875
0 0.487962962962963 0.0828125 0.024074074074074074 0.017708333333333333
0 0.41111111111111115 0.4114583333333333 0.020370370370370372 0.017708333333333333
0 0.4712962962962963 0.27109375 0.02777777777777778 0.021354166666666667
0 0.4328703703703704 0.41432291666666665 0.028703703703703703 0.0171875
0 0.4689814814814815 0.39401041666666664 0.021296296296296296 0.013020833333333334
0 0.4865740740740741 0.3763020833333333 0.02314814814814815 0.01614583333333333
0 0.5453703703703704 0.36484375 0.02592592592592593 0.01614583333333333
0 0.5097222222222222 0.42265625 0.028703703703703703 0.0140625
0 0.5310185185185186 0.5268229166666667 0.03425925925925926 0.0171875
0 0.5287037037037037 0.5424479166666667 0.022222222222222223 0.015104166666666667
0 0.5472222222222223 0.5716145833333334 0.031481481481481485 0.011979166666666666
0 0.5226851851851853 0.6872395833333333 0.030555555555555558 0.01614583333333333
0 0.600925925925926 0.6049479166666667 0.024074074074074074 0.0140625
0 0.5944444444444444 0.64140625 0.024074074074074074 0.015104166666666667
0 0.7115740740740741 0.7302083333333333 0.032407407407407406 0.01875
0 0.6865740740740741 0.6934895833333333 0.032407407407407406 0.019270833333333334
0 0.6958333333333334 0.6486979166666667 0.026851851851851852 0.0171875
0 0.7203703703703704 0.6463541666666667 0.020370370370370372 0.014583333333333334
0 0.7421296296296297 0.63828125 0.026851851851851852 0.015104166666666667
0 0.7060185185185186 0.625 0.02314814814814815 0.010416666666666666
0 0.8342592592592593 0.7361979166666667 0.037037037037037035 0.018229166666666668
0 0.8180555555555555 0.7041666666666666 0.028703703703703703 0.021875
0 0.950925925925926 0.7869791666666667 0.02962962962962963 0.02395833333333333
0 0.9236111111111112 0.6770833333333334 0.028703703703703703 0.014583333333333334
0 0.9203703703703704 0.6229166666666667 0.03333333333333333 0.019791666666666666
0 0.8291666666666667 0.5986979166666666 0.030555555555555558 0.018229166666666668
0 0.9226851851851853 0.55859375 0.032407407407407406 0.015104166666666667
0 0.924537037037037 0.5697916666666667 0.030555555555555558 0.0125
0 0.9615740740740741 0.5734375 0.02314814814814815 0.014583333333333334
0 0.8032407407407408 0.5221354166666666 0.02314814814814815 0.013020833333333334
0 0.9388888888888889 0.5026041666666666 0.037037037037037035 0.01875
0 0.8930555555555556 0.49166666666666664 0.028703703703703703 0.015625
0 0.9578703703703704 0.45390625 0.026851851851851852 0.0140625
0 0.9791666666666667 0.4322916666666667 0.036111111111111115 0.019791666666666666
0 0.9375 0.42916666666666664 0.036111111111111115 0.017708333333333333
0 0.9083333333333333 0.42578125 0.024074074074074074 0.0109375
0 0.7828703703703704 0.48828125 0.026851851851851852 0.0140625
0 0.7986111111111112 0.4440104166666667 0.017592592592592594 0.011979166666666666
0 0.7875 0.4080729166666667 0.032407407407407406 0.0171875
0 0.8069444444444445 0.3890625 0.025 0.011458333333333333
0 0.950925925925926 0.3416666666666667 0.02592592592592593 0.014583333333333334
0 0.8212962962962963 0.3380208333333333 0.031481481481481485 0.017708333333333333
0 0.9120370370370371 0.2877604166666667 0.02962962962962963 0.011979166666666666
0 0.7962962962962963 0.28880208333333335 0.02777777777777778 0.0171875
0 0.8166666666666667 0.27421875 0.024074074074074074 0.015104166666666667
0 0.8671296296296297 0.26015625 0.017592592592592594 0.013020833333333334
0 0.887962962962963 0.2596354166666667 0.024074074074074074 0.0140625
0 0.8856481481481482 0.24895833333333334 0.021296296296296296 0.011458333333333333
0 0.8583333333333334 0.24739583333333334 0.018518518518518517 0.011458333333333333
0 0.8944444444444445 0.23932291666666666 0.024074074074074074 0.011979166666666666
0 0.9500000000000001 0.23124999999999998 0.03333333333333333 0.019791666666666666
0 0.9078703703703704 0.18463541666666666 0.030555555555555558 0.0203125
0 0.512962962962963 0.23619791666666667 0.018518518518518517 0.011979166666666666
0 0.043055555555555555 0.65390625 0.021296296296296296 0.015104166666666667
0 0.5620370370370371 0.47552083333333334 0.016666666666666666 0.015625
0 0.45092592592592595 0.25885416666666666 0.016666666666666666 0.008333333333333333
0 0.8425925925925927 0.41484375 0.018518518518518517 0.0140625
