0 0.1050925925925926 0.19192708333333333 0.030555555555555558 0.019270833333333334
0 0.06527777777777778 0.32421875 0.028703703703703703 0.0140625
0 0.1685185185185185 0.27291666666666664 0.02777777777777778 0.01875
0 0.028240740740740743 0.3567708333333333 0.032407407407407406 0.020833333333333332
0 0.075 0.36666666666666664 0.02777777777777778 0.017708333333333333
0 0.12407407407407407 0.45078124999999997 0.03888888888888889 0.01614583333333333
0 0.06435185185185185 0.49244791666666665 0.03425925925925926 0.018229166666666668
0 0.10555555555555556 0.5184895833333333 0.037037037037037035 0.019270833333333334
0 0.03287037037037037 0.7653645833333333 0.026851851851851852 0.0234375
0 0.09537037037037037 0.6026041666666666 0.03888888888888889 0.019791666666666666
0 0.030092592592592594 0.6875 0.04351851851851852 0.022916666666666665
0 0.10370370370370371 0.6778645833333333 0.03333333333333333 0.021354166666666667
0 0.1175925925925926 0.7528645833333333 0.020370370370370372 0.022395833333333334
0 0.14166666666666666 0.7411458333333333 0.037037037037037035 0.022916666666666665
0 0.274537037037037 0.7505208333333333 0.02314814814814815 0.019791666666666666
0 0.3148148148148148 0.7346354166666667 0.024074074074074074 0.0171875
0 0.23148148148148148 0.5958333333333333 0.037037037037037035 0.019791666666666666
0 0.21944444444444444 0.6106770833333334 0.022222222222222223 0.009895833333333333
0 0.15694444444444444 0.5471354166666667 0.03425925925925926 0.0171875
0 0.18888888888888888 0.6833333333333333 0.020370370370370372 0.017708333333333333
0 0.2300925925925926 0.5317708333333333 0.030555555555555558 0.016666666666666666
0 0.3925925925925926 0.8752604166666667 0.04259259259259259 0.03177083333333333
0 0.36203703703703705 0.8674479166666667 0.040740740740740744 0.028645833333333332
0 0.4041666666666667 0.79296875 0.03796296296296296 0.027604166666666666
0 0.40972222222222227 0.7611979166666667 0.03425925925925926 0.022395833333333334
0 0.46574074074074073 0.7041666666666666 0.0462962962962963 0.029166666666666667
0 0.5541666666666667 0.7497395833333333 0.026851851851851852 0.019270833333333334
0 0.6356481481481482 0.83046875 0.032407407407407406 0.0296875
0 0.3287037037037037 0.5794270833333334 0.03333333333333333 0.0203125
0 0.4064814814814815 0.6221354166666666 0.024074074074074074 0.011979166666666666
0 0.21666666666666667 0.5463541666666667 0.02592592592592593 0.0125
0 0.3666666666666667 0.51328125 0.022222222222222223 0.013020833333333334
0 0.45787037037037037 0.58828125 0.026851851851851852 0.01614583333333333
0 0.3856481481481482 0.5393229166666667 0.026851851851851852 0.018229166666666668
0 0.32453703703703707 0.48020833333333335 0.025 0.013541666666666667
0 0.38657407407407407 0.5143229166666666 0.021296296296296296 0.015104166666666667
0 0.3856481481481482 0.47161458333333334 0.021296296296296296 0.013020833333333334
0 0.19074074074074074 0.37265625 0.024074074074074074 0.0171875
0 0.21712962962962964 0.3625 0.025 0.015625
0 0.23611111111111113 0.3841145833333333 0.020370370370370372 0.011979166666666666
0 0.5412037037037037 0.21145833333333333 0.026851851851851852 0.017708333333333333
0 0.3101851851851852 0.39166666666666666 0.016666666666666666 0.010416666666666666
0 0.32453703703703707 0.3859375 0.021296296296296296 0.011458333333333333
0 0.33981481481481485 0.4005208333333333 0.022222222222222223 0.013541666666666667
0 0.23101851851851854 0.2682291666666667 0.030555555555555558 0.020833333333333332
0 0.34074074074074073 0.22630208333333332 0.02777777777777778 0.021354166666666667
0 0.46805555555555556 0.14505208333333333 0.025 0.018229166666666668
0 0.4537037037037037 0.12916666666666665 0.024074074074074074 0.017708333333333333
0 0.48194444444444445 0.07942708333333333 0.025 0.0171875
0 0.4337962962962963 0.2875 0.021296296296296296 0.0125
0 0.46481481481481485 0.26901041666666664 0.02777777777777778 0.021354166666666667
0 0.5546296296296297 0.25807291666666665 0.02777777777777778 0.015104166666666667
0 0.40972222222222227 0.38203125 0.028703703703703703 0.0203125
0 0.4050925925925926 0.40989583333333335 0.021296296296296296 0.016666666666666666
0 0.42592592592592593 0.4125 0.02962962962962963 0.016666666666666666
0 0.46342592592592596 0.3924479166666667 0.02314814814814815 0.013020833333333334
0 0.4810185185185185 0.37421875 0.025 0.01614583333333333
0 0.5393518518518519 0.36328125 0.026851851851851852 0.01614583333333333
0 0.5041666666666667 0.42109375 0.028703703703703703 0.0140625
0 0.525462962962963 0.52578125 0.028703703703703703 0.0203125
0 0.5226851851851853 0.54140625 0.02314814814814815 0.015104166666666667
0 0.5425925925925926 0.5703125 0.02962962962962963 0.011458333333333333
0 0.5162037037037037 0.6859375 0.030555555555555558 0.016666666666666666
0 0.5939814814814816 0.6036458333333333 0.02314814814814815 0.014583333333333334
0 0.587962962962963 0.63984375 0.024074074074074074 0.0140625
0 0.7060185185185186 0.72890625 0.032407407407407406 0.019270833333333334
0 0.6819444444444445 0.6924479166666666 0.032407407407407406 0.019270833333333334
0 0.9180555555555556 0.56953125 0.030555555555555558 0.013020833333333334
0 0.6902777777777778 0.64765625 0.026851851851851852 0.0171875
0 0.7152777777777778 0.6447916666666667 0.021296296296296296 0.014583333333333334
0 0.736574074074074 0.6377604166666666 0.026851851851851852 0.015104166666666667
0 0.6995370370370371 0.6239583333333333 0.02314814814814815 0.010416666666666666
0 0.8282407407407407 0.7356770833333334 0.036111111111111115 0.018229166666666668
0 0.8111111111111111 0.7028645833333333 0.02777777777777778 0.022395833333333334
0 0.9439814814814815 0.7854166666666667 0.030555555555555558 0.02395833333333333
0 0.9185185185185185 0.6768229166666666 0.02777777777777778 0.015104166666666667
0 0.912962962962963 0.6223958333333334 0.03333333333333333 0.019791666666666666
0 0.8236111111111112 0.5979166666666667 0.030555555555555558 0.01875
0 0.9180555555555556 0.5575520833333333 0.032407407407407406 0.015104166666666667
0 0.9550925925925926 0.57265625 0.02314814814814815 0.0140625
0 0.7986111111111112 0.5208333333333334 0.025 0.013541666666666667
0 0.9347222222222222 0.5018229166666667 0.036111111111111115 0.018229166666666668
0 0.887962962962963 0.4908854166666667 0.02962962962962963 0.015104166666666667
0 0.9523148148148148 0.45260416666666664 0.026851851851851852 0.014583333333333334
0 0.9745370370370371 0.43124999999999997 0.03796296296296296 0.019791666666666666
0 0.8120370370370371 0.27239583333333334 0.024074074074074074 0.015625
0 0.9328703703703705 0.428125 0.036111111111111115 0.016666666666666666
0 0.9027777777777778 0.42473958333333334 0.024074074074074074 0.0109375
0 0.862037037037037 0.2583333333333333 0.018518518518518517 0.014583333333333334
0 0.7763888888888889 0.48671875 0.026851851851851852 0.0140625
0 0.7939814814814815 0.44296874999999997 0.017592592592592594 0.011979166666666666
0 0.7828703703703704 0.40625 0.032407407407407406 0.016666666666666666
0 0.8018518518518519 0.3880208333333333 0.02592592592592593 0.011458333333333333
0 0.9481481481481482 0.3403645833333333 0.02592592592592593 0.015104166666666667
0 0.8166666666666667 0.3364583333333333 0.031481481481481485 0.017708333333333333
0 0.9023148148148149 0.1828125 0.030555555555555558 0.01875
0 0.9074074074074074 0.2864583333333333 0.02962962962962963 0.011458333333333333
0 0.5060185185185185 0.23411458333333332 0.019444444444444445 0.011979166666666666
0 0.7916666666666667 0.2869791666666667 0.02777777777777778 0.017708333333333333
0 0.8115740740740741 0.27239583333333334 0.025 0.014583333333333334
0 0.8833333333333334 0.2583333333333333 0.024074074074074074 0.014583333333333334
0 0.8805555555555555 0.24739583333333334 0.022222222222222223 0.011458333333333333
0 0.8541666666666667 0.24609375 0.017592592592592594 0.011979166666666666
0 0.8898148148148148 0.23776041666666667 0.024074074074074074 0.011979166666666666
0 0.9453703703703704 0.22942708333333334 0.03333333333333333 0.0203125
0 0.036111111111111115 0.6520833333333333 0.020370370370370372 0.014583333333333334
0 0.5583333333333333 0.4739583333333333 0.016666666666666666 0.015625
0 0.4449074074074074 0.25729166666666664 0.015740740740740743 0.008333333333333333
0 0.837037037037037 0.41354166666666664 0.018518518518518517 0.014583333333333334
