0 0.8967592592592593 0.19192708333333333 0.030555555555555558 0.019270833333333334
0 0.9365740740740741 0.32421875 0.028703703703703703 0.0140625
0 0.8333333333333334 0.27291666666666664 0.02777777777777778 0.01875
0 0.9736111111111111 0.3567708333333333 0.032407407407407406 0.020833333333333332
0 0.9268518518518519 0.36666666666666664 0.02777777777777778 0.017708333333333333
0 0.8777777777777778 0.45078124999999997 0.03888888888888889 0.01614583333333333
0 0.9375 0.49244791666666665 0.03425925925925926 0.018229166666666668
0 0.8962962962962964 0.5184895833333333 0.037037037037037035 0.019270833333333334
0 0.9689814814814816 0.7653645833333333 0.026851851851851852 0.0234375
0 0.9064814814814816 0.6026041666666666 0.03888888888888889 0.019791666666666666
0 0.9717592592592593 0.6875 0.04351851851851852 0.022916666666666665
0 0.8981481481481481 0.6778645833333333 0.03333333333333333 0.021354166666666667
0 0.8842592592592593 0.7528645833333333 0.020370370370370372 0.022395833333333334
0 0.8601851851851852 0.7411458333333333 0.037037037037037035 0.022916666666666665
0 0.7273148148148149 0.7505208333333333 0.02314814814814815 0.019791666666666666
0 0.6870370370370371 0.7346354166666667 0.024074074074074074 0.0171875
0 0.7703703703703704 0.5958333333333333 0.037037037037037035 0.019791666666666666
0 0.7824074074074074 0.6106770833333334 0.022222222222222223 0.009895833333333333
0 0.8449074074074074 0.5471354166666667 0.03425925925925926 0.0171875
0 0.812962962962963 0.6833333333333333 0.020370370370370372 0.017708333333333333
0 0.7717592592592593 0.5317708333333333 0.030555555555555558 0.016666666666666666
0 0.6092592592592593 0.8752604166666667 0.04259259259259259 0.03177083333333333
0 0.6398148148148148 0.8674479166666667 0.040740740740740744 0.028645833333333332
0 0.5976851851851852 0.79296875 0.03796296296296296 0.027604166666666666
0 0.5921296296296297 0.7611979166666667 0.03425925925925926 0.022395833333333334
0 0.5361111111111111 0.7041666666666666 0.0462962962962963 0.029166666666666667
0 0.4476851851851852 0.7497395833333333 0.026851851851851852 0.019270833333333334
0 0.3662037037037037 0.83046875 0.032407407407407406 0.0296875
0 0.6731481481481482 0.5794270833333334 0.03333333333333333 0.0203125
0 0.5953703703703704 0.6221354166666666 0.024074074074074074 0.011979166666666666
0 0.7851851851851852 0.5463541666666667 0.02592592592592593 0.0125
0 0.6351851851851852 0.51328125 0.022222222222222223 0.013020833333333334
0 0.5439814814814815 0.58828125 0.026851851851851852 0.01614583333333333
0 0.6162037037037037 0.5393229166666667 0.026851851851851852 0.018229166666666668
0 0.6773148148148148 0.48020833333333335 0.025 0.013541666666666667
0 0.6152777777777778 0.5143229166666666 0.021296296296296296 0.015104166666666667
0 0.6162037037037037 0.47161458333333334 0.021296296296296296 0.013020833333333334
0 0.8111111111111111 0.37265625 0.024074074074074074 0.0171875
0 0.7847222222222222 0.3625 0.025 0.015625
0 0.7657407407407407 0.3841145833333333 0.020370370370370372 0.011979166666666666
0 0.46064814814814814 0.21145833333333333 0.026851851851851852 0.017708333333333333
0 0.6916666666666667 0.39166666666666666 0.016666666666666666 0.010416666666666666
0 0.6773148148148148 0.3859375 0.021296296296296296 0.011458333333333333
0 0.6620370370370371 0.4005208333333333 0.022222222222222223 0.013541666666666667
0 0.7708333333333334 0.2682291666666667 0.030555555555555558 0.020833333333333332
0 0.6611111111111111 0.22630208333333332 0.02777777777777778 0.021354166666666667
0 0.5337962962962963 0.14505208333333333 0.025 0.018229166666666668
0 0.5481481481481482 0.12916666666666665 0.024074074074074074 0.017708333333333333
0 0.5199074074074074 0.07942708333333333 0.025 0.0171875
0 0.5680555555555555 0.2875 0.021296296296296296 0.0125
0 0.5370370370370371 0.26901041666666664 0.02777777777777778 0.021354166666666667
0 0.44722222222222224 0.25807291666666665 0.02777777777777778 0.015104166666666667
0 0.5921296296296297 0.38203125 0.028703703703703703 0.0203125
0 0.5967592592592593 0.40989583333333335 0.021296296296296296 0.016666666666666666
0 0.575925925925926 0.4125 0.02962962962962963 0.016666666666666666
0 0.538425925925926 0.3924479166666667 0.02314814814814815 0.013020833333333334
0 0.5208333333333334 0.37421875 0.025 0.01614583333333333
0 0.4625 0.36328125 0.026851851851851852 0.01614583333333333
0 0.49768518518518523 0.42109375 0.028703703703703703 0.0140625
0 0.4763888888888889 0.52578125 0.028703703703703703 0.0203125
0 0.4791666666666667 0.54140625 0.02314814814814815 0.015104166666666667
0 0.45925925925925926 0.5703125 0.02962962962962963 0.011458333333333333
0 0.48564814814814816 0.6859375 0.030555555555555558 0.016666666666666666
0 0.4078703703703704 0.6036458333333333 0.02314814814814815 0.014583333333333334
0 0.4138888888888889 0.63984375 0.024074074074074074 0.0140625
0 0.29583333333333334 0.72890625 0.032407407407407406 0.019270833333333334
0 0.3199074074074074 0.6924479166666666 0.032407407407407406 0.019270833333333334
0 0.0837962962962963 0.56953125 0.030555555555555558 0.013020833333333334
0 0.31157407407407406 0.64765625 0.026851851851851852 0.0171875
0 0.2865740740740741 0.6447916666666667 0.021296296296296296 0.014583333333333334
0 0.2652777777777778 0.6377604166666666 0.026851851851851852 0.015104166666666667
0 0.3023148148148148 0.6239583333333333 0.02314814814814815 0.010416666666666666
0 0.1736111111111111 0.7356770833333334 0.036111111111111115 0.018229166666666668
0 0.19074074074074074 0.7028645833333333 0.02777777777777778 0.022395833333333334
0 0.05787037037037037 0.7854166666666667 0.030555555555555558 0.02395833333333333
0 0.08333333333333334 0.6768229166666666 0.02777777777777778 0.015104166666666667
0 0.08888888888888889 0.6223958333333334 0.03333333333333333 0.019791666666666666
0 0.17824074074074076 0.5979166666666667 0.030555555555555558 0.01875
0 0.0837962962962963 0.5575520833333333 0.032407407407407406 0.015104166666666667
0 0.046759259259259264 0.57265625 0.02314814814814815 0.0140625
0 0.20324074074074075 0.5208333333333334 0.025 0.013541666666666667
0 0.06712962962962964 0.5018229166666667 0.036111111111111115 0.018229166666666668
0 0.11388888888888889 0.4908854166666667 0.02962962962962963 0.015104166666666667
0 0.04953703703703704 0.45260416666666664 0.026851851851851852 0.014583333333333334
0 0.027314814814814816 0.43124999999999997 0.03796296296296296 0.019791666666666666
0 0.18981481481481483 0.27239583333333334 0.024074074074074074 0.015625
0 0.06898148148148149 0.428125 0.036111111111111115 0.016666666666666666
0 0.09907407407407408 0.42473958333333334 0.024074074074074074 0.0109375
0 0.1398148148148148 0.2583333333333333 0.018518518518518517 0.014583333333333334
0 0.22546296296296298 0.48671875 0.026851851851851852 0.0140625
0 0.20787037037037037 0.44296874999999997 0.017592592592592594 0.011979166666666666
0 0.2189814814814815 0.40625 0.032407407407407406 0.016666666666666666
0 0.2 0.3880208333333333 0.02592592592592593 0.011458333333333333
0 0.053703703703703705 0.3403645833333333 0.02592592592592593 0.015104166666666667
0 0.1851851851851852 0.3364583333333333 0.031481481481481485 0.017708333333333333
0 0.09953703703703703 0.1828125 0.030555555555555558 0.01875
0 0.09444444444444444 0.2864583333333333 0.02962962962962963 0.011458333333333333
0 0.49583333333333335 0.23411458333333332 0.019444444444444445 0.011979166666666666
0 0.2101851851851852 0.2869791666666667 0.02777777777777778 0.017708333333333333
0 0.1902777777777778 0.27239583333333334 0.025 0.014583333333333334
0 0.11851851851851852 0.2583333333333333 0.024074074074074074 0.014583333333333334
0 0.1212962962962963 0.24739583333333334 0.022222222222222223 0.011458333333333333
0 0.1476851851851852 0.24609375 0.017592592592592594 0.011979166666666666
0 0.11203703703703705 0.23776041666666667 0.024074074074074074 0.011979166666666666
0 0.05648148148148149 0.22942708333333334 0.03333333333333333 0.0203125
0 0.9657407407407408 0.6520833333333333 0.020370370370370372 0.014583333333333334
0 0.44351851851851853 0.4739583333333333 0.016666666666666666 0.015625
0 0.5569444444444445 0.25729166666666664 0.015740740740740743 0.008333333333333333
0 0.16481481481481483 0.41354166666666664 0.018518518518518517 0.014583333333333334
