0 0.09814814814814815 0.19036458333333334 0.031481481481481485 0.019270833333333334
0 0.05740740740740741 0.3223958333333333 0.02962962962962963 0.013541666666666667
0 0.1625 0.2716145833333333 0.028703703703703703 0.019270833333333334
0 0.01990740740740741 0.35520833333333335 0.032407407407407406 0.020833333333333332
0 0.0699074074074074 0.365625 0.026851851851851852 0.01875
0 0.1175925925925926 0.44947916666666665 0.03888888888888889 0.015625
0 0.05740740740740741 0.49166666666666664 0.03333333333333333 0.017708333333333333
0 0.0976851851851852 0.5171875 0.036111111111111115 0.019791666666666666
0 0.02592592592592593 0.7643229166666666 0.02592592592592593 0.0234375
0 0.08703703703703704 0.6013020833333333 0.037037037037037035 0.0203125
0 0.02175925925925926 0.6856770833333333 0.03981481481481482 0.0234375
0 0.0962962962962963 0.6770833333333334 0.03333333333333333 0.020833333333333332
0 0.10925925925925926 0.7515625 0.020370370370370372 0.021875
0 0.1328703703703704 0.740625 0.03796296296296296 0.021875
0 0.26666666666666666 0.7497395833333333 0.024074074074074074 0.019270833333333334
0 0.3074074074074074 0.734375 0.024074074074074074 0.017708333333333333
0 0.22268518518518518 0.5950520833333334 0.03796296296296296 0.0203125
0 0.21296296296296297 0.61015625 0.022222222222222223 0.009895833333333333
0 0.14953703703703705 0.54609375 0.03425925925925926 0.0171875
0 0.1824074074074074 0.6830729166666667 0.020370370370370372 0.0171875
0 0.22361111111111112 0.5307291666666667 0.028703703703703703 0.016666666666666666
0 0.3842592592592593 0.875 0.04259259259259259 0.03229166666666666
0 0.3523148148148148 0.8666666666666667 0.03981481481481482 0.029166666666666667
0 0.39583333333333337 0.7927083333333333 0.03796296296296296 0.027083333333333334
0 0.4013888888888889 0.7604166666666666 0.03425925925925926 0.021875
0 0.45740740740740743 0.7044270833333334 0.0462962962962963 0.0296875
0 0.5472222222222223 0.7489583333333333 0.02777777777777778 0.019791666666666666
0 0.6273148148148149 0.8299479166666667 0.030555555555555558 0.0296875
0 0.3212962962962963 0.57890625 0.03333333333333333 0.0203125
0 0.40046296296296297 0.6213541666666667 0.02314814814814815 0.0125
0 0.20972222222222223 0.5453125 0.025 0.0125
0 0.36064814814814816 0.5127604166666666 0.021296296296296296 0.0140625
0 0.45046296296296295 0.5880208333333333 0.026851851851851852 0.015625
0 0.3787037037037037 0.53828125 0.02592592592592593 0.018229166666666668
0 0.3180555555555556 0.47890625 0.025 0.013020833333333334
0 0.37962962962962965 0.5135416666666667 0.022222222222222223 0.015625
0 0.3787037037037037 0.4708333333333333 0.020370370370370372 0.013541666666666667
0 0.18333333333333335 0.3716145833333333 0.024074074074074074 0.0171875
0 0.20925925925925926 0.3609375 0.02592592592592593 0.015625
0 0.22916666666666669 0.38307291666666665 0.019444444444444445 0.011979166666666666
0 0.30324074074074076 0.390625 0.015740740740740743 0.010416666666666666
0 0.31851851851851853 0.3848958333333333 0.022222222222222223 0.011458333333333333
0 0.33287037037037037 0.3989583333333333 0.021296296296296296 0.013541666666666667
0 0.22361111111111112 0.26666666666666666 0.030555555555555558 0.020833333333333332
0 0.33287037037037037 0.22526041666666666 0.028703703703703703 0.021354166666666667
0 0.46064814814814814 0.14296875 0.025 0.018229166666666668
0 0.4481481481481482 0.12734375 0.024074074074074074 0.018229166666666668
0 0.47453703703703703 0.07760416666666667 0.02314814814814815 0.017708333333333333
0 0.4273148148148148 0.2859375 0.021296296296296296 0.0125
0 0.45740740740740743 0.26796875 0.02777777777777778 0.021354166666666667
0 0.5481481481481482 0.25729166666666664 0.02777777777777778 0.014583333333333334
0 0.5333333333333333 0.21041666666666667 0.02592592592592593 0.01875
0 0.40185185185185185 0.3807291666666667 0.02962962962962963 0.019791666666666666
0 0.39861111111111114 0.4088541666666667 0.021296296296296296 0.016666666666666666
0 0.41944444444444445 0.4122395833333333 0.02962962962962963 0.0171875
0 0.4569444444444445 0.39140625 0.02314814814814815 0.013020833333333334
0 0.47453703703703703 0.3736979166666667 0.025 0.01614583333333333
0 0.5324074074074074 0.36223958333333334 0.02592592592592593 0.01614583333333333
0 0.4967592592592593 0.4200520833333333 0.028703703703703703 0.0140625
0 0.5180555555555556 0.5252604166666667 0.028703703703703703 0.0203125
0 0.5152777777777778 0.5403645833333334 0.02314814814814815 0.015104166666666667
0 0.5356481481481482 0.56953125 0.030555555555555558 0.011979166666666666
0 0.5083333333333333 0.6854166666666667 0.02962962962962963 0.016666666666666666
0 0.5875 0.6033854166666667 0.02314814814814815 0.0140625
0 0.5805555555555556 0.6395833333333333 0.024074074074074074 0.013541666666666667
0 0.6986111111111112 0.7286458333333333 0.032407407407407406 0.01875
0 0.9111111111111111 0.5690104166666666 0.031481481481481485 0.009895833333333333
0 0.674074074074074 0.6916666666666667 0.03333333333333333 0.019791666666666666
0 0.6842592592592592 0.6471354166666666 0.02777777777777778 0.0171875
0 0.7083333333333334 0.64453125 0.020370370370370372 0.015104166666666667
0 0.7300925925925926 0.6369791666666667 0.026851851851851852 0.014583333333333334
0 0.6944444444444444 0.6239583333333333 0.024074074074074074 0.010416666666666666
0 0.8194444444444445 0.7348958333333333 0.037037037037037035 0.017708333333333333
0 0.8041666666666667 0.70234375 0.026851851851851852 0.022395833333333334
0 0.9351851851851852 0.7856770833333333 0.02962962962962963 0.0234375
0 0.9115740740740741 0.6763020833333333 0.028703703703703703 0.015104166666666667
0 0.9050925925925927 0.6216145833333333 0.032407407407407406 0.0203125
0 0.8162037037037038 0.59765625 0.030555555555555558 0.018229166666666668
0 0.9106481481481482 0.5575520833333333 0.032407407407407406 0.015104166666666667
0 0.9476851851851852 0.57265625 0.02314814814814815 0.015104166666666667
0 0.7925925925925926 0.5203125 0.024074074074074074 0.013541666666666667
0 0.9273148148148148 0.5010416666666666 0.036111111111111115 0.01875
0 0.8814814814814815 0.4901041666666667 0.02962962962962963 0.014583333333333334
0 0.9453703703703704 0.45234375 0.02592592592592593 0.0140625
0 0.8064814814814815 0.271875 0.02592592592592593 0.015625
0 0.9666666666666667 0.4302083333333333 0.037037037037037035 0.019791666666666666
0 0.924537037037037 0.4278645833333333 0.036111111111111115 0.0171875
0 0.8962962962962964 0.4244791666666667 0.024074074074074074 0.011458333333333333
0 0.7694444444444445 0.4861979166666667 0.02777777777777778 0.0140625
0 0.7870370370370371 0.4421875 0.016666666666666666 0.011458333333333333
0 0.7763888888888889 0.40625 0.032407407407407406 0.016666666666666666
0 0.7953703703703704 0.3875 0.02592592592592593 0.011458333333333333
0 0.9430555555555556 0.33958333333333335 0.025 0.014583333333333334
0 0.8101851851851852 0.3359375 0.031481481481481485 0.017708333333333333
0 0.9013888888888889 0.2859375 0.028703703703703703 0.011458333333333333
0 0.7861111111111111 0.28619791666666666 0.02777777777777778 0.018229166666666668
0 0.8055555555555556 0.2716145833333333 0.02592592592592593 0.015104166666666667
0 0.8060185185185186 0.2716145833333333 0.025 0.015104166666666667
0 0.8555555555555556 0.25755208333333335 0.016666666666666666 0.015104166666666667
0 0.8768518518518519 0.25703125 0.024074074074074074 0.0140625
0 0.8740740740740741 0.24661458333333333 0.022222222222222223 0.011979166666666666
0 0.8472222222222222 0.24505208333333334 0.018518518518518517 0.011979166666666666
0 0.8837962962962963 0.23671875 0.02314814814814815 0.011979166666666666
0 0.9388888888888889 0.22916666666666666 0.03333333333333333 0.019791666666666666
0 0.8958333333333334 0.18177083333333333 0.032407407407407406 0.019791666666666666
0 0.4990740740740741 0.2328125 0.018518518518518517 0.0125
0 0.027314814814814816 0.6520833333333333 0.021296296296296296 0.013541666666666667
0 0.5527777777777778 0.4731770833333333 0.016666666666666666 0.01614583333333333
0 0.8305555555555556 0.41328125 0.020370370370370372 0.015104166666666667
