0 0.08935185185185185 0.18932291666666667 0.030555555555555558 0.019270833333333334
0 0.04814814814814815 0.3221354166666667 0.02962962962962963 0.0140625
0 0.15416666666666667 0.2708333333333333 0.028703703703703703 0.01875
0 0.014351851851851852 0.3546875 0.026851851851851852 0.020833333333333332
0 0.059722222222222225 0.3651041666666667 0.026851851851851852 0.017708333333333333
0 0.10972222222222222 0.44895833333333335 0.03981481481481482 0.015625
0 0.049074074074074076 0.49114583333333334 0.031481481481481485 0.017708333333333333
0 0.08935185185185185 0.5169270833333334 0.03796296296296296 0.019270833333333334
0 0.016203703703703703 0.7640625 0.026851851851851852 0.022916666666666665
0 0.07824074074074075 0.6010416666666667 0.03796296296296296 0.019791666666666666
0 0.015277777777777779 0.6861979166666666 0.028703703703703703 0.024479166666666666
0 0.08657407407407408 0.6770833333333334 0.03425925925925926 0.020833333333333332
0 0.09907407407407408 0.7515625 0.020370370370370372 0.021875
0 0.12314814814814816 0.740625 0.03888888888888889 0.021875
0 0.25787037037037036 0.7494791666666667 0.02314814814814815 0.019791666666666666
0 0.2990740740740741 0.734375 0.024074074074074074 0.017708333333333333
0 0.21296296296296297 0.5953125 0.03888888888888889 0.020833333333333332
0 0.20462962962962963 0.6098958333333333 0.020370370370370372 0.009375
0 0.14120370370370372 0.54609375 0.03425925925925926 0.0171875
0 0.17453703703703705 0.6825520833333333 0.019444444444444445 0.0171875
0 0.21435185185185185 0.5307291666666667 0.028703703703703703 0.016666666666666666
0 0.375 0.875 0.04259259259259259 0.03229166666666666
0 0.34305555555555556 0.8669270833333333 0.03981481481481482 0.0296875
0 0.3875 0.7924479166666667 0.03796296296296296 0.027604166666666666
0 0.3925925925925926 0.7606770833333333 0.03518518518518519 0.022395833333333334
0 0.4486111111111111 0.70390625 0.04722222222222222 0.0296875
0 0.538425925925926 0.7494791666666667 0.028703703703703703 0.019791666666666666
0 0.6185185185185186 0.8299479166666667 0.031481481481481485 0.0296875
0 0.31157407407407406 0.5786458333333333 0.03425925925925926 0.019791666666666666
0 0.3944444444444445 0.62109375 0.024074074074074074 0.011979166666666666
0 0.2013888888888889 0.5463541666666667 0.025 0.014583333333333334
0 0.3527777777777778 0.5122395833333333 0.022222222222222223 0.0140625
0 0.4430555555555556 0.5875 0.026851851851851852 0.015625
0 0.3703703703703704 0.53828125 0.02592592592592593 0.018229166666666668
0 0.3111111111111111 0.4786458333333333 0.024074074074074074 0.013541666666666667
0 0.3717592592592593 0.5130208333333334 0.02314814814814815 0.015625
0 0.3712962962962963 0.47031249999999997 0.020370370370370372 0.013541666666666667
0 0.17407407407407408 0.37109375 0.024074074074074074 0.0171875
0 0.20092592592592592 0.3598958333333333 0.02592592592592593 0.015625
0 0.22037037037037038 0.38203125 0.020370370370370372 0.011979166666666666
0 0.29583333333333334 0.39010416666666664 0.015740740740740743 0.010416666666666666
0 0.3106481481481482 0.384375 0.021296296296296296 0.011458333333333333
0 0.32546296296296295 0.39869791666666665 0.021296296296296296 0.0140625
0 0.21574074074074076 0.26588541666666665 0.02962962962962963 0.0203125
0 0.32546296296296295 0.22395833333333334 0.028703703703703703 0.021875
0 0.4532407407407408 0.14270833333333333 0.025 0.01875
0 0.4388888888888889 0.12630208333333334 0.024074074074074074 0.018229166666666668
0 0.4666666666666667 0.07682291666666667 0.02592592592592593 0.0171875
0 0.4189814814814815 0.2856770833333333 0.021296296296296296 0.013020833333333334
0 0.44907407407407407 0.2669270833333333 0.02777777777777778 0.021354166666666667
0 0.5393518518518519 0.2565104166666667 0.026851851851851852 0.015104166666666667
0 0.5259259259259259 0.209375 0.02592592592592593 0.01875
0 0.3939814814814815 0.38046875 0.028703703703703703 0.019270833333333334
0 0.3902777777777778 0.4083333333333333 0.021296296296296296 0.016666666666666666
0 0.41111111111111115 0.41119791666666666 0.02962962962962963 0.0171875
0 0.44953703703703707 0.39140625 0.02314814814814815 0.013020833333333334
0 0.4666666666666667 0.3729166666666667 0.024074074074074074 0.016666666666666666
0 0.5240740740740741 0.3614583333333333 0.02592592592592593 0.015625
0 0.48888888888888893 0.4200520833333333 0.02777777777777778 0.0140625
0 0.5097222222222222 0.5244791666666666 0.028703703703703703 0.019791666666666666
0 0.5092592592592593 0.540625 0.022222222222222223 0.015625
0 0.5287037037037037 0.5692708333333333 0.02962962962962963 0.011458333333333333
0 0.500462962962963 0.68515625 0.030555555555555558 0.0171875
0 0.5800925925925926 0.6028645833333334 0.02314814814814815 0.0140625
0 0.5731481481481482 0.6393229166666666 0.024074074074074074 0.0140625
0 0.6907407407407408 0.7283854166666667 0.031481481481481485 0.019270833333333334
0 0.6662037037037037 0.6919270833333333 0.032407407407407406 0.019270833333333334
0 0.6768518518518519 0.6471354166666666 0.02592592592592593 0.0171875
0 0.7018518518518518 0.6447916666666667 0.020370370370370372 0.014583333333333334
0 0.7236111111111111 0.6369791666666667 0.026851851851851852 0.015625
0 0.6865740740740741 0.6234375 0.02314814814814815 0.010416666666666666
0 0.8106481481481482 0.7348958333333333 0.036111111111111115 0.017708333333333333
0 0.7953703703703704 0.70234375 0.02777777777777778 0.022395833333333334
0 0.9268518518518519 0.7856770833333333 0.02962962962962963 0.0234375
0 0.9032407407407408 0.6763020833333333 0.028703703703703703 0.015104166666666667
0 0.8962962962962964 0.621875 0.03333333333333333 0.019791666666666666
0 0.8064814814814815 0.5973958333333333 0.031481481481481485 0.017708333333333333
0 0.9032407407407408 0.5575520833333333 0.032407407407407406 0.015104166666666667
0 0.9027777777777778 0.56875 0.03333333333333333 0.008333333333333333
0 0.9402777777777778 0.5723958333333333 0.02314814814814815 0.014583333333333334
0 0.7851851851851852 0.5203125 0.024074074074074074 0.013541666666666667
0 0.9194444444444445 0.5013020833333334 0.03518518518518519 0.018229166666666668
0 0.8740740740740741 0.48984374999999997 0.02962962962962963 0.015104166666666667
0 0.9370370370370371 0.45208333333333334 0.02592592592592593 0.014583333333333334
0 0.9592592592592593 0.42994791666666665 0.037037037037037035 0.021354166666666667
0 0.9162037037037037 0.4278645833333333 0.036111111111111115 0.0171875
0 0.887962962962963 0.4239583333333333 0.024074074074074074 0.011458333333333333
0 0.7611111111111112 0.4861979166666667 0.02777777777777778 0.0140625
0 0.7796296296296297 0.44140625 0.016666666666666666 0.0109375
0 0.7680555555555556 0.40572916666666664 0.032407407407407406 0.016666666666666666
0 0.788425925925926 0.38697916666666665 0.026851851851851852 0.011458333333333333
0 0.9370370370370371 0.3390625 0.02592592592592593 0.014583333333333334
0 0.8027777777777778 0.33541666666666664 0.031481481481481485 0.017708333333333333
0 0.8939814814814815 0.28541666666666665 0.030555555555555558 0.011458333333333333
0 0.7787037037037038 0.2859375 0.02777777777777778 0.017708333333333333
0 0.7990740740740742 0.2716145833333333 0.02592592592592593 0.01614583333333333
0 0.8486111111111111 0.25729166666666664 0.017592592592592594 0.014583333333333334
0 0.8694444444444445 0.25729166666666664 0.024074074074074074 0.014583333333333334
0 0.8675925925925926 0.24583333333333332 0.022222222222222223 0.011458333333333333
0 0.8402777777777778 0.24505208333333334 0.017592592592592594 0.011979166666666666
0 0.875925925925926 0.23671875 0.024074074074074074 0.011979166666666666
0 0.9305555555555556 0.22838541666666667 0.03333333333333333 0.0203125
0 0.888888888888889 0.18151041666666667 0.031481481481481485 0.019270833333333334
0 0.4912037037037037 0.23203125 0.019444444444444445 0.013020833333333334
0 0.018055555555555557 0.6533854166666666 0.019444444444444445 0.0109375
0 0.5467592592592593 0.47369791666666666 0.015740740740740743 0.01614583333333333
0 0.8222222222222223 0.4125 0.020370370370370372 0.014583333333333334
0 0.9865740740740742 0.71015625 0.026851851851851852 0.022395833333333334
