0 0.9217592592592593 0.18854166666666666 0.030555555555555558 0.01875
0 0.9634259259259259 0.32135416666666666 0.028703703703703703 0.014583333333333334
0 0.8569444444444445 0.2700520833333333 0.028703703703703703 0.019270833333333334
0 0.9546296296296297 0.36354166666666665 0.02962962962962963 0.017708333333333333
0 0.9013888888888889 0.44921875 0.03796296296296296 0.015104166666666667
0 0.962962962962963 0.49114583333333334 0.031481481481481485 0.017708333333333333
0 0.9217592592592593 0.5169270833333334 0.03796296296296296 0.019270833333333334
0 0.9912037037037037 0.7645833333333333 0.017592592592592594 0.02395833333333333
0 0.9337962962962963 0.6013020833333333 0.03796296296296296 0.019270833333333334
0 0.925 0.6768229166666666 0.03518518518518519 0.0203125
0 0.913888888888889 0.7518229166666667 0.020370370370370372 0.022395833333333334
0 0.8893518518518518 0.740625 0.03796296296296296 0.021875
0 0.7537037037037038 0.75 0.024074074074074074 0.019791666666666666
0 0.7115740740740741 0.7341145833333333 0.025 0.0171875
0 0.799537037037037 0.5958333333333333 0.03981481481481482 0.020833333333333332
0 0.8064814814814815 0.6104166666666666 0.018518518518518517 0.008333333333333333
0 0.8694444444444445 0.5455729166666666 0.03333333333333333 0.0171875
0 0.8361111111111111 0.6825520833333333 0.020370370370370372 0.0171875
0 0.7962962962962963 0.5307291666666667 0.02962962962962963 0.017708333333333333
0 0.6375000000000001 0.87578125 0.04351851851851852 0.03177083333333333
0 0.6685185185185185 0.8671875 0.040740740740740744 0.029166666666666667
0 0.6240740740740741 0.79296875 0.037037037037037035 0.027604166666666666
0 0.6185185185185186 0.7609375 0.03518518518518519 0.021875
0 0.563425925925926 0.70390625 0.049074074074074076 0.0296875
0 0.47175925925925927 0.7494791666666667 0.028703703703703703 0.019791666666666666
0 0.3925925925925926 0.83046875 0.031481481481481485 0.0296875
0 0.7000000000000001 0.5786458333333333 0.03333333333333333 0.019791666666666666
0 0.6152777777777778 0.62109375 0.02314814814814815 0.011979166666666666
0 0.8074074074074075 0.5466145833333333 0.02777777777777778 0.015104166666666667
0 0.5662037037037038 0.5875 0.026851851851851852 0.014583333333333334
0 0.6398148148148148 0.53828125 0.02592592592592593 0.018229166666666668
0 0.6995370370370371 0.4791666666666667 0.025 0.013541666666666667
0 0.6375000000000001 0.51328125 0.02314814814814815 0.015104166666666667
0 0.6375000000000001 0.4708333333333333 0.021296296296296296 0.014583333333333334
0 0.837037037037037 0.37057291666666664 0.024074074074074074 0.0171875
0 0.8101851851851852 0.36015625 0.02592592592592593 0.015104166666666667
0 0.7907407407407407 0.38203125 0.020370370370370372 0.011979166666666666
0 0.7143518518518519 0.39010416666666664 0.015740740740740743 0.010416666666666666
0 0.7000000000000001 0.384375 0.020370370370370372 0.011458333333333333
0 0.6842592592592592 0.3984375 0.022222222222222223 0.013541666666666667
0 0.7944444444444445 0.26536458333333335 0.031481481481481485 0.0203125
0 0.6851851851851852 0.22369791666666666 0.02777777777777778 0.021354166666666667
0 0.5574074074074075 0.1421875 0.02592592592592593 0.01875
0 0.5712962962962963 0.12578125 0.024074074074074074 0.018229166666666668
0 0.5444444444444445 0.07708333333333334 0.02592592592592593 0.016666666666666666
0 0.5912037037037037 0.28515625 0.021296296296296296 0.013020833333333334
0 0.5615740740740741 0.2669270833333333 0.026851851851851852 0.021354166666666667
0 0.46990740740740744 0.2565104166666667 0.026851851851851852 0.015104166666666667
0 0.4842592592592593 0.209375 0.02592592592592593 0.01875
0 0.6175925925925926 0.37994791666666666 0.02962962962962963 0.019270833333333334
0 0.6203703703703703 0.4083333333333333 0.020370370370370372 0.016666666666666666
0 0.6 0.41119791666666666 0.02962962962962963 0.0171875
0 0.5597222222222222 0.39088541666666665 0.02314814814814815 0.013020833333333334
0 0.5439814814814815 0.37265625 0.025 0.01614583333333333
0 0.4865740740740741 0.3611979166666667 0.026851851851851852 0.01614583333333333
0 0.5208333333333334 0.4197916666666667 0.028703703703703703 0.014583333333333334
0 0.5 0.5244791666666666 0.02962962962962963 0.019791666666666666
0 0.500925925925926 0.5403645833333334 0.022222222222222223 0.015104166666666667
0 0.47962962962962963 0.56875 0.02777777777777778 0.010416666666666666
0 0.5106481481481482 0.6854166666666667 0.030555555555555558 0.016666666666666666
0 0.4300925925925926 0.6028645833333334 0.02314814814814815 0.0140625
0 0.4361111111111111 0.6393229166666666 0.024074074074074074 0.0140625
0 0.31851851851851853 0.7286458333333333 0.031481481481481485 0.019791666666666666
0 0.34305555555555556 0.6921875 0.032407407407407406 0.019791666666666666
0 0.33194444444444443 0.6466145833333333 0.026851851851851852 0.0171875
0 0.3074074074074074 0.64453125 0.020370370370370372 0.015104166666666667
0 0.28564814814814815 0.6369791666666667 0.026851851851851852 0.015625
0 0.32222222222222224 0.6234375 0.024074074074074074 0.010416666666666666
0 0.2 0.7348958333333333 0.03518518518518519 0.017708333333333333
0 0.21481481481481482 0.7026041666666667 0.02777777777777778 0.021875
0 0.08333333333333334 0.7854166666666667 0.02962962962962963 0.02395833333333333
0 0.10740740740740741 0.6763020833333333 0.02777777777777778 0.015104166666666667
0 0.11481481481481481 0.6213541666666667 0.03333333333333333 0.019791666666666666
0 0.20324074074074075 0.5973958333333333 0.030555555555555558 0.017708333333333333
0 0.10648148148148148 0.5575520833333333 0.031481481481481485 0.015104166666666667
0 0.10648148148148148 0.5684895833333333 0.03333333333333333 0.008854166666666666
0 0.0699074074074074 0.571875 0.02314814814814815 0.014583333333333334
0 0.22314814814814815 0.5203125 0.024074074074074074 0.013541666666666667
0 0.09027777777777778 0.5013020833333334 0.036111111111111115 0.018229166666666668
0 0.13425925925925927 0.48984374999999997 0.02962962962962963 0.015104166666666667
0 0.07314814814814816 0.4518229166666667 0.02592592592592593 0.0140625
0 0.05185185185185186 0.42994791666666665 0.037037037037037035 0.021354166666666667
0 0.09398148148148149 0.42734374999999997 0.036111111111111115 0.0171875
0 0.12175925925925926 0.4236979166666667 0.02314814814814815 0.011979166666666666
0 0.2490740740740741 0.4861979166666667 0.02777777777777778 0.0140625
0 0.22962962962962963 0.44166666666666665 0.014814814814814815 0.010416666666666666
0 0.24120370370370373 0.40598958333333335 0.032407407407407406 0.0171875
0 0.2212962962962963 0.38671875 0.02592592592592593 0.0109375
0 0.07083333333333333 0.3390625 0.025 0.014583333333333334
0 0.20787037037037037 0.33567708333333335 0.030555555555555558 0.0171875
0 0.11574074074074074 0.28515625 0.031481481481481485 0.0109375
0 0.23055555555555557 0.2859375 0.02777777777777778 0.017708333333333333
0 0.21064814814814817 0.2708333333333333 0.025 0.015625
0 0.16111111111111112 0.25729166666666664 0.016666666666666666 0.014583333333333334
0 0.14027777777777778 0.25677083333333334 0.025 0.014583333333333334
0 0.14351851851851852 0.24609375 0.022222222222222223 0.011979166666666666
0 0.16944444444444445 0.24453125 0.016666666666666666 0.011979166666666666
0 0.1337962962962963 0.23619791666666667 0.02314814814814815 0.011979166666666666
0 0.07962962962962963 0.22838541666666667 0.03333333333333333 0.0203125
0 0.12083333333333333 0.18125 0.032407407407407406 0.019791666666666666
0 0.5185185185185185 0.23177083333333334 0.020370370370370372 0.0125
0 0.4620370370370371 0.4734375 0.014814814814814815 0.016666666666666666
0 0.1875 0.4127604166666667 0.021296296296296296 0.015104166666666667
0 0.020370370370370372 0.7098958333333333 0.037037037037037035 0.022916666666666665
0 0.015740740740740743 0.39609375 0.02777777777777778 0.0171875
