0 0.08009259259259259 0.18854166666666666 0.030555555555555558 0.01875
0 0.038425925925925926 0.32135416666666666 0.028703703703703703 0.014583333333333334
0 0.1449074074074074 0.2700520833333333 0.028703703703703703 0.019270833333333334
0 0.04722222222222222 0.36354166666666665 0.02962962962962963 0.017708333333333333
0 0.10046296296296296 0.44921875 0.03796296296296296 0.015104166666666667
0 0.03888888888888889 0.49114583333333334 0.031481481481481485 0.017708333333333333
0 0.08009259259259259 0.5169270833333334 0.03796296296296296 0.019270833333333334
0 0.010185185185185186 0.7643229166666666 0.018518518518518517 0.0234375
0 0.06805555555555556 0.6013020833333333 0.03796296296296296 0.019270833333333334
0 0.07685185185185185 0.6768229166666666 0.03518518518518519 0.0203125
0 0.08796296296296297 0.7518229166666667 0.020370370370370372 0.022395833333333334
0 0.1125 0.740625 0.03796296296296296 0.021875
0 0.24814814814814815 0.75 0.024074074074074074 0.019791666666666666
0 0.2902777777777778 0.7341145833333333 0.025 0.0171875
0 0.20231481481481484 0.5958333333333333 0.03981481481481482 0.020833333333333332
0 0.1953703703703704 0.6104166666666666 0.018518518518518517 0.008333333333333333
0 0.13240740740740742 0.5455729166666666 0.03333333333333333 0.0171875
0 0.16574074074074074 0.6825520833333333 0.020370370370370372 0.0171875
0 0.20555555555555557 0.5307291666666667 0.02962962962962963 0.017708333333333333
0 0.36435185185185187 0.87578125 0.04351851851851852 0.03177083333333333
0 0.33333333333333337 0.8671875 0.040740740740740744 0.029166666666666667
0 0.37777777777777777 0.79296875 0.037037037037037035 0.027604166666666666
0 0.38333333333333336 0.7609375 0.03518518518518519 0.021875
0 0.43842592592592594 0.70390625 0.049074074074074076 0.0296875
0 0.5300925925925926 0.7494791666666667 0.028703703703703703 0.019791666666666666
0 0.6092592592592593 0.83046875 0.031481481481481485 0.0296875
0 0.30185185185185187 0.5786458333333333 0.03333333333333333 0.019791666666666666
0 0.38657407407407407 0.62109375 0.02314814814814815 0.011979166666666666
0 0.19444444444444445 0.5466145833333333 0.02777777777777778 0.015104166666666667
0 0.4356481481481482 0.5875 0.026851851851851852 0.014583333333333334
0 0.36203703703703705 0.53828125 0.02592592592592593 0.018229166666666668
0 0.3023148148148148 0.4791666666666667 0.025 0.013541666666666667
0 0.36435185185185187 0.51328125 0.02314814814814815 0.015104166666666667
0 0.36435185185185187 0.4708333333333333 0.021296296296296296 0.014583333333333334
0 0.16481481481481483 0.37057291666666664 0.024074074074074074 0.0171875
0 0.19166666666666668 0.36015625 0.02592592592592593 0.015104166666666667
0 0.2111111111111111 0.38203125 0.020370370370370372 0.011979166666666666
0 0.28750000000000003 0.39010416666666664 0.015740740740740743 0.010416666666666666
0 0.30185185185185187 0.384375 0.020370370370370372 0.011458333333333333
0 0.3175925925925926 0.3984375 0.022222222222222223 0.013541666666666667
0 0.20740740740740743 0.26536458333333335 0.031481481481481485 0.0203125
0 0.31666666666666665 0.22369791666666666 0.02777777777777778 0.021354166666666667
0 0.4444444444444445 0.1421875 0.02592592592592593 0.01875
0 0.4305555555555556 0.12578125 0.024074074074074074 0.018229166666666668
0 0.45740740740740743 0.07708333333333334 0.02592592592592593 0.016666666666666666
0 0.41064814814814815 0.28515625 0.021296296296296296 0.013020833333333334
0 0.44027777777777777 0.2669270833333333 0.026851851851851852 0.021354166666666667
0 0.5319444444444444 0.2565104166666667 0.026851851851851852 0.015104166666666667
0 0.5175925925925926 0.209375 0.02592592592592593 0.01875
0 0.3842592592592593 0.37994791666666666 0.02962962962962963 0.019270833333333334
0 0.3814814814814815 0.4083333333333333 0.020370370370370372 0.016666666666666666
0 0.40185185185185185 0.41119791666666666 0.02962962962962963 0.0171875
0 0.44212962962962965 0.39088541666666665 0.02314814814814815 0.013020833333333334
0 0.45787037037037037 0.37265625 0.025 0.01614583333333333
0 0.5152777777777778 0.3611979166666667 0.026851851851851852 0.01614583333333333
0 0.4810185185185185 0.4197916666666667 0.028703703703703703 0.014583333333333334
0 0.5018518518518519 0.5244791666666666 0.02962962962962963 0.019791666666666666
0 0.500925925925926 0.5403645833333334 0.022222222222222223 0.015104166666666667
0 0.5222222222222223 0.56875 0.02777777777777778 0.010416666666666666
0 0.4912037037037037 0.6854166666666667 0.030555555555555558 0.016666666666666666
0 0.5717592592592593 0.6028645833333334 0.02314814814814815 0.0140625
0 0.5657407407407408 0.6393229166666666 0.024074074074074074 0.0140625
0 0.6833333333333333 0.7286458333333333 0.031481481481481485 0.019791666666666666
0 0.6587962962962963 0.6921875 0.032407407407407406 0.019791666666666666
0 0.6699074074074074 0.6466145833333333 0.026851851851851852 0.0171875
0 0.6944444444444444 0.64453125 0.020370370370370372 0.015104166666666667
0 0.7162037037037037 0.6369791666666667 0.026851851851851852 0.015625
0 0.6796296296296297 0.6234375 0.024074074074074074 0.010416666666666666
0 0.8018518518518519 0.7348958333333333 0.03518518518518519 0.017708333333333333
0 0.7870370370370371 0.7026041666666667 0.02777777777777778 0.021875
0 0.9185185185185185 0.7854166666666667 0.02962962962962963 0.02395833333333333
0 0.8944444444444445 0.6763020833333333 0.02777777777777778 0.015104166666666667
0 0.8870370370370371 0.6213541666666667 0.03333333333333333 0.019791666666666666
0 0.7986111111111112 0.5973958333333333 0.030555555555555558 0.017708333333333333
0 0.8953703703703704 0.5575520833333333 0.031481481481481485 0.015104166666666667
0 0.8953703703703704 0.5684895833333333 0.03333333333333333 0.008854166666666666
0 0.9319444444444445 0.571875 0.02314814814814815 0.014583333333333334
0 0.7787037037037038 0.5203125 0.024074074074074074 0.013541666666666667
0 0.9115740740740741 0.5013020833333334 0.036111111111111115 0.018229166666666668
0 0.8675925925925926 0.48984374999999997 0.02962962962962963 0.015104166666666667
0 0.9287037037037037 0.4518229166666667 0.02592592592592593 0.0140625
0 0.9500000000000001 0.42994791666666665 0.037037037037037035 0.021354166666666667
0 0.9078703703703704 0.42734374999999997 0.036111111111111115 0.0171875
0 0.8800925925925926 0.4236979166666667 0.02314814814814815 0.011979166666666666
0 0.7527777777777778 0.4861979166666667 0.02777777777777778 0.0140625
0 0.7722222222222223 0.44166666666666665 0.014814814814814815 0.010416666666666666
0 0.7606481481481482 0.40598958333333335 0.032407407407407406 0.0171875
0 0.7805555555555556 0.38671875 0.02592592592592593 0.0109375
0 0.9310185185185186 0.3390625 0.025 0.014583333333333334
0 0.7939814814814815 0.33567708333333335 0.030555555555555558 0.0171875
0 0.8861111111111112 0.28515625 0.031481481481481485 0.0109375
0 0.7712962962962964 0.2859375 0.02777777777777778 0.017708333333333333
0 0.7912037037037037 0.2708333333333333 0.025 0.015625
0 0.8407407407407408 0.25729166666666664 0.016666666666666666 0.014583333333333334
0 0.8615740740740742 0.25677083333333334 0.025 0.014583333333333334
0 0.8583333333333334 0.24609375 0.022222222222222223 0.011979166666666666
0 0.8324074074074075 0.24453125 0.016666666666666666 0.011979166666666666
0 0.8680555555555556 0.23619791666666667 0.02314814814814815 0.011979166666666666
0 0.9222222222222223 0.22838541666666667 0.03333333333333333 0.0203125
0 0.8810185185185185 0.18125 0.032407407407407406 0.019791666666666666
0 0.48333333333333334 0.23177083333333334 0.020370370370370372 0.0125
0 0.5398148148148149 0.4734375 0.014814814814814815 0.016666666666666666
0 0.8143518518518519 0.4127604166666667 0.021296296296296296 0.015104166666666667
0 0.9814814814814815 0.7098958333333333 0.037037037037037035 0.022916666666666665
0 0.9861111111111112 0.39609375 0.02777777777777778 0.0171875
