0 0.0375 0.18854166666666666 0.030555555555555558 0.017708333333333333
0 0.10694444444444445 0.2708333333333333 0.028703703703703703 0.01875
0 0.058333333333333334 0.4497395833333333 0.03333333333333333 0.015104166666666667
0 0.037037037037037035 0.5184895833333333 0.03888888888888889 0.019270833333333334
0 0.021296296296296296 0.6028645833333334 0.037037037037037035 0.021354166666666667
0 0.032407407407407406 0.6799479166666667 0.03518518518518519 0.021354166666666667
0 0.04120370370370371 0.7544270833333333 0.021296296296296296 0.0203125
0 0.06481481481481481 0.74375 0.03888888888888889 0.022916666666666665
0 0.20370370370370372 0.7528645833333333 0.02592592592592593 0.021354166666666667
0 0.250462962962963 0.73671875 0.025 0.018229166666666668
0 0.15416666666666667 0.5984375 0.04351851851851852 0.02395833333333333
0 0.1527777777777778 0.6122395833333333 0.012962962962962964 0.0078125
0 0.09027777777777778 0.54765625 0.03425925925925926 0.0171875
0 0.12546296296296297 0.6848958333333334 0.019444444444444445 0.017708333333333333
0 0.16574074074074074 0.5325520833333334 0.02962962962962963 0.018229166666666668
0 0.3189814814814815 0.8794270833333333 0.04351851851851852 0.0328125
0 0.2888888888888889 0.8703124999999999 0.040740740740740744 0.029166666666666667
0 0.33611111111111114 0.7958333333333333 0.03888888888888889 0.028125
0 0.3421296296296296 0.76328125 0.036111111111111115 0.022395833333333334
0 0.39537037037037037 0.7065104166666667 0.05185185185185186 0.0296875
0 0.4930555555555556 0.7515625 0.030555555555555558 0.019791666666666666
0 0.5671296296296297 0.8333333333333334 0.032407407407407406 0.029166666666666667
0 0.25833333333333336 0.5807291666666666 0.03518518518518519 0.019791666666666666
0 0.3523148148148148 0.6221354166666666 0.025 0.009895833333333333
0 0.325 0.5401041666666666 0.024074074074074074 0.01875
0 0.2675925925925926 0.47994791666666664 0.02592592592592593 0.013020833333333334
0 0.32685185185185184 0.5145833333333333 0.024074074074074074 0.015625
0 0.12222222222222223 0.3716145833333333 0.024074074074074074 0.0171875
0 0.4175925925925926 0.07630208333333333 0.020370370370370372 0.0203125
0 0.1476851851851852 0.3606770833333333 0.026851851851851852 0.015104166666666667
0 0.16944444444444445 0.3828125 0.020370370370370372 0.0125
0 0.2476851851851852 0.39088541666666665 0.015740740740740743 0.009895833333333333
0 0.2625 0.38515625 0.021296296296296296 0.0109375
0 0.2777777777777778 0.3997395833333333 0.022222222222222223 0.0140625
0 0.1675925925925926 0.2661458333333333 0.031481481481481485 0.020833333333333332
0 0.27685185185185185 0.22447916666666667 0.02962962962962963 0.021875
0 0.4046296296296297 0.14270833333333333 0.02592592592592593 0.01875
0 0.3907407407407408 0.12682291666666667 0.024074074074074074 0.018229166666666668
0 0.3703703703703704 0.2859375 0.022222222222222223 0.013541666666666667
0 0.3976851851851852 0.2674479166666667 0.026851851851851852 0.021354166666666667
0 0.49259259259259264 0.25703125 0.02777777777777778 0.015104166666666667
0 0.4777777777777778 0.21015625 0.02592592592592593 0.018229166666666668
0 0.3416666666666667 0.38125 0.031481481481481485 0.019791666666666666
0 0.34074074074074073 0.4088541666666667 0.020370370370370372 0.016666666666666666
0 0.3615740740740741 0.4127604166666667 0.030555555555555558 0.0171875
0 0.4050925925925926 0.3919270833333333 0.02314814814814815 0.013020833333333334
0 0.4189814814814815 0.3734375 0.025 0.016666666666666666
0 0.475462962962963 0.36276041666666664 0.026851851851851852 0.01614583333333333
0 0.4416666666666667 0.42083333333333334 0.02962962962962963 0.014583333333333334
0 0.4625 0.5260416666666666 0.030555555555555558 0.019791666666666666
0 0.46574074074074073 0.54140625 0.022222222222222223 0.015104166666666667
0 0.487962962962963 0.57109375 0.02777777777777778 0.009895833333333333
0 0.45046296296296295 0.6877604166666667 0.028703703703703703 0.0171875
0 0.5347222222222222 0.6044270833333333 0.02314814814814815 0.0140625
0 0.5277777777777778 0.6393229166666666 0.024074074074074074 0.0109375
0 0.6472222222222223 0.7302083333333333 0.02962962962962963 0.019791666666666666
0 0.6222222222222222 0.69375 0.031481481481481485 0.019791666666666666
0 0.6356481481481482 0.6481770833333333 0.026851851851851852 0.0171875
0 0.6606481481481482 0.6458333333333334 0.021296296296296296 0.015625
0 0.6837962962962963 0.63828125 0.025 0.015104166666666667
0 0.6472222222222223 0.6247395833333333 0.024074074074074074 0.009895833333333333
0 0.7597222222222223 0.73671875 0.036111111111111115 0.018229166666666668
0 0.7490740740740741 0.70390625 0.02592592592592593 0.022395833333333334
0 0.8768518518518519 0.7869791666666667 0.031481481481481485 0.026041666666666668
0 0.8574074074074074 0.67734375 0.02777777777777778 0.015104166666666667
0 0.8449074074074074 0.6223958333333334 0.030555555555555558 0.019791666666666666
0 0.7583333333333334 0.5989583333333334 0.02962962962962963 0.01875
0 0.8592592592592593 0.5583333333333333 0.031481481481481485 0.014583333333333334
0 0.8611111111111112 0.5700520833333333 0.03333333333333333 0.008854166666666666
0 0.8953703703703704 0.5731770833333333 0.020370370370370372 0.0140625
0 0.7444444444444445 0.5213541666666667 0.024074074074074074 0.013541666666666667
0 0.8745370370370371 0.5026041666666666 0.036111111111111115 0.017708333333333333
0 0.8328703703703704 0.49114583333333334 0.028703703703703703 0.015625
0 0.887962962962963 0.45286458333333335 0.024074074074074074 0.0140625
0 0.9111111111111111 0.4309895833333333 0.03888888888888889 0.0203125
0 0.8685185185185186 0.4283854166666667 0.03518518518518519 0.0171875
0 0.8416666666666667 0.42421875 0.022222222222222223 0.013020833333333334
0 0.7134259259259259 0.4869791666666667 0.028703703703703703 0.014583333333333334
0 0.725925925925926 0.4067708333333333 0.03333333333333333 0.017708333333333333
0 0.7453703703703703 0.38776041666666666 0.02777777777777778 0.011979166666666666
0 0.9027777777777778 0.33880208333333334 0.02592592592592593 0.011979166666666666
0 0.7569444444444444 0.33671875 0.030555555555555558 0.018229166666666668
0 0.8486111111111111 0.2859375 0.026851851851851852 0.0125
0 0.07037037037037037 0.37083333333333335 0.031481481481481485 0.015625
0 0.7356481481481482 0.28671875 0.026851851851851852 0.018229166666666668
0 0.7555555555555555 0.2716145833333333 0.02592592592592593 0.015104166666666667
0 0.7555555555555555 0.2713541666666667 0.02592592592592593 0.015625
0 0.7564814814814815 0.271875 0.02592592592592593 0.016666666666666666
0 0.8055555555555556 0.25807291666666665 0.016666666666666666 0.0140625
0 0.825925925925926 0.2578125 0.024074074074074074 0.014583333333333334
0 0.8222222222222223 0.24661458333333333 0.022222222222222223 0.011979166666666666
0 0.7967592592592593 0.2453125 0.015740740740740743 0.011458333333333333
0 0.8328703703703704 0.2375 0.02314814814814815 0.0125
0 0.8837962962962963 0.22942708333333334 0.032407407407407406 0.0203125
0 0.8444444444444444 0.18229166666666666 0.031481481481481485 0.019791666666666666
0 0.44537037037037036 0.23255208333333333 0.024074074074074074 0.0140625
0 0.5092592592592593 0.4739583333333333 0.014814814814814815 0.014583333333333334
0 0.7777777777777778 0.4127604166666667 0.024074074074074074 0.01614583333333333
0 0.9398148148148149 0.7111979166666667 0.044444444444444446 0.0234375
0 0.9837962962962963 0.8197916666666667 0.032407407407407406 0.022916666666666665
0 0.9208333333333334 0.5059895833333333 0.017592592592592594 0.018229166666666668
0 0.9837962962962963 0.5622395833333333 0.028703703703703703 0.01614583333333333
0 0.9527777777777778 0.39739583333333334 0.037037037037037035 0.017708333333333333
0 0.9791666666666667 0.3677083333333333 0.026851851851851852 0.016666666666666666
