0 0.016203703703703703 0.27109375 0.026851851851851852 0.019270833333333334
0 0.09490740740740741 0.75546875 0.02314814814814815 0.024479166666666666
0 0.1527777777777778 0.7385416666666667 0.022222222222222223 0.019791666666666666
0 0.04120370370370371 0.6005208333333333 0.04351851851851852 0.02395833333333333
0 0.20740740740740743 0.8833333333333333 0.0462962962962963 0.03229166666666666
0 0.17824074074074076 0.8742187499999999 0.04351851851851852 0.030729166666666665
0 0.23101851851851854 0.7994791666666666 0.04166666666666667 0.028125
0 0.23796296296296296 0.7671875 0.037037037037037035 0.021875
0 0.2898148148148148 0.7106770833333333 0.04814814814814815 0.028645833333333332
0 0.39675925925925926 0.7541666666666667 0.026851851851851852 0.019791666666666666
0 0.46481481481481485 0.83828125 0.03888888888888889 0.027604166666666666
0 0.04537037037037037 0.3614583333333333 0.02592592592592593 0.015625
0 0.15092592592592594 0.5833333333333334 0.037037037037037035 0.019791666666666666
0 0.06620370370370371 0.54765625 0.030555555555555558 0.0140625
0 0.23333333333333334 0.5419270833333333 0.022222222222222223 0.018229166666666668
0 0.1824074074074074 0.48125 0.02592592592592593 0.014583333333333334
0 0.23611111111111113 0.5158854166666667 0.024074074074074074 0.015104166666666667
0 0.2439814814814815 0.47213541666666664 0.026851851851851852 0.009895833333333333
0 0.02314814814814815 0.3716145833333333 0.024074074074074074 0.0171875
0 0.3111111111111111 0.14348958333333334 0.02592592592592593 0.019270833333333334
0 0.0712962962962963 0.3828125 0.020370370370370372 0.0125
0 0.2972222222222222 0.12682291666666667 0.024074074074074074 0.0171875
0 0.15601851851851853 0.3919270833333333 0.017592592592592594 0.0109375
0 0.2763888888888889 0.28541666666666665 0.02314814814814815 0.013541666666666667
0 0.1685185185185185 0.3848958333333333 0.022222222222222223 0.010416666666666666
0 0.18333333333333335 0.4002604166666667 0.020370370370370372 0.0109375
0 0.07361111111111111 0.2661458333333333 0.032407407407407406 0.020833333333333332
0 0.18472222222222223 0.22473958333333333 0.030555555555555558 0.021354166666666667
0 0.3837962962962963 0.21041666666666667 0.025 0.01875
0 0.2425925925925926 0.38229166666666664 0.03518518518518519 0.019791666666666666
0 0.24351851851851852 0.41015625 0.018518518518518517 0.0171875
0 0.31851851851851853 0.07265625 0.02962962962962963 0.008854166666666666
0 0.29583333333333334 0.2682291666666667 0.028703703703703703 0.021875
0 0.3189814814814815 0.3932291666666667 0.02314814814814815 0.013541666666666667
0 0.40046296296296297 0.25755208333333335 0.026851851851851852 0.015104166666666667
0 0.26435185185185184 0.41380208333333335 0.032407407407407406 0.018229166666666668
0 0.32592592592592595 0.3734375 0.02592592592592593 0.017708333333333333
0 0.3805555555555556 0.3625 0.02777777777777778 0.015625
0 0.375 0.5270833333333333 0.02777777777777778 0.017708333333333333
0 0.3513888888888889 0.42161458333333335 0.026851851851851852 0.0140625
0 0.3819444444444445 0.5440104166666666 0.02314814814814815 0.0140625
0 0.40231481481481485 0.5736979166666667 0.030555555555555558 0.013020833333333334
0 0.35694444444444445 0.6911458333333333 0.032407407407407406 0.016666666666666666
0 0.4444444444444445 0.60546875 0.02592592592592593 0.013020833333333334
0 0.5583333333333333 0.7330729166666666 0.02777777777777778 0.019270833333333334
0 0.5347222222222222 0.69609375 0.028703703703703703 0.021354166666666667
0 0.5532407407407408 0.65 0.026851851851851852 0.014583333333333334
0 0.5805555555555556 0.6481770833333333 0.022222222222222223 0.01614583333333333
0 0.6064814814814815 0.63984375 0.020370370370370372 0.0140625
0 0.5708333333333333 0.6265625 0.02314814814814815 0.009375
0 0.6592592592592593 0.7401041666666667 0.037037037037037035 0.016666666666666666
0 0.6546296296296297 0.7080729166666666 0.020370370370370372 0.0203125
0 0.7731481481481481 0.78984375 0.031481481481481485 0.025520833333333333
0 0.7648148148148148 0.6796875 0.024074074074074074 0.014583333333333334
0 0.6606481481481482 0.60078125 0.030555555555555558 0.019270833333333334
0 0.7722222222222223 0.56015625 0.031481481481481485 0.01614583333333333
0 0.7768518518518519 0.5708333333333333 0.031481481481481485 0.008333333333333333
0 0.8069444444444445 0.5731770833333333 0.01388888888888889 0.0109375
0 0.6652777777777779 0.5231770833333333 0.025 0.0140625
0 0.7842592592592593 0.5041666666666667 0.03518518518518519 0.016666666666666666
0 0.750462962962963 0.4927083333333333 0.026851851851851852 0.014583333333333334
0 0.7949074074074074 0.4544270833333333 0.025 0.0140625
0 0.8162037037037038 0.43333333333333335 0.03796296296296296 0.019791666666666666
0 0.7740740740740741 0.43072916666666666 0.03333333333333333 0.017708333333333333
0 0.7513888888888889 0.4265625 0.021296296296296296 0.011458333333333333
0 0.6175925925925926 0.48776041666666664 0.02592592592592593 0.0140625
0 0.6421296296296296 0.40781249999999997 0.030555555555555558 0.017708333333333333
0 0.6611111111111111 0.39010416666666664 0.02777777777777778 0.010416666666666666
0 0.6666666666666667 0.3377604166666667 0.02962962962962963 0.018229166666666668
0 0.6546296296296297 0.28802083333333334 0.02777777777777778 0.01875
0 0.7236111111111111 0.2596354166666667 0.01388888888888889 0.013020833333333334
0 0.6717592592592593 0.27317708333333335 0.026851851851851852 0.0171875
0 0.7412037037037037 0.25807291666666665 0.02314814814814815 0.0140625
0 0.7361111111111112 0.24817708333333333 0.022222222222222223 0.011979166666666666
0 0.7476851851851852 0.2375 0.02314814814814815 0.010416666666666666
0 0.7953703703703704 0.2296875 0.03333333333333333 0.020833333333333332
0 0.7597222222222223 0.18359375 0.028703703703703703 0.0171875
0 0.3564814814814815 0.2328125 0.020370370370370372 0.011458333333333333
0 0.23240740740740742 0.30442708333333335 0.02777777777777778 0.011979166666666666
0 0.6921296296296297 0.41302083333333334 0.028703703703703703 0.016666666666666666
0 0.737037037037037 0.459375 0.016666666666666666 0.013541666666666667
0 0.8240740740740741 0.7143229166666667 0.04259259259259259 0.024479166666666666
0 0.8819444444444445 0.8229166666666666 0.03981481481481482 0.02395833333333333
0 0.9328703703703705 0.8765625 0.05092592592592593 0.025
0 0.9402777777777778 0.8958333333333334 0.03981481481481482 0.020833333333333332
0 0.8958333333333334 0.8841145833333334 0.03796296296296296 0.030729166666666665
0 0.7898148148148149 0.40078125 0.02777777777777778 0.01614583333333333
0 0.8319444444444445 0.50703125 0.019444444444444445 0.015104166666666667
0 0.8944444444444445 0.5638020833333334 0.02962962962962963 0.01614583333333333
0 0.8615740740740742 0.39921875 0.032407407407407406 0.018229166666666668
0 0.8351851851851853 0.4708333333333333 0.016666666666666666 0.017708333333333333
0 0.9481481481481482 0.5361979166666666 0.03888888888888889 0.021354166666666667
0 0.987962962962963 0.10885416666666667 0.024074074074074074 0.02395833333333333
0 0.8962962962962964 0.36875 0.024074074074074074 0.016666666666666666
0 0.9092592592592593 0.3453125 0.02962962962962963 0.014583333333333334
0 0.9370370370370371 0.35182291666666665 0.03333333333333333 0.0203125
0 0.9699074074074074 0.37265625 0.03425925925925926 0.0171875
