0 0.9884259259259259 0.271875 0.02314814814814815 0.019791666666666666
0 0.9157407407407407 0.7567708333333333 0.022222222222222223 0.02395833333333333
0 0.8574074074074074 0.7393229166666666 0.022222222222222223 0.0203125
0 0.9703703703703704 0.6013020833333333 0.044444444444444446 0.0234375
0 0.8037037037037037 0.8848958333333333 0.0462962962962963 0.03229166666666666
0 0.8319444444444445 0.8755208333333333 0.04537037037037037 0.03125
0 0.7796296296296297 0.8002604166666667 0.04259259259259259 0.027604166666666666
0 0.7726851851851853 0.7682291666666666 0.03796296296296296 0.021875
0 0.7203703703703704 0.71171875 0.04814814814814815 0.028645833333333332
0 0.6134259259259259 0.7552083333333334 0.026851851851851852 0.019791666666666666
0 0.5458333333333334 0.8390624999999999 0.03796296296296296 0.027083333333333334
0 0.9643518518518519 0.3614583333333333 0.025 0.017708333333333333
0 0.8597222222222223 0.5841145833333333 0.03796296296296296 0.019270833333333334
0 0.9439814814814815 0.5494791666666666 0.028703703703703703 0.0125
0 0.7763888888888889 0.5421875 0.02314814814814815 0.01875
0 0.825925925925926 0.4822916666666667 0.02592592592592593 0.014583333333333334
0 0.7736111111111111 0.5169270833333334 0.025 0.015104166666666667
0 0.7657407407407407 0.4731770833333333 0.024074074074074074 0.0109375
0 0.987037037037037 0.37265625 0.024074074074074074 0.0171875
0 0.938425925925926 0.38359375 0.021296296296296296 0.013020833333333334
0 0.7134259259259259 0.128125 0.021296296296296296 0.016666666666666666
0 0.8541666666666667 0.3924479166666667 0.017592592592592594 0.0109375
0 0.8402777777777778 0.3859375 0.02314814814814815 0.010416666666666666
0 0.7333333333333334 0.2869791666666667 0.022222222222222223 0.015625
0 0.826388888888889 0.40078125 0.021296296296296296 0.0109375
0 0.9347222222222222 0.2669270833333333 0.032407407407407406 0.0203125
0 0.8240740740740741 0.22526041666666666 0.031481481481481485 0.021354166666666667
0 0.625925925925926 0.21145833333333333 0.02592592592592593 0.017708333333333333
0 0.6995370370370371 0.14427083333333332 0.026851851851851852 0.01875
0 0.6916666666666667 0.07421875 0.02962962962962963 0.008854166666666666
0 0.6893518518518519 0.39427083333333335 0.025 0.013541666666666667
0 0.7143518518518519 0.26901041666666664 0.028703703703703703 0.021354166666666667
0 0.6083333333333334 0.2578125 0.02592592592592593 0.014583333333333334
0 0.7675925925925926 0.38307291666666665 0.03518518518518519 0.019270833333333334
0 0.7666666666666667 0.41041666666666665 0.016666666666666666 0.017708333333333333
0 0.7449074074074075 0.41432291666666665 0.032407407407407406 0.018229166666666668
0 0.6833333333333333 0.37421875 0.02592592592592593 0.0171875
0 0.6282407407407408 0.3625 0.028703703703703703 0.015625
0 0.6587962962962963 0.42265625 0.026851851851851852 0.0140625
0 0.6347222222222223 0.5278645833333333 0.028703703703703703 0.0171875
0 0.6263888888888889 0.5440104166666666 0.02314814814814815 0.0140625
0 0.6064814814814815 0.5744791666666667 0.02962962962962963 0.013541666666666667
0 0.6532407407407408 0.6924479166666666 0.032407407407407406 0.01614583333333333
0 0.5643518518518519 0.60625 0.026851851851851852 0.013541666666666667
0 0.4513888888888889 0.7341145833333333 0.026851851851851852 0.018229166666666668
0 0.4740740740740741 0.6971354166666667 0.02777777777777778 0.021354166666666667
0 0.4550925925925926 0.6505208333333333 0.026851851851851852 0.014583333333333334
0 0.4277777777777778 0.6494791666666666 0.022222222222222223 0.016666666666666666
0 0.40370370370370373 0.640625 0.020370370370370372 0.014583333333333334
0 0.4375 0.6276041666666666 0.02314814814814815 0.009375
0 0.350462962962963 0.74140625 0.036111111111111115 0.0171875
0 0.3550925925925926 0.7091145833333333 0.021296296296296296 0.0203125
0 0.23148148148148148 0.571875 0.02592592592592593 0.010416666666666666
0 0.23657407407407408 0.790625 0.032407407407407406 0.026041666666666668
0 0.2439814814814815 0.68046875 0.02314814814814815 0.015104166666666667
0 0.34861111111111115 0.6013020833333333 0.030555555555555558 0.019270833333333334
0 0.23611111111111113 0.5606770833333333 0.031481481481481485 0.01614583333333333
0 0.20277777777777778 0.5739583333333333 0.014814814814814815 0.011458333333333333
0 0.34305555555555556 0.5239583333333333 0.025 0.014583333333333334
0 0.22546296296296298 0.5049479166666666 0.036111111111111115 0.0171875
0 0.25787037037037036 0.4934895833333333 0.026851851851851852 0.0140625
0 0.21435185185185185 0.4557291666666667 0.025 0.014583333333333334
0 0.19305555555555556 0.434375 0.03796296296296296 0.019791666666666666
0 0.23564814814814816 0.4317708333333333 0.032407407407407406 0.017708333333333333
0 0.25787037037037036 0.42734374999999997 0.021296296296296296 0.0109375
0 0.3925925925925926 0.4888020833333333 0.02592592592592593 0.0140625
0 0.3388888888888889 0.2739583333333333 0.024074074074074074 0.015625
0 0.3666666666666667 0.40859375 0.031481481481481485 0.0171875
0 0.3476851851851852 0.39036458333333335 0.028703703703703703 0.0109375
0 0.3416666666666667 0.3385416666666667 0.02962962962962963 0.017708333333333333
0 0.35462962962962963 0.28854166666666664 0.02777777777777778 0.01875
0 0.28564814814814815 0.26067708333333334 0.01388888888888889 0.011979166666666666
0 0.26712962962962966 0.2591145833333333 0.02314814814814815 0.0140625
0 0.27314814814814814 0.24895833333333334 0.022222222222222223 0.0125
0 0.2611111111111111 0.23828125 0.022222222222222223 0.009895833333333333
0 0.21481481481481482 0.23124999999999998 0.03333333333333333 0.020833333333333332
0 0.24953703703703706 0.18463541666666666 0.028703703703703703 0.0171875
0 0.6532407407407408 0.23359375 0.021296296296296296 0.0109375
0 0.7759259259259259 0.30546875 0.02777777777777778 0.011979166666666666
0 0.3175925925925926 0.4140625 0.02962962962962963 0.016666666666666666
0 0.27222222222222225 0.45989583333333334 0.016666666666666666 0.013541666666666667
0 0.18703703703703706 0.7151041666666667 0.04259259259259259 0.02395833333333333
0 0.1287037037037037 0.82421875 0.03888888888888889 0.0234375
0 0.07916666666666666 0.8776041666666666 0.05092592592592593 0.025
0 0.07083333333333333 0.8963541666666667 0.04166666666666667 0.020833333333333332
0 0.11388888888888889 0.88515625 0.037037037037037035 0.030729166666666665
0 0.2175925925925926 0.4015625 0.03333333333333333 0.015625
0 0.17824074074074076 0.5072916666666667 0.019444444444444445 0.015625
0 0.11435185185185186 0.5643229166666667 0.030555555555555558 0.01614583333333333
0 0.14907407407407408 0.3997395833333333 0.03333333333333333 0.018229166666666668
0 0.17314814814814816 0.47161458333333334 0.016666666666666666 0.0171875
0 0.06064814814814815 0.5369791666666667 0.03981481481481482 0.021875
0 0.010185185185185186 0.10286458333333333 0.016666666666666666 0.024479166666666666
0 0.11388888888888889 0.3692708333333333 0.024074074074074074 0.016666666666666666
0 0.09953703703703703 0.3463541666666667 0.028703703703703703 0.014583333333333334
0 0.07222222222222223 0.35260416666666666 0.03333333333333333 0.019791666666666666
0 0.03935185185185185 0.3736979166666667 0.03425925925925926 0.0171875
