0 0.9916666666666667 0.27265625 0.016666666666666666 0.0203125
0 0.9259259259259259 0.7572916666666667 0.022222222222222223 0.02395833333333333
0 0.8657407407407408 0.740625 0.022222222222222223 0.019791666666666666
0 0.9791666666666667 0.6018229166666667 0.04166666666666667 0.0234375
0 0.813425925925926 0.8856770833333333 0.04537037037037037 0.0328125
0 0.950462962962963 0.55 0.025 0.011458333333333333
0 0.8416666666666667 0.8770833333333333 0.0462962962962963 0.030208333333333334
0 0.788888888888889 0.8010416666666667 0.04259259259259259 0.028125
0 0.7814814814814816 0.76875 0.03888888888888889 0.021875
0 0.7287037037037037 0.7125 0.04814814814814815 0.028125
0 0.6217592592592592 0.7559895833333333 0.026851851851851852 0.019270833333333334
0 0.5546296296296297 0.83984375 0.03888888888888889 0.027604166666666666
0 0.9731481481481482 0.36276041666666664 0.02777777777777778 0.0171875
0 0.8685185185185186 0.5846354166666666 0.037037037037037035 0.019270833333333334
0 0.7833333333333333 0.5432291666666667 0.022222222222222223 0.01875
0 0.8333333333333334 0.4825520833333333 0.02592592592592593 0.0140625
0 0.7814814814814816 0.51796875 0.024074074074074074 0.015104166666666667
0 0.7736111111111111 0.47369791666666666 0.02314814814814815 0.0109375
0 0.9916666666666667 0.3731770833333333 0.016666666666666666 0.018229166666666668
0 0.9462962962962963 0.384375 0.022222222222222223 0.0125
0 0.862037037037037 0.3932291666666667 0.018518518518518517 0.010416666666666666
0 0.8476851851851852 0.38619791666666664 0.02314814814814815 0.0109375
0 0.8342592592592593 0.40130208333333334 0.020370370370370372 0.0109375
0 0.9421296296296297 0.2677083333333333 0.032407407407407406 0.020833333333333332
0 0.8319444444444445 0.22552083333333334 0.030555555555555558 0.020833333333333332
0 0.7064814814814815 0.14505208333333333 0.02592592592592593 0.019270833333333334
0 0.7208333333333333 0.12890625 0.021296296296296296 0.0171875
0 0.6990740740740741 0.07473958333333333 0.02962962962962963 0.009895833333333333
0 0.7412037037037037 0.2877604166666667 0.025 0.0140625
0 0.7226851851851852 0.26953125 0.028703703703703703 0.021354166666666667
0 0.6162037037037037 0.25859375 0.026851851851851852 0.015104166666666667
0 0.6342592592592593 0.21197916666666666 0.02592592592592593 0.017708333333333333
0 0.7759259259259259 0.3833333333333333 0.03333333333333333 0.01875
0 0.774537037037037 0.41041666666666665 0.017592592592592594 0.017708333333333333
0 0.7532407407407408 0.41484375 0.032407407407407406 0.018229166666666668
0 0.6962962962962963 0.39479166666666665 0.024074074074074074 0.014583333333333334
0 0.6907407407407408 0.37447916666666664 0.02592592592592593 0.017708333333333333
0 0.6365740740740741 0.36302083333333335 0.028703703703703703 0.016666666666666666
0 0.6662037037037037 0.4231770833333333 0.026851851851851852 0.0140625
0 0.6421296296296296 0.5278645833333333 0.028703703703703703 0.0171875
0 0.6337962962962963 0.5447916666666667 0.02314814814814815 0.014583333333333334
0 0.6129629629629629 0.575 0.02962962962962963 0.013541666666666667
0 0.6620370370370371 0.69296875 0.03333333333333333 0.01614583333333333
0 0.5717592592592593 0.6065104166666666 0.026851851851851852 0.013020833333333334
0 0.4587962962962963 0.734375 0.026851851851851852 0.01875
0 0.48194444444444445 0.6973958333333333 0.028703703703703703 0.021875
0 0.4625 0.6510416666666666 0.026851851851851852 0.014583333333333334
0 0.4351851851851852 0.6497395833333334 0.022222222222222223 0.01614583333333333
0 0.41064814814814815 0.6408854166666667 0.019444444444444445 0.0140625
0 0.4449074074074074 0.6276041666666666 0.02314814814814815 0.009375
0 0.35879629629629634 0.7421875 0.036111111111111115 0.016666666666666666
0 0.36342592592592593 0.7096354166666666 0.021296296296296296 0.0203125
0 0.2449074074074074 0.7911458333333333 0.032407407407407406 0.026041666666666668
0 0.2518518518518519 0.6807291666666666 0.024074074074074074 0.015625
0 0.35694444444444445 0.6018229166666667 0.030555555555555558 0.019270833333333334
0 0.24444444444444446 0.5611979166666666 0.031481481481481485 0.01614583333333333
0 0.23842592592592593 0.5721354166666667 0.026851851851851852 0.009895833333333333
0 0.2101851851851852 0.5739583333333333 0.014814814814814815 0.011458333333333333
0 0.34861111111111115 0.5239583333333333 0.026851851851851852 0.014583333333333334
0 0.23287037037037037 0.50546875 0.036111111111111115 0.01614583333333333
0 0.2662037037037037 0.4934895833333333 0.026851851851851852 0.0140625
0 0.22268518518518518 0.4557291666666667 0.025 0.013541666666666667
0 0.2013888888888889 0.43463541666666666 0.03796296296296296 0.019270833333333334
0 0.24351851851851852 0.43203125 0.031481481481481485 0.018229166666666668
0 0.2662037037037037 0.4278645833333333 0.019444444444444445 0.011979166666666666
0 0.40046296296296297 0.4888020833333333 0.025 0.0140625
0 0.375 0.4088541666666667 0.03333333333333333 0.016666666666666666
0 0.35555555555555557 0.39140625 0.02962962962962963 0.0109375
0 0.3490740740740741 0.33880208333333334 0.02962962962962963 0.018229166666666668
0 0.3615740740740741 0.2890625 0.026851851851851852 0.01875
0 0.3462962962962963 0.27421875 0.02592592592592593 0.015104166666666667
0 0.2925925925925926 0.26119791666666664 0.014814814814814815 0.011979166666666666
0 0.27546296296296297 0.259375 0.02314814814814815 0.013541666666666667
0 0.28055555555555556 0.24973958333333332 0.022222222222222223 0.013020833333333334
0 0.2689814814814815 0.23906249999999998 0.02314814814814815 0.010416666666666666
0 0.22268518518518518 0.23124999999999998 0.032407407407407406 0.020833333333333332
0 0.25601851851851853 0.18515625 0.028703703703703703 0.0171875
0 0.6601851851851852 0.23411458333333332 0.022222222222222223 0.0109375
0 0.7837962962962963 0.3059895833333333 0.028703703703703703 0.013020833333333334
0 0.3231481481481482 0.4145833333333333 0.02962962962962963 0.016666666666666666
0 0.2800925925925926 0.46041666666666664 0.017592592592592594 0.013541666666666667
0 0.19722222222222224 0.715625 0.04259259259259259 0.02395833333333333
0 0.13842592592592592 0.8247395833333333 0.03981481481481482 0.0234375
0 0.08842592592592594 0.8776041666666666 0.05092592592592593 0.025
0 0.08055555555555556 0.8971354166666666 0.04259259259259259 0.021354166666666667
0 0.12314814814814816 0.8854166666666666 0.03888888888888889 0.029166666666666667
0 0.22777777777777777 0.4015625 0.02777777777777778 0.015625
0 0.1851851851851852 0.5075520833333333 0.020370370370370372 0.015104166666666667
0 0.12268518518518519 0.56484375 0.030555555555555558 0.01614583333333333
0 0.1564814814814815 0.40078125 0.031481481481481485 0.018229166666666668
0 0.1814814814814815 0.47161458333333334 0.016666666666666666 0.0171875
0 0.06851851851851852 0.5377604166666666 0.03888888888888889 0.022395833333333334
0 0.010648148148148148 0.10494791666666667 0.017592592592592594 0.024479166666666666
0 0.12083333333333333 0.3697916666666667 0.025 0.016666666666666666
0 0.10740740740740741 0.34661458333333334 0.02962962962962963 0.0140625
0 0.08009259259259259 0.353125 0.032407407407407406 0.019791666666666666
0 0.046759259259259264 0.37395833333333334 0.03425925925925926 0.017708333333333333
