0 0.9351851851851852 0.7583333333333333 0.022222222222222223 0.02395833333333333
0 0.8745370370370371 0.740625 0.021296296296296296 0.020833333333333332
0 0.9837962962962963 0.6026041666666666 0.032407407407407406 0.025
0 0.9597222222222223 0.55 0.025 0.0125
0 0.8226851851851852 0.8864583333333333 0.04537037037037037 0.03229166666666666
0 0.8523148148148149 0.87734375 0.04722222222222222 0.030729166666666665
0 0.7986111111111112 0.8018229166666666 0.04351851851851852 0.027604166666666666
0 0.7902777777777779 0.7692708333333333 0.03796296296296296 0.021875
0 0.7384259259259259 0.71328125 0.049074074074074076 0.028645833333333332
0 0.9819444444444445 0.36276041666666664 0.028703703703703703 0.01614583333333333
0 0.6305555555555555 0.7567708333333333 0.02592592592592593 0.01875
0 0.563425925925926 0.8401041666666667 0.03981481481481482 0.028125
0 0.8782407407407408 0.5848958333333333 0.03796296296296296 0.019791666666666666
0 0.7916666666666667 0.54296875 0.022222222222222223 0.018229166666666668
0 0.8407407407407408 0.4828125 0.024074074074074074 0.014583333333333334
0 0.788425925925926 0.5182291666666666 0.025 0.014583333333333334
0 0.7819444444444444 0.4739583333333333 0.02314814814814815 0.011458333333333333
0 0.9546296296296297 0.384375 0.022222222222222223 0.0125
0 0.8699074074074075 0.3932291666666667 0.017592592592592594 0.010416666666666666
0 0.8564814814814815 0.38645833333333335 0.024074074074074074 0.010416666666666666
0 0.8425925925925927 0.40130208333333334 0.020370370370370372 0.0109375
0 0.950925925925926 0.26796875 0.03333333333333333 0.0203125
0 0.8402777777777778 0.22578125 0.030555555555555558 0.021354166666666667
0 0.7148148148148148 0.14505208333333333 0.02592592592592593 0.019270833333333334
0 0.7291666666666667 0.12890625 0.021296296296296296 0.0171875
0 0.7078703703703704 0.07421875 0.030555555555555558 0.009895833333333333
0 0.7495370370370371 0.2872395833333333 0.025 0.0140625
0 0.7314814814814815 0.26953125 0.02962962962962963 0.021354166666666667
0 0.6245370370370371 0.25885416666666666 0.026851851851851852 0.014583333333333334
0 0.6416666666666667 0.21171874999999998 0.02592592592592593 0.018229166666666668
0 0.7847222222222222 0.3833333333333333 0.03425925925925926 0.01875
0 0.7828703703703704 0.4109375 0.017592592592592594 0.016666666666666666
0 0.7611111111111112 0.41484375 0.03333333333333333 0.018229166666666668
0 0.7041666666666667 0.39427083333333335 0.025 0.014583333333333334
0 0.6990740740740741 0.375 0.02592592592592593 0.017708333333333333
0 0.6476851851851853 0.36302083333333335 0.032407407407407406 0.016666666666666666
0 0.674537037037037 0.4231770833333333 0.026851851851851852 0.0140625
0 0.649537037037037 0.528125 0.028703703703703703 0.017708333333333333
0 0.6412037037037037 0.5447916666666667 0.02314814814814815 0.014583333333333334
0 0.6199074074074075 0.5755208333333334 0.028703703703703703 0.013541666666666667
0 0.6699074074074074 0.6932291666666667 0.032407407407407406 0.015625
0 0.5805555555555556 0.6065104166666666 0.02777777777777778 0.013020833333333334
0 0.4675925925925926 0.7346354166666667 0.02592592592592593 0.019270833333333334
0 0.48935185185185187 0.6979166666666666 0.028703703703703703 0.021875
0 0.46990740740740744 0.6513020833333333 0.026851851851851852 0.0140625
0 0.4416666666666667 0.6494791666666666 0.022222222222222223 0.016666666666666666
0 0.41712962962962963 0.6411458333333333 0.019444444444444445 0.014583333333333334
0 0.4518518518518519 0.628125 0.024074074074074074 0.009375
0 0.3680555555555556 0.7421875 0.036111111111111115 0.016666666666666666
0 0.3703703703703704 0.709375 0.020370370370370372 0.019791666666666666
0 0.25462962962962965 0.7911458333333333 0.031481481481481485 0.026041666666666668
0 0.25925925925925924 0.68046875 0.02592592592592593 0.015104166666666667
0 0.36574074074074076 0.6020833333333333 0.02962962962962963 0.01875
0 0.2518518518518519 0.5611979166666666 0.031481481481481485 0.01614583333333333
0 0.24537037037037038 0.5721354166666667 0.02592592592592593 0.009895833333333333
0 0.21851851851851853 0.57421875 0.014814814814814815 0.0109375
0 0.3560185185185185 0.52421875 0.025 0.0140625
0 0.24074074074074076 0.50546875 0.03518518518518519 0.01614583333333333
0 0.2726851851851852 0.49374999999999997 0.026851851851851852 0.014583333333333334
0 0.23148148148148148 0.45546875 0.024074074074074074 0.0140625
0 0.21064814814814817 0.4348958333333333 0.03796296296296296 0.019791666666666666
0 0.25277777777777777 0.4322916666666667 0.031481481481481485 0.01875
0 0.27361111111111114 0.4276041666666667 0.019444444444444445 0.011458333333333333
0 0.4087962962962963 0.4890625 0.025 0.013541666666666667
0 0.3824074074074074 0.40911458333333334 0.03333333333333333 0.01614583333333333
0 0.36342592592592593 0.39088541666666665 0.028703703703703703 0.0109375
0 0.3574074074074074 0.33880208333333334 0.02962962962962963 0.018229166666666668
0 0.3689814814814815 0.28932291666666665 0.026851851851851852 0.018229166666666668
0 0.35370370370370374 0.2739583333333333 0.02592592592592593 0.014583333333333334
0 0.3 0.2609375 0.014814814814814815 0.0125
0 0.2828703703703704 0.2596354166666667 0.02314814814814815 0.0140625
0 0.2888888888888889 0.24921875 0.022222222222222223 0.013020833333333334
0 0.27685185185185185 0.23854166666666665 0.022222222222222223 0.010416666666666666
0 0.23101851851851854 0.23151041666666666 0.032407407407407406 0.0203125
0 0.26435185185185184 0.18515625 0.028703703703703703 0.0171875
0 0.6685185185185185 0.23411458333333332 0.022222222222222223 0.0109375
0 0.7912037037037037 0.30625 0.028703703703703703 0.0125
0 0.33101851851851855 0.4145833333333333 0.028703703703703703 0.016666666666666666
0 0.287962962962963 0.46041666666666664 0.018518518518518517 0.013541666666666667
0 0.20694444444444446 0.7151041666666667 0.04166666666666667 0.02395833333333333
0 0.1476851851851852 0.8247395833333333 0.03981481481481482 0.0234375
0 0.09814814814814815 0.87734375 0.05 0.024479166666666666
0 0.014814814814814815 0.5151041666666667 0.02592592592592593 0.019791666666666666
0 0.08981481481481482 0.896875 0.04259259259259259 0.021875
0 0.13333333333333333 0.8856770833333333 0.040740740740740744 0.028645833333333332
0 0.23564814814814816 0.40182291666666664 0.028703703703703703 0.015104166666666667
0 0.19398148148148148 0.5078125 0.021296296296296296 0.015625
0 0.1300925925925926 0.5643229166666667 0.030555555555555558 0.01614583333333333
0 0.16435185185185186 0.4 0.030555555555555558 0.01875
0 0.18842592592592594 0.47161458333333334 0.017592592592592594 0.0171875
0 0.0763888888888889 0.5375 0.03796296296296296 0.021875
0 0.01388888888888889 0.10807291666666667 0.024074074074074074 0.0203125
0 0.12824074074074074 0.3692708333333333 0.025 0.016666666666666666
0 0.11527777777777778 0.34609375 0.028703703703703703 0.015104166666666667
0 0.08796296296296297 0.3528645833333333 0.03333333333333333 0.0203125
0 0.055092592592592596 0.3736979166666667 0.03425925925925926 0.0171875
