0 0.021296296296296296 0.76015625 0.020370370370370372 0.0234375
0 0.08611111111111111 0.7427083333333333 0.020370370370370372 0.019791666666666666
0 0.1328703703703704 0.8890625 0.04722222222222222 0.03229166666666666
0 0.10555555555555556 0.8791666666666667 0.044444444444444446 0.03125
0 0.1615740740740741 0.8036458333333333 0.04351851851851852 0.028125
0 0.16990740740740742 0.7700520833333333 0.03981481481481482 0.022395833333333334
0 0.22268518518518518 0.7143229166666667 0.04537037037037037 0.028645833333333332
0 0.3976851851851852 0.8416666666666667 0.03981481481481482 0.027083333333333334
0 0.07731481481481482 0.5864583333333333 0.03796296296296296 0.019791666666666666
0 0.1712962962962963 0.54375 0.022222222222222223 0.01875
0 0.12222222222222223 0.4825520833333333 0.02592592592592593 0.0140625
0 0.17407407407407408 0.5182291666666666 0.02592592592592593 0.015625
0 0.18333333333333335 0.4739583333333333 0.02777777777777778 0.010416666666666666
0 0.09027777777777778 0.3924479166666667 0.017592592592592594 0.0109375
0 0.10324074074074074 0.38567708333333334 0.02314814814814815 0.0109375
0 0.1175925925925926 0.40078125 0.020370370370370372 0.0109375
0 0.0125 0.26640625 0.02314814814814815 0.021354166666666667
0 0.11805555555555557 0.22369791666666666 0.032407407407407406 0.021354166666666667
0 0.24305555555555555 0.14192708333333334 0.026851851851851852 0.019270833333333334
0 0.22870370370370371 0.12552083333333333 0.020370370370370372 0.016666666666666666
0 0.24953703703703706 0.07083333333333333 0.026851851851851852 0.011458333333333333
0 0.20972222222222223 0.2856770833333333 0.025 0.0140625
0 0.225 0.26796875 0.02962962962962963 0.021354166666666667
0 0.3365740740740741 0.2565104166666667 0.026851851851851852 0.015104166666666667
0 0.31712962962962965 0.209375 0.026851851851851852 0.017708333333333333
0 0.17222222222222222 0.38229166666666664 0.03518518518518519 0.020833333333333332
0 0.17592592592592593 0.41041666666666665 0.016666666666666666 0.016666666666666666
0 0.19722222222222224 0.4140625 0.03518518518518519 0.01875
0 0.25972222222222224 0.39348958333333334 0.025 0.0140625
0 0.2611111111111111 0.37395833333333334 0.02592592592592593 0.017708333333333333
0 0.3143518518518519 0.3625 0.028703703703703703 0.016666666666666666
0 0.28703703703703703 0.42265625 0.02777777777777778 0.0140625
0 0.3125 0.528125 0.030555555555555558 0.01875
0 0.32546296296296295 0.54453125 0.02314814814814815 0.0140625
0 0.3476851851851852 0.5755208333333334 0.02314814814814815 0.0125
0 0.29120370370370374 0.6940104166666666 0.03425925925925926 0.01614583333333333
0 0.3842592592592593 0.60625 0.02777777777777778 0.0125
0 0.5 0.7346354166666667 0.02592592592592593 0.019270833333333334
0 0.47731481481481486 0.69765625 0.028703703703703703 0.022395833333333334
0 0.4986111111111111 0.6510416666666666 0.026851851851851852 0.014583333333333334
0 0.5263888888888889 0.6494791666666666 0.02314814814814815 0.016666666666666666
0 0.5518518518518519 0.640625 0.018518518518518517 0.014583333333333334
0 0.5185185185185185 0.6276041666666666 0.024074074074074074 0.009375
0 0.5930555555555556 0.7421875 0.036111111111111115 0.017708333333333333
0 0.7064814814814815 0.790625 0.03333333333333333 0.026041666666666668
0 0.7087962962962964 0.6809895833333334 0.026851851851851852 0.013020833333333334
0 0.5972222222222222 0.6013020833333333 0.02962962962962963 0.019270833333333334
0 0.7138888888888889 0.56015625 0.031481481481481485 0.01614583333333333
0 0.7231481481481482 0.571875 0.02592592592592593 0.0125
0 0.7486111111111111 0.5731770833333333 0.01388888888888889 0.0109375
0 0.6129629629629629 0.5229166666666667 0.02592592592592593 0.014583333333333334
0 0.7245370370370371 0.50390625 0.03425925925925926 0.01614583333333333
0 0.6958333333333334 0.49296875 0.026851851851851852 0.0140625
0 0.7324074074074074 0.4544270833333333 0.024074074074074074 0.0140625
0 0.7527777777777778 0.43307291666666664 0.03888888888888889 0.019270833333333334
0 0.7106481481481481 0.43046875 0.030555555555555558 0.018229166666666668
0 0.6902777777777778 0.42682291666666666 0.019444444444444445 0.0109375
0 0.5532407407407408 0.48802083333333335 0.02314814814814815 0.013541666666666667
0 0.5865740740740741 0.4083333333333333 0.03796296296296296 0.015625
0 0.6027777777777777 0.3890625 0.02962962962962963 0.011458333333333333
0 0.6069444444444445 0.33697916666666666 0.028703703703703703 0.01875
0 0.5976851851851852 0.2872395833333333 0.026851851851851852 0.019270833333333334
0 0.612037037037037 0.2721354166666667 0.02592592592592593 0.015104166666666667
0 0.6662037037037037 0.25885416666666666 0.01388888888888889 0.0125
0 0.6833333333333333 0.25755208333333335 0.022222222222222223 0.0140625
0 0.6763888888888889 0.24687499999999998 0.02314814814814815 0.0125
0 0.6893518518518519 0.23619791666666667 0.02314814814814815 0.0109375
0 0.7328703703703704 0.22890625 0.032407407407407406 0.021354166666666667
0 0.7018518518518518 0.18203125 0.02962962962962963 0.0171875
0 0.2925925925925926 0.23203125 0.022222222222222223 0.0109375
0 0.17083333333333334 0.3046875 0.032407407407407406 0.013541666666666667
0 0.6375000000000001 0.41302083333333334 0.025 0.015625
0 0.6787037037037037 0.45989583333333334 0.020370370370370372 0.013541666666666667
0 0.7495370370370371 0.7145833333333333 0.04166666666666667 0.02395833333333333
0 0.8148148148148149 0.8236979166666667 0.03888888888888889 0.0234375
0 0.8643518518518519 0.8791666666666667 0.04537037037037037 0.02395833333333333
0 0.8722222222222222 0.896875 0.040740740740740744 0.019791666666666666
0 0.8217592592592593 0.88359375 0.05277777777777778 0.030729166666666665
0 0.7976851851851852 0.7489583333333333 0.015740740740740743 0.014583333333333334
0 0.9666666666666667 0.7265625 0.02962962962962963 0.020833333333333332
0 0.7305555555555556 0.4005208333333333 0.031481481481481485 0.016666666666666666
0 0.7740740740740741 0.5046875 0.02592592592592593 0.016666666666666666
0 0.8361111111111111 0.5635416666666666 0.02962962962962963 0.016666666666666666
0 0.8018518518518519 0.39869791666666665 0.03333333333333333 0.018229166666666668
0 0.7787037037037038 0.47031249999999997 0.022222222222222223 0.017708333333333333
0 0.9699074074074074 0.584375 0.03981481481481482 0.020833333333333332
0 0.8907407407407407 0.5359375 0.03518518518518519 0.022916666666666665
0 0.9962962962962963 0.12552083333333333 0.007407407407407408 0.016666666666666666
0 0.8388888888888889 0.3677083333333333 0.02592592592592593 0.016666666666666666
0 0.8550925925925926 0.3453125 0.026851851851851852 0.015625
0 0.8787037037037038 0.35104166666666664 0.03333333333333333 0.019791666666666666
0 0.9125000000000001 0.371875 0.030555555555555558 0.017708333333333333
0 0.9643518518518519 0.3921875 0.03796296296296296 0.022916666666666665
0 0.9634259259259259 0.4692708333333333 0.025 0.014583333333333334
0 0.9574074074074075 0.5127604166666666 0.040740740740740744 0.0203125
