0 0.011574074074074075 0.7606770833333333 0.019444444444444445 0.022395833333333334
0 0.0787037037037037 0.7434895833333334 0.020370370370370372 0.019270833333333334
0 0.12361111111111112 0.8890625 0.04722222222222222 0.03229166666666666
0 0.09675925925925927 0.8796875 0.04351851851851852 0.030208333333333334
0 0.15324074074074073 0.8039062499999999 0.04351851851851852 0.028645833333333332
0 0.1615740740740741 0.77109375 0.03981481481481482 0.022395833333333334
0 0.2152777777777778 0.71484375 0.04722222222222222 0.028645833333333332
0 0.38842592592592595 0.8416666666666667 0.03981481481481482 0.028125
0 0.06898148148148149 0.5864583333333333 0.03796296296296296 0.019791666666666666
0 0.1638888888888889 0.54375 0.022222222222222223 0.01875
0 0.11620370370370371 0.4825520833333333 0.025 0.0140625
0 0.16666666666666669 0.5177083333333333 0.02592592592592593 0.015625
0 0.08287037037037037 0.3927083333333333 0.019444444444444445 0.010416666666666666
0 0.09583333333333334 0.38567708333333334 0.02314814814814815 0.0109375
0 0.11018518518518519 0.40078125 0.020370370370370372 0.0109375
0 0.11203703703703705 0.22395833333333334 0.03333333333333333 0.020833333333333332
0 0.23703703703703705 0.14166666666666666 0.02777777777777778 0.019791666666666666
0 0.22175925925925927 0.12578125 0.021296296296296296 0.0171875
0 0.2425925925925926 0.07083333333333333 0.02777777777777778 0.011458333333333333
0 0.20277777777777778 0.2856770833333333 0.02592592592592593 0.0140625
0 0.21666666666666667 0.26796875 0.02962962962962963 0.021354166666666667
0 0.32962962962962966 0.25703125 0.02777777777777778 0.015104166666666667
0 0.3106481481481482 0.20911458333333333 0.026851851851851852 0.018229166666666668
0 0.16435185185185186 0.38177083333333334 0.03425925925925926 0.021875
0 0.1685185185185185 0.40989583333333335 0.016666666666666666 0.016666666666666666
0 0.18935185185185185 0.41432291666666665 0.03425925925925926 0.018229166666666668
0 0.2523148148148148 0.39348958333333334 0.025 0.0140625
0 0.2537037037037037 0.3736979166666667 0.02592592592592593 0.0171875
0 0.3078703703703704 0.36223958333333334 0.028703703703703703 0.01614583333333333
0 0.2800925925925926 0.42265625 0.026851851851851852 0.0140625
0 0.3060185185185185 0.5283854166666666 0.030555555555555558 0.018229166666666668
0 0.3194444444444445 0.5442708333333334 0.024074074074074074 0.013541666666666667
0 0.3416666666666667 0.5755208333333334 0.024074074074074074 0.0125
0 0.2837962962962963 0.6942708333333333 0.03425925925925926 0.016666666666666666
0 0.3773148148148148 0.60625 0.026851851851851852 0.0125
0 0.49259259259259264 0.7346354166666667 0.02592592592592593 0.019270833333333334
0 0.46990740740740744 0.6981770833333333 0.030555555555555558 0.021354166666666667
0 0.49212962962962964 0.6510416666666666 0.026851851851851852 0.014583333333333334
0 0.5203703703703704 0.6494791666666666 0.024074074074074074 0.016666666666666666
0 0.5458333333333334 0.6411458333333333 0.019444444444444445 0.014583333333333334
0 0.5120370370370371 0.6276041666666666 0.024074074074074074 0.009375
0 0.5847222222222223 0.7427083333333333 0.03425925925925926 0.017708333333333333
0 0.7000000000000001 0.7911458333333333 0.03333333333333333 0.026041666666666668
0 0.7018518518518518 0.6815104166666667 0.02592592592592593 0.013020833333333334
0 0.5902777777777778 0.6020833333333333 0.028703703703703703 0.019791666666666666
0 0.7078703703703704 0.5606770833333333 0.030555555555555558 0.01614583333333333
0 0.7162037037037037 0.5716145833333334 0.025 0.0109375
0 0.7421296296296297 0.5734375 0.01388888888888889 0.011458333333333333
0 0.6074074074074074 0.5234375 0.02592592592592593 0.014583333333333334
0 0.7180555555555556 0.5049479166666666 0.03425925925925926 0.01614583333333333
0 0.6893518518518519 0.49296875 0.026851851851851852 0.0140625
0 0.725 0.4549479166666667 0.024074074074074074 0.0140625
0 0.7458333333333333 0.43359375 0.03796296296296296 0.0203125
0 0.7037037037037037 0.43046875 0.031481481481481485 0.018229166666666668
0 0.6833333333333333 0.42682291666666666 0.020370370370370372 0.0109375
0 0.5453703703703704 0.48828125 0.024074074074074074 0.0140625
0 0.5805555555555556 0.4083333333333333 0.03888888888888889 0.015625
0 0.5976851851851852 0.38958333333333334 0.030555555555555558 0.011458333333333333
0 0.600925925925926 0.3372395833333333 0.02962962962962963 0.018229166666666668
0 0.5921296296296297 0.2875 0.026851851851851852 0.01875
0 0.6064814814814815 0.2721354166666667 0.02592592592592593 0.015104166666666667
0 0.6597222222222222 0.2591145833333333 0.01388888888888889 0.013020833333333334
0 0.6773148148148148 0.2578125 0.02314814814814815 0.014583333333333334
0 0.6694444444444445 0.24713541666666666 0.022222222222222223 0.013020833333333334
0 0.6833333333333333 0.23619791666666667 0.022222222222222223 0.0109375
0 0.7263888888888889 0.22916666666666666 0.032407407407407406 0.020833333333333332
0 0.6949074074074074 0.18229166666666666 0.028703703703703703 0.017708333333333333
0 0.28611111111111115 0.23203125 0.022222222222222223 0.0109375
0 0.16990740740740742 0.3052083333333333 0.028703703703703703 0.013541666666666667
0 0.6305555555555555 0.41354166666666664 0.024074074074074074 0.015625
0 0.6722222222222223 0.46041666666666664 0.022222222222222223 0.013541666666666667
0 0.7416666666666667 0.7153645833333333 0.040740740740740744 0.024479166666666666
0 0.8050925925925926 0.8247395833333333 0.03796296296296296 0.0234375
0 0.8537037037037037 0.8791666666666667 0.0462962962962963 0.026041666666666668
0 0.8634259259259259 0.8976562499999999 0.04166666666666667 0.0203125
0 0.8143518518518519 0.8841145833333334 0.049074074074074076 0.03177083333333333
0 0.7898148148148149 0.7497395833333333 0.016666666666666666 0.015104166666666667
0 0.9587962962962964 0.72734375 0.028703703703703703 0.021354166666666667
0 0.7231481481481482 0.4005208333333333 0.031481481481481485 0.016666666666666666
0 0.7675925925925926 0.50546875 0.02592592592592593 0.0171875
0 0.8287037037037037 0.5635416666666666 0.02962962962962963 0.016666666666666666
0 0.7958333333333334 0.3989583333333333 0.03425925925925926 0.01875
0 0.7722222222222223 0.4705729166666667 0.024074074074074074 0.018229166666666668
0 0.9625 0.5841145833333333 0.03981481481481482 0.0203125
0 0.8842592592592593 0.5364583333333334 0.037037037037037035 0.022916666666666665
0 0.9944444444444445 0.12473958333333333 0.011111111111111112 0.0203125
0 0.8319444444444445 0.3684895833333333 0.026851851851851852 0.0171875
0 0.8481481481481482 0.3455729166666667 0.02777777777777778 0.01614583333333333
0 0.8726851851851852 0.35130208333333335 0.032407407407407406 0.0203125
0 0.9060185185185186 0.37213541666666666 0.032407407407407406 0.018229166666666668
0 0.9574074074074075 0.3927083333333333 0.037037037037037035 0.022916666666666665
0 0.9569444444444445 0.46979166666666666 0.025 0.014583333333333334
0 0.950462962962963 0.5138020833333333 0.03981481481481482 0.0203125
