0 0.055092592592592596 0.74375 0.019444444444444445 0.020833333333333332
0 0.09675925925925927 0.890625 0.04722222222222222 0.03333333333333333
0 0.0699074074074074 0.8820312499999999 0.04722222222222222 0.030729166666666665
0 0.12916666666666668 0.8052083333333333 0.04351851851851852 0.028125
0 0.1375 0.7723958333333333 0.04166666666666667 0.021875
0 0.1912037037037037 0.71640625 0.049074074074074076 0.028645833333333332
0 0.36342592592592593 0.84140625 0.04166666666666667 0.0328125
0 0.04351851851851852 0.5872395833333334 0.037037037037037035 0.019270833333333334
0 0.1439814814814815 0.5447916666666667 0.02314814814814815 0.01875
0 0.22453703703703703 0.07395833333333333 0.02314814814814815 0.011458333333333333
0 0.0976851851851852 0.48385416666666664 0.025 0.014583333333333334
0 0.14675925925925926 0.5190104166666667 0.026851851851851852 0.015104166666666667
0 0.062037037037037036 0.3932291666666667 0.018518518518518517 0.011458333333333333
0 0.07592592592592592 0.38671875 0.024074074074074074 0.0109375
0 0.08935185185185185 0.4015625 0.019444444444444445 0.010416666666666666
0 0.09212962962962963 0.22526041666666666 0.03425925925925926 0.021354166666666667
0 0.21805555555555556 0.14375 0.026851851851851852 0.019791666666666666
0 0.20324074074074075 0.12760416666666666 0.021296296296296296 0.016666666666666666
0 0.18194444444444446 0.2869791666666667 0.025 0.013541666666666667
0 0.19583333333333333 0.26953125 0.030555555555555558 0.021354166666666667
0 0.3101851851851852 0.25807291666666665 0.02777777777777778 0.015104166666666667
0 0.29120370370370374 0.21145833333333333 0.026851851851851852 0.017708333333333333
0 0.14305555555555557 0.38229166666666664 0.036111111111111115 0.021875
0 0.1462962962962963 0.41119791666666666 0.016666666666666666 0.01614583333333333
0 0.1685185185185185 0.41562499999999997 0.03518518518518519 0.01875
0 0.2337962962962963 0.39479166666666665 0.025 0.014583333333333334
0 0.23425925925925928 0.37526041666666665 0.02592592592592593 0.018229166666666668
0 0.2865740740740741 0.36328125 0.028703703703703703 0.01614583333333333
0 0.25925925925925924 0.42343749999999997 0.02777777777777778 0.013541666666666667
0 0.2851851851851852 0.5296875 0.031481481481481485 0.01875
0 0.30092592592592593 0.5458333333333333 0.024074074074074074 0.013541666666666667
0 0.32222222222222224 0.5768229166666666 0.024074074074074074 0.013020833333333334
0 0.25972222222222224 0.6963541666666666 0.036111111111111115 0.017708333333333333
0 0.35694444444444445 0.6078125 0.026851851851851852 0.0125
0 0.47175925925925927 0.73671875 0.025 0.019270833333333334
0 0.44907407407407407 0.6994791666666667 0.031481481481481485 0.021875
0 0.47361111111111115 0.6528645833333333 0.026851851851851852 0.015104166666666667
0 0.5013888888888889 0.6518229166666667 0.02314814814814815 0.0171875
0 0.5273148148148148 0.6440104166666667 0.017592592592592594 0.011979166666666666
0 0.49444444444444446 0.6296875 0.024074074074074074 0.009375
0 0.5615740740740741 0.7442708333333333 0.03425925925925926 0.017708333333333333
0 0.675462962962963 0.7932291666666667 0.03425925925925926 0.026041666666666668
0 0.6787037037037037 0.6833333333333333 0.024074074074074074 0.0125
0 0.5680555555555555 0.6033854166666667 0.028703703703703703 0.0203125
0 0.6870370370370371 0.5619791666666667 0.02962962962962963 0.016666666666666666
0 0.6972222222222223 0.5731770833333333 0.02592592592592593 0.011979166666666666
0 0.7222222222222222 0.5747395833333333 0.012962962962962964 0.0109375
0 0.5888888888888889 0.525 0.02592592592592593 0.014583333333333334
0 0.6967592592592593 0.5065104166666666 0.03425925925925926 0.01614583333333333
0 0.6699074074074074 0.49505208333333334 0.026851851851851852 0.0140625
0 0.7037037037037037 0.45677083333333335 0.02592592592592593 0.014583333333333334
0 0.7245370370370371 0.4354166666666667 0.03796296296296296 0.019791666666666666
0 0.6814814814814815 0.4328125 0.031481481481481485 0.01875
0 0.6625 0.42864583333333334 0.019444444444444445 0.010416666666666666
0 0.5236111111111111 0.48984374999999997 0.02314814814814815 0.0140625
0 0.15416666666666667 0.30833333333333335 0.021296296296296296 0.010416666666666666
0 0.5611111111111111 0.41041666666666665 0.03518518518518519 0.014583333333333334
0 0.5796296296296296 0.39140625 0.02962962962962963 0.011979166666666666
0 0.5810185185185185 0.3390625 0.028703703703703703 0.01875
0 0.5736111111111112 0.2895833333333333 0.026851851851851852 0.01875
0 0.587037037037037 0.27447916666666666 0.02592592592592593 0.014583333333333334
0 0.6412037037037037 0.26171875 0.01388888888888889 0.011979166666666666
0 0.6587962962962963 0.26015625 0.02314814814814815 0.0140625
0 0.65 0.24947916666666667 0.022222222222222223 0.0125
0 0.6638888888888889 0.23854166666666665 0.024074074074074074 0.010416666666666666
0 0.7060185185185186 0.23203125 0.032407407407407406 0.021354166666666667
0 0.6763888888888889 0.18541666666666667 0.028703703703703703 0.017708333333333333
0 0.26712962962962966 0.23359375 0.02314814814814815 0.0109375
0 0.6101851851851852 0.41562499999999997 0.024074074074074074 0.015625
0 0.6527777777777778 0.46171875 0.022222222222222223 0.013020833333333334
0 0.7148148148148148 0.7166666666666667 0.040740740740740744 0.02395833333333333
0 0.7810185185185186 0.8263020833333333 0.03796296296296296 0.0234375
0 0.8287037037037037 0.8809895833333333 0.044444444444444446 0.024479166666666666
0 0.837962962962963 0.9002604166666667 0.040740740740740744 0.0203125
0 0.7898148148148149 0.8856770833333333 0.0462962962962963 0.03177083333333333
0 0.7671296296296296 0.7513020833333334 0.017592592592592594 0.015104166666666667
0 0.9361111111111111 0.7294270833333333 0.02962962962962963 0.021354166666666667
0 0.7027777777777778 0.40208333333333335 0.031481481481481485 0.016666666666666666
0 0.7467592592592592 0.5072916666666667 0.026851851851851852 0.016666666666666666
0 0.8083333333333333 0.5653645833333333 0.02962962962962963 0.01614583333333333
0 0.7731481481481481 0.40078125 0.031481481481481485 0.018229166666666668
0 0.7523148148148149 0.47265625 0.02314814814814815 0.018229166666666668
0 0.9393518518518519 0.5861979166666667 0.03981481481481482 0.021354166666666667
0 0.862962962962963 0.5380208333333333 0.03333333333333333 0.025
0 0.9828703703703704 0.12760416666666666 0.030555555555555558 0.020833333333333332
0 0.9768518518518519 0.22916666666666666 0.03333333333333333 0.013541666666666667
0 0.9708333333333333 0.334375 0.028703703703703703 0.016666666666666666
0 0.9800925925925926 0.31666666666666665 0.03425925925925926 0.01875
0 0.8125 0.37005208333333334 0.026851851851851852 0.0171875
0 0.8282407407407407 0.34739583333333335 0.026851851851851852 0.015625
0 0.851388888888889 0.3536458333333333 0.032407407407407406 0.020833333333333332
0 0.8856481481481482 0.37421875 0.030555555555555558 0.018229166666666668
0 0.9361111111111111 0.39401041666666664 0.037037037037037035 0.021354166666666667
0 0.9717592592592593 0.39427083333333335 0.036111111111111115 0.019791666666666666
0 0.9347222222222222 0.471875 0.025 0.014583333333333334
0 0.9291666666666667 0.5153645833333333 0.03981481481481482 0.0203125
