0 0.9467592592592593 0.74375 0.019444444444444445 0.020833333333333332
0 0.9050925925925927 0.890625 0.04722222222222222 0.03333333333333333
0 0.9319444444444445 0.8820312499999999 0.04722222222222222 0.030729166666666665
0 0.8726851851851852 0.8052083333333333 0.04351851851851852 0.028125
0 0.8643518518518519 0.7723958333333333 0.04166666666666667 0.021875
0 0.8106481481481482 0.71640625 0.049074074074074076 0.028645833333333332
0 0.638425925925926 0.84140625 0.04166666666666667 0.0328125
0 0.9583333333333334 0.5872395833333334 0.037037037037037035 0.019270833333333334
0 0.8578703703703704 0.5447916666666667 0.02314814814814815 0.01875
0 0.7773148148148148 0.07395833333333333 0.02314814814814815 0.011458333333333333
0 0.9041666666666667 0.48385416666666664 0.025 0.014583333333333334
0 0.8550925925925926 0.5190104166666667 0.026851851851851852 0.015104166666666667
0 0.9398148148148149 0.3932291666666667 0.018518518518518517 0.011458333333333333
0 0.9259259259259259 0.38671875 0.024074074074074074 0.0109375
0 0.9125000000000001 0.4015625 0.019444444444444445 0.010416666666666666
0 0.9097222222222222 0.22526041666666666 0.03425925925925926 0.021354166666666667
0 0.7837962962962963 0.14375 0.026851851851851852 0.019791666666666666
0 0.7986111111111112 0.12760416666666666 0.021296296296296296 0.016666666666666666
0 0.8199074074074074 0.2869791666666667 0.025 0.013541666666666667
0 0.8060185185185186 0.26953125 0.030555555555555558 0.021354166666666667
0 0.6916666666666667 0.25807291666666665 0.02777777777777778 0.015104166666666667
0 0.7106481481481481 0.21145833333333333 0.026851851851851852 0.017708333333333333
0 0.8587962962962963 0.38229166666666664 0.036111111111111115 0.021875
0 0.8555555555555556 0.41119791666666666 0.016666666666666666 0.01614583333333333
0 0.8333333333333334 0.41562499999999997 0.03518518518518519 0.01875
0 0.7680555555555556 0.39479166666666665 0.025 0.014583333333333334
0 0.7675925925925926 0.37526041666666665 0.02592592592592593 0.018229166666666668
0 0.7152777777777778 0.36328125 0.028703703703703703 0.01614583333333333
0 0.7425925925925926 0.42343749999999997 0.02777777777777778 0.013541666666666667
0 0.7166666666666667 0.5296875 0.031481481481481485 0.01875
0 0.700925925925926 0.5458333333333333 0.024074074074074074 0.013541666666666667
0 0.6796296296296297 0.5768229166666666 0.024074074074074074 0.013020833333333334
0 0.7421296296296297 0.6963541666666666 0.036111111111111115 0.017708333333333333
0 0.6449074074074075 0.6078125 0.026851851851851852 0.0125
0 0.5300925925925926 0.73671875 0.025 0.019270833333333334
0 0.5527777777777778 0.6994791666666667 0.031481481481481485 0.021875
0 0.5282407407407408 0.6528645833333333 0.026851851851851852 0.015104166666666667
0 0.500462962962963 0.6518229166666667 0.02314814814814815 0.0171875
0 0.47453703703703703 0.6440104166666667 0.017592592592592594 0.011979166666666666
0 0.5074074074074074 0.6296875 0.024074074074074074 0.009375
0 0.44027777777777777 0.7442708333333333 0.03425925925925926 0.017708333333333333
0 0.3263888888888889 0.7932291666666667 0.03425925925925926 0.026041666666666668
0 0.3231481481481482 0.6833333333333333 0.024074074074074074 0.0125
0 0.4337962962962963 0.6033854166666667 0.028703703703703703 0.0203125
0 0.3148148148148148 0.5619791666666667 0.02962962962962963 0.016666666666666666
0 0.30462962962962964 0.5731770833333333 0.02592592592592593 0.011979166666666666
0 0.2796296296296296 0.5747395833333333 0.012962962962962964 0.0109375
0 0.412962962962963 0.525 0.02592592592592593 0.014583333333333334
0 0.3050925925925926 0.5065104166666666 0.03425925925925926 0.01614583333333333
0 0.33194444444444443 0.49505208333333334 0.026851851851851852 0.0140625
0 0.29814814814814816 0.45677083333333335 0.02592592592592593 0.014583333333333334
0 0.27731481481481485 0.4354166666666667 0.03796296296296296 0.019791666666666666
0 0.32037037037037036 0.4328125 0.031481481481481485 0.01875
0 0.33935185185185185 0.42864583333333334 0.019444444444444445 0.010416666666666666
0 0.47824074074074074 0.48984374999999997 0.02314814814814815 0.0140625
0 0.8476851851851852 0.30833333333333335 0.021296296296296296 0.010416666666666666
0 0.44074074074074077 0.41041666666666665 0.03518518518518519 0.014583333333333334
0 0.4222222222222222 0.39140625 0.02962962962962963 0.011979166666666666
0 0.42083333333333334 0.3390625 0.028703703703703703 0.01875
0 0.42824074074074076 0.2895833333333333 0.026851851851851852 0.01875
0 0.41481481481481486 0.27447916666666666 0.02592592592592593 0.014583333333333334
0 0.36064814814814816 0.26171875 0.01388888888888889 0.011979166666666666
0 0.34305555555555556 0.26015625 0.02314814814814815 0.0140625
0 0.35185185185185186 0.24947916666666667 0.022222222222222223 0.0125
0 0.33796296296296297 0.23854166666666665 0.024074074074074074 0.010416666666666666
0 0.29583333333333334 0.23203125 0.032407407407407406 0.021354166666666667
0 0.32546296296296295 0.18541666666666667 0.028703703703703703 0.017708333333333333
0 0.7347222222222223 0.23359375 0.02314814814814815 0.0109375
0 0.39166666666666666 0.41562499999999997 0.024074074074074074 0.015625
0 0.3490740740740741 0.46171875 0.022222222222222223 0.013020833333333334
0 0.28703703703703703 0.7166666666666667 0.040740740740740744 0.02395833333333333
0 0.22083333333333335 0.8263020833333333 0.03796296296296296 0.0234375
0 0.17314814814814816 0.8809895833333333 0.044444444444444446 0.024479166666666666
0 0.1638888888888889 0.9002604166666667 0.040740740740740744 0.0203125
0 0.21203703703703705 0.8856770833333333 0.0462962962962963 0.03177083333333333
0 0.23472222222222222 0.7513020833333334 0.017592592592592594 0.015104166666666667
0 0.06574074074074074 0.7294270833333333 0.02962962962962963 0.021354166666666667
0 0.2990740740740741 0.40208333333333335 0.031481481481481485 0.016666666666666666
0 0.2550925925925926 0.5072916666666667 0.026851851851851852 0.016666666666666666
0 0.19351851851851853 0.5653645833333333 0.02962962962962963 0.01614583333333333
0 0.22870370370370371 0.40078125 0.031481481481481485 0.018229166666666668
0 0.24953703703703706 0.47265625 0.02314814814814815 0.018229166666666668
0 0.0625 0.5861979166666667 0.03981481481481482 0.021354166666666667
0 0.1388888888888889 0.5380208333333333 0.03333333333333333 0.025
0 0.01898148148148148 0.12760416666666666 0.030555555555555558 0.020833333333333332
0 0.025 0.22916666666666666 0.03333333333333333 0.013541666666666667
0 0.031018518518518518 0.334375 0.028703703703703703 0.016666666666666666
0 0.02175925925925926 0.31666666666666665 0.03425925925925926 0.01875
0 0.18935185185185185 0.37005208333333334 0.026851851851851852 0.0171875
0 0.1736111111111111 0.34739583333333335 0.026851851851851852 0.015625
0 0.15046296296296297 0.3536458333333333 0.032407407407407406 0.020833333333333332
0 0.11620370370370371 0.37421875 0.030555555555555558 0.018229166666666668
0 0.06574074074074074 0.39401041666666664 0.037037037037037035 0.021354166666666667
0 0.030092592592592594 0.39427083333333335 0.036111111111111115 0.019791666666666666
0 0.06712962962962964 0.471875 0.025 0.014583333333333334
0 0.07268518518518519 0.5153645833333333 0.03981481481481482 0.0203125
