0 0.026851851851851852 0.74765625 0.018518518518518517 0.0203125
0 0.06435185185185185 0.8950520833333333 0.04722222222222222 0.0328125
0 0.04027777777777778 0.8859374999999999 0.03981481481481482 0.030208333333333334
0 0.09814814814814815 0.8088541666666667 0.0462962962962963 0.029166666666666667
0 0.10648148148148148 0.7763020833333333 0.04259259259259259 0.021354166666666667
0 0.1587962962962963 0.7200520833333334 0.05092592592592593 0.027604166666666666
0 0.3314814814814815 0.8429687499999999 0.044444444444444446 0.03697916666666667
0 0.016203703703703703 0.59140625 0.028703703703703703 0.019270833333333334
0 0.11712962962962964 0.5484375 0.02314814814814815 0.01875
0 0.07175925925925926 0.48671875 0.021296296296296296 0.0140625
0 0.12037037037037038 0.5221354166666666 0.02777777777777778 0.01614583333333333
0 0.03657407407407408 0.3966145833333333 0.017592592592592594 0.0109375
0 0.050462962962962966 0.39036458333333335 0.02314814814814815 0.0109375
0 0.06296296296296297 0.4049479166666667 0.018518518518518517 0.0109375
0 0.06666666666666667 0.22994791666666667 0.03333333333333333 0.021354166666666667
0 0.19212962962962965 0.14921875 0.026851851851851852 0.019270833333333334
0 0.17731481481481481 0.13333333333333333 0.021296296296296296 0.016666666666666666
0 0.19953703703703704 0.08072916666666667 0.021296296296296296 0.0125
0 0.1550925925925926 0.2908854166666667 0.026851851851851852 0.0140625
0 0.16666666666666669 0.27369791666666665 0.02962962962962963 0.021354166666666667
0 0.2833333333333333 0.26276041666666666 0.02777777777777778 0.015104166666666667
0 0.2652777777777778 0.21614583333333334 0.026851851851851852 0.017708333333333333
0 0.11481481481481481 0.38619791666666664 0.03518518518518519 0.022395833333333334
0 0.11851851851851852 0.4140625 0.016666666666666666 0.015625
0 0.1398148148148148 0.4184895833333333 0.03518518518518519 0.018229166666666668
0 0.2087962962962963 0.39817708333333335 0.025 0.0140625
0 0.2064814814814815 0.37890625 0.02592592592592593 0.0171875
0 0.25972222222222224 0.3671875 0.028703703703703703 0.016666666666666666
0 0.23333333333333334 0.4265625 0.02962962962962963 0.014583333333333334
0 0.2587962962962963 0.5322916666666666 0.032407407407407406 0.01875
0 0.27592592592592596 0.5489583333333333 0.024074074074074074 0.014583333333333334
0 0.2976851851851852 0.5802083333333333 0.025 0.0125
0 0.2300925925925926 0.6994791666666667 0.03796296296296296 0.01875
0 0.32962962962962966 0.6106770833333334 0.02592592592592593 0.011979166666666666
0 0.44537037037037036 0.7403645833333333 0.024074074074074074 0.018229166666666668
0 0.4236111111111111 0.7033854166666667 0.030555555555555558 0.022395833333333334
0 0.4486111111111111 0.6559895833333333 0.026851851851851852 0.015104166666666667
0 0.47685185185185186 0.6544270833333333 0.024074074074074074 0.0171875
0 0.5027777777777778 0.6466145833333333 0.016666666666666666 0.0109375
0 0.4703703703703704 0.6328125 0.024074074074074074 0.009375
0 0.5300925925925926 0.7473958333333334 0.03425925925925926 0.01875
0 0.6444444444444445 0.796875 0.03333333333333333 0.026041666666666668
0 0.6481481481481481 0.6864583333333333 0.018518518518518517 0.011458333333333333
0 0.5388888888888889 0.60703125 0.02777777777777778 0.0203125
0 0.6611111111111111 0.5651041666666666 0.02962962962962963 0.016666666666666666
0 0.6717592592592593 0.5765625 0.026851851851851852 0.0125
0 0.6958333333333334 0.5770833333333333 0.01388888888888889 0.010416666666666666
0 0.5657407407407408 0.5283854166666666 0.02592592592592593 0.015104166666666667
0 0.6703703703703704 0.5096354166666667 0.03333333333333333 0.01614583333333333
0 0.6449074074074075 0.4981770833333333 0.025 0.013020833333333334
0 0.675462962962963 0.45989583333333334 0.025 0.014583333333333334
0 0.6958333333333334 0.4388020833333333 0.03796296296296296 0.019270833333333334
0 0.6532407407407408 0.43645833333333334 0.030555555555555558 0.01875
0 0.6351851851851852 0.43255208333333334 0.018518518518518517 0.009895833333333333
0 0.4962962962962963 0.4934895833333333 0.024074074074074074 0.0140625
0 0.5342592592592593 0.4145833333333333 0.03518518518518519 0.014583333333333334
0 0.5532407407407408 0.39453125 0.032407407407407406 0.013020833333333334
0 0.5546296296296297 0.34322916666666664 0.02962962962962963 0.01875
0 0.549074074074074 0.2934895833333333 0.02592592592592593 0.018229166666666668
0 0.5625 0.27890625 0.025 0.015104166666666667
0 0.6152777777777778 0.26640625 0.01388888888888889 0.011979166666666666
0 0.6328703703703704 0.26484375 0.02314814814814815 0.0140625
0 0.6240740740740741 0.25416666666666665 0.022222222222222223 0.0125
0 0.638425925925926 0.24322916666666666 0.02314814814814815 0.010416666666666666
0 0.6782407407407408 0.23697916666666666 0.032407407407407406 0.020833333333333332
0 0.65 0.190625 0.02777777777777778 0.017708333333333333
0 0.24166666666666667 0.23854166666666665 0.022222222222222223 0.011458333333333333
0 0.1287037037037037 0.31223958333333335 0.022222222222222223 0.009895833333333333
0 0.5833333333333334 0.41875 0.022222222222222223 0.015625
0 0.6291666666666667 0.4653645833333333 0.019444444444444445 0.0140625
0 0.6796296296296297 0.7205729166666667 0.03888888888888889 0.024479166666666666
0 0.7490740740740741 0.8299479166666667 0.037037037037037035 0.024479166666666666
0 0.7949074074074074 0.8856770833333333 0.04166666666666667 0.025520833333333333
0 0.8060185185185186 0.9046875 0.03981481481481482 0.019791666666666666
0 0.7620370370370371 0.8901041666666667 0.04814814814814815 0.027083333333333334
0 0.7384259259259259 0.7546875 0.019444444444444445 0.015625
0 0.9083333333333333 0.7317708333333334 0.03518518518518519 0.022916666666666665
0 0.674074074074074 0.40625 0.02777777777777778 0.017708333333333333
0 0.7212962962962963 0.51015625 0.02962962962962963 0.01614583333333333
0 0.7837962962962963 0.56796875 0.036111111111111115 0.01614583333333333
0 0.7449074074074075 0.4049479166666667 0.030555555555555558 0.018229166666666668
0 0.7282407407407407 0.47552083333333334 0.02314814814814815 0.017708333333333333
0 0.9106481481481482 0.5895833333333333 0.03796296296296296 0.019791666666666666
0 0.8351851851851853 0.5416666666666666 0.031481481481481485 0.025
0 0.9083333333333333 0.24114583333333334 0.020370370370370372 0.015625
0 0.9546296296296297 0.13385416666666666 0.031481481481481485 0.020833333333333332
0 0.9486111111111112 0.23333333333333334 0.036111111111111115 0.014583333333333334
0 0.9791666666666667 0.2734375 0.032407407407407406 0.020833333333333332
0 0.9435185185185185 0.3372395833333333 0.02777777777777778 0.01614583333333333
0 0.9537037037037037 0.32005208333333335 0.044444444444444446 0.0171875
0 0.7861111111111111 0.37395833333333334 0.02777777777777778 0.016666666666666666
0 0.800462962962963 0.3520833333333333 0.026851851851851852 0.015625
0 0.8240740740740741 0.3580729166666667 0.03333333333333333 0.0203125
0 0.8583333333333334 0.37786458333333334 0.02962962962962963 0.0171875
0 0.9078703703703704 0.396875 0.036111111111111115 0.019791666666666666
0 0.9439814814814815 0.39817708333333335 0.03425925925925926 0.0203125
0 0.9782407407407407 0.4419270833333333 0.032407407407407406 0.0171875
0 0.9074074074074074 0.4752604166666667 0.02592592592592593 0.015104166666666667
0 0.9023148148148149 0.5190104166666667 0.03981481481481482 0.0203125
0 0.9856481481481482 0.56796875 0.028703703703703703 0.018229166666666668
0 0.9717592592592593 0.5794270833333334 0.03796296296296296 0.0203125
0 0.9861111111111112 0.5958333333333333 0.02777777777777778 0.016666666666666666
