0 0.018518518518518517 0.7484375 0.018518518518518517 0.019791666666666666
0 0.055092592592592596 0.8966145833333333 0.04722222222222222 0.0328125
0 0.03194444444444445 0.8869791666666667 0.03981481481481482 0.030208333333333334
0 0.08935185185185185 0.8104166666666667 0.04537037037037037 0.030208333333333334
0 0.0976851851851852 0.7776041666666667 0.04166666666666667 0.021875
0 0.1513888888888889 0.7208333333333333 0.05277777777777778 0.028125
0 0.3226851851851852 0.84453125 0.04351851851851852 0.0359375
0 0.11064814814814815 0.5489583333333333 0.02314814814814815 0.01875
0 0.06527777777777778 0.4875 0.021296296296296296 0.014583333333333334
0 0.11296296296296297 0.5229166666666667 0.02777777777777778 0.015625
0 0.02962962962962963 0.39765625 0.018518518518518517 0.0109375
0 0.04259259259259259 0.39140625 0.022222222222222223 0.0109375
0 0.05601851851851852 0.40598958333333335 0.019444444444444445 0.0109375
0 0.061111111111111116 0.23151041666666666 0.03333333333333333 0.021354166666666667
0 0.18564814814814815 0.15130208333333334 0.026851851851851852 0.019270833333333334
0 0.17083333333333334 0.13541666666666666 0.021296296296296296 0.016666666666666666
0 0.19212962962962965 0.0828125 0.021296296296296296 0.0125
0 0.14814814814814814 0.29244791666666664 0.02592592592592593 0.0140625
0 0.15972222222222224 0.2747395833333333 0.030555555555555558 0.0203125
0 0.27685185185185185 0.2638020833333333 0.02777777777777778 0.015104166666666667
0 0.25787037037037036 0.21770833333333334 0.026851851851851852 0.017708333333333333
0 0.10787037037037038 0.3872395833333333 0.036111111111111115 0.022395833333333334
0 0.11157407407407408 0.4153645833333333 0.015740740740740743 0.01614583333333333
0 0.13333333333333333 0.4200520833333333 0.03518518518518519 0.018229166666666668
0 0.20324074074074075 0.39869791666666665 0.025 0.0140625
0 0.19953703703703704 0.3794270833333333 0.025 0.0171875
0 0.2523148148148148 0.36796875 0.028703703703703703 0.01614583333333333
0 0.22685185185185186 0.4278645833333333 0.02962962962962963 0.015104166666666667
0 0.250462962962963 0.53359375 0.032407407407407406 0.018229166666666668
0 0.2689814814814815 0.55 0.025 0.014583333333333334
0 0.2902777777777778 0.58125 0.025 0.0125
0 0.22175925925925927 0.70078125 0.03981481481481482 0.018229166666666668
0 0.3226851851851852 0.6119791666666666 0.025 0.0125
0 0.437962962962963 0.7419270833333333 0.024074074074074074 0.0171875
0 0.41574074074074074 0.7044270833333334 0.02962962962962963 0.022395833333333334
0 0.44212962962962965 0.65703125 0.026851851851851852 0.015104166666666667
0 0.4703703703703704 0.6559895833333333 0.024074074074074074 0.018229166666666668
0 0.4967592592592593 0.6479166666666667 0.017592592592592594 0.011458333333333333
0 0.4638888888888889 0.6338541666666666 0.024074074074074074 0.009375
0 0.5212962962962964 0.7489583333333333 0.037037037037037035 0.017708333333333333
0 0.6365740740740741 0.7981770833333334 0.032407407407407406 0.025520833333333333
0 0.6398148148148148 0.6869791666666667 0.016666666666666666 0.011458333333333333
0 0.5310185185185186 0.6075520833333333 0.028703703703703703 0.0203125
0 0.6537037037037037 0.5661458333333333 0.02962962962962963 0.016666666666666666
0 0.6652777777777779 0.57734375 0.026851851851851852 0.011979166666666666
0 0.6893518518518519 0.5783854166666667 0.01388888888888889 0.009895833333333333
0 0.5592592592592592 0.5294270833333333 0.02592592592592593 0.015104166666666667
0 0.6625 0.5106770833333333 0.032407407407407406 0.01614583333333333
0 0.637962962962963 0.49973958333333335 0.024074074074074074 0.0140625
0 0.6680555555555556 0.4609375 0.025 0.014583333333333334
0 0.6875 0.4395833333333333 0.03796296296296296 0.019791666666666666
0 0.6453703703703704 0.43671875 0.031481481481481485 0.018229166666666668
0 0.6277777777777778 0.43359375 0.016666666666666666 0.009895833333333333
0 0.487962962962963 0.4942708333333333 0.022222222222222223 0.013541666666666667
0 0.5277777777777778 0.4153645833333333 0.03333333333333333 0.015104166666666667
0 0.5476851851851852 0.39557291666666666 0.032407407407407406 0.013020833333333334
0 0.5476851851851852 0.34453125 0.028703703703703703 0.018229166666666668
0 0.5421296296296296 0.2950520833333333 0.026851851851851852 0.018229166666666668
0 0.5555555555555556 0.2799479166666667 0.024074074074074074 0.015104166666666667
0 0.6087962962962963 0.2671875 0.01388888888888889 0.011458333333333333
0 0.625925925925926 0.26640625 0.022222222222222223 0.0140625
0 0.6166666666666667 0.2557291666666667 0.022222222222222223 0.0125
0 0.6305555555555555 0.24505208333333334 0.024074074074074074 0.009895833333333333
0 0.6708333333333334 0.23802083333333332 0.032407407407407406 0.020833333333333332
0 0.6435185185185185 0.1921875 0.02777777777777778 0.017708333333333333
0 0.2351851851851852 0.23958333333333334 0.022222222222222223 0.011458333333333333
0 0.12222222222222223 0.31354166666666666 0.022222222222222223 0.010416666666666666
0 0.5768518518518518 0.4197916666666667 0.022222222222222223 0.015625
0 0.6217592592592592 0.46640624999999997 0.021296296296296296 0.0140625
0 0.6712962962962963 0.7216145833333333 0.03888888888888889 0.024479166666666666
0 0.7398148148148148 0.8312499999999999 0.037037037037037035 0.02395833333333333
0 0.7865740740740741 0.8864583333333333 0.04166666666666667 0.026041666666666668
0 0.7972222222222223 0.9065104166666667 0.03888888888888889 0.0203125
0 0.7541666666666667 0.8908854166666667 0.04537037037037037 0.027604166666666666
0 0.7314814814814815 0.75546875 0.018518518518518517 0.01614583333333333
0 0.9013888888888889 0.7330729166666666 0.03425925925925926 0.0234375
0 0.6675925925925926 0.4067708333333333 0.02962962962962963 0.017708333333333333
0 0.7138888888888889 0.5111979166666667 0.02962962962962963 0.01614583333333333
0 0.7763888888888889 0.56875 0.03425925925925926 0.015625
0 0.736574074074074 0.40520833333333334 0.030555555555555558 0.017708333333333333
0 0.7212962962962963 0.47682291666666665 0.024074074074074074 0.0171875
0 0.9032407407407408 0.5903645833333333 0.03796296296296296 0.0203125
0 0.8268518518518518 0.5421875 0.037037037037037035 0.021875
0 0.9 0.2421875 0.022222222222222223 0.015625
0 0.9472222222222223 0.1359375 0.031481481481481485 0.020833333333333332
0 0.9407407407407408 0.23489583333333333 0.03518518518518519 0.014583333333333334
0 0.9722222222222222 0.2747395833333333 0.031481481481481485 0.021354166666666667
0 0.9356481481481482 0.3390625 0.028703703703703703 0.016666666666666666
0 0.9476851851851852 0.32109375 0.04351851851851852 0.0171875
0 0.7787037037037038 0.3755208333333333 0.02777777777777778 0.016666666666666666
0 0.7944444444444445 0.3528645833333333 0.02777777777777778 0.01614583333333333
0 0.8166666666666667 0.35885416666666664 0.031481481481481485 0.019791666666666666
0 0.85 0.3794270833333333 0.02962962962962963 0.0171875
0 0.899537037037037 0.39791666666666664 0.036111111111111115 0.019791666666666666
0 0.9361111111111111 0.39947916666666666 0.03518518518518519 0.019791666666666666
0 0.9884259259259259 0.4122395833333333 0.02314814814814815 0.022395833333333334
0 0.9708333333333333 0.4432291666666667 0.032407407407407406 0.016666666666666666
0 0.899537037037037 0.47630208333333335 0.025 0.015104166666666667
0 0.8944444444444445 0.5197916666666667 0.03888888888888889 0.019791666666666666
0 0.9814814814814815 0.5690104166666666 0.03518518518518519 0.0171875
0 0.9634259259259259 0.5807291666666666 0.03796296296296296 0.019791666666666666
0 0.9810185185185185 0.5966145833333333 0.030555555555555558 0.01614583333333333
