0 0.02638888888888889 0.9002604166666667 0.04722222222222222 0.0328125
0 0.014814814814814815 0.8921875 0.02592592592592593 0.03333333333333333
0 0.062037037037037036 0.8138020833333334 0.0462962962962963 0.0296875
0 0.07175925925925926 0.78125 0.04166666666666667 0.021875
0 0.12407407407407407 0.7244791666666667 0.053703703703703705 0.028125
0 0.2967592592592593 0.8479166666666667 0.04351851851851852 0.036458333333333336
0 0.043055555555555555 0.48984374999999997 0.021296296296296296 0.013020833333333334
0 0.08657407407407408 0.5513020833333333 0.02314814814814815 0.018229166666666668
0 0.1087962962962963 0.48072916666666665 0.026851851851851852 0.011458333333333333
0 0.09398148148148149 0.5260416666666666 0.02314814814814815 0.013541666666666667
0 0.018055555555555557 0.39427083333333335 0.021296296296296296 0.011458333333333333
0 0.032407407407407406 0.40859375 0.016666666666666666 0.0109375
0 0.0375 0.23489583333333333 0.03425925925925926 0.021875
0 0.16296296296296298 0.15338541666666666 0.02777777777777778 0.019270833333333334
0 0.1476851851851852 0.1375 0.021296296296296296 0.016666666666666666
0 0.1685185185185185 0.08541666666666667 0.022222222222222223 0.013541666666666667
0 0.12546296296296297 0.29401041666666666 0.025 0.0140625
0 0.13518518518518519 0.27682291666666664 0.02962962962962963 0.0203125
0 0.25462962962962965 0.26588541666666665 0.02962962962962963 0.015104166666666667
0 0.23472222222222222 0.21979166666666666 0.026851851851851852 0.017708333333333333
0 0.08148148148148149 0.38828125 0.03518518518518519 0.022395833333333334
0 0.08703703703703704 0.4171875 0.016666666666666666 0.015625
0 0.10648148148148148 0.42109375 0.03333333333333333 0.018229166666666668
0 0.18101851851851852 0.40078125 0.025 0.0140625
0 0.1763888888888889 0.38177083333333334 0.025 0.016666666666666666
0 0.22916666666666669 0.36953125 0.028703703703703703 0.0171875
0 0.20324074074074075 0.4296875 0.030555555555555558 0.015625
0 0.22777777777777777 0.5354166666666667 0.031481481481481485 0.01875
0 0.2476851851851852 0.5526041666666667 0.021296296296296296 0.013541666666666667
0 0.26944444444444443 0.5828125 0.02592592592592593 0.0125
0 0.20740740740740743 0.7020833333333333 0.02592592592592593 0.019791666666666666
0 0.3 0.6143229166666666 0.02962962962962963 0.011979166666666666
0 0.41481481481481486 0.7440104166666667 0.022222222222222223 0.018229166666666668
0 0.39351851851851855 0.70546875 0.031481481481481485 0.0203125
0 0.4240740740740741 0.6591145833333333 0.020370370370370372 0.0171875
0 0.44953703703703707 0.6575520833333334 0.02314814814814815 0.01614583333333333
0 0.4444444444444445 0.6356770833333333 0.02777777777777778 0.009895833333333333
0 0.4986111111111111 0.7510416666666666 0.03425925925925926 0.017708333333333333
0 0.6125 0.7997395833333333 0.032407407407407406 0.0265625
0 0.5069444444444444 0.6091145833333333 0.026851851851851852 0.0203125
0 0.6328703703703704 0.5671875 0.028703703703703703 0.015625
0 0.6486111111111111 0.57734375 0.028703703703703703 0.015104166666666667
0 0.5402777777777777 0.53046875 0.02314814814814815 0.0140625
0 0.6416666666666667 0.5127604166666666 0.031481481481481485 0.015104166666666667
0 0.6171296296296297 0.50078125 0.02314814814814815 0.0140625
0 0.6462962962962964 0.46328125 0.024074074074074074 0.0140625
0 0.6657407407407407 0.4419270833333333 0.037037037037037035 0.018229166666666668
0 0.6231481481481481 0.4380208333333333 0.03333333333333333 0.017708333333333333
0 0.46435185185185185 0.49635416666666665 0.021296296296296296 0.0125
0 0.5083333333333333 0.41770833333333335 0.022222222222222223 0.0125
0 0.5282407407407408 0.39739583333333334 0.025 0.011458333333333333
0 0.5268518518518519 0.3458333333333333 0.02962962962962963 0.01875
0 0.5226851851851853 0.296875 0.025 0.01875
0 0.5347222222222222 0.2817708333333333 0.025 0.014583333333333334
0 0.587962962962963 0.26875 0.012962962962962964 0.011458333333333333
0 0.6060185185185185 0.2677083333333333 0.021296296296296296 0.014583333333333334
0 0.5939814814814816 0.25703125 0.021296296296296296 0.011979166666666666
0 0.6092592592592593 0.24765625 0.024074074074074074 0.0109375
0 0.6481481481481481 0.23880208333333333 0.02962962962962963 0.019270833333333334
0 0.6222222222222222 0.19296875 0.02592592592592593 0.018229166666666668
0 0.21296296296296297 0.24192708333333332 0.022222222222222223 0.011979166666666666
0 0.09861111111111112 0.3145833333333333 0.02314814814814815 0.011458333333333333
0 0.5555555555555556 0.42135416666666664 0.020370370370370372 0.015625
0 0.6 0.46901041666666665 0.02592592592592593 0.0171875
0 0.6453703703703704 0.7221354166666667 0.040740740740740744 0.024479166666666666
0 0.7148148148148148 0.8333333333333334 0.037037037037037035 0.02395833333333333
0 0.7587962962962963 0.8893229166666666 0.04166666666666667 0.0265625
0 0.7712962962962964 0.9091145833333333 0.03888888888888889 0.019270833333333334
0 0.7291666666666667 0.8937499999999999 0.04166666666666667 0.028125
0 0.7083333333333334 0.7572916666666667 0.020370370370370372 0.015625
0 0.8768518518518519 0.734375 0.03518518518518519 0.02395833333333333
0 0.6449074074074075 0.4080729166666667 0.028703703703703703 0.018229166666666668
0 0.6935185185185185 0.5122395833333333 0.02962962962962963 0.01614583333333333
0 0.7546296296296297 0.5697916666666667 0.03518518518518519 0.015625
0 0.7152777777777778 0.40703125 0.030555555555555558 0.018229166666666668
0 0.700925925925926 0.4778645833333333 0.024074074074074074 0.0171875
0 0.8796296296296297 0.5911458333333334 0.037037037037037035 0.019791666666666666
0 0.8106481481481482 0.5434895833333333 0.03425925925925926 0.021354166666666667
0 0.875462962962963 0.24348958333333334 0.025 0.0171875
0 0.925462962962963 0.13697916666666665 0.032407407407407406 0.020833333333333332
0 0.9199074074074074 0.23541666666666666 0.036111111111111115 0.015625
0 0.9523148148148148 0.275 0.032407407407407406 0.020833333333333332
0 0.9180555555555556 0.33932291666666664 0.032407407407407406 0.0171875
0 0.9740740740740741 0.3325520833333333 0.02777777777777778 0.0171875
0 0.9 0.31276041666666665 0.018518518518518517 0.011979166666666666
0 0.9273148148148148 0.32317708333333334 0.04166666666666667 0.01614583333333333
0 0.7578703703703704 0.37604166666666666 0.026851851851851852 0.016666666666666666
0 0.7722222222222223 0.3541666666666667 0.02777777777777778 0.015625
0 0.7953703703703704 0.36015625 0.031481481481481485 0.0203125
0 0.8291666666666667 0.3802083333333333 0.028703703703703703 0.017708333333333333
0 0.8777777777777778 0.39921875 0.03518518518518519 0.0203125
0 0.913888888888889 0.4 0.03518518518518519 0.019791666666666666
0 0.9699074074074074 0.41328125 0.030555555555555558 0.021354166666666667
0 0.9490740740740741 0.44375 0.03518518518518519 0.016666666666666666
0 0.8782407407407408 0.47682291666666665 0.026851851851851852 0.015104166666666667
0 0.8722222222222222 0.5205729166666666 0.03888888888888889 0.019270833333333334
0 0.9583333333333334 0.56953125 0.03518518518518519 0.0171875
0 0.9412037037037038 0.5815104166666667 0.03796296296296296 0.0203125
0 0.9578703703703704 0.59765625 0.030555555555555558 0.01614583333333333
