0 0.975462962962963 0.9002604166666667 0.04722222222222222 0.0328125
0 0.987037037037037 0.8921875 0.02592592592592593 0.03333333333333333
0 0.9398148148148149 0.8138020833333334 0.0462962962962963 0.0296875
0 0.9300925925925926 0.78125 0.04166666666666667 0.021875
0 0.8777777777777778 0.7244791666666667 0.053703703703703705 0.028125
0 0.7050925925925926 0.8479166666666667 0.04351851851851852 0.036458333333333336
0 0.9587962962962964 0.48984374999999997 0.021296296296296296 0.013020833333333334
0 0.9152777777777779 0.5513020833333333 0.02314814814814815 0.018229166666666668
0 0.8930555555555556 0.48072916666666665 0.026851851851851852 0.011458333333333333
0 0.9078703703703704 0.5260416666666666 0.02314814814814815 0.013541666666666667
0 0.9837962962962963 0.39427083333333335 0.021296296296296296 0.011458333333333333
0 0.9694444444444444 0.40859375 0.016666666666666666 0.0109375
0 0.9643518518518519 0.23489583333333333 0.03425925925925926 0.021875
0 0.8388888888888889 0.15338541666666666 0.02777777777777778 0.019270833333333334
0 0.8541666666666667 0.1375 0.021296296296296296 0.016666666666666666
0 0.8333333333333334 0.08541666666666667 0.022222222222222223 0.013541666666666667
0 0.8763888888888889 0.29401041666666666 0.025 0.0140625
0 0.8666666666666667 0.27682291666666664 0.02962962962962963 0.0203125
0 0.7472222222222222 0.26588541666666665 0.02962962962962963 0.015104166666666667
0 0.7671296296296296 0.21979166666666666 0.026851851851851852 0.017708333333333333
0 0.9203703703703704 0.38828125 0.03518518518518519 0.022395833333333334
0 0.9148148148148149 0.4171875 0.016666666666666666 0.015625
0 0.8953703703703704 0.42109375 0.03333333333333333 0.018229166666666668
0 0.8208333333333334 0.40078125 0.025 0.0140625
0 0.825462962962963 0.38177083333333334 0.025 0.016666666666666666
0 0.7726851851851853 0.36953125 0.028703703703703703 0.0171875
0 0.7986111111111112 0.4296875 0.030555555555555558 0.015625
0 0.7740740740740741 0.5354166666666667 0.031481481481481485 0.01875
0 0.7541666666666667 0.5526041666666667 0.021296296296296296 0.013541666666666667
0 0.7324074074074074 0.5828125 0.02592592592592593 0.0125
0 0.7944444444444445 0.7020833333333333 0.02592592592592593 0.019791666666666666
0 0.7018518518518518 0.6143229166666666 0.02962962962962963 0.011979166666666666
0 0.587037037037037 0.7440104166666667 0.022222222222222223 0.018229166666666668
0 0.6083333333333334 0.70546875 0.031481481481481485 0.0203125
0 0.5777777777777778 0.6591145833333333 0.020370370370370372 0.0171875
0 0.5523148148148148 0.6575520833333334 0.02314814814814815 0.01614583333333333
0 0.5574074074074075 0.6356770833333333 0.02777777777777778 0.009895833333333333
0 0.5032407407407408 0.7510416666666666 0.03425925925925926 0.017708333333333333
0 0.3893518518518519 0.7997395833333333 0.032407407407407406 0.0265625
0 0.4949074074074074 0.6091145833333333 0.026851851851851852 0.0203125
0 0.3689814814814815 0.5671875 0.028703703703703703 0.015625
0 0.35324074074074074 0.57734375 0.028703703703703703 0.015104166666666667
0 0.4615740740740741 0.53046875 0.02314814814814815 0.0140625
0 0.3601851851851852 0.5127604166666666 0.031481481481481485 0.015104166666666667
0 0.38472222222222224 0.50078125 0.02314814814814815 0.0140625
0 0.35555555555555557 0.46328125 0.024074074074074074 0.0140625
0 0.33611111111111114 0.4419270833333333 0.037037037037037035 0.018229166666666668
0 0.3787037037037037 0.4380208333333333 0.03333333333333333 0.017708333333333333
0 0.5375 0.49635416666666665 0.021296296296296296 0.0125
0 0.4935185185185185 0.41770833333333335 0.022222222222222223 0.0125
0 0.47361111111111115 0.39739583333333334 0.025 0.011458333333333333
0 0.47500000000000003 0.3458333333333333 0.02962962962962963 0.01875
0 0.4791666666666667 0.296875 0.025 0.01875
0 0.4671296296296297 0.2817708333333333 0.025 0.014583333333333334
0 0.4138888888888889 0.26875 0.012962962962962964 0.011458333333333333
0 0.39583333333333337 0.2677083333333333 0.021296296296296296 0.014583333333333334
0 0.4078703703703704 0.25703125 0.021296296296296296 0.011979166666666666
0 0.3925925925925926 0.24765625 0.024074074074074074 0.0109375
0 0.35370370370370374 0.23880208333333333 0.02962962962962963 0.019270833333333334
0 0.37962962962962965 0.19296875 0.02592592592592593 0.018229166666666668
0 0.788888888888889 0.24192708333333332 0.022222222222222223 0.011979166666666666
0 0.9032407407407408 0.3145833333333333 0.02314814814814815 0.011458333333333333
0 0.4462962962962963 0.42135416666666664 0.020370370370370372 0.015625
0 0.40185185185185185 0.46901041666666665 0.02592592592592593 0.0171875
0 0.3564814814814815 0.7221354166666667 0.040740740740740744 0.024479166666666666
0 0.28703703703703703 0.8333333333333334 0.037037037037037035 0.02395833333333333
0 0.24305555555555555 0.8893229166666666 0.04166666666666667 0.0265625
0 0.23055555555555557 0.9091145833333333 0.03888888888888889 0.019270833333333334
0 0.2726851851851852 0.8937499999999999 0.04166666666666667 0.028125
0 0.2935185185185185 0.7572916666666667 0.020370370370370372 0.015625
0 0.125 0.734375 0.03518518518518519 0.02395833333333333
0 0.35694444444444445 0.4080729166666667 0.028703703703703703 0.018229166666666668
0 0.30833333333333335 0.5122395833333333 0.02962962962962963 0.01614583333333333
0 0.24722222222222223 0.5697916666666667 0.03518518518518519 0.015625
0 0.2865740740740741 0.40703125 0.030555555555555558 0.018229166666666668
0 0.30092592592592593 0.4778645833333333 0.024074074074074074 0.0171875
0 0.12222222222222223 0.5911458333333334 0.037037037037037035 0.019791666666666666
0 0.1912037037037037 0.5434895833333333 0.03425925925925926 0.021354166666666667
0 0.12638888888888888 0.24348958333333334 0.025 0.0171875
0 0.0763888888888889 0.13697916666666665 0.032407407407407406 0.020833333333333332
0 0.08194444444444444 0.23541666666666666 0.036111111111111115 0.015625
0 0.04953703703703704 0.275 0.032407407407407406 0.020833333333333332
0 0.0837962962962963 0.33932291666666664 0.032407407407407406 0.0171875
0 0.02777777777777778 0.3325520833333333 0.02777777777777778 0.0171875
0 0.10185185185185186 0.31276041666666665 0.018518518518518517 0.011979166666666666
0 0.07453703703703704 0.32317708333333334 0.04166666666666667 0.01614583333333333
0 0.2439814814814815 0.37604166666666666 0.026851851851851852 0.016666666666666666
0 0.22962962962962963 0.3541666666666667 0.02777777777777778 0.015625
0 0.2064814814814815 0.36015625 0.031481481481481485 0.0203125
0 0.1726851851851852 0.3802083333333333 0.028703703703703703 0.017708333333333333
0 0.12407407407407407 0.39921875 0.03518518518518519 0.0203125
0 0.08796296296296297 0.4 0.03518518518518519 0.019791666666666666
0 0.03194444444444445 0.41328125 0.030555555555555558 0.021354166666666667
0 0.05277777777777778 0.44375 0.03518518518518519 0.016666666666666666
0 0.12361111111111112 0.47682291666666665 0.026851851851851852 0.015104166666666667
0 0.12962962962962962 0.5205729166666666 0.03888888888888889 0.019270833333333334
0 0.04351851851851852 0.56953125 0.03518518518518519 0.0171875
0 0.06064814814814815 0.5815104166666667 0.03796296296296296 0.0203125
0 0.04398148148148148 0.59765625 0.030555555555555558 0.01614583333333333
