0 0.018055555555555557 0.8981770833333333 0.032407407407407406 0.0359375
0 0.04814814814814815 0.8127604166666667 0.0462962962962963 0.0296875
0 0.05694444444444444 0.7802083333333333 0.04351851851851852 0.020833333333333332
0 0.10833333333333334 0.7229166666666667 0.05185185185185186 0.028125
0 0.2828703703703704 0.8466145833333333 0.04351851851851852 0.03697916666666667
0 0.09675925925925927 0.4791666666666667 0.030555555555555558 0.011458333333333333
0 0.07407407407407407 0.55 0.022222222222222223 0.017708333333333333
0 0.01898148148148148 0.4067708333333333 0.015740740740740743 0.0125
0 0.14953703703703705 0.15026041666666667 0.028703703703703703 0.0171875
0 0.08009259259259259 0.5244791666666666 0.02314814814814815 0.013541666666666667
0 0.13518518518518519 0.13463541666666667 0.024074074074074074 0.019270833333333334
0 0.024074074074074074 0.23203125 0.03518518518518519 0.022395833333333334
0 0.11157407407407408 0.29270833333333335 0.02314814814814815 0.0125
0 0.15555555555555556 0.0828125 0.022222222222222223 0.013541666666666667
0 0.12083333333333333 0.2752604166666667 0.030555555555555558 0.0203125
0 0.24166666666666667 0.26458333333333334 0.02962962962962963 0.015625
0 0.22222222222222224 0.21770833333333334 0.02592592592592593 0.016666666666666666
0 0.06666666666666667 0.3875 0.037037037037037035 0.021875
0 0.09398148148148149 0.4205729166666667 0.036111111111111115 0.018229166666666668
0 0.17037037037037037 0.3997395833333333 0.024074074074074074 0.0140625
0 0.16296296296296298 0.37994791666666666 0.02592592592592593 0.0171875
0 0.2152777777777778 0.3684895833333333 0.030555555555555558 0.01614583333333333
0 0.19074074074074074 0.42864583333333334 0.02962962962962963 0.015625
0 0.21574074074074076 0.5338541666666666 0.03333333333333333 0.01875
0 0.23750000000000002 0.5510416666666667 0.025 0.013541666666666667
0 0.2574074074074074 0.5815104166666667 0.02592592592592593 0.013020833333333334
0 0.19398148148148148 0.7005208333333334 0.02314814814814815 0.022916666666666665
0 0.2865740740740741 0.6130208333333333 0.028703703703703703 0.011458333333333333
0 0.4027777777777778 0.7424479166666667 0.022222222222222223 0.0171875
0 0.3819444444444445 0.7044270833333334 0.032407407407407406 0.0203125
0 0.412962962962963 0.6578125 0.024074074074074074 0.01875
0 0.4393518518518519 0.65625 0.02314814814814815 0.015625
0 0.4337962962962963 0.634375 0.026851851851851852 0.010416666666666666
0 0.4847222222222222 0.75 0.03425925925925926 0.017708333333333333
0 0.5976851851851852 0.7989583333333333 0.032407407407407406 0.027083333333333334
0 0.4935185185185185 0.6080729166666666 0.02592592592592593 0.0203125
0 0.6222222222222222 0.5661458333333333 0.02777777777777778 0.015625
0 0.6370370370370371 0.57734375 0.02777777777777778 0.013020833333333334
0 0.5291666666666667 0.5294270833333333 0.02314814814814815 0.0140625
0 0.6291666666666667 0.5114583333333333 0.030555555555555558 0.014583333333333334
0 0.6055555555555556 0.49921875 0.020370370370370372 0.013020833333333334
0 0.6347222222222223 0.4614583333333333 0.025 0.013541666666666667
0 0.6537037037037037 0.4401041666666667 0.037037037037037035 0.01875
0 0.611574074074074 0.4361979166666667 0.03425925925925926 0.0171875
0 0.45231481481481484 0.4947916666666667 0.021296296296296296 0.0125
0 0.49722222222222223 0.41562499999999997 0.022222222222222223 0.0125
0 0.5171296296296296 0.39557291666666666 0.025 0.011979166666666666
0 0.5148148148148148 0.3442708333333333 0.02962962962962963 0.019791666666666666
0 0.5115740740740741 0.2934895833333333 0.025 0.019270833333333334
0 0.525 0.2799479166666667 0.024074074074074074 0.015104166666666667
0 0.5805555555555556 0.26666666666666666 0.018518518518518517 0.014583333333333334
0 0.5953703703703704 0.265625 0.020370370370370372 0.014583333333333334
0 0.5837962962962964 0.25494791666666666 0.021296296296296296 0.011979166666666666
0 0.5995370370370371 0.24505208333333334 0.025 0.0109375
0 0.6370370370370371 0.23619791666666667 0.02962962962962963 0.019270833333333334
0 0.612037037037037 0.19010416666666666 0.02777777777777778 0.01875
0 0.20092592592592592 0.24114583333333334 0.022222222222222223 0.013541666666666667
0 0.08564814814814815 0.31197916666666664 0.02314814814814815 0.0125
0 0.5449074074074074 0.41953124999999997 0.021296296296296296 0.01614583333333333
0 0.5902777777777778 0.46848958333333335 0.025 0.0171875
0 0.6291666666666667 0.7216145833333333 0.03981481481481482 0.024479166666666666
0 0.700462962962963 0.8322916666666667 0.036111111111111115 0.02395833333333333
0 0.7430555555555556 0.8885416666666667 0.03981481481481482 0.027083333333333334
0 0.7143518518518519 0.89296875 0.04166666666666667 0.0265625
0 0.6962962962962963 0.75625 0.022222222222222223 0.015625
0 0.8643518518518519 0.7333333333333333 0.03425925925925926 0.02395833333333333
0 0.6337962962962963 0.4067708333333333 0.028703703703703703 0.01875
0 0.6828703703703703 0.5114583333333333 0.030555555555555558 0.016666666666666666
0 0.7425925925925926 0.56875 0.03518518518518519 0.015625
0 0.7032407407407407 0.40520833333333334 0.030555555555555558 0.017708333333333333
0 0.6902777777777778 0.47682291666666665 0.025 0.0171875
0 0.9800925925925926 0.7606770833333333 0.03981481481481482 0.018229166666666668
0 0.8685185185185186 0.5895833333333333 0.037037037037037035 0.019791666666666666
0 0.8009259259259259 0.5421875 0.02962962962962963 0.021875
0 0.8662037037037037 0.24140625 0.026851851851851852 0.018229166666666668
0 0.9171296296296296 0.13359375 0.032407407407407406 0.0203125
0 0.9111111111111111 0.23307291666666666 0.037037037037037035 0.015104166666666667
0 0.9430555555555556 0.27239583333333334 0.032407407407407406 0.020833333333333332
0 0.9092592592592593 0.3372395833333333 0.031481481481481485 0.0171875
0 0.9648148148148149 0.3307291666666667 0.02777777777777778 0.017708333333333333
0 0.8912037037037037 0.3109375 0.019444444444444445 0.0125
0 0.9194444444444445 0.32135416666666666 0.03888888888888889 0.016666666666666666
0 0.7486111111111111 0.375 0.026851851851851852 0.016666666666666666
0 0.762962962962963 0.35260416666666666 0.02777777777777778 0.015625
0 0.7851851851851852 0.3580729166666667 0.031481481481481485 0.0203125
0 0.8199074074074074 0.37838541666666664 0.028703703703703703 0.018229166666666668
0 0.8680555555555556 0.39739583333333334 0.03425925925925926 0.019791666666666666
0 0.9027777777777778 0.39869791666666665 0.03518518518518519 0.0203125
0 0.9592592592592593 0.41171874999999997 0.02962962962962963 0.021354166666666667
0 0.9393518518518519 0.44244791666666666 0.030555555555555558 0.0171875
0 0.9842592592592593 0.4544270833333333 0.031481481481481485 0.0203125
0 0.8671296296296297 0.47604166666666664 0.026851851851851852 0.015625
0 0.8615740740740742 0.51953125 0.03796296296296296 0.0203125
0 0.9462962962962963 0.5684895833333333 0.03518518518518519 0.0171875
0 0.9287037037037037 0.5802083333333333 0.03888888888888889 0.019791666666666666
0 0.9449074074074074 0.5963541666666666 0.030555555555555558 0.015625
0 0.9898148148148148 0.5239583333333333 0.020370370370370372 0.016666666666666666
0 0.9875 0.48203124999999997 0.025 0.015104166666666667
