0 0.03981481481481482 0.8119791666666667 0.0462962962962963 0.029166666666666667
0 0.04953703703703704 0.7799479166666666 0.04351851851851852 0.0203125
0 0.10092592592592593 0.72265625 0.053703703703703705 0.028645833333333332
0 0.0912037037037037 0.47812499999999997 0.032407407407407406 0.0125
0 0.2740740740740741 0.8453125 0.044444444444444446 0.0375
0 0.012962962962962964 0.40572916666666664 0.016666666666666666 0.0125
0 0.06759259259259259 0.54921875 0.022222222222222223 0.018229166666666668
0 0.1425925925925926 0.14895833333333333 0.02777777777777778 0.01875
0 0.07453703703703704 0.5236979166666667 0.02314814814814815 0.0140625
0 0.01898148148148148 0.23046875 0.03425925925925926 0.022395833333333334
0 0.1050925925925926 0.2911458333333333 0.02314814814814815 0.013541666666666667
0 0.1277777777777778 0.13307291666666665 0.02592592592592593 0.018229166666666668
0 0.14814814814814814 0.08072916666666667 0.022222222222222223 0.013541666666666667
0 0.23472222222222222 0.26276041666666666 0.030555555555555558 0.01614583333333333
0 0.11342592592592593 0.27369791666666665 0.030555555555555558 0.0203125
0 0.21481481481481482 0.21614583333333334 0.02592592592592593 0.016666666666666666
0 0.05925925925925926 0.38645833333333335 0.03518518518518519 0.021875
0 0.08703703703703704 0.41953124999999997 0.037037037037037035 0.018229166666666668
0 0.1638888888888889 0.3989583333333333 0.02592592592592593 0.014583333333333334
0 0.1564814814814815 0.37916666666666665 0.02592592592592593 0.017708333333333333
0 0.20833333333333334 0.3671875 0.02962962962962963 0.016666666666666666
0 0.18333333333333335 0.4278645833333333 0.02962962962962963 0.01614583333333333
0 0.20833333333333334 0.53359375 0.03333333333333333 0.019270833333333334
0 0.23101851851851854 0.5497395833333333 0.025 0.0140625
0 0.2518518518518519 0.5807291666666666 0.02592592592592593 0.0125
0 0.18611111111111112 0.7 0.022222222222222223 0.022916666666666665
0 0.28101851851851856 0.6127604166666667 0.028703703703703703 0.011979166666666666
0 0.39675925925925926 0.7421875 0.021296296296296296 0.017708333333333333
0 0.375462962962963 0.7041666666666666 0.032407407407407406 0.020833333333333332
0 0.4083333333333333 0.65703125 0.024074074074074074 0.018229166666666668
0 0.43333333333333335 0.6559895833333333 0.024074074074074074 0.01614583333333333
0 0.42685185185185187 0.6341145833333334 0.024074074074074074 0.009895833333333333
0 0.4763888888888889 0.75 0.03425925925925926 0.017708333333333333
0 0.5902777777777778 0.7984375 0.032407407407407406 0.027083333333333334
0 0.4861111111111111 0.60703125 0.02592592592592593 0.0203125
0 0.6162037037037037 0.565625 0.028703703703703703 0.015625
0 0.6310185185185185 0.57734375 0.025 0.013020833333333334
0 0.5236111111111111 0.5291666666666667 0.02314814814814815 0.014583333333333334
0 0.6231481481481481 0.5106770833333333 0.02962962962962963 0.0140625
0 0.6 0.4984375 0.020370370370370372 0.0125
0 0.6277777777777778 0.4609375 0.024074074074074074 0.013541666666666667
0 0.6467592592592593 0.4395833333333333 0.036111111111111115 0.01875
0 0.6050925925925926 0.4354166666666667 0.032407407407407406 0.017708333333333333
0 0.4444444444444445 0.4942708333333333 0.022222222222222223 0.0125
0 0.4902777777777778 0.41484375 0.021296296296296296 0.013020833333333334
0 0.5120370370370371 0.39479166666666665 0.02592592592592593 0.0125
0 0.5083333333333333 0.34348958333333335 0.02962962962962963 0.019270833333333334
0 0.5060185185185185 0.29270833333333335 0.025 0.01875
0 0.5194444444444445 0.27890625 0.024074074074074074 0.015104166666666667
0 0.5750000000000001 0.26536458333333335 0.018518518518518517 0.0140625
0 0.5902777777777778 0.2643229166666667 0.021296296296296296 0.015104166666666667
0 0.5782407407407407 0.25390625 0.021296296296296296 0.011979166666666666
0 0.5935185185185186 0.24427083333333333 0.024074074074074074 0.011458333333333333
0 0.6324074074074074 0.23567708333333334 0.02962962962962963 0.019270833333333334
0 0.6064814814814815 0.1890625 0.02777777777777778 0.01875
0 0.19398148148148148 0.23906249999999998 0.02314814814814815 0.013541666666666667
0 0.07824074074074075 0.3106770833333333 0.02314814814814815 0.013020833333333334
0 0.5388888888888889 0.41875 0.022222222222222223 0.015625
0 0.5847222222222223 0.4661458333333333 0.025 0.016666666666666666
0 0.6208333333333333 0.7213541666666666 0.03981481481481482 0.025
0 0.6916666666666667 0.8317708333333333 0.037037037037037035 0.02395833333333333
0 0.7347222222222223 0.8880208333333334 0.03981481481481482 0.027083333333333334
0 0.7060185185185186 0.8924479166666667 0.04166666666666667 0.027604166666666666
0 0.688425925925926 0.7559895833333333 0.02314814814814815 0.015104166666666667
0 0.8569444444444445 0.7328125 0.03425925925925926 0.02395833333333333
0 0.6277777777777778 0.40625 0.02777777777777778 0.01875
0 0.6773148148148148 0.5109375 0.030555555555555558 0.016666666666666666
0 0.7361111111111112 0.5684895833333333 0.03518518518518519 0.01614583333333333
0 0.6967592592592593 0.4046875 0.030555555555555558 0.017708333333333333
0 0.6856481481481482 0.47604166666666664 0.025 0.016666666666666666
0 0.9750000000000001 0.7598958333333333 0.044444444444444446 0.019791666666666666
0 0.8611111111111112 0.5895833333333333 0.037037037037037035 0.019791666666666666
0 0.7949074074074074 0.5419270833333333 0.030555555555555558 0.021354166666666667
0 0.8587962962962963 0.24010416666666667 0.026851851851851852 0.017708333333333333
0 0.9115740740740741 0.13229166666666667 0.032407407407407406 0.020833333333333332
0 0.9060185185185186 0.23177083333333334 0.036111111111111115 0.014583333333333334
0 0.9375 0.2713541666666667 0.032407407407407406 0.020833333333333332
0 0.9037037037037038 0.3364583333333333 0.031481481481481485 0.017708333333333333
0 0.9587962962962964 0.3302083333333333 0.026851851851851852 0.017708333333333333
0 0.8861111111111112 0.3104166666666667 0.020370370370370372 0.0125
0 0.9148148148148149 0.32057291666666665 0.040740740740740744 0.01614583333333333
0 0.7425925925925926 0.37395833333333334 0.02777777777777778 0.016666666666666666
0 0.7569444444444444 0.35130208333333335 0.026851851851851852 0.01614583333333333
0 0.7796296296296297 0.3572916666666667 0.031481481481481485 0.020833333333333332
0 0.813425925925926 0.37786458333333334 0.028703703703703703 0.018229166666666668
0 0.8615740740740742 0.3971354166666667 0.03425925925925926 0.0203125
0 0.8967592592592593 0.39765625 0.03425925925925926 0.0203125
0 0.9523148148148148 0.4114583333333333 0.030555555555555558 0.020833333333333332
0 0.9333333333333333 0.4421875 0.031481481481481485 0.016666666666666666
0 0.9814814814814815 0.45390625 0.037037037037037035 0.0203125
0 0.8606481481481482 0.4752604166666667 0.026851851851851852 0.015104166666666667
0 0.8560185185185185 0.5190104166666667 0.03796296296296296 0.0203125
0 0.9393518518518519 0.5682291666666667 0.03425925925925926 0.017708333333333333
0 0.9217592592592593 0.5802083333333333 0.03796296296296296 0.019791666666666666
0 0.938425925925926 0.59609375 0.030555555555555558 0.01614583333333333
0 0.9865740740740742 0.5231770833333333 0.026851851851851852 0.01614583333333333
0 0.9847222222222223 0.48151041666666666 0.030555555555555558 0.015104166666666667
