0 0.016666666666666666 0.8130208333333333 0.02962962962962963 0.030208333333333334
0 0.20925925925925926 0.7658854166666667 0.022222222222222223 0.019270833333333334
0 0.020833333333333336 0.7807291666666667 0.03796296296296296 0.019791666666666666
0 0.06712962962962964 0.7234375 0.05462962962962963 0.028125
0 0.24166666666666667 0.8505208333333333 0.04259259259259259 0.03125
0 0.037037037037037035 0.5489583333333333 0.022222222222222223 0.017708333333333333
0 0.04398148148148148 0.5231770833333333 0.02314814814814815 0.0140625
0 0.10925925925925926 0.1453125 0.02962962962962963 0.01875
0 0.09490740740740741 0.12916666666666665 0.026851851851851852 0.01875
0 0.11342592592592593 0.07708333333333334 0.02314814814814815 0.013541666666666667
0 0.07175925925925926 0.28880208333333335 0.025 0.013020833333333334
0 0.07777777777777778 0.271875 0.031481481481481485 0.020833333333333332
0 0.20231481481481484 0.2604166666666667 0.030555555555555558 0.015625
0 0.1824074074074074 0.21328125 0.02777777777777778 0.0171875
0 0.025 0.3848958333333333 0.03518518518518519 0.022916666666666665
0 0.053703703703703705 0.41796875 0.037037037037037035 0.018229166666666668
0 0.22453703703703703 0.5815104166666667 0.02314814814814815 0.0140625
0 0.1328703703703704 0.3971354166666667 0.025 0.0140625
0 0.12361111111111112 0.3776041666666667 0.025 0.017708333333333333
0 0.17546296296296296 0.3658854166666667 0.030555555555555558 0.01614583333333333
0 0.1513888888888889 0.4263020833333333 0.030555555555555558 0.01614583333333333
0 0.17777777777777778 0.5333333333333333 0.03333333333333333 0.01875
0 0.20277777777777778 0.5494791666666666 0.024074074074074074 0.013541666666666667
0 0.15555555555555556 0.7002604166666666 0.024074074074074074 0.0234375
0 0.2518518518518519 0.6119791666666666 0.02777777777777778 0.011458333333333333
0 0.36944444444444446 0.7419270833333333 0.022222222222222223 0.0171875
0 0.34814814814814815 0.7041666666666666 0.03333333333333333 0.020833333333333332
0 0.38287037037037036 0.65703125 0.02314814814814815 0.018229166666666668
0 0.4083333333333333 0.65546875 0.024074074074074074 0.01614583333333333
0 0.4 0.63359375 0.020370370370370372 0.009895833333333333
0 0.44537037037037036 0.75 0.03518518518518519 0.017708333333333333
0 0.5601851851851852 0.7986979166666667 0.031481481481481485 0.0265625
0 0.45601851851851855 0.6067708333333334 0.025 0.019791666666666666
0 0.5893518518518519 0.56484375 0.028703703703703703 0.01614583333333333
0 0.6050925925925926 0.5763020833333333 0.026851851851851852 0.011979166666666666
0 0.4986111111111111 0.528125 0.021296296296296296 0.014583333333333334
0 0.5958333333333333 0.51015625 0.028703703703703703 0.015104166666666667
0 0.5731481481481482 0.49765624999999997 0.018518518518518517 0.011979166666666666
0 0.5986111111111111 0.4596354166666667 0.025 0.0140625
0 0.6185185185185186 0.43854166666666666 0.037037037037037035 0.01875
0 0.5768518518518518 0.434375 0.031481481481481485 0.017708333333333333
0 0.4138888888888889 0.49322916666666666 0.020370370370370372 0.0125
0 0.46111111111111114 0.41380208333333335 0.022222222222222223 0.0140625
0 0.48564814814814816 0.39348958333333334 0.025 0.013020833333333334
0 0.4810185185185185 0.34140625 0.030555555555555558 0.019270833333333334
0 0.4791666666666667 0.2908854166666667 0.025 0.019270833333333334
0 0.49259259259259264 0.27682291666666664 0.024074074074074074 0.015104166666666667
0 0.5481481481481482 0.26328125 0.018518518518518517 0.0140625
0 0.5625 0.2625 0.021296296296296296 0.014583333333333334
0 0.5509259259259259 0.2518229166666667 0.022222222222222223 0.011979166666666666
0 0.5666666666666667 0.24192708333333332 0.02592592592592593 0.0109375
0 0.6037037037037037 0.23307291666666666 0.02962962962962963 0.019270833333333334
0 0.5791666666666667 0.18619791666666666 0.028703703703703703 0.018229166666666668
0 0.1625 0.23671875 0.025 0.0140625
0 0.04583333333333334 0.30885416666666665 0.017592592592592594 0.011458333333333333
0 0.512962962962963 0.41822916666666665 0.020370370370370372 0.016666666666666666
0 0.5578703703703703 0.46432291666666664 0.019444444444444445 0.0140625
0 0.5578703703703703 0.4640625 0.019444444444444445 0.0125
0 0.5861111111111111 0.7216145833333333 0.03888888888888889 0.024479166666666666
0 0.6606481481481482 0.8317708333333333 0.036111111111111115 0.025
0 0.7055555555555556 0.8856770833333333 0.040740740740740744 0.04010416666666666
0 0.6759259259259259 0.8942708333333333 0.040740740740740744 0.027083333333333334
0 0.6587962962962963 0.75546875 0.02314814814814815 0.01614583333333333
0 0.6972222222222223 0.7231770833333333 0.020370370370370372 0.008854166666666666
0 0.8291666666666667 0.7325520833333333 0.03425925925925926 0.0234375
0 0.600925925925926 0.4046875 0.02777777777777778 0.01875
0 0.6509259259259259 0.509375 0.02962962962962963 0.016666666666666666
0 0.7101851851851853 0.5682291666666667 0.031481481481481485 0.017708333333333333
0 0.6685185185185185 0.40338541666666666 0.031481481481481485 0.018229166666666668
0 0.6615740740740741 0.4752604166666667 0.025 0.0171875
0 0.9430555555555556 0.7591145833333334 0.04537037037037037 0.019270833333333334
0 0.8365740740740741 0.5888020833333333 0.03981481481481482 0.0203125
0 0.7671296296296296 0.5408854166666667 0.030555555555555558 0.021354166666666667
0 0.8300925925925926 0.23776041666666667 0.030555555555555558 0.018229166666666668
0 0.8856481481481482 0.12942708333333333 0.032407407407407406 0.021354166666666667
0 0.8810185185185185 0.22994791666666667 0.036111111111111115 0.015104166666666667
0 0.912962962962963 0.26901041666666664 0.03518518518518519 0.0203125
0 0.8787037037037038 0.33515625 0.03333333333333333 0.01614583333333333
0 0.9319444444444445 0.32786458333333335 0.026851851851851852 0.019270833333333334
0 0.862037037037037 0.30859375 0.020370370370370372 0.013020833333333334
0 0.8949074074074075 0.3177083333333333 0.03796296296296296 0.013541666666666667
0 0.7175925925925927 0.37265625 0.02777777777777778 0.01614583333333333
0 0.7337962962962963 0.3489583333333333 0.02314814814814815 0.013541666666666667
0 0.7541666666666667 0.35651041666666666 0.032407407407407406 0.0203125
0 0.7865740740740741 0.3765625 0.030555555555555558 0.017708333333333333
0 0.8347222222222223 0.39609375 0.03425925925925926 0.022395833333333334
0 0.8689814814814815 0.3963541666666667 0.036111111111111115 0.020833333333333332
0 0.9240740740740742 0.41041666666666665 0.02962962962962963 0.020833333333333332
0 0.9064814814814816 0.4395833333333333 0.03518518518518519 0.019791666666666666
0 0.9546296296296297 0.45338541666666665 0.03888888888888889 0.0203125
0 0.8337962962962964 0.4744791666666667 0.026851851851851852 0.015625
0 0.8527777777777779 0.47552083333333334 0.022222222222222223 0.016666666666666666
0 0.8287037037037037 0.5177083333333333 0.037037037037037035 0.019791666666666666
0 0.9101851851851852 0.5671875 0.03518518518518519 0.017708333333333333
0 0.8935185185185186 0.5791666666666666 0.03888888888888889 0.019791666666666666
0 0.9092592592592593 0.5953125 0.02962962962962963 0.015625
0 0.9601851851851853 0.5223958333333333 0.02592592592592593 0.016666666666666666
0 0.9611111111111111 0.48046875 0.03333333333333333 0.01614583333333333
