0 0.9592592592592593 0.72421875 0.05555555555555556 0.028645833333333332
0 0.8143518518518519 0.7661458333333333 0.025 0.01875
0 0.7828703703703704 0.8507812499999999 0.04351851851851852 0.030729166666666665
0 0.9856481481481482 0.5489583333333333 0.021296296296296296 0.017708333333333333
0 0.9791666666666667 0.5231770833333333 0.02314814814814815 0.0140625
0 0.912962962962963 0.14401041666666667 0.02962962962962963 0.018229166666666668
0 0.9273148148148148 0.12734375 0.026851851851851852 0.018229166666666668
0 0.9087962962962963 0.07552083333333333 0.02314814814814815 0.013541666666666667
0 0.950462962962963 0.2877604166666667 0.025 0.013020833333333334
0 0.9462962962962963 0.2703125 0.031481481481481485 0.020833333333333332
0 0.8189814814814815 0.2596354166666667 0.030555555555555558 0.01614583333333333
0 0.8388888888888889 0.21197916666666666 0.02777777777777778 0.017708333333333333
0 0.9703703703703704 0.41770833333333335 0.037037037037037035 0.01875
0 0.888425925925926 0.396875 0.025 0.014583333333333334
0 0.8981481481481481 0.3765625 0.02592592592592593 0.017708333333333333
0 0.8476851851851852 0.3653645833333333 0.030555555555555558 0.0171875
0 0.8699074074074075 0.42578125 0.030555555555555558 0.01614583333333333
0 0.8435185185185186 0.5330729166666667 0.03333333333333333 0.019270833333333334
0 0.8171296296296297 0.5494791666666666 0.025 0.013541666666666667
0 0.7958333333333334 0.5809895833333333 0.025 0.011979166666666666
0 0.8694444444444445 0.70078125 0.024074074074074074 0.0234375
0 0.7708333333333334 0.6119791666666666 0.026851851851851852 0.011458333333333333
0 0.6523148148148148 0.7424479166666667 0.021296296296296296 0.0171875
0 0.6731481481481482 0.7044270833333334 0.03333333333333333 0.021354166666666667
0 0.6370370370370371 0.6572916666666666 0.024074074074074074 0.017708333333333333
0 0.612037037037037 0.6552083333333333 0.024074074074074074 0.016666666666666666
0 0.6222222222222222 0.6338541666666666 0.014814814814814815 0.010416666666666666
0 0.5800925925925926 0.7505208333333333 0.036111111111111115 0.017708333333333333
0 0.46481481481481485 0.7989583333333333 0.031481481481481485 0.027083333333333334
0 0.5671296296296297 0.6065104166666666 0.025 0.019270833333333334
0 0.4314814814814815 0.5653645833333333 0.02777777777777778 0.01614583333333333
0 0.4138888888888889 0.5760416666666667 0.02592592592592593 0.0125
0 0.5208333333333334 0.5278645833333333 0.021296296296296296 0.015104166666666667
0 0.425462962962963 0.5098958333333333 0.028703703703703703 0.014583333333333334
0 0.44583333333333336 0.49765624999999997 0.017592592592592594 0.011979166666666666
0 0.4226851851851852 0.4596354166666667 0.025 0.0140625
0 0.40324074074074073 0.4375 0.036111111111111115 0.020833333333333332
0 0.4444444444444445 0.43385416666666665 0.031481481481481485 0.017708333333333333
0 0.6083333333333334 0.49296875 0.020370370370370372 0.013020833333333334
0 0.5597222222222222 0.4127604166666667 0.025 0.01614583333333333
0 0.5337962962962963 0.3919270833333333 0.026851851851851852 0.0140625
0 0.5393518518518519 0.3403645833333333 0.030555555555555558 0.019270833333333334
0 0.5402777777777777 0.2903645833333333 0.025 0.019270833333333334
0 0.5268518518518519 0.27630208333333334 0.024074074074074074 0.015104166666666667
0 0.4708333333333333 0.26276041666666666 0.017592592592592594 0.0140625
0 0.45601851851851855 0.26171875 0.021296296296296296 0.015104166666666667
0 0.46851851851851856 0.2505208333333333 0.022222222222222223 0.0125
0 0.4527777777777778 0.240625 0.02777777777777778 0.010416666666666666
0 0.41712962962962963 0.23203125 0.028703703703703703 0.019270833333333334
0 0.4398148148148148 0.18515625 0.02777777777777778 0.019270833333333334
0 0.8587962962962963 0.23541666666666666 0.025 0.014583333333333334
0 0.5069444444444444 0.4171875 0.019444444444444445 0.016666666666666666
0 0.4615740740740741 0.46380208333333334 0.021296296296296296 0.015104166666666667
0 0.4615740740740741 0.46458333333333335 0.021296296296296296 0.013541666666666667
0 0.4412037037037037 0.7216145833333333 0.03981481481481482 0.024479166666666666
0 0.36388888888888893 0.8322916666666667 0.037037037037037035 0.025
0 0.32037037037037036 0.8869791666666667 0.03888888888888889 0.03958333333333333
0 0.35000000000000003 0.8950520833333333 0.040740740740740744 0.027604166666666666
0 0.3611111111111111 0.753125 0.022222222222222223 0.020833333333333332
0 0.325 0.7223958333333333 0.022222222222222223 0.011458333333333333
0 0.1925925925925926 0.7330729166666666 0.03518518518518519 0.024479166666666666
0 0.4199074074074074 0.40390624999999997 0.026851851851851852 0.018229166666666668
0 0.36944444444444446 0.5098958333333333 0.031481481481481485 0.016666666666666666
0 0.3106481481481482 0.5682291666666667 0.030555555555555558 0.017708333333333333
0 0.35185185185185186 0.403125 0.031481481481481485 0.017708333333333333
0 0.3578703703703704 0.475 0.025 0.017708333333333333
0 0.07731481481481482 0.75859375 0.05092592592592593 0.0203125
0 0.01388888888888889 0.7794270833333333 0.024074074074074074 0.022395833333333334
0 0.18425925925925926 0.58828125 0.03888888888888889 0.019270833333333334
0 0.25324074074074077 0.5408854166666667 0.030555555555555558 0.021354166666666667
0 0.19166666666666668 0.23645833333333333 0.03333333333333333 0.019791666666666666
0 0.1328703703703704 0.128125 0.032407407407407406 0.020833333333333332
0 0.01388888888888889 0.18411458333333333 0.024074074074074074 0.013020833333333334
0 0.13842592592592592 0.22916666666666666 0.03796296296296296 0.015625
0 0.10648148148148148 0.2682291666666667 0.03518518518518519 0.020833333333333332
0 0.14120370370370372 0.3346354166666667 0.032407407407407406 0.015104166666666667
0 0.08703703703703704 0.32734375 0.02592592592592593 0.019270833333333334
0 0.15601851851851853 0.3078125 0.021296296296296296 0.013541666666666667
0 0.12361111111111112 0.3171875 0.032407407407407406 0.016666666666666666
0 0.3023148148148148 0.3723958333333333 0.026851851851851852 0.016666666666666666
0 0.28564814814814815 0.3484375 0.02314814814814815 0.013541666666666667
0 0.2652777777777778 0.3559895833333333 0.032407407407407406 0.0203125
0 0.23194444444444445 0.3765625 0.028703703703703703 0.01875
0 0.18611111111111112 0.3950520833333333 0.03333333333333333 0.0203125
0 0.15185185185185185 0.39609375 0.03518518518518519 0.0203125
0 0.09722222222222222 0.40989583333333335 0.02962962962962963 0.020833333333333332
0 0.1125 0.4395833333333333 0.030555555555555558 0.01875
0 0.06574074074074074 0.4536458333333333 0.03888888888888889 0.019791666666666666
0 0.18703703703703706 0.47369791666666666 0.02777777777777778 0.01614583333333333
0 0.16712962962962963 0.47421874999999997 0.021296296296296296 0.0140625
0 0.19166666666666668 0.5171875 0.037037037037037035 0.019791666666666666
0 0.11157407407407408 0.5671875 0.03425925925925926 0.017708333333333333
0 0.12824074074074074 0.5794270833333334 0.03796296296296296 0.019270833333333334
0 0.10787037037037038 0.5953125 0.03796296296296296 0.017708333333333333
0 0.061111111111111116 0.52265625 0.02592592592592593 0.0171875
0 0.05787037037037037 0.48046875 0.032407407407407406 0.01614583333333333
0 0.018518518518518517 0.39036458333333335 0.03333333333333333 0.025520833333333333
