0 0.034722222222222224 0.7244791666666667 0.05648148148148149 0.028125
0 0.1800925925925926 0.7661458333333333 0.025 0.019791666666666666
0 0.2101851851851852 0.8510416666666667 0.04259259259259259 0.03125
0 0.010648148148148148 0.5484375 0.017592592592592594 0.017708333333333333
0 0.015277777777777779 0.5229166666666667 0.02314814814814815 0.014583333333333334
0 0.08148148148148149 0.14270833333333333 0.02962962962962963 0.01875
0 0.06666666666666667 0.12682291666666667 0.02592592592592593 0.018229166666666668
0 0.08472222222222223 0.07447916666666667 0.02314814814814815 0.013541666666666667
0 0.043055555555555555 0.2869791666666667 0.025 0.0125
0 0.0462962962962963 0.26979166666666665 0.03333333333333333 0.020833333333333332
0 0.17546296296296296 0.2583333333333333 0.030555555555555558 0.016666666666666666
0 0.15462962962962964 0.21145833333333333 0.02777777777777778 0.017708333333333333
0 0.02361111111111111 0.4171875 0.03796296296296296 0.01875
0 0.10555555555555556 0.3958333333333333 0.024074074074074074 0.014583333333333334
0 0.09537037037037037 0.37604166666666666 0.02592592592592593 0.017708333333333333
0 0.1476851851851852 0.36432291666666666 0.030555555555555558 0.0171875
0 0.12407407407407407 0.42526041666666664 0.031481481481481485 0.01614583333333333
0 0.15046296296296297 0.5325520833333334 0.03425925925925926 0.019270833333333334
0 0.17731481481481481 0.5489583333333333 0.025 0.013541666666666667
0 0.19907407407407407 0.58125 0.02592592592592593 0.0125
0 0.125 0.7005208333333334 0.024074074074074074 0.022916666666666665
0 0.22361111111111112 0.61171875 0.026851851851851852 0.0109375
0 0.3425925925925926 0.7421875 0.022222222222222223 0.016666666666666666
0 0.3212962962962963 0.7044270833333334 0.03333333333333333 0.021354166666666667
0 0.3592592592592593 0.6567708333333333 0.024074074074074074 0.017708333333333333
0 0.3842592592592593 0.6557291666666667 0.024074074074074074 0.016666666666666666
0 0.4152777777777778 0.7502604166666667 0.03425925925925926 0.018229166666666668
0 0.5296296296296297 0.7989583333333333 0.031481481481481485 0.027083333333333334
0 0.4287037037037037 0.60625 0.024074074074074074 0.019791666666666666
0 0.5643518518518519 0.5643229166666667 0.028703703703703703 0.01614583333333333
0 0.5814814814814815 0.57578125 0.02592592592592593 0.011979166666666666
0 0.47453703703703703 0.5276041666666667 0.021296296296296296 0.014583333333333334
0 0.5703703703703704 0.509375 0.02777777777777778 0.014583333333333334
0 0.549074074074074 0.4979166666666667 0.016666666666666666 0.0125
0 0.5726851851851852 0.45859374999999997 0.025 0.0140625
0 0.5916666666666667 0.43697916666666664 0.037037037037037035 0.020833333333333332
0 0.5504629629629629 0.43385416666666665 0.030555555555555558 0.017708333333333333
0 0.3861111111111111 0.49244791666666665 0.020370370370370372 0.013020833333333334
0 0.4361111111111111 0.4125 0.02592592592592593 0.016666666666666666
0 0.4615740740740741 0.39166666666666666 0.026851851851851852 0.013541666666666667
0 0.4550925925925926 0.34010416666666665 0.030555555555555558 0.019791666666666666
0 0.45601851851851855 0.28932291666666665 0.025 0.019270833333333334
0 0.46851851851851856 0.2755208333333333 0.024074074074074074 0.015625
0 0.524537037037037 0.26171875 0.017592592592592594 0.0140625
0 0.5393518518518519 0.26067708333333334 0.021296296296296296 0.015104166666666667
0 0.5268518518518519 0.25 0.022222222222222223 0.0125
0 0.5430555555555556 0.24010416666666667 0.028703703703703703 0.010416666666666666
0 0.5782407407407407 0.23098958333333333 0.028703703703703703 0.019270833333333334
0 0.5560185185185186 0.18463541666666666 0.028703703703703703 0.019270833333333334
0 0.13564814814814816 0.23489583333333333 0.025 0.014583333333333334
0 0.48888888888888893 0.4166666666666667 0.018518518518518517 0.015625
0 0.5342592592592593 0.4635416666666667 0.022222222222222223 0.015625
0 0.5328703703703704 0.4640625 0.021296296296296296 0.013541666666666667
0 0.5537037037037037 0.7216145833333333 0.03888888888888889 0.024479166666666666
0 0.6300925925925926 0.8322916666666667 0.03796296296296296 0.025
0 0.675 0.8872395833333333 0.03888888888888889 0.0390625
0 0.6435185185185185 0.89453125 0.040740740740740744 0.0265625
0 0.6347222222222223 0.7533854166666667 0.017592592592592594 0.0203125
0 0.6708333333333334 0.7223958333333333 0.021296296296296296 0.011458333333333333
0 0.8009259259259259 0.7328125 0.03333333333333333 0.025
0 0.5750000000000001 0.40338541666666666 0.02777777777777778 0.018229166666666668
0 0.6268518518518519 0.509375 0.031481481481481485 0.016666666666666666
0 0.6851851851851852 0.5674479166666666 0.031481481481481485 0.0171875
0 0.6425925925925926 0.40234375 0.031481481481481485 0.018229166666666668
0 0.637962962962963 0.4747395833333333 0.024074074074074074 0.0171875
0 0.9166666666666667 0.7578125 0.05 0.020833333333333332
0 0.9837962962962963 0.7794270833333333 0.032407407407407406 0.022395833333333334
0 0.8115740740740741 0.5880208333333333 0.03796296296296296 0.019791666666666666
0 0.7425925925925926 0.5403645833333334 0.031481481481481485 0.021354166666666667
0 0.8041666666666667 0.23567708333333334 0.03425925925925926 0.019270833333333334
0 0.8634259259259259 0.12708333333333333 0.032407407407407406 0.020833333333333332
0 0.9856481481481482 0.18229166666666666 0.028703703703703703 0.014583333333333334
0 0.8583333333333334 0.228125 0.03888888888888889 0.015625
0 0.8907407407407407 0.26796875 0.03518518518518519 0.021354166666666667
0 0.8907407407407407 0.26796875 0.03518518518518519 0.021354166666666667
0 0.8907407407407407 0.26796875 0.03518518518518519 0.021354166666666667
0 0.862962962962963 0.3328125 0.04814814814814815 0.01875
0 0.862962962962963 0.3328125 0.04814814814814815 0.01875
0 0.8555555555555556 0.334375 0.03333333333333333 0.015625
0 0.9087962962962963 0.3265625 0.026851851851851852 0.01875
0 0.8416666666666667 0.30755208333333334 0.022222222222222223 0.013020833333333334
0 0.875925925925926 0.31640625 0.037037037037037035 0.015104166666666667
0 0.6949074074074074 0.371875 0.026851851851851852 0.016666666666666666
0 0.7106481481481481 0.3481770833333333 0.02314814814814815 0.0140625
0 0.7300925925925926 0.35520833333333335 0.032407407407407406 0.020833333333333332
0 0.763888888888889 0.37604166666666666 0.02962962962962963 0.01875
0 0.8101851851851852 0.39453125 0.03333333333333333 0.019270833333333334
0 0.8444444444444444 0.3953125 0.03518518518518519 0.019791666666666666
0 0.8972222222222223 0.409375 0.02962962962962963 0.020833333333333332
0 0.8828703703703704 0.4395833333333333 0.032407407407407406 0.017708333333333333
0 0.9305555555555556 0.45286458333333335 0.03888888888888889 0.0203125
0 0.8092592592592593 0.47369791666666666 0.02777777777777778 0.01614583333333333
0 0.8291666666666667 0.4744791666666667 0.021296296296296296 0.014583333333333334
0 0.8041666666666667 0.5177083333333333 0.03796296296296296 0.019791666666666666
0 0.8828703703703704 0.5666666666666667 0.03425925925925926 0.017708333333333333
0 0.8671296296296297 0.5786458333333333 0.03796296296296296 0.019791666666666666
0 0.8875000000000001 0.5942708333333333 0.03796296296296296 0.017708333333333333
0 0.9342592592592593 0.521875 0.02592592592592593 0.016666666666666666
0 0.938425925925926 0.47994791666666664 0.032407407407407406 0.01614583333333333
0 0.9791666666666667 0.38958333333333334 0.04166666666666667 0.025
