0 0.028240740740740743 0.7234375 0.05277777777777778 0.028125
0 0.1726851851851852 0.765625 0.025 0.019791666666666666
0 0.20324074074074075 0.8505208333333333 0.04351851851851852 0.03125
0 0.010648148148148148 0.521875 0.017592592592592594 0.015625
0 0.07407407407407407 0.14166666666666666 0.02962962962962963 0.01875
0 0.0587962962962963 0.12552083333333333 0.026851851851851852 0.01875
0 0.07731481481481482 0.0734375 0.02314814814814815 0.013541666666666667
0 0.03564814814814815 0.28541666666666665 0.025 0.0125
0 0.03796296296296296 0.26901041666666664 0.03333333333333333 0.0203125
0 0.1685185185185185 0.2578125 0.031481481481481485 0.015625
0 0.14814814814814814 0.21015625 0.02777777777777778 0.0171875
0 0.017592592592592594 0.41640625 0.03333333333333333 0.019270833333333334
0 0.09814814814814815 0.39557291666666666 0.024074074074074074 0.0140625
0 0.08750000000000001 0.37526041666666665 0.025 0.0171875
0 0.13935185185185187 0.3638020833333333 0.030555555555555558 0.0171875
0 0.11620370370370371 0.42473958333333334 0.030555555555555558 0.01614583333333333
0 0.14351851851851852 0.53203125 0.03333333333333333 0.019270833333333334
0 0.1712962962962963 0.5484375 0.024074074074074074 0.013541666666666667
0 0.1925925925925926 0.5807291666666666 0.02592592592592593 0.0125
0 0.1175925925925926 0.7002604166666666 0.024074074074074074 0.0234375
0 0.2175925925925926 0.6114583333333333 0.02777777777777778 0.011458333333333333
0 0.33611111111111114 0.7419270833333333 0.022222222222222223 0.01614583333333333
0 0.3143518518518519 0.7041666666666666 0.03425925925925926 0.020833333333333332
0 0.35185185185185186 0.65703125 0.024074074074074074 0.0171875
0 0.3787037037037037 0.6552083333333333 0.02592592592592593 0.016666666666666666
0 0.40694444444444444 0.7497395833333333 0.03425925925925926 0.018229166666666668
0 0.5222222222222223 0.7986979166666667 0.031481481481481485 0.0265625
0 0.42083333333333334 0.6059895833333333 0.025 0.019270833333333334
0 0.5578703703703703 0.5643229166666667 0.028703703703703703 0.01614583333333333
0 0.575925925925926 0.5752604166666666 0.02592592592592593 0.011979166666666666
0 0.46944444444444444 0.5270833333333333 0.020370370370370372 0.014583333333333334
0 0.5638888888888889 0.5088541666666666 0.02777777777777778 0.014583333333333334
0 0.5430555555555556 0.49713541666666666 0.015740740740740743 0.011979166666666666
0 0.5657407407407408 0.45859374999999997 0.02592592592592593 0.0140625
0 0.5856481481481481 0.43723958333333335 0.036111111111111115 0.0203125
0 0.5435185185185185 0.43307291666666664 0.031481481481481485 0.018229166666666668
0 0.37962962962962965 0.4921875 0.020370370370370372 0.0125
0 0.43333333333333335 0.41119791666666666 0.02777777777777778 0.0171875
0 0.45601851851851855 0.39088541666666665 0.026851851851851852 0.013020833333333334
0 0.44953703703703707 0.3390625 0.030555555555555558 0.019791666666666666
0 0.45 0.28880208333333335 0.02592592592592593 0.019270833333333334
0 0.46296296296296297 0.27421875 0.024074074074074074 0.015104166666666667
0 0.5194444444444445 0.26119791666666664 0.018518518518518517 0.0140625
0 0.5333333333333333 0.2598958333333333 0.020370370370370372 0.014583333333333334
0 0.5203703703703704 0.24921875 0.022222222222222223 0.013020833333333334
0 0.5361111111111111 0.23932291666666666 0.02777777777777778 0.0109375
0 0.5722222222222223 0.22994791666666667 0.02962962962962963 0.019270833333333334
0 0.549537037037037 0.18307291666666667 0.028703703703703703 0.019270833333333334
0 0.12916666666666668 0.23385416666666667 0.025 0.014583333333333334
0 0.4828703703703704 0.4158854166666667 0.019444444444444445 0.01614583333333333
0 0.5282407407407408 0.4627604166666667 0.021296296296296296 0.01614583333333333
0 0.5268518518518519 0.4627604166666667 0.022222222222222223 0.0140625
0 0.5453703703703704 0.7213541666666666 0.03888888888888889 0.025
0 0.6222222222222222 0.8317708333333333 0.037037037037037035 0.025
0 0.6657407407407407 0.8875 0.03888888888888889 0.0375
0 0.6361111111111112 0.8942708333333333 0.03888888888888889 0.027083333333333334
0 0.6282407407407408 0.753125 0.017592592592592594 0.020833333333333332
0 0.6648148148148149 0.721875 0.022222222222222223 0.011458333333333333
0 0.7949074074074074 0.7328125 0.03425925925925926 0.025
0 0.5694444444444444 0.4028645833333333 0.02777777777777778 0.018229166666666668
0 0.6203703703703703 0.5088541666666666 0.031481481481481485 0.016666666666666666
0 0.6791666666666667 0.5671875 0.030555555555555558 0.017708333333333333
0 0.6365740740740741 0.40182291666666664 0.032407407407407406 0.018229166666666668
0 0.6328703703703704 0.47421874999999997 0.025 0.0171875
0 0.9097222222222222 0.7575520833333333 0.05092592592592593 0.0203125
0 0.976388888888889 0.7786458333333334 0.03425925925925926 0.021875
0 0.8041666666666667 0.5877604166666667 0.03796296296296296 0.019270833333333334
0 0.7356481481481482 0.53984375 0.032407407407407406 0.021354166666666667
0 0.7976851851851852 0.23489583333333333 0.03425925925925926 0.019791666666666666
0 0.8578703703703704 0.12604166666666666 0.032407407407407406 0.020833333333333332
0 0.9833333333333334 0.17994791666666665 0.03333333333333333 0.018229166666666668
0 0.8527777777777779 0.22708333333333333 0.03888888888888889 0.015625
0 0.8856481481481482 0.2671875 0.036111111111111115 0.020833333333333332
0 0.8856481481481482 0.2671875 0.036111111111111115 0.020833333333333332
0 0.8856481481481482 0.2671875 0.036111111111111115 0.020833333333333332
0 0.8546296296296296 0.3325520833333333 0.044444444444444446 0.0171875
0 0.8546296296296296 0.3325520833333333 0.044444444444444446 0.0171875
0 0.8546296296296296 0.3325520833333333 0.044444444444444446 0.0171875
0 0.9032407407407408 0.3263020833333333 0.026851851851851852 0.018229166666666668
0 0.8361111111111111 0.3067708333333333 0.022222222222222223 0.013541666666666667
0 0.8717592592592593 0.31614583333333335 0.036111111111111115 0.016666666666666666
0 0.6888888888888889 0.37135416666666665 0.02592592592592593 0.016666666666666666
0 0.7050925925925926 0.34713541666666664 0.02314814814814815 0.0140625
0 0.7245370370370371 0.35442708333333334 0.032407407407407406 0.0203125
0 0.7583333333333334 0.37526041666666665 0.02777777777777778 0.018229166666666668
0 0.8046296296296297 0.39401041666666664 0.03333333333333333 0.019270833333333334
0 0.837962962962963 0.39479166666666665 0.03518518518518519 0.019791666666666666
0 0.8916666666666667 0.40911458333333334 0.02962962962962963 0.021354166666666667
0 0.8768518518518519 0.4393229166666667 0.02962962962962963 0.0171875
0 0.9236111111111112 0.45208333333333334 0.03796296296296296 0.019791666666666666
0 0.8032407407407408 0.47291666666666665 0.028703703703703703 0.016666666666666666
0 0.8226851851851852 0.4734375 0.021296296296296296 0.014583333333333334
0 0.7981481481481482 0.51640625 0.037037037037037035 0.019270833333333334
0 0.8763888888888889 0.5661458333333333 0.03425925925925926 0.017708333333333333
0 0.8606481481481482 0.5783854166666667 0.03796296296296296 0.019270833333333334
0 0.8810185185185185 0.59375 0.03796296296296296 0.017708333333333333
0 0.9282407407407408 0.5216145833333333 0.025 0.0171875
0 0.9328703703703705 0.4791666666666667 0.032407407407407406 0.015625
0 0.9726851851851852 0.38958333333333334 0.04166666666666667 0.025
