0 0.02361111111111111 0.7231770833333333 0.04537037037037037 0.028645833333333332
0 0.06944444444444445 0.07213541666666666 0.024074074074074074 0.013020833333333334
0 0.16481481481481483 0.7653645833333333 0.02592592592592593 0.019270833333333334
0 0.1953703703703704 0.8497395833333333 0.044444444444444446 0.03177083333333333
0 0.06666666666666667 0.14036458333333332 0.02962962962962963 0.019270833333333334
0 0.05185185185185186 0.12369791666666667 0.02592592592592593 0.018229166666666668
0 0.02777777777777778 0.28515625 0.02592592592592593 0.013020833333333334
0 0.030555555555555558 0.2674479166666667 0.03333333333333333 0.0203125
0 0.16111111111111112 0.2565104166666667 0.031481481481481485 0.01614583333333333
0 0.14120370370370372 0.20911458333333333 0.028703703703703703 0.018229166666666668
0 0.01388888888888889 0.4153645833333333 0.02592592592592593 0.018229166666666668
0 0.09212962962962963 0.39453125 0.025 0.015104166666666667
0 0.08009259259259259 0.37421875 0.025 0.0171875
0 0.13240740740740742 0.36302083333333335 0.031481481481481485 0.017708333333333333
0 0.10972222222222222 0.42421875 0.030555555555555558 0.01614583333333333
0 0.13657407407407407 0.5315104166666667 0.03425925925925926 0.019270833333333334
0 0.16435185185185186 0.54765625 0.025 0.0140625
0 0.18611111111111112 0.5802083333333333 0.02592592592592593 0.0125
0 0.11018518518518519 0.7 0.024074074074074074 0.02395833333333333
0 0.21064814814814817 0.6111979166666667 0.026851851851851852 0.0109375
0 0.32962962962962966 0.74140625 0.022222222222222223 0.01614583333333333
0 0.3078703703703704 0.70390625 0.03425925925925926 0.021354166666666667
0 0.3462962962962963 0.65625 0.024074074074074074 0.017708333333333333
0 0.3726851851851852 0.6541666666666667 0.025 0.016666666666666666
0 0.3995370370370371 0.7497395833333333 0.03425925925925926 0.018229166666666668
0 0.5152777777777778 0.7979166666666666 0.032407407407407406 0.027083333333333334
0 0.4138888888888889 0.6057291666666667 0.02592592592592593 0.019791666666666666
0 0.5523148148148148 0.5638020833333334 0.028703703703703703 0.01614583333333333
0 0.5703703703703704 0.5747395833333333 0.02592592592592593 0.011979166666666666
0 0.46342592592592596 0.5265625 0.021296296296296296 0.014583333333333334
0 0.5574074074074075 0.5088541666666666 0.02777777777777778 0.014583333333333334
0 0.538425925925926 0.4966145833333333 0.015740740740740743 0.011979166666666666
0 0.5592592592592592 0.4575520833333333 0.02592592592592593 0.0140625
0 0.5791666666666667 0.43645833333333334 0.03796296296296296 0.019791666666666666
0 0.5375 0.4322916666666667 0.030555555555555558 0.017708333333333333
0 0.37222222222222223 0.49192708333333335 0.020370370370370372 0.013020833333333334
0 0.4314814814814815 0.4114583333333333 0.02962962962962963 0.01875
0 0.45046296296296295 0.38984375 0.026851851851851852 0.0140625
0 0.4425925925925926 0.3385416666666667 0.031481481481481485 0.019791666666666666
0 0.4439814814814815 0.2877604166666667 0.025 0.019270833333333334
0 0.4564814814814815 0.27291666666666664 0.024074074074074074 0.015625
0 0.513425925925926 0.26015625 0.017592592592592594 0.0140625
0 0.5273148148148148 0.2591145833333333 0.021296296296296296 0.015104166666666667
0 0.5148148148148148 0.24817708333333333 0.022222222222222223 0.013020833333333334
0 0.5305555555555556 0.23828125 0.02592592592592593 0.0109375
0 0.5657407407407408 0.22942708333333334 0.02962962962962963 0.019270833333333334
0 0.5444444444444445 0.18229166666666666 0.02777777777777778 0.019791666666666666
0 0.12175925925925926 0.2328125 0.025 0.014583333333333334
0 0.47685185185185186 0.41510416666666666 0.020370370370370372 0.015625
0 0.5226851851851853 0.46197916666666666 0.02314814814814815 0.015625
0 0.5212962962962964 0.4627604166666667 0.022222222222222223 0.0140625
0 0.5370370370370371 0.7208333333333333 0.03888888888888889 0.025
0 0.6148148148148148 0.8317708333333333 0.037037037037037035 0.025
0 0.6592592592592593 0.8869791666666667 0.03888888888888889 0.0375
0 0.6287037037037038 0.8942708333333333 0.03888888888888889 0.026041666666666668
0 0.6208333333333333 0.7526041666666666 0.019444444444444445 0.019791666666666666
0 0.6587962962962963 0.7216145833333333 0.021296296296296296 0.0109375
0 0.7518518518518519 0.7856770833333333 0.020370370370370372 0.0140625
0 0.787962962962963 0.7322916666666667 0.03333333333333333 0.025
0 0.562962962962963 0.40234375 0.02777777777777778 0.018229166666666668
0 0.6152777777777778 0.50859375 0.032407407407407406 0.0171875
0 0.6731481481481482 0.5671875 0.02962962962962963 0.017708333333333333
0 0.6305555555555555 0.40182291666666664 0.031481481481481485 0.018229166666666668
0 0.6273148148148149 0.4739583333333333 0.025 0.017708333333333333
0 0.9018518518518519 0.7572916666666667 0.05 0.019791666666666666
0 0.9685185185185186 0.77890625 0.03518518518518519 0.022395833333333334
0 0.7972222222222223 0.5869791666666666 0.03888888888888889 0.019791666666666666
0 0.7291666666666667 0.5393229166666667 0.032407407407407406 0.021354166666666667
0 0.7921296296296296 0.23463541666666665 0.036111111111111115 0.0203125
0 0.8527777777777779 0.12526041666666665 0.031481481481481485 0.021354166666666667
0 0.9782407407407407 0.17942708333333332 0.03425925925925926 0.018229166666666668
0 0.8472222222222222 0.2265625 0.03888888888888889 0.015625
0 0.8796296296296297 0.26640625 0.03518518518518519 0.021354166666666667
0 0.8796296296296297 0.26640625 0.03518518518518519 0.021354166666666667
0 0.8796296296296297 0.26640625 0.03518518518518519 0.021354166666666667
0 0.8481481481481482 0.33125 0.04259259259259259 0.016666666666666666
0 0.8481481481481482 0.33125 0.04259259259259259 0.016666666666666666
0 0.8481481481481482 0.33125 0.04259259259259259 0.016666666666666666
0 0.8972222222222223 0.3255208333333333 0.02592592592592593 0.01875
0 0.8305555555555556 0.30625 0.022222222222222223 0.013541666666666667
0 0.8666666666666667 0.31536458333333334 0.03518518518518519 0.0171875
0 0.6828703703703703 0.37057291666666664 0.026851851851851852 0.01614583333333333
0 0.6981481481481482 0.34661458333333334 0.024074074074074074 0.0140625
0 0.7180555555555556 0.35390625 0.032407407407407406 0.0203125
0 0.7523148148148149 0.37473958333333335 0.028703703703703703 0.018229166666666668
0 0.7976851851851852 0.3932291666666667 0.032407407407407406 0.019791666666666666
0 0.8324074074074075 0.39453125 0.03518518518518519 0.0203125
0 0.8851851851851852 0.4080729166666667 0.02962962962962963 0.0203125
0 0.8712962962962963 0.4393229166666667 0.02962962962962963 0.0171875
0 0.9180555555555556 0.4518229166666667 0.03796296296296296 0.019270833333333334
0 0.7967592592592593 0.47213541666666664 0.028703703703703703 0.01614583333333333
0 0.8175925925925926 0.4734375 0.022222222222222223 0.014583333333333334
0 0.7921296296296296 0.5161458333333333 0.03796296296296296 0.019791666666666666
0 0.8689814814814815 0.5658854166666667 0.03425925925925926 0.018229166666666668
0 0.8532407407407407 0.578125 0.03796296296296296 0.019791666666666666
0 0.8740740740740741 0.5934895833333333 0.037037037037037035 0.0171875
0 0.9222222222222223 0.5213541666666667 0.02592592592592593 0.016666666666666666
0 0.9277777777777778 0.4786458333333333 0.03333333333333333 0.016666666666666666
0 0.9648148148148149 0.3890625 0.040740740740740744 0.025
