0 0.01990740740740741 0.7239583333333334 0.03796296296296296 0.03125
0 0.062037037037037036 0.07161458333333333 0.024074074074074074 0.0140625
0 0.1587962962962963 0.76484375 0.026851851851851852 0.019270833333333334
0 0.18703703703703706 0.8494791666666667 0.044444444444444446 0.03125
0 0.059722222222222225 0.13958333333333334 0.030555555555555558 0.01875
0 0.04490740740740741 0.12317708333333333 0.026851851851851852 0.018229166666666668
0 0.020833333333333336 0.284375 0.025 0.013541666666666667
0 0.022222222222222223 0.2671875 0.03333333333333333 0.020833333333333332
0 0.15462962962962964 0.2559895833333333 0.031481481481481485 0.01614583333333333
0 0.13425925925925927 0.20859375 0.02777777777777778 0.0171875
0 0.08518518518518518 0.39427083333333335 0.024074074074074074 0.014583333333333334
0 0.07407407407407407 0.3736979166666667 0.02592592592592593 0.0171875
0 0.12546296296296297 0.3625 0.032407407407407406 0.017708333333333333
0 0.10231481481481482 0.4236979166666667 0.030555555555555558 0.01614583333333333
0 0.1300925925925926 0.5315104166666667 0.03425925925925926 0.019270833333333334
0 0.15787037037037038 0.5473958333333333 0.02314814814814815 0.013541666666666667
0 0.1800925925925926 0.5796875 0.025 0.0125
0 0.10324074074074074 0.7002604166666666 0.025 0.0234375
0 0.20370370370370372 0.6111979166666667 0.02777777777777778 0.0109375
0 0.3236111111111111 0.7408854166666666 0.02314814814814815 0.01614583333333333
0 0.3023148148148148 0.7033854166666667 0.03425925925925926 0.021354166666666667
0 0.33981481481481485 0.6559895833333333 0.024074074074074074 0.0171875
0 0.3666666666666667 0.6544270833333333 0.02592592592592593 0.0171875
0 0.3912037037037037 0.7497395833333333 0.036111111111111115 0.018229166666666668
0 0.5074074074074074 0.7981770833333334 0.03333333333333333 0.0265625
0 0.40740740740740744 0.60546875 0.02592592592592593 0.019270833333333334
0 0.5458333333333334 0.5638020833333334 0.028703703703703703 0.01614583333333333
0 0.5643518518518519 0.5747395833333333 0.026851851851851852 0.011979166666666666
0 0.45740740740740743 0.5263020833333333 0.020370370370370372 0.015104166666666667
0 0.5509259259259259 0.5083333333333333 0.02777777777777778 0.014583333333333334
0 0.5310185185185186 0.4966145833333333 0.015740740740740743 0.011979166666666666
0 0.5527777777777778 0.4575520833333333 0.02592592592592593 0.0140625
0 0.5731481481481482 0.4361979166666667 0.03888888888888889 0.0203125
0 0.5300925925925926 0.43255208333333334 0.030555555555555558 0.018229166666666668
0 0.36574074074074076 0.49192708333333335 0.020370370370370372 0.013020833333333334
0 0.42962962962962964 0.4114583333333333 0.02777777777777778 0.017708333333333333
0 0.44351851851851853 0.38984375 0.02777777777777778 0.0140625
0 0.4361111111111111 0.3385416666666667 0.031481481481481485 0.019791666666666666
0 0.43842592592592594 0.2875 0.025 0.01875
0 0.6212962962962963 0.89453125 0.031481481481481485 0.0296875
0 0.45 0.27317708333333335 0.024074074074074074 0.015104166666666667
0 0.5069444444444444 0.26015625 0.017592592592592594 0.0140625
0 0.5217592592592593 0.25859375 0.021296296296296296 0.015104166666666667
0 0.5083333333333333 0.24765625 0.022222222222222223 0.013020833333333334
0 0.525 0.23776041666666667 0.02777777777777778 0.0109375
0 0.5592592592592592 0.22890625 0.02962962962962963 0.019270833333333334
0 0.538425925925926 0.18177083333333333 0.028703703703703703 0.019791666666666666
0 0.11481481481481481 0.23177083333333334 0.02592592592592593 0.014583333333333334
0 0.4708333333333333 0.41510416666666666 0.019444444444444445 0.015625
0 0.5162037037037037 0.46249999999999997 0.02314814814814815 0.016666666666666666
0 0.5148148148148148 0.46249999999999997 0.022222222222222223 0.014583333333333334
0 0.5282407407407408 0.7208333333333333 0.03796296296296296 0.025
0 0.6069444444444445 0.8315104166666667 0.03796296296296296 0.024479166666666666
0 0.65 0.88828125 0.03888888888888889 0.0359375
0 0.6129629629629629 0.753125 0.020370370370370372 0.019791666666666666
0 0.5620370370370371 0.6276041666666666 0.03333333333333333 0.019791666666666666
0 0.6513888888888889 0.7213541666666666 0.021296296296296296 0.010416666666666666
0 0.7439814814814815 0.7856770833333333 0.021296296296296296 0.0140625
0 0.7810185185185186 0.7322916666666667 0.03425925925925926 0.025
0 0.5555555555555556 0.40260416666666665 0.02777777777777778 0.01875
0 0.6087962962962963 0.50859375 0.032407407407407406 0.0171875
0 0.6666666666666667 0.5671875 0.02962962962962963 0.017708333333333333
0 0.6240740740740741 0.4015625 0.03333333333333333 0.01875
0 0.6212962962962963 0.47369791666666666 0.02592592592592593 0.0171875
0 0.8939814814814815 0.7580729166666667 0.049074074074074076 0.0203125
0 0.9606481481481481 0.77890625 0.036111111111111115 0.022395833333333334
0 0.7912037037037037 0.5872395833333334 0.03796296296296296 0.019270833333333334
0 0.7226851851851852 0.53984375 0.032407407407407406 0.021354166666666667
0 0.7851851851851852 0.234375 0.03518518518518519 0.019791666666666666
0 0.8467592592592593 0.125 0.030555555555555558 0.021875
0 0.8467592592592593 0.125 0.030555555555555558 0.021875
0 0.9712962962962963 0.17890625 0.03333333333333333 0.018229166666666668
0 0.8416666666666667 0.22682291666666665 0.037037037037037035 0.01614583333333333
0 0.8736111111111111 0.26640625 0.036111111111111115 0.021354166666666667
0 0.8416666666666667 0.33177083333333335 0.04259259259259259 0.016666666666666666
0 0.8416666666666667 0.33177083333333335 0.04259259259259259 0.016666666666666666
0 0.8416666666666667 0.33177083333333335 0.04259259259259259 0.016666666666666666
0 0.8912037037037037 0.3263020833333333 0.026851851851851852 0.0203125
0 0.8250000000000001 0.30625 0.022222222222222223 0.013541666666666667
0 0.8611111111111112 0.31588541666666664 0.03333333333333333 0.0171875
0 0.6768518518518519 0.37057291666666664 0.02592592592592593 0.01614583333333333
0 0.6930555555555555 0.34661458333333334 0.02314814814814815 0.0140625
0 0.7125 0.35390625 0.032407407407407406 0.0203125
0 0.7458333333333333 0.37473958333333335 0.028703703703703703 0.018229166666666668
0 0.7912037037037037 0.3932291666666667 0.032407407407407406 0.01875
0 0.8250000000000001 0.39453125 0.03518518518518519 0.0203125
0 0.8782407407407408 0.4088541666666667 0.028703703703703703 0.020833333333333332
0 0.8652777777777778 0.43906249999999997 0.028703703703703703 0.016666666666666666
0 0.9111111111111111 0.45208333333333334 0.037037037037037035 0.019791666666666666
0 0.7907407407407407 0.47265625 0.02777777777777778 0.01614583333333333
0 0.8111111111111111 0.4734375 0.022222222222222223 0.014583333333333334
0 0.7856481481481482 0.51640625 0.03796296296296296 0.0203125
0 0.8615740740740742 0.5658854166666667 0.03425925925925926 0.0171875
0 0.8462962962962963 0.5783854166666667 0.03888888888888889 0.019270833333333334
0 0.8666666666666667 0.59375 0.037037037037037035 0.017708333333333333
0 0.9148148148148149 0.5213541666666667 0.02592592592592593 0.016666666666666666
0 0.9212962962962963 0.4791666666666667 0.03333333333333333 0.016666666666666666
0 0.9888888888888889 0.5375 0.022222222222222223 0.013541666666666667
0 0.9587962962962964 0.3893229166666667 0.03981481481481482 0.025520833333333333
