0 0.851388888888889 0.765625 0.026851851851851852 0.019791666666666666
0 0.8222222222222223 0.8502604166666666 0.044444444444444446 0.0328125
0 0.950462962962963 0.13932291666666666 0.030555555555555558 0.019270833333333334
0 0.9652777777777778 0.12265625 0.026851851851851852 0.018229166666666668
0 0.9476851851851852 0.07135416666666666 0.02314814814814815 0.013541666666666667
0 0.987962962962963 0.2838541666666667 0.024074074074074074 0.013541666666666667
0 0.9847222222222223 0.2671875 0.030555555555555558 0.020833333333333332
0 0.8546296296296296 0.2559895833333333 0.031481481481481485 0.01614583333333333
0 0.875462962962963 0.20833333333333334 0.028703703703703703 0.017708333333333333
0 0.9231481481481482 0.39427083333333335 0.024074074074074074 0.014583333333333334
0 0.9351851851851852 0.37421875 0.02592592592592593 0.0171875
0 0.8842592592592593 0.36328125 0.031481481481481485 0.0171875
0 0.9069444444444444 0.4236979166666667 0.030555555555555558 0.0171875
0 0.8791666666666667 0.5317708333333333 0.03425925925925926 0.019791666666666666
0 0.850462962962963 0.5479166666666666 0.02314814814814815 0.013541666666666667
0 0.8282407407407407 0.5799479166666667 0.025 0.011979166666666666
0 0.9064814814814816 0.7002604166666666 0.024074074074074074 0.0234375
0 0.8060185185185186 0.61171875 0.028703703703703703 0.0109375
0 0.6851851851851852 0.7411458333333333 0.022222222222222223 0.015625
0 0.7064814814814815 0.7036458333333333 0.03518518518518519 0.020833333333333332
0 0.6675925925925926 0.6565104166666667 0.024074074074074074 0.018229166666666668
0 0.6416666666666667 0.6544270833333333 0.02592592592592593 0.0171875
0 0.6180555555555556 0.7502604166666667 0.03425925925925926 0.019270833333333334
0 0.5018518518518519 0.7986979166666667 0.03333333333333333 0.0265625
0 0.6013888888888889 0.6052083333333333 0.025 0.01875
0 0.46296296296296297 0.5643229166666667 0.02777777777777778 0.01614583333333333
0 0.4439814814814815 0.5744791666666667 0.026851851851851852 0.0125
0 0.5504629629629629 0.5265625 0.019444444444444445 0.015625
0 0.45833333333333337 0.5091145833333334 0.02777777777777778 0.0140625
0 0.47685185185185186 0.496875 0.014814814814814815 0.011458333333333333
0 0.4564814814814815 0.4575520833333333 0.024074074074074074 0.0140625
0 0.43703703703703706 0.43671875 0.037037037037037035 0.0203125
0 0.4791666666666667 0.43255208333333334 0.030555555555555558 0.018229166666666668
0 0.6444444444444445 0.4921875 0.020370370370370372 0.013541666666666667
0 0.5796296296296296 0.4109375 0.02962962962962963 0.019791666666666666
0 0.5648148148148149 0.3893229166666667 0.02777777777777778 0.01614583333333333
0 0.5722222222222223 0.3385416666666667 0.031481481481481485 0.019791666666666666
0 0.38703703703703707 0.8950520833333333 0.03333333333333333 0.03177083333333333
0 0.5703703703703704 0.2875 0.02592592592592593 0.01875
0 0.5587962962962963 0.27317708333333335 0.025 0.015104166666666667
0 0.5013888888888889 0.2598958333333333 0.017592592592592594 0.013541666666666667
0 0.4865740740740741 0.2591145833333333 0.021296296296296296 0.015104166666666667
0 0.500925925925926 0.24817708333333333 0.022222222222222223 0.013020833333333334
0 0.4842592592592593 0.23828125 0.02777777777777778 0.0109375
0 0.45 0.22942708333333334 0.02962962962962963 0.019270833333333334
0 0.4708333333333333 0.18255208333333334 0.028703703703703703 0.019270833333333334
0 0.8939814814814815 0.23203125 0.025 0.015104166666666667
0 0.5370370370370371 0.41562499999999997 0.020370370370370372 0.015625
0 0.4930555555555556 0.46249999999999997 0.02314814814814815 0.016666666666666666
0 0.4935185185185185 0.46328125 0.022222222222222223 0.015104166666666667
0 0.48194444444444445 0.721875 0.03796296296296296 0.025
0 0.40324074074074073 0.8322916666666667 0.036111111111111115 0.025
0 0.36064814814814816 0.8888020833333333 0.03796296296296296 0.0359375
0 0.3962962962962963 0.7536458333333333 0.022222222222222223 0.019791666666666666
0 0.4467592592592593 0.628125 0.03425925925925926 0.020833333333333332
0 0.3564814814814815 0.7216145833333333 0.022222222222222223 0.0109375
0 0.26481481481481484 0.7859375 0.022222222222222223 0.014583333333333334
0 0.22870370370370371 0.7328125 0.03333333333333333 0.025
0 0.4527777777777778 0.40260416666666665 0.02962962962962963 0.017708333333333333
0 0.3995370370370371 0.50859375 0.032407407407407406 0.0171875
0 0.3425925925925926 0.5671875 0.02962962962962963 0.017708333333333333
0 0.38472222222222224 0.4015625 0.032407407407407406 0.01875
0 0.38703703703703707 0.47369791666666666 0.02592592592592593 0.018229166666666668
0 0.11620370370370371 0.7578125 0.04537037037037037 0.021875
0 0.050462962962962966 0.7791666666666667 0.036111111111111115 0.022916666666666665
0 0.2189814814814815 0.5875 0.03796296296296296 0.01875
0 0.28611111111111115 0.5401041666666666 0.03333333333333333 0.021875
0 0.22453703703703703 0.23463541666666665 0.036111111111111115 0.019270833333333334
0 0.1625 0.12552083333333333 0.030555555555555558 0.020833333333333332
0 0.1625 0.12552083333333333 0.030555555555555558 0.020833333333333332
0 0.03888888888888889 0.17994791666666665 0.03333333333333333 0.018229166666666668
0 0.1675925925925926 0.22708333333333333 0.03888888888888889 0.016666666666666666
0 0.13564814814814816 0.2671875 0.036111111111111115 0.021875
0 0.16898148148148148 0.33203125 0.03981481481481482 0.01614583333333333
0 0.16898148148148148 0.33203125 0.03981481481481482 0.01614583333333333
0 0.16898148148148148 0.33203125 0.03981481481481482 0.01614583333333333
0 0.1175925925925926 0.3260416666666667 0.02592592592592593 0.019791666666666666
0 0.18333333333333335 0.30625 0.022222222222222223 0.013541666666666667
0 0.14675925925925926 0.315625 0.032407407407407406 0.015625
0 0.33194444444444443 0.37083333333333335 0.026851851851851852 0.016666666666666666
0 0.31574074074074077 0.346875 0.024074074074074074 0.013541666666666667
0 0.2962962962962963 0.35442708333333334 0.03333333333333333 0.0203125
0 0.26342592592592595 0.375 0.028703703703703703 0.017708333333333333
0 0.2175925925925926 0.39375 0.031481481481481485 0.01875
0 0.18333333333333335 0.39557291666666666 0.03518518518518519 0.0203125
0 0.13194444444444445 0.40963541666666664 0.028703703703703703 0.0203125
0 0.1449074074074074 0.4393229166666667 0.028703703703703703 0.0171875
0 0.09814814814814815 0.45260416666666664 0.037037037037037035 0.019791666666666666
0 0.21805555555555556 0.47265625 0.028703703703703703 0.01614583333333333
0 0.19814814814814816 0.4734375 0.022222222222222223 0.014583333333333334
0 0.22268518518518518 0.5166666666666666 0.03796296296296296 0.019791666666666666
0 0.1476851851851852 0.5661458333333333 0.03425925925925926 0.017708333333333333
0 0.16342592592592592 0.5783854166666667 0.03796296296296296 0.019270833333333334
0 0.14305555555555557 0.5940104166666667 0.036111111111111115 0.0171875
0 0.09398148148148149 0.521875 0.025 0.017708333333333333
0 0.08750000000000001 0.47890625 0.032407407407407406 0.01614583333333333
0 0.01712962962962963 0.5385416666666667 0.030555555555555558 0.014583333333333334
0 0.017592592592592594 0.5955729166666667 0.031481481481481485 0.022395833333333334
0 0.05185185185185186 0.38958333333333334 0.044444444444444446 0.02395833333333333
