0 0.8578703703703704 0.7666666666666666 0.028703703703703703 0.019791666666666666
0 0.8314814814814815 0.8510416666666667 0.044444444444444446 0.03333333333333333
0 0.9574074074074075 0.13984375 0.02962962962962963 0.019270833333333334
0 0.9722222222222222 0.12369791666666667 0.02592592592592593 0.018229166666666668
0 0.9550925925925926 0.071875 0.02314814814814815 0.013541666666666667
0 0.9888888888888889 0.2682291666666667 0.022222222222222223 0.021875
0 0.8625 0.2565104166666667 0.030555555555555558 0.01614583333333333
0 0.8828703703703704 0.20885416666666667 0.028703703703703703 0.017708333333333333
0 0.9305555555555556 0.3950520833333333 0.024074074074074074 0.015104166666666667
0 0.9430555555555556 0.37447916666666664 0.025 0.016666666666666666
0 0.8921296296296297 0.36354166666666665 0.030555555555555558 0.017708333333333333
0 0.9152777777777779 0.42421875 0.030555555555555558 0.01614583333333333
0 0.8875000000000001 0.5325520833333334 0.03425925925925926 0.0203125
0 0.8574074074074074 0.5481770833333334 0.024074074074074074 0.0140625
0 0.8351851851851853 0.5807291666666666 0.02592592592592593 0.0125
0 0.9148148148148149 0.7013020833333333 0.024074074074074074 0.0234375
0 0.813425925925926 0.6122395833333333 0.028703703703703703 0.0109375
0 0.6925925925925926 0.7421875 0.024074074074074074 0.015625
0 0.7143518518518519 0.7049479166666667 0.03425925925925926 0.021354166666666667
0 0.675 0.6572916666666666 0.024074074074074074 0.017708333333333333
0 0.6481481481481481 0.6552083333333333 0.02592592592592593 0.016666666666666666
0 0.6263888888888889 0.75078125 0.03425925925925926 0.018229166666666668
0 0.5101851851851852 0.7994791666666666 0.031481481481481485 0.027083333333333334
0 0.6092592592592593 0.60625 0.024074074074074074 0.01875
0 0.46944444444444444 0.56484375 0.02777777777777778 0.01614583333333333
0 0.45046296296296295 0.5752604166666666 0.026851851851851852 0.011979166666666666
0 0.5569444444444445 0.5268229166666667 0.019444444444444445 0.015104166666666667
0 0.4652777777777778 0.509375 0.026851851851851852 0.014583333333333334
0 0.48333333333333334 0.49713541666666666 0.014814814814814815 0.011979166666666666
0 0.46342592592592596 0.45807291666666666 0.025 0.0140625
0 0.4439814814814815 0.43697916666666664 0.036111111111111115 0.020833333333333332
0 0.5425925925925926 0.4161458333333333 0.020370370370370372 0.015625
0 0.4865740740740741 0.43307291666666664 0.030555555555555558 0.018229166666666668
0 0.6518518518518519 0.4927083333333333 0.020370370370370372 0.013541666666666667
0 0.5861111111111111 0.4109375 0.02777777777777778 0.017708333333333333
0 0.5703703703703704 0.39010416666666664 0.02777777777777778 0.015625
0 0.5800925925925926 0.3390625 0.030555555555555558 0.019791666666666666
0 0.5773148148148148 0.28828125 0.025 0.019270833333333334
0 0.3962962962962963 0.8966145833333333 0.03518518518518519 0.03177083333333333
0 0.5648148148148149 0.2739583333333333 0.024074074074074074 0.015625
0 0.5083333333333333 0.2609375 0.016666666666666666 0.013541666666666667
0 0.4949074074074074 0.2596354166666667 0.021296296296296296 0.015104166666666667
0 0.5074074074074074 0.24921875 0.022222222222222223 0.013020833333333334
0 0.4902777777777778 0.23906249999999998 0.028703703703703703 0.011458333333333333
0 0.45787037037037037 0.22994791666666667 0.028703703703703703 0.019270833333333334
0 0.47824074074074074 0.18307291666666667 0.028703703703703703 0.019270833333333334
0 0.9013888888888889 0.23255208333333333 0.025 0.015104166666666667
0 0.4986111111111111 0.4622395833333333 0.02314814814814815 0.0171875
0 0.4638888888888889 0.45677083333333335 0.02777777777777778 0.015625
0 0.4912037037037037 0.7223958333333333 0.03796296296296296 0.025
0 0.41111111111111115 0.8333333333333334 0.037037037037037035 0.025
0 0.3685185185185185 0.8895833333333333 0.037037037037037035 0.036458333333333336
0 0.40370370370370373 0.75390625 0.024074074074074074 0.0203125
0 0.4527777777777778 0.6294270833333333 0.037037037037037035 0.021354166666666667
0 0.36435185185185187 0.72265625 0.02314814814814815 0.0109375
0 0.27222222222222225 0.7869791666666667 0.022222222222222223 0.014583333333333334
0 0.23611111111111113 0.7338541666666667 0.03333333333333333 0.025
0 0.46064814814814814 0.40260416666666665 0.030555555555555558 0.017708333333333333
0 0.40694444444444444 0.5091145833333334 0.032407407407407406 0.0171875
0 0.3490740740740741 0.5674479166666666 0.02962962962962963 0.018229166666666668
0 0.39166666666666666 0.40208333333333335 0.03333333333333333 0.01875
0 0.39351851851851855 0.4744791666666667 0.02592592592592593 0.017708333333333333
0 0.12037037037037038 0.75859375 0.03518518518518519 0.021354166666666667
0 0.058333333333333334 0.7799479166666666 0.037037037037037035 0.022395833333333334
0 0.22685185185185186 0.58828125 0.03888888888888889 0.019270833333333334
0 0.2935185185185185 0.540625 0.03333333333333333 0.021875
0 0.23148148148148148 0.23541666666666666 0.03518518518518519 0.01875
0 0.17037037037037037 0.12630208333333334 0.031481481481481485 0.021354166666666667
0 0.17037037037037037 0.12630208333333334 0.031481481481481485 0.021354166666666667
0 0.046759259259259264 0.18125 0.03425925925925926 0.01875
0 0.17453703703703705 0.22786458333333334 0.03796296296296296 0.01614583333333333
0 0.14212962962962963 0.26796875 0.036111111111111115 0.021354166666666667
0 0.17314814814814816 0.3333333333333333 0.040740740740740744 0.015625
0 0.17314814814814816 0.3333333333333333 0.040740740740740744 0.015625
0 0.12592592592592594 0.3268229166666667 0.02592592592592593 0.018229166666666668
0 0.1902777777777778 0.3067708333333333 0.02314814814814815 0.013541666666666667
0 0.15416666666666667 0.3169270833333333 0.030555555555555558 0.0171875
0 0.3388888888888889 0.371875 0.02592592592592593 0.016666666666666666
0 0.3231481481481482 0.3481770833333333 0.024074074074074074 0.0140625
0 0.3041666666666667 0.35546875 0.032407407407407406 0.0203125
0 0.27083333333333337 0.37526041666666665 0.028703703703703703 0.018229166666666668
0 0.225 0.39427083333333335 0.031481481481481485 0.01875
0 0.1912037037037037 0.3958333333333333 0.03425925925925926 0.020833333333333332
0 0.1398148148148148 0.40989583333333335 0.02962962962962963 0.020833333333333332
0 0.15231481481481482 0.43984375 0.028703703703703703 0.0171875
0 0.10555555555555556 0.45338541666666665 0.037037037037037035 0.0203125
0 0.22592592592592595 0.47369791666666666 0.02962962962962963 0.01614583333333333
0 0.20462962962962963 0.4739583333333333 0.022222222222222223 0.014583333333333334
0 0.2300925925925926 0.5171875 0.03796296296296296 0.019791666666666666
0 0.15555555555555556 0.5666666666666667 0.03333333333333333 0.017708333333333333
0 0.17083333333333334 0.5791666666666666 0.03796296296296296 0.019791666666666666
0 0.15046296296296297 0.5947916666666666 0.036111111111111115 0.017708333333333333
0 0.10092592592592593 0.5223958333333333 0.02592592592592593 0.017708333333333333
0 0.09444444444444444 0.48020833333333335 0.03333333333333333 0.016666666666666666
0 0.022685185185185187 0.5390625 0.032407407407407406 0.014583333333333334
0 0.022222222222222223 0.59609375 0.040740740740740744 0.022395833333333334
0 0.05925925925925926 0.390625 0.0462962962962963 0.022916666666666665
