0 0.1439814814814815 0.7666666666666666 0.028703703703703703 0.019791666666666666
0 0.17037037037037037 0.8510416666666667 0.044444444444444446 0.03333333333333333
0 0.044444444444444446 0.13984375 0.02962962962962963 0.019270833333333334
0 0.02962962962962963 0.12369791666666667 0.02592592592592593 0.018229166666666668
0 0.046759259259259264 0.071875 0.02314814814814815 0.013541666666666667
0 0.0125 0.26796875 0.02314814814814815 0.021354166666666667
0 0.13935185185185187 0.2565104166666667 0.030555555555555558 0.01614583333333333
0 0.11898148148148148 0.20885416666666667 0.028703703703703703 0.017708333333333333
0 0.0712962962962963 0.3950520833333333 0.024074074074074074 0.015104166666666667
0 0.0587962962962963 0.37447916666666664 0.025 0.016666666666666666
0 0.10972222222222222 0.36354166666666665 0.030555555555555558 0.017708333333333333
0 0.08657407407407408 0.42421875 0.030555555555555558 0.01614583333333333
0 0.11435185185185186 0.5325520833333334 0.03425925925925926 0.0203125
0 0.14444444444444446 0.5481770833333334 0.024074074074074074 0.0140625
0 0.16666666666666669 0.5807291666666666 0.02592592592592593 0.0125
0 0.08703703703703704 0.7013020833333333 0.024074074074074074 0.0234375
0 0.18842592592592594 0.6122395833333333 0.028703703703703703 0.0109375
0 0.3092592592592593 0.7421875 0.024074074074074074 0.015625
0 0.28750000000000003 0.7049479166666667 0.03425925925925926 0.021354166666666667
0 0.32685185185185184 0.6572916666666666 0.024074074074074074 0.017708333333333333
0 0.35370370370370374 0.6552083333333333 0.02592592592592593 0.016666666666666666
0 0.375462962962963 0.75078125 0.03425925925925926 0.018229166666666668
0 0.4916666666666667 0.7994791666666666 0.031481481481481485 0.027083333333333334
0 0.3925925925925926 0.60625 0.024074074074074074 0.01875
0 0.5324074074074074 0.56484375 0.02777777777777778 0.01614583333333333
0 0.5513888888888889 0.5752604166666666 0.026851851851851852 0.011979166666666666
0 0.4449074074074074 0.5268229166666667 0.019444444444444445 0.015104166666666667
0 0.5365740740740741 0.509375 0.026851851851851852 0.014583333333333334
0 0.5185185185185185 0.49713541666666666 0.014814814814814815 0.011979166666666666
0 0.538425925925926 0.45807291666666666 0.025 0.0140625
0 0.5578703703703703 0.43697916666666664 0.036111111111111115 0.020833333333333332
0 0.45925925925925926 0.4161458333333333 0.020370370370370372 0.015625
0 0.5152777777777778 0.43307291666666664 0.030555555555555558 0.018229166666666668
0 0.35000000000000003 0.4927083333333333 0.020370370370370372 0.013541666666666667
0 0.41574074074074074 0.4109375 0.02777777777777778 0.017708333333333333
0 0.4314814814814815 0.39010416666666664 0.02777777777777778 0.015625
0 0.4217592592592593 0.3390625 0.030555555555555558 0.019791666666666666
0 0.42453703703703705 0.28828125 0.025 0.019270833333333334
0 0.6055555555555556 0.8966145833333333 0.03518518518518519 0.03177083333333333
0 0.43703703703703706 0.2739583333333333 0.024074074074074074 0.015625
0 0.4935185185185185 0.2609375 0.016666666666666666 0.013541666666666667
0 0.5069444444444444 0.2596354166666667 0.021296296296296296 0.015104166666666667
0 0.49444444444444446 0.24921875 0.022222222222222223 0.013020833333333334
0 0.5115740740740741 0.23906249999999998 0.028703703703703703 0.011458333333333333
0 0.5439814814814815 0.22994791666666667 0.028703703703703703 0.019270833333333334
0 0.5236111111111111 0.18307291666666667 0.028703703703703703 0.019270833333333334
0 0.10046296296296296 0.23255208333333333 0.025 0.015104166666666667
0 0.5032407407407408 0.4622395833333333 0.02314814814814815 0.0171875
0 0.537962962962963 0.45677083333333335 0.02777777777777778 0.015625
0 0.5106481481481482 0.7223958333333333 0.03796296296296296 0.025
0 0.5907407407407408 0.8333333333333334 0.037037037037037035 0.025
0 0.6333333333333333 0.8895833333333333 0.037037037037037035 0.036458333333333336
0 0.5981481481481482 0.75390625 0.024074074074074074 0.0203125
0 0.549074074074074 0.6294270833333333 0.037037037037037035 0.021354166666666667
0 0.6375000000000001 0.72265625 0.02314814814814815 0.0109375
0 0.7296296296296296 0.7869791666666667 0.022222222222222223 0.014583333333333334
0 0.7657407407407407 0.7338541666666667 0.03333333333333333 0.025
0 0.5412037037037037 0.40260416666666665 0.030555555555555558 0.017708333333333333
0 0.5949074074074074 0.5091145833333334 0.032407407407407406 0.0171875
0 0.6527777777777778 0.5674479166666666 0.02962962962962963 0.018229166666666668
0 0.6101851851851852 0.40208333333333335 0.03333333333333333 0.01875
0 0.6083333333333334 0.4744791666666667 0.02592592592592593 0.017708333333333333
0 0.8814814814814815 0.75859375 0.03518518518518519 0.021354166666666667
0 0.9435185185185185 0.7799479166666666 0.037037037037037035 0.022395833333333334
0 0.775 0.58828125 0.03888888888888889 0.019270833333333334
0 0.7083333333333334 0.540625 0.03333333333333333 0.021875
0 0.7703703703703704 0.23541666666666666 0.03518518518518519 0.01875
0 0.8314814814814815 0.12630208333333334 0.031481481481481485 0.021354166666666667
0 0.8314814814814815 0.12630208333333334 0.031481481481481485 0.021354166666666667
0 0.9550925925925926 0.18125 0.03425925925925926 0.01875
0 0.8273148148148148 0.22786458333333334 0.03796296296296296 0.01614583333333333
0 0.8597222222222223 0.26796875 0.036111111111111115 0.021354166666666667
0 0.8287037037037037 0.3333333333333333 0.040740740740740744 0.015625
0 0.8287037037037037 0.3333333333333333 0.040740740740740744 0.015625
0 0.875925925925926 0.3268229166666667 0.02592592592592593 0.018229166666666668
0 0.8115740740740741 0.3067708333333333 0.02314814814814815 0.013541666666666667
0 0.8476851851851852 0.3169270833333333 0.030555555555555558 0.0171875
0 0.662962962962963 0.371875 0.02592592592592593 0.016666666666666666
0 0.6787037037037037 0.3481770833333333 0.024074074074074074 0.0140625
0 0.6976851851851852 0.35546875 0.032407407407407406 0.0203125
0 0.7310185185185185 0.37526041666666665 0.028703703703703703 0.018229166666666668
0 0.7768518518518519 0.39427083333333335 0.031481481481481485 0.01875
0 0.8106481481481482 0.3958333333333333 0.03425925925925926 0.020833333333333332
0 0.862037037037037 0.40989583333333335 0.02962962962962963 0.020833333333333332
0 0.8495370370370371 0.43984375 0.028703703703703703 0.0171875
0 0.8962962962962964 0.45338541666666665 0.037037037037037035 0.0203125
0 0.7759259259259259 0.47369791666666666 0.02962962962962963 0.01614583333333333
0 0.7972222222222223 0.4739583333333333 0.022222222222222223 0.014583333333333334
0 0.7717592592592593 0.5171875 0.03796296296296296 0.019791666666666666
0 0.8462962962962963 0.5666666666666667 0.03333333333333333 0.017708333333333333
0 0.8310185185185186 0.5791666666666666 0.03796296296296296 0.019791666666666666
0 0.851388888888889 0.5947916666666666 0.036111111111111115 0.017708333333333333
0 0.9009259259259259 0.5223958333333333 0.02592592592592593 0.017708333333333333
0 0.9074074074074074 0.48020833333333335 0.03333333333333333 0.016666666666666666
0 0.9791666666666667 0.5390625 0.032407407407407406 0.014583333333333334
0 0.9796296296296296 0.59609375 0.040740740740740744 0.022395833333333334
0 0.9425925925925926 0.390625 0.0462962962962963 0.022916666666666665
