0 0.8740740740740741 0.7684895833333333 0.02962962962962963 0.0203125
0 0.8481481481481482 0.8544270833333333 0.044444444444444446 0.033854166666666664
0 0.9731481481481482 0.14270833333333333 0.031481481481481485 0.019791666666666666
0 0.9875 0.12578125 0.025 0.018229166666666668
0 0.9699074074074074 0.07447916666666667 0.02314814814814815 0.013541666666666667
0 0.8768518518518519 0.25859375 0.031481481481481485 0.01614583333333333
0 0.8986111111111111 0.21041666666666667 0.028703703703703703 0.017708333333333333
0 0.9453703703703704 0.3963541666666667 0.024074074074074074 0.014583333333333334
0 0.9587962962962964 0.3763020833333333 0.025 0.0171875
0 0.9074074074074074 0.36484375 0.031481481481481485 0.0171875
0 0.9300925925925926 0.42578125 0.030555555555555558 0.01614583333333333
0 0.9027777777777778 0.5338541666666666 0.03518518518518519 0.019791666666666666
0 0.8708333333333333 0.5502604166666667 0.025 0.0140625
0 0.85 0.5828125 0.02592592592592593 0.0125
0 0.9305555555555556 0.70390625 0.024074074074074074 0.0234375
0 0.8273148148148148 0.6143229166666666 0.026851851851851852 0.0109375
0 0.7064814814814815 0.7440104166666667 0.022222222222222223 0.015104166666666667
0 0.7277777777777779 0.7065104166666667 0.03518518518518519 0.021354166666666667
0 0.6875 0.659375 0.025 0.017708333333333333
0 0.6611111111111111 0.6572916666666666 0.02592592592592593 0.016666666666666666
0 0.6425925925925926 0.753125 0.03518518518518519 0.01875
0 0.525462962962963 0.8015625 0.032407407407407406 0.027083333333333334
0 0.6245370370370371 0.6080729166666666 0.02314814814814815 0.019270833333333334
0 0.4828703703703704 0.56640625 0.028703703703703703 0.01614583333333333
0 0.46342592592592596 0.5768229166666666 0.026851851851851852 0.011979166666666666
0 0.4842592592592593 0.2916666666666667 0.020370370370370372 0.015625
0 0.5694444444444444 0.52890625 0.018518518518518517 0.015104166666666667
0 0.4791666666666667 0.5109375 0.026851851851851852 0.014583333333333334
0 0.4986111111111111 0.49895833333333334 0.01388888888888889 0.0125
0 0.47824074074074074 0.4596354166666667 0.025 0.0140625
0 0.45972222222222225 0.43906249999999997 0.03796296296296296 0.020833333333333332
0 0.500462962962963 0.434375 0.030555555555555558 0.017708333333333333
0 0.6694444444444445 0.4942708333333333 0.02592592592592593 0.013541666666666667
0 0.6 0.41302083333333334 0.031481481481481485 0.016666666666666666
0 0.5842592592592593 0.3927083333333333 0.02777777777777778 0.013541666666666667
0 0.5935185185185186 0.340625 0.031481481481481485 0.019791666666666666
0 0.5902777777777778 0.2903645833333333 0.025 0.019270833333333334
0 0.5782407407407407 0.2755208333333333 0.025 0.015625
0 0.5217592592592593 0.26276041666666666 0.017592592592592594 0.013020833333333334
0 0.5078703703703704 0.26197916666666665 0.021296296296296296 0.014583333333333334
0 0.5212962962962964 0.25078125 0.022222222222222223 0.013020833333333334
0 0.5050925925925926 0.24088541666666666 0.028703703703703703 0.0109375
0 0.4134259259259259 0.8986979166666667 0.03425925925925926 0.03177083333333333
0 0.47175925925925927 0.23203125 0.028703703703703703 0.019270833333333334
0 0.4912037037037037 0.18489583333333334 0.028703703703703703 0.019791666666666666
0 0.9157407407407407 0.23411458333333332 0.02592592592592593 0.015104166666666667
0 0.5555555555555556 0.41744791666666664 0.018518518518518517 0.015104166666666667
0 0.5125000000000001 0.4653645833333333 0.025 0.018229166666666668
0 0.47870370370370374 0.4591145833333333 0.02962962962962963 0.01614583333333333
0 0.5087962962962963 0.72421875 0.03796296296296296 0.025520833333333333
0 0.4277777777777778 0.8351562499999999 0.037037037037037035 0.025520833333333333
0 0.3851851851851852 0.8919270833333334 0.03888888888888889 0.0359375
0 0.41944444444444445 0.7559895833333333 0.02592592592592593 0.0203125
0 0.4675925925925926 0.6317708333333333 0.03888888888888889 0.021875
0 0.37777777777777777 0.72421875 0.022222222222222223 0.0109375
0 0.2851851851851852 0.7893229166666667 0.020370370370370372 0.01614583333333333
0 0.25092592592592594 0.73515625 0.03333333333333333 0.024479166666666666
0 0.47361111111111115 0.4044270833333333 0.028703703703703703 0.018229166666666668
0 0.41944444444444445 0.5106770833333333 0.03333333333333333 0.0171875
0 0.362962962962963 0.56953125 0.02962962962962963 0.018229166666666668
0 0.40601851851851856 0.40390624999999997 0.032407407407407406 0.018229166666666668
0 0.4064814814814815 0.47604166666666664 0.02592592592592593 0.017708333333333333
0 0.1375 0.7604166666666666 0.036111111111111115 0.021875
0 0.07546296296296297 0.7817708333333333 0.03796296296296296 0.022916666666666665
0 0.24074074074074076 0.5895833333333333 0.03888888888888889 0.01875
0 0.30185185185185187 0.5419270833333333 0.022222222222222223 0.021354166666666667
0 0.24675925925925926 0.2375 0.036111111111111115 0.01875
0 0.18472222222222223 0.12890625 0.030555555555555558 0.021354166666666667
0 0.18472222222222223 0.12890625 0.030555555555555558 0.021354166666666667
0 0.061111111111111116 0.18385416666666665 0.03333333333333333 0.01875
0 0.18888888888888888 0.2296875 0.037037037037037035 0.015625
0 0.1564814814814815 0.26927083333333335 0.03333333333333333 0.021875
0 0.18564814814814815 0.33567708333333335 0.03981481481481482 0.0171875
0 0.18564814814814815 0.33567708333333335 0.03981481481481482 0.0171875
0 0.13935185185185187 0.32838541666666665 0.025 0.018229166666666668
0 0.20324074074074075 0.3091145833333333 0.02314814814814815 0.013020833333333334
0 0.16805555555555557 0.3182291666666667 0.028703703703703703 0.016666666666666666
0 0.35185185185185186 0.3734375 0.02592592592592593 0.016666666666666666
0 0.3365740740740741 0.34921875 0.025 0.0140625
0 0.31712962962962965 0.3567708333333333 0.032407407407407406 0.020833333333333332
0 0.2847222222222222 0.3768229166666667 0.028703703703703703 0.018229166666666668
0 0.2388888888888889 0.3963541666666667 0.031481481481481485 0.01875
0 0.20555555555555557 0.39739583333333334 0.03518518518518519 0.020833333333333332
0 0.022685185185185187 0.40963541666666664 0.04166666666666667 0.0203125
0 0.1486111111111111 0.4109375 0.028703703703703703 0.019791666666666666
0 0.16666666666666669 0.4419270833333333 0.02777777777777778 0.0171875
0 0.12083333333333333 0.45468749999999997 0.036111111111111115 0.019791666666666666
0 0.23981481481481481 0.4752604166666667 0.02962962962962963 0.01614583333333333
0 0.21851851851851853 0.47578125 0.022222222222222223 0.0140625
0 0.24444444444444446 0.5190104166666667 0.037037037037037035 0.0203125
0 0.17037037037037037 0.5684895833333333 0.03333333333333333 0.018229166666666668
0 0.18564814814814815 0.58046875 0.03796296296296296 0.019270833333333334
0 0.16481481481481483 0.5958333333333333 0.037037037037037035 0.016666666666666666
0 0.11574074074074074 0.5239583333333333 0.02592592592592593 0.017708333333333333
0 0.10740740740740741 0.48125 0.03333333333333333 0.015625
0 0.0375 0.5408854166666667 0.032407407407407406 0.015104166666666667
0 0.038425925925925926 0.59765625 0.03981481481481482 0.022395833333333334
0 0.0763888888888889 0.3921875 0.04537037037037037 0.022916666666666665
