0 0.1212962962962963 0.7700520833333333 0.02962962962962963 0.0203125
0 0.14537037037037037 0.8557291666666667 0.044444444444444446 0.03333333333333333
0 0.02175925925925926 0.14401041666666667 0.030555555555555558 0.0203125
0 0.010648148148148148 0.12682291666666667 0.019444444444444445 0.018229166666666668
0 0.024074074074074074 0.07578125 0.024074074074074074 0.0140625
0 0.03657407407407408 0.37734375 0.025 0.01614583333333333
0 0.1175925925925926 0.259375 0.031481481481481485 0.016666666666666666
0 0.09675925925925927 0.21171874999999998 0.028703703703703703 0.0171875
0 0.050462962962962966 0.39739583333333334 0.02314814814814815 0.014583333333333334
0 0.08611111111111111 0.36640625 0.031481481481481485 0.0171875
0 0.06481481481481481 0.42682291666666666 0.031481481481481485 0.01614583333333333
0 0.09212962962962963 0.53515625 0.036111111111111115 0.019270833333333334
0 0.12407407407407407 0.55078125 0.02592592592592593 0.0140625
0 0.1462962962962963 0.5838541666666667 0.02592592592592593 0.0125
0 0.06342592592592593 0.7044270833333334 0.02314814814814815 0.0234375
0 0.16805555555555557 0.6153645833333333 0.026851851851851852 0.0109375
0 0.2884259259259259 0.74453125 0.02314814814814815 0.01614583333333333
0 0.512962962962963 0.5671875 0.02777777777777778 0.016666666666666666
0 0.26666666666666666 0.7080729166666666 0.03518518518518519 0.021354166666666667
0 0.30833333333333335 0.6598958333333333 0.024074074074074074 0.017708333333333333
0 0.33425925925925926 0.6580729166666667 0.02592592592592593 0.0171875
0 0.3509259259259259 0.75390625 0.03518518518518519 0.018229166666666668
0 0.46805555555555556 0.8028645833333333 0.032407407407407406 0.027604166666666666
0 0.3703703703703704 0.60859375 0.024074074074074074 0.019270833333333334
0 0.5120370370370371 0.5669270833333333 0.02777777777777778 0.01614583333333333
0 0.5324074074074074 0.5776041666666667 0.02777777777777778 0.011458333333333333
0 0.42592592592592593 0.5294270833333333 0.018518518518518517 0.015104166666666667
0 0.5162037037037037 0.5119791666666667 0.026851851851851852 0.014583333333333334
0 0.49768518518518523 0.49973958333333335 0.01388888888888889 0.011979166666666666
0 0.5120370370370371 0.29244791666666664 0.022222222222222223 0.01614583333333333
0 0.5162037037037037 0.46067708333333335 0.025 0.0140625
0 0.5356481481481482 0.4393229166666667 0.03796296296296296 0.0203125
0 0.4935185185185185 0.4356770833333333 0.02962962962962963 0.018229166666666668
0 0.32592592592592595 0.4947916666666667 0.024074074074074074 0.013541666666666667
0 0.4865740740740741 0.26276041666666666 0.021296296296296296 0.0140625
0 0.3962962962962963 0.41432291666666665 0.031481481481481485 0.01614583333333333
0 0.4115740740740741 0.39375 0.026851851851851852 0.0125
0 0.4902777777777778 0.24322916666666666 0.021296296296296296 0.011458333333333333
0 0.4013888888888889 0.3416666666666667 0.030555555555555558 0.019791666666666666
0 0.40601851851851856 0.2911458333333333 0.025 0.01875
0 0.41712962962962963 0.27682291666666664 0.025 0.015104166666666667
0 0.4726851851851852 0.2635416666666667 0.015740740740740743 0.013541666666666667
0 0.4740740740740741 0.2520833333333333 0.022222222222222223 0.0125
0 0.5231481481481481 0.23307291666666666 0.02962962962962963 0.019270833333333334
0 0.5037037037037038 0.18619791666666666 0.02962962962962963 0.019270833333333334
0 0.0787037037037037 0.2359375 0.02592592592592593 0.015625
0 0.4398148148148148 0.41822916666666665 0.018518518518518517 0.015625
0 0.48333333333333334 0.46588541666666666 0.024074074074074074 0.018229166666666668
0 0.5819444444444445 0.9005208333333333 0.03425925925925926 0.03333333333333333
0 0.5166666666666667 0.45989583333333334 0.02777777777777778 0.015625
0 0.4847222222222222 0.7255208333333333 0.03796296296296296 0.025
0 0.5671296296296297 0.8361979166666667 0.036111111111111115 0.025520833333333333
0 0.6083333333333334 0.8934895833333333 0.03888888888888889 0.0359375
0 0.575925925925926 0.75703125 0.02592592592592593 0.0203125
0 0.5263888888888889 0.6322916666666667 0.03796296296296296 0.021875
0 0.6180555555555556 0.7247395833333333 0.02314814814814815 0.011979166666666666
0 0.7106481481481481 0.7908854166666667 0.019444444444444445 0.0171875
0 0.7430555555555556 0.7361979166666667 0.03425925925925926 0.024479166666666666
0 0.5203703703703704 0.40546875 0.031481481481481485 0.018229166666666668
0 0.575462962962963 0.5114583333333333 0.032407407407407406 0.017708333333333333
0 0.6324074074074074 0.5697916666666667 0.02962962962962963 0.017708333333333333
0 0.5888888888888889 0.4044270833333333 0.031481481481481485 0.018229166666666668
0 0.5893518518518519 0.47682291666666665 0.025 0.018229166666666668
0 0.8569444444444445 0.7614583333333333 0.036111111111111115 0.021875
0 0.9175925925925926 0.7822916666666666 0.037037037037037035 0.021875
0 0.7537037037037038 0.5903645833333333 0.03888888888888889 0.019270833333333334
0 0.6930555555555555 0.5427083333333333 0.02314814814814815 0.020833333333333332
0 0.7476851851851852 0.23828125 0.036111111111111115 0.018229166666666668
0 0.8101851851851852 0.12994791666666666 0.02962962962962963 0.021354166666666667
0 0.8101851851851852 0.12994791666666666 0.02962962962962963 0.021354166666666667
0 0.9333333333333333 0.184375 0.03333333333333333 0.01875
0 0.8064814814814815 0.23151041666666666 0.037037037037037035 0.01614583333333333
0 0.8416666666666667 0.2703125 0.031481481481481485 0.020833333333333332
0 0.8092592592592593 0.33697916666666666 0.03888888888888889 0.016666666666666666
0 0.8550925925925926 0.3294270833333333 0.025 0.019270833333333334
0 0.7925925925925926 0.3109375 0.024074074074074074 0.0125
0 0.8273148148148148 0.31953125 0.026851851851851852 0.01614583333333333
0 0.6435185185185185 0.37395833333333334 0.02592592592592593 0.016666666666666666
0 0.6592592592592593 0.3502604166666667 0.024074074074074074 0.0140625
0 0.6773148148148148 0.3578125 0.032407407407407406 0.019791666666666666
0 0.7106481481481481 0.378125 0.028703703703703703 0.017708333333333333
0 0.7550925925925926 0.396875 0.030555555555555558 0.01875
0 0.788888888888889 0.3984375 0.03518518518518519 0.019791666666666666
0 0.9726851851851852 0.4106770833333333 0.04351851851851852 0.0203125
0 0.8462962962962963 0.4119791666666667 0.02962962962962963 0.019791666666666666
0 0.8282407407407407 0.4421875 0.026851851851851852 0.017708333333333333
0 0.8745370370370371 0.4552083333333333 0.036111111111111115 0.019791666666666666
0 0.7550925925925926 0.47578125 0.028703703703703703 0.01614583333333333
0 0.7773148148148148 0.47630208333333335 0.021296296296296296 0.0140625
0 0.750925925925926 0.5197916666666667 0.037037037037037035 0.019791666666666666
0 0.8231481481481482 0.5692708333333333 0.03333333333333333 0.017708333333333333
0 0.8087962962962963 0.5815104166666667 0.03796296296296296 0.019270833333333334
0 0.8291666666666667 0.596875 0.036111111111111115 0.016666666666666666
0 0.8787037037037038 0.5244791666666666 0.02777777777777778 0.016666666666666666
0 0.887962962962963 0.48203124999999997 0.03333333333333333 0.01614583333333333
0 0.9587962962962964 0.5411458333333333 0.032407407407407406 0.015625
0 0.9560185185185186 0.5986979166666666 0.03981481481481482 0.022395833333333334
0 0.987962962962963 0.5989583333333334 0.024074074074074074 0.02395833333333333
0 0.9171296296296296 0.39296875 0.04166666666666667 0.024479166666666666
