0 0.11388888888888889 0.7708333333333334 0.02962962962962963 0.020833333333333332
0 0.1375 0.85703125 0.04351851851851852 0.033854166666666664
0 0.01712962962962963 0.14453125 0.028703703703703703 0.019270833333333334
0 0.008333333333333333 0.128125 0.014814814814814815 0.017708333333333333
0 0.018055555555555557 0.07708333333333334 0.02314814814814815 0.013541666666666667
0 0.028703703703703703 0.3776041666666667 0.024074074074074074 0.015625
0 0.11111111111111112 0.2598958333333333 0.031481481481481485 0.016666666666666666
0 0.09027777777777778 0.2125 0.028703703703703703 0.017708333333333333
0 0.043055555555555555 0.39791666666666664 0.02314814814814815 0.014583333333333334
0 0.07916666666666666 0.36692708333333335 0.032407407407407406 0.0171875
0 0.2828703703703704 0.7466145833333333 0.02314814814814815 0.015104166666666667
0 0.05787037037037037 0.4270833333333333 0.030555555555555558 0.016666666666666666
0 0.26342592592592595 0.7091145833333333 0.030555555555555558 0.021354166666666667
0 0.08518518518518518 0.5359375 0.03518518518518519 0.019791666666666666
0 0.1175925925925926 0.5518229166666666 0.02592592592592593 0.0140625
0 0.32962962962962966 0.65859375 0.02592592592592593 0.0171875
0 0.1398148148148148 0.5838541666666667 0.02592592592592593 0.0125
0 0.34675925925925927 0.75546875 0.03425925925925926 0.018229166666666668
0 0.05601851851851852 0.70546875 0.025 0.0234375
0 0.4620370370370371 0.8026041666666667 0.037037037037037035 0.028125
0 0.16064814814814815 0.6158854166666666 0.026851851851851852 0.0109375
0 0.36342592592592593 0.6106770833333334 0.021296296296296296 0.019270833333333334
0 0.30185185185185187 0.6609375 0.024074074074074074 0.017708333333333333
0 0.5064814814814815 0.5677083333333334 0.02777777777777778 0.016666666666666666
0 0.5277777777777778 0.5778645833333333 0.02777777777777778 0.011979166666666666
0 0.4199074074074074 0.5299479166666666 0.017592592592592594 0.015104166666666667
0 0.5296296296296297 0.440625 0.03518518518518519 0.020833333333333332
0 0.5097222222222222 0.5125 0.026851851851851852 0.014583333333333334
0 0.4930555555555556 0.43515624999999997 0.025 0.018229166666666668
0 0.49212962962962964 0.5 0.01388888888888889 0.0125
0 0.5087962962962963 0.4614583333333333 0.025 0.014583333333333334
0 0.3199074074074074 0.49635416666666665 0.017592592592592594 0.013541666666666667
0 0.40555555555555556 0.3950520833333333 0.024074074074074074 0.0140625
0 0.39537037037037037 0.34270833333333334 0.031481481481481485 0.019791666666666666
0 0.5055555555555555 0.29296875 0.022222222222222223 0.01614583333333333
0 0.3995370370370371 0.2916666666666667 0.025 0.01875
0 0.41064814814814815 0.27708333333333335 0.025 0.015625
0 0.4666666666666667 0.2643229166666667 0.016666666666666666 0.013020833333333334
0 0.4810185185185185 0.26328125 0.021296296296296296 0.0140625
0 0.4689814814814815 0.2526041666666667 0.02314814814814815 0.0125
0 0.4851851851851852 0.24375 0.022222222222222223 0.011458333333333333
0 0.5175925925925926 0.234375 0.02962962962962963 0.019791666666666666
0 0.4986111111111111 0.18671875 0.028703703703703703 0.019270833333333334
0 0.07222222222222223 0.23671875 0.02592592592592593 0.015104166666666667
0 0.4328703703703704 0.41901041666666666 0.017592592592592594 0.015104166666666667
0 0.4800925925925926 0.46510416666666665 0.025 0.017708333333333333
0 0.5097222222222222 0.45989583333333334 0.028703703703703703 0.015625
0 0.47731481481481486 0.7263020833333333 0.03796296296296296 0.025520833333333333
0 0.5592592592592592 0.8377604166666667 0.037037037037037035 0.024479166666666666
0 0.5745370370370371 0.90078125 0.036111111111111115 0.03177083333333333
0 0.6013888888888889 0.8937499999999999 0.03796296296296296 0.036458333333333336
0 0.5689814814814815 0.7575520833333333 0.026851851851851852 0.0203125
0 0.5106481481481482 0.6588541666666666 0.019444444444444445 0.017708333333333333
0 0.5199074074074074 0.63203125 0.036111111111111115 0.0203125
0 0.611574074074074 0.7252604166666666 0.02314814814814815 0.011979166666666666
0 0.7037037037037037 0.7916666666666666 0.020370370370370372 0.017708333333333333
0 0.737037037037037 0.7364583333333333 0.03333333333333333 0.025
0 0.5152777777777778 0.40572916666666664 0.028703703703703703 0.017708333333333333
0 0.5699074074074074 0.5122395833333333 0.03425925925925926 0.0171875
0 0.625925925925926 0.5708333333333333 0.02962962962962963 0.017708333333333333
0 0.5828703703703704 0.4049479166666667 0.032407407407407406 0.018229166666666668
0 0.5837962962962964 0.4770833333333333 0.025 0.017708333333333333
0 0.8490740740740741 0.7614583333333333 0.037037037037037035 0.021875
0 0.9101851851851852 0.7828125 0.037037037037037035 0.021875
0 0.7472222222222222 0.590625 0.03888888888888889 0.01875
0 0.6870370370370371 0.5434895833333333 0.022222222222222223 0.021354166666666667
0 0.7412037037037037 0.23880208333333333 0.036111111111111115 0.018229166666666668
0 0.8041666666666667 0.13072916666666667 0.030555555555555558 0.020833333333333332
0 0.8041666666666667 0.13072916666666667 0.030555555555555558 0.020833333333333332
0 0.9273148148148148 0.18515625 0.032407407407407406 0.019270833333333334
0 0.8018518518518519 0.23177083333333334 0.03518518518518519 0.016666666666666666
0 0.8222222222222223 0.32005208333333335 0.02777777777777778 0.01614583333333333
0 0.8347222222222223 0.2708333333333333 0.030555555555555558 0.020833333333333332
0 0.8023148148148148 0.3375 0.03796296296296296 0.016666666666666666
0 0.8490740740740741 0.3296875 0.024074074074074074 0.01875
0 0.7870370370370371 0.31145833333333334 0.024074074074074074 0.011458333333333333
0 0.638425925925926 0.37473958333333335 0.025 0.01614583333333333
0 0.6527777777777778 0.35130208333333335 0.024074074074074074 0.0140625
0 0.6717592592592593 0.35833333333333334 0.032407407407407406 0.019791666666666666
0 0.7050925925925926 0.378125 0.028703703703703703 0.017708333333333333
0 0.7495370370370371 0.39739583333333334 0.030555555555555558 0.01875
0 0.7828703703703704 0.39869791666666665 0.036111111111111115 0.0203125
0 0.9652777777777778 0.4109375 0.04351851851851852 0.019791666666666666
0 0.8393518518518519 0.4125 0.028703703703703703 0.020833333333333332
0 0.8222222222222223 0.44244791666666666 0.02592592592592593 0.0171875
0 0.8675925925925926 0.45625 0.037037037037037035 0.019791666666666666
0 0.7490740740740741 0.47682291666666665 0.02962962962962963 0.01614583333333333
0 0.7703703703703704 0.4770833333333333 0.022222222222222223 0.013541666666666667
0 0.7444444444444445 0.5200520833333333 0.037037037037037035 0.0203125
0 0.8166666666666667 0.5697916666666667 0.03333333333333333 0.017708333333333333
0 0.8023148148148148 0.5817708333333333 0.03796296296296296 0.019791666666666666
0 0.8231481481481482 0.5971354166666667 0.03518518518518519 0.0171875
0 0.875 0.5236979166666667 0.022222222222222223 0.018229166666666668
0 0.8824074074074074 0.4825520833333333 0.03333333333333333 0.01614583333333333
0 0.9518518518518518 0.5421875 0.031481481481481485 0.015625
0 0.9476851851851852 0.5989583333333334 0.03981481481481482 0.022916666666666665
0 0.9814814814814815 0.5997395833333333 0.02777777777777778 0.0234375
0 0.9101851851851852 0.39348958333333334 0.03888888888888889 0.025520833333333333
