0 0.10694444444444445 0.7713541666666667 0.030555555555555558 0.020833333333333332
0 0.12916666666666668 0.8572916666666667 0.04351851851851852 0.03333333333333333
0 0.0125 0.1453125 0.02314814814814815 0.019791666666666666
0 0.012962962962962964 0.07734375 0.022222222222222223 0.013020833333333334
0 0.02175925925925926 0.37786458333333334 0.026851851851851852 0.01614583333333333
0 0.10555555555555556 0.26015625 0.031481481481481485 0.01614583333333333
0 0.0837962962962963 0.21276041666666667 0.028703703703703703 0.0171875
0 0.037037037037037035 0.3984375 0.022222222222222223 0.014583333333333334
0 0.15416666666666667 0.6174479166666667 0.02314814814814815 0.0109375
0 0.07314814814814816 0.3671875 0.031481481481481485 0.017708333333333333
0 0.27685185185185185 0.7471354166666666 0.022222222222222223 0.015104166666666667
0 0.05092592592592593 0.4278645833333333 0.031481481481481485 0.0171875
0 0.0787037037037037 0.5359375 0.03518518518518519 0.019791666666666666
0 0.11111111111111112 0.5518229166666666 0.02592592592592593 0.0140625
0 0.13333333333333333 0.584375 0.02592592592592593 0.0125
0 0.049074074074074076 0.7057291666666666 0.024074074074074074 0.02395833333333333
0 0.2564814814814815 0.709375 0.031481481481481485 0.020833333333333332
0 0.3560185185185185 0.6111979166666667 0.021296296296296296 0.018229166666666668
0 0.29583333333333334 0.6614583333333334 0.025 0.017708333333333333
0 0.32222222222222224 0.65859375 0.02592592592592593 0.0171875
0 0.3388888888888889 0.7559895833333333 0.031481481481481485 0.0203125
0 0.41481481481481486 0.53046875 0.018518518518518517 0.015104166666666667
0 0.45416666666666666 0.803125 0.03425925925925926 0.029166666666666667
0 0.500925925925926 0.5674479166666666 0.02777777777777778 0.01614583333333333
0 0.5212962962962964 0.5776041666666667 0.02777777777777778 0.011458333333333333
0 0.5037037037037038 0.46171875 0.02592592592592593 0.0140625
0 0.5032407407407408 0.5127604166666666 0.026851851851851852 0.0140625
0 0.31527777777777777 0.49635416666666665 0.019444444444444445 0.013541666666666667
0 0.4861111111111111 0.5005208333333333 0.012962962962962964 0.0125
0 0.5226851851851853 0.440625 0.036111111111111115 0.020833333333333332
0 0.3995370370370371 0.3953125 0.026851851851851852 0.0125
0 0.38842592592592595 0.34270833333333334 0.030555555555555558 0.019791666666666666
0 0.5 0.29322916666666665 0.022222222222222223 0.016666666666666666
0 0.3939814814814815 0.2921875 0.025 0.01875
0 0.4050925925925926 0.27760416666666665 0.025 0.015625
0 0.4620370370370371 0.2643229166666667 0.016666666666666666 0.013020833333333334
0 0.475462962962963 0.2638020833333333 0.021296296296296296 0.0140625
0 0.46296296296296297 0.25286458333333334 0.022222222222222223 0.013020833333333334
0 0.47962962962962963 0.24375 0.022222222222222223 0.011458333333333333
0 0.49259259259259264 0.18776041666666665 0.02777777777777778 0.019270833333333334
0 0.5115740740740741 0.234375 0.028703703703703703 0.019791666666666666
0 0.06620370370370371 0.23645833333333333 0.026851851851851852 0.015625
0 0.42638888888888893 0.41875 0.017592592592592594 0.015625
0 0.47222222222222227 0.4653645833333333 0.02592592592592593 0.018229166666666668
0 0.5018518518518519 0.46015625 0.02777777777777778 0.01614583333333333
0 0.46805555555555556 0.7260416666666667 0.036111111111111115 0.025
0 0.5509259259259259 0.8375 0.037037037037037035 0.025
0 0.5680555555555555 0.9010416666666666 0.036111111111111115 0.03125
0 0.5935185185185186 0.89453125 0.037037037037037035 0.03697916666666667
0 0.5625 0.7580729166666667 0.026851851851851852 0.0203125
0 0.5023148148148149 0.6588541666666666 0.019444444444444445 0.017708333333333333
0 0.5106481481481482 0.6328125 0.03425925925925926 0.01875
0 0.6050925925925926 0.72578125 0.02314814814814815 0.011979166666666666
0 0.6962962962962963 0.7927083333333333 0.020370370370370372 0.01875
0 0.7296296296296296 0.73671875 0.03333333333333333 0.024479166666666666
0 0.5087962962962963 0.40598958333333335 0.028703703703703703 0.0171875
0 0.5643518518518519 0.5127604166666666 0.03425925925925926 0.0171875
0 0.6199074074074075 0.5708333333333333 0.030555555555555558 0.017708333333333333
0 0.575925925925926 0.40572916666666664 0.03333333333333333 0.01875
0 0.5773148148148148 0.47734375 0.025 0.0171875
0 0.8412037037037038 0.7622395833333333 0.03796296296296296 0.021354166666666667
0 0.9009259259259259 0.7833333333333333 0.037037037037037035 0.021875
0 0.7398148148148148 0.5911458333333334 0.03888888888888889 0.01875
0 0.6810185185185186 0.54375 0.02314814814814815 0.020833333333333332
0 0.7347222222222223 0.23932291666666666 0.036111111111111115 0.018229166666666668
0 0.7990740740740742 0.13125 0.02962962962962963 0.020833333333333332
0 0.7990740740740742 0.13125 0.02962962962962963 0.020833333333333332
0 0.9212962962962963 0.18567708333333333 0.03333333333333333 0.019270833333333334
0 0.7958333333333334 0.23229166666666667 0.03425925925925926 0.016666666666666666
0 0.8296296296296297 0.2713541666666667 0.02962962962962963 0.020833333333333332
0 0.7972222222222223 0.3372395833333333 0.037037037037037035 0.01614583333333333
0 0.8430555555555556 0.3299479166666667 0.025 0.018229166666666668
0 0.7819444444444444 0.31145833333333334 0.025 0.011458333333333333
0 0.6314814814814815 0.37473958333333335 0.02592592592592593 0.01614583333333333
0 0.6467592592592593 0.35130208333333335 0.025 0.0140625
0 0.6662037037037037 0.35885416666666664 0.032407407407407406 0.019791666666666666
0 0.6986111111111112 0.37864583333333335 0.028703703703703703 0.017708333333333333
0 0.7425925925925926 0.39765625 0.031481481481481485 0.019270833333333334
0 0.775462962962963 0.39921875 0.03425925925925926 0.0203125
0 0.9583333333333334 0.41171874999999997 0.044444444444444446 0.0203125
0 0.8324074074074075 0.4127604166666667 0.02777777777777778 0.0203125
0 0.8157407407407408 0.4432291666666667 0.02592592592592593 0.017708333333333333
0 0.8606481481481482 0.45625 0.036111111111111115 0.019791666666666666
0 0.7425925925925926 0.47682291666666665 0.02962962962962963 0.01614583333333333
0 0.7648148148148148 0.47734375 0.022222222222222223 0.0140625
0 0.737962962962963 0.5203125 0.037037037037037035 0.019791666666666666
0 0.8097222222222222 0.5697916666666667 0.032407407407407406 0.017708333333333333
0 0.7949074074074074 0.58203125 0.03796296296296296 0.019270833333333334
0 0.8152777777777778 0.5971354166666667 0.036111111111111115 0.0171875
0 0.8685185185185186 0.52421875 0.022222222222222223 0.018229166666666668
0 0.8763888888888889 0.4825520833333333 0.03425925925925926 0.01614583333333333
0 0.9458333333333334 0.5421875 0.032407407407407406 0.015625
0 0.9402777777777778 0.59921875 0.03981481481481482 0.022395833333333334
0 0.9736111111111111 0.6 0.028703703703703703 0.02395833333333333
0 0.9027777777777778 0.39375 0.03333333333333333 0.028125
