0 0.09953703703703703 0.7716145833333333 0.032407407407407406 0.021354166666666667
0 0.11990740740740741 0.8578125 0.04351851851851852 0.03333333333333333
0 0.009259259259259259 0.07708333333333334 0.016666666666666666 0.013541666666666667
0 0.014814814814814815 0.3776041666666667 0.024074074074074074 0.015625
0 0.0976851851851852 0.26015625 0.032407407407407406 0.01614583333333333
0 0.04490740740740741 0.428125 0.030555555555555558 0.016666666666666666
0 0.07685185185185185 0.2125 0.02962962962962963 0.017708333333333333
0 0.10694444444444445 0.553125 0.028703703703703703 0.013541666666666667
0 0.030555555555555558 0.39817708333333335 0.022222222222222223 0.0140625
0 0.06527777777777778 0.36692708333333335 0.032407407407407406 0.0171875
0 0.03981481481481482 0.7067708333333333 0.024074074074074074 0.021875
0 0.07083333333333333 0.5361979166666666 0.036111111111111115 0.019270833333333334
0 0.1476851851851852 0.6171875 0.021296296296296296 0.011458333333333333
0 0.12638888888888888 0.584375 0.025 0.0125
0 0.2689814814814815 0.7471354166666666 0.02314814814814815 0.0140625
0 0.25 0.7096354166666666 0.031481481481481485 0.021354166666666667
0 0.28935185185185186 0.66171875 0.025 0.0171875
0 0.3162037037037037 0.6591145833333333 0.026851851851851852 0.0171875
0 0.33055555555555555 0.75625 0.031481481481481485 0.019791666666666666
0 0.44583333333333336 0.8033854166666666 0.03425925925925926 0.028645833333333332
0 0.3476851851851852 0.6114583333333333 0.019444444444444445 0.01875
0 0.49444444444444446 0.5682291666666667 0.02777777777777778 0.016666666666666666
0 0.4083333333333333 0.5309895833333333 0.018518518518518517 0.015104166666666667
0 0.5157407407407407 0.5778645833333333 0.02777777777777778 0.011979166666666666
0 0.4962962962962963 0.51328125 0.02777777777777778 0.0140625
0 0.4962962962962963 0.46197916666666666 0.024074074074074074 0.014583333333333334
0 0.5162037037037037 0.44036458333333334 0.036111111111111115 0.0203125
0 0.30833333333333335 0.4966145833333333 0.018518518518518517 0.0140625
0 0.39305555555555555 0.3953125 0.026851851851851852 0.0125
0 0.3819444444444445 0.34270833333333334 0.030555555555555558 0.019791666666666666
0 0.4930555555555556 0.29296875 0.021296296296296296 0.01614583333333333
0 0.38796296296296295 0.2921875 0.02592592592592593 0.01875
0 0.3990740740740741 0.27760416666666665 0.024074074074074074 0.015625
0 0.4689814814814815 0.2638020833333333 0.021296296296296296 0.0140625
0 0.4569444444444445 0.25286458333333334 0.021296296296296296 0.013020833333333334
0 0.47222222222222227 0.24375 0.022222222222222223 0.011458333333333333
0 0.5050925925925926 0.23463541666666665 0.028703703703703703 0.019270833333333334
0 0.48564814814814816 0.18776041666666665 0.028703703703703703 0.0203125
0 0.061111111111111116 0.23723958333333334 0.02962962962962963 0.01614583333333333
0 0.4203703703703704 0.41901041666666666 0.018518518518518517 0.015104166666666667
0 0.46620370370370373 0.4661458333333333 0.025 0.016666666666666666
0 0.4953703703703704 0.46041666666666664 0.02962962962962963 0.015625
0 0.45972222222222225 0.7265625 0.036111111111111115 0.025
0 0.5425925925925926 0.8385416666666666 0.037037037037037035 0.025
0 0.5587962962962963 0.9018229166666667 0.036111111111111115 0.030729166666666665
0 0.5847222222222223 0.8953125 0.03796296296296296 0.036458333333333336
0 0.5546296296296297 0.7583333333333333 0.02592592592592593 0.019791666666666666
0 0.4949074074074074 0.6591145833333333 0.019444444444444445 0.0171875
0 0.5037037037037038 0.6328125 0.031481481481481485 0.01875
0 0.5976851851851852 0.7263020833333333 0.02314814814814815 0.011979166666666666
0 0.5226851851851853 0.6479166666666667 0.012037037037037037 0.008333333333333333
0 0.688425925925926 0.7932291666666667 0.021296296296296296 0.01875
0 0.7222222222222222 0.7372395833333333 0.03333333333333333 0.024479166666666666
0 0.5032407407407408 0.4067708333333333 0.028703703703703703 0.017708333333333333
0 0.5569444444444445 0.5127604166666666 0.03425925925925926 0.0171875
0 0.6134259259259259 0.5708333333333333 0.030555555555555558 0.017708333333333333
0 0.5694444444444444 0.40520833333333334 0.031481481481481485 0.01875
0 0.5717592592592593 0.47760416666666666 0.025 0.017708333333333333
0 0.8319444444444445 0.7622395833333333 0.03796296296296296 0.021354166666666667
0 0.8930555555555556 0.78359375 0.03796296296296296 0.022395833333333334
0 0.7319444444444445 0.5911458333333334 0.03796296296296296 0.01875
0 0.674074074074074 0.5434895833333333 0.024074074074074074 0.021354166666666667
0 0.7282407407407407 0.23880208333333333 0.036111111111111115 0.0171875
0 0.7916666666666667 0.13125 0.02962962962962963 0.020833333333333332
0 0.7916666666666667 0.13125 0.02962962962962963 0.020833333333333332
0 0.9143518518518519 0.18567708333333333 0.032407407407407406 0.019270833333333334
0 0.7898148148148149 0.23229166666666667 0.03333333333333333 0.016666666666666666
0 0.8226851851851852 0.2713541666666667 0.028703703703703703 0.019791666666666666
0 0.7912037037037037 0.3377604166666667 0.036111111111111115 0.0171875
0 0.8365740740740741 0.33046875 0.025 0.018229166666666668
0 0.775462962962963 0.31171875 0.025 0.011979166666666666
0 0.625925925925926 0.375 0.02592592592592593 0.016666666666666666
0 0.6407407407407407 0.35130208333333335 0.024074074074074074 0.0140625
0 0.6597222222222222 0.35885416666666664 0.032407407407407406 0.019791666666666666
0 0.6921296296296297 0.37864583333333335 0.028703703703703703 0.017708333333333333
0 0.736574074074074 0.39791666666666664 0.030555555555555558 0.01875
0 0.7685185185185186 0.39921875 0.03518518518518519 0.0203125
0 0.9500000000000001 0.41119791666666666 0.04259259259259259 0.0203125
0 0.825462962962963 0.41302083333333334 0.028703703703703703 0.019791666666666666
0 0.8087962962962963 0.44296874999999997 0.026851851851851852 0.0171875
0 0.8541666666666667 0.45625 0.036111111111111115 0.019791666666666666
0 0.7361111111111112 0.47682291666666665 0.02962962962962963 0.01614583333333333
0 0.7583333333333334 0.47734375 0.022222222222222223 0.0140625
0 0.7319444444444445 0.5208333333333334 0.036111111111111115 0.019791666666666666
0 0.8023148148148148 0.5697916666666667 0.032407407407407406 0.017708333333333333
0 0.7875 0.58203125 0.03796296296296296 0.019270833333333334
0 0.8083333333333333 0.5971354166666667 0.03518518518518519 0.0171875
0 0.8611111111111112 0.5244791666666666 0.022222222222222223 0.017708333333333333
0 0.8699074074074075 0.4828125 0.03425925925925926 0.015625
0 0.938425925925926 0.5424479166666667 0.032407407407407406 0.01614583333333333
0 0.9319444444444445 0.5994791666666667 0.03981481481481482 0.022916666666666665
0 0.9662037037037038 0.6 0.028703703703703703 0.02395833333333333
0 0.8953703703703704 0.39375 0.03518518518518519 0.028125
