0 0.09212962962962963 0.7721354166666666 0.032407407407407406 0.0203125
0 0.11203703703703705 0.8580729166666666 0.044444444444444446 0.0328125
0 0.06944444444444445 0.21302083333333333 0.02962962962962963 0.01875
0 0.011574074074074075 0.378125 0.021296296296296296 0.015625
0 0.058333333333333334 0.36640625 0.031481481481481485 0.01614583333333333
0 0.09074074074074075 0.2596354166666667 0.031481481481481485 0.01614583333333333
0 0.037037037037037035 0.428125 0.031481481481481485 0.015625
0 0.02314814814814815 0.39765625 0.022222222222222223 0.0140625
0 0.0638888888888889 0.5356770833333333 0.03888888888888889 0.019270833333333334
0 0.09953703703703703 0.5526041666666667 0.028703703703703703 0.014583333333333334
0 0.11944444444444445 0.5846354166666666 0.02592592592592593 0.011979166666666666
0 0.031481481481481485 0.7067708333333333 0.022222222222222223 0.022916666666666665
0 0.1398148148148148 0.6174479166666667 0.024074074074074074 0.009895833333333333
0 0.26203703703703707 0.7473958333333334 0.022222222222222223 0.014583333333333334
0 0.24166666666666667 0.7096354166666666 0.031481481481481485 0.021354166666666667
0 0.2828703703703704 0.6614583333333334 0.025 0.017708333333333333
0 0.3101851851851852 0.6591145833333333 0.02592592592592593 0.0171875
0 0.32222222222222224 0.75625 0.031481481481481485 0.019791666666666666
0 0.4375 0.803125 0.03425925925925926 0.029166666666666667
0 0.3402777777777778 0.6114583333333333 0.019444444444444445 0.01875
0 0.48842592592592593 0.5677083333333334 0.028703703703703703 0.016666666666666666
0 0.5083333333333333 0.5778645833333333 0.02592592592592593 0.011979166666666666
0 0.40092592592592596 0.5307291666666667 0.016666666666666666 0.015625
0 0.48888888888888893 0.5130208333333334 0.02592592592592593 0.013541666666666667
0 0.48935185185185187 0.46171875 0.025 0.0140625
0 0.5097222222222222 0.440625 0.036111111111111115 0.020833333333333332
0 0.30092592592592593 0.49635416666666665 0.018518518518518517 0.013541666666666667
0 0.37592592592592594 0.3424479166666667 0.02777777777777778 0.019270833333333334
0 0.38703703703703707 0.39479166666666665 0.02592592592592593 0.0125
0 0.48703703703703705 0.29296875 0.022222222222222223 0.01614583333333333
0 0.3819444444444445 0.29192708333333334 0.026851851851851852 0.018229166666666668
0 0.3925925925925926 0.27708333333333335 0.024074074074074074 0.015625
0 0.46296296296296297 0.26328125 0.022222222222222223 0.0140625
0 0.45 0.25234375 0.022222222222222223 0.013020833333333334
0 0.4666666666666667 0.24348958333333334 0.022222222222222223 0.0109375
0 0.4986111111111111 0.23411458333333332 0.028703703703703703 0.019270833333333334
0 0.47962962962962963 0.18723958333333332 0.02962962962962963 0.0203125
0 0.053703703703703705 0.23645833333333333 0.02592592592592593 0.015625
0 0.4138888888888889 0.41901041666666666 0.016666666666666666 0.015104166666666667
0 0.45925925925925926 0.465625 0.024074074074074074 0.015625
0 0.48935185185185187 0.46067708333333335 0.028703703703703703 0.01614583333333333
0 0.45 0.7265625 0.037037037037037035 0.025
0 0.5342592592592593 0.8385416666666666 0.037037037037037035 0.025
0 0.55 0.9018229166666667 0.03333333333333333 0.03177083333333333
0 0.575462962962963 0.8955729166666666 0.03796296296296296 0.03697916666666667
0 0.5476851851851852 0.7580729166666667 0.026851851851851852 0.0203125
0 0.4865740740740741 0.659375 0.019444444444444445 0.017708333333333333
0 0.4967592592592593 0.6330729166666667 0.028703703703703703 0.018229166666666668
0 0.5912037037037037 0.7260416666666667 0.02314814814814815 0.011458333333333333
0 0.5162037037037037 0.6484375 0.012037037037037037 0.009375
0 0.6810185185185186 0.7932291666666667 0.02314814814814815 0.019791666666666666
0 0.7143518518518519 0.7375 0.03425925925925926 0.025
0 0.4962962962962963 0.40625 0.02962962962962963 0.017708333333333333
0 0.5518518518518519 0.5122395833333333 0.03518518518518519 0.0171875
0 0.6069444444444445 0.5708333333333333 0.030555555555555558 0.017708333333333333
0 0.5625 0.40520833333333334 0.032407407407407406 0.01875
0 0.5657407407407408 0.47760416666666666 0.02592592592592593 0.017708333333333333
0 0.8236111111111112 0.7622395833333333 0.03796296296296296 0.021354166666666667
0 0.8837962962962963 0.7838541666666666 0.03796296296296296 0.021875
0 0.725925925925926 0.5911458333333334 0.03888888888888889 0.01875
0 0.6666666666666667 0.5432291666666667 0.024074074074074074 0.020833333333333332
0 0.7226851851851852 0.23906249999999998 0.036111111111111115 0.017708333333333333
0 0.7870370370370371 0.13125 0.02962962962962963 0.020833333333333332
0 0.7870370370370371 0.13125 0.02962962962962963 0.020833333333333332
0 0.9087962962962963 0.18541666666666667 0.032407407407407406 0.019791666666666666
0 0.7837962962962963 0.23203125 0.03425925925925926 0.01614583333333333
0 0.8175925925925926 0.2708333333333333 0.02777777777777778 0.019791666666666666
0 0.7847222222222222 0.3377604166666667 0.03796296296296296 0.0171875
0 0.8300925925925926 0.3299479166666667 0.025 0.018229166666666668
0 0.7703703703703704 0.31145833333333334 0.02592592592592593 0.011458333333333333
0 0.6199074074074075 0.375 0.026851851851851852 0.016666666666666666
0 0.6342592592592593 0.35104166666666664 0.024074074074074074 0.013541666666666667
0 0.6537037037037037 0.35885416666666664 0.031481481481481485 0.019791666666666666
0 0.6856481481481482 0.37838541666666664 0.028703703703703703 0.018229166666666668
0 0.7300925925925926 0.39817708333333335 0.030555555555555558 0.019270833333333334
0 0.762962962962963 0.39921875 0.03518518518518519 0.0203125
0 0.9430555555555556 0.4114583333333333 0.04351851851851852 0.020833333333333332
0 0.8185185185185185 0.41302083333333334 0.02962962962962963 0.019791666666666666
0 0.8032407407407408 0.4434895833333333 0.026851851851851852 0.0171875
0 0.8486111111111111 0.45625 0.036111111111111115 0.019791666666666666
0 0.7300925925925926 0.4765625 0.030555555555555558 0.015625
0 0.7518518518518519 0.47682291666666665 0.022222222222222223 0.0140625
0 0.725 0.5203125 0.037037037037037035 0.019791666666666666
0 0.7949074074074074 0.5697916666666667 0.032407407407407406 0.017708333333333333
0 0.7805555555555556 0.5822916666666667 0.037037037037037035 0.019791666666666666
0 0.8013888888888889 0.5973958333333333 0.036111111111111115 0.016666666666666666
0 0.8550925925925926 0.52421875 0.02314814814814815 0.018229166666666668
0 0.8643518518518519 0.4828125 0.03425925925925926 0.015625
0 0.9314814814814815 0.54296875 0.03333333333333333 0.01614583333333333
0 0.924537037037037 0.5994791666666667 0.03981481481481482 0.022916666666666665
0 0.9578703703703704 0.6 0.028703703703703703 0.02395833333333333
0 0.887962962962963 0.39348958333333334 0.03888888888888889 0.025520833333333333
