0 0.07685185185185185 0.771875 0.03333333333333333 0.020833333333333332
0 0.09398148148148149 0.8580729166666666 0.04537037037037037 0.0328125
0 0.010185185185185186 0.3966145833333333 0.018518518518518517 0.015104166666666667
0 0.07546296296296297 0.2578125 0.030555555555555558 0.015625
0 0.055092592592592596 0.21067708333333332 0.030555555555555558 0.019270833333333334
0 0.04212962962962963 0.365625 0.030555555555555558 0.016666666666666666
0 0.021296296296296296 0.42682291666666666 0.02962962962962963 0.01614583333333333
0 0.04861111111111111 0.5354166666666667 0.03796296296296296 0.01875
0 0.08518518518518518 0.5518229166666666 0.02962962962962963 0.0140625
0 0.10555555555555556 0.5838541666666667 0.02592592592592593 0.0125
0 0.016666666666666666 0.70703125 0.022222222222222223 0.021354166666666667
0 0.12083333333333333 0.6559895833333333 0.021296296296296296 0.018229166666666668
0 0.12453703703703704 0.61640625 0.02314814814814815 0.009895833333333333
0 0.2476851851851852 0.746875 0.02314814814814815 0.014583333333333334
0 0.22777777777777777 0.7096354166666666 0.031481481481481485 0.021354166666666667
0 0.2689814814814815 0.6609375 0.025 0.017708333333333333
0 0.2967592592592593 0.65859375 0.026851851851851852 0.0171875
0 0.30648148148148147 0.7565104166666666 0.031481481481481485 0.0203125
0 0.4217592592592593 0.8036458333333333 0.03425925925925926 0.029166666666666667
0 0.325 0.6109375 0.018518518518518517 0.01875
0 0.47453703703703703 0.5674479166666666 0.028703703703703703 0.01614583333333333
0 0.5018518518518519 0.57890625 0.02962962962962963 0.013020833333333334
0 0.3888888888888889 0.5299479166666666 0.016666666666666666 0.01614583333333333
0 0.4763888888888889 0.5122395833333333 0.025 0.0140625
0 0.475462962962963 0.46015625 0.025 0.0140625
0 0.4953703703703704 0.4393229166666667 0.03518518518518519 0.021354166666666667
0 0.2851851851851852 0.49557291666666664 0.020370370370370372 0.013020833333333334
0 0.37453703703703706 0.39348958333333334 0.026851851851851852 0.013020833333333334
0 0.3625 0.3411458333333333 0.028703703703703703 0.01875
0 0.47500000000000003 0.29140625 0.022222222222222223 0.01614583333333333
0 0.3703703703703704 0.29010416666666666 0.02592592592592593 0.01875
0 0.3805555555555556 0.2752604166666667 0.024074074074074074 0.01614583333333333
0 0.44953703703703707 0.26197916666666665 0.021296296296296296 0.013541666666666667
0 0.437962962962963 0.25078125 0.022222222222222223 0.013020833333333334
0 0.4537037037037037 0.24166666666666667 0.022222222222222223 0.011458333333333333
0 0.4851851851851852 0.23203125 0.02777777777777778 0.0203125
0 0.4671296296296297 0.18489583333333334 0.030555555555555558 0.019791666666666666
0 0.038425925925925926 0.23411458333333332 0.026851851851851852 0.015104166666666667
0 0.40046296296296297 0.41796875 0.017592592592592594 0.015104166666666667
0 0.4462962962962963 0.46458333333333335 0.02592592592592593 0.016666666666666666
0 0.43333333333333335 0.7263020833333333 0.037037037037037035 0.025520833333333333
0 0.5337962962962963 0.9018229166666667 0.036111111111111115 0.033854166666666664
0 0.5189814814814815 0.83828125 0.03796296296296296 0.025520833333333333
0 0.5583333333333333 0.8958333333333334 0.037037037037037035 0.036458333333333336
0 0.5337962962962963 0.7575520833333333 0.026851851851851852 0.0203125
0 0.4712962962962963 0.6588541666666666 0.020370370370370372 0.01875
0 0.4814814814814815 0.6322916666666667 0.02777777777777778 0.016666666666666666
0 0.5777777777777778 0.72578125 0.024074074074074074 0.011979166666666666
0 0.5027777777777778 0.646875 0.014814814814814815 0.011458333333333333
0 0.6662037037037037 0.79296875 0.02314814814814815 0.021354166666666667
0 0.700462962962963 0.7369791666666666 0.03425925925925926 0.025
0 0.4842592592592593 0.4049479166666667 0.02592592592592593 0.018229166666666668
0 0.538425925925926 0.5114583333333333 0.03425925925925926 0.017708333333333333
0 0.5939814814814816 0.5703125 0.030555555555555558 0.017708333333333333
0 0.55 0.40390624999999997 0.031481481481481485 0.019270833333333334
0 0.5546296296296297 0.47682291666666665 0.02777777777777778 0.018229166666666668
0 0.8078703703703703 0.76171875 0.03981481481481482 0.021354166666666667
0 0.8675925925925926 0.7830729166666667 0.03888888888888889 0.022395833333333334
0 0.712037037037037 0.5903645833333333 0.03888888888888889 0.018229166666666668
0 0.6537037037037037 0.5427083333333333 0.02592592592592593 0.020833333333333332
0 0.7101851851851853 0.23671875 0.03518518518518519 0.018229166666666668
0 0.7759259259259259 0.12838541666666667 0.02962962962962963 0.021354166666666667
0 0.7759259259259259 0.12838541666666667 0.02962962962962963 0.021354166666666667
0 0.8972222222222223 0.18333333333333332 0.03333333333333333 0.019791666666666666
0 0.7726851851851853 0.23046875 0.03425925925925926 0.0171875
0 0.8097222222222222 0.26953125 0.030555555555555558 0.0203125
0 0.7731481481481481 0.33671875 0.03518518518518519 0.0171875
0 0.8199074074074074 0.32890625 0.026851851851851852 0.018229166666666668
0 0.7601851851851852 0.3106770833333333 0.024074074074074074 0.013020833333333334
0 0.6083333333333334 0.3736979166666667 0.02592592592592593 0.0171875
0 0.6226851851851852 0.3497395833333333 0.025 0.0140625
0 0.6412037037037037 0.3572916666666667 0.032407407407407406 0.019791666666666666
0 0.674074074074074 0.37734375 0.02962962962962963 0.018229166666666668
0 0.7180555555555556 0.3966145833333333 0.030555555555555558 0.019270833333333334
0 0.75 0.39791666666666664 0.03518518518518519 0.019791666666666666
0 0.9296296296296297 0.40989583333333335 0.04259259259259259 0.020833333333333332
0 0.8055555555555556 0.4119791666666667 0.02962962962962963 0.020833333333333332
0 0.7902777777777779 0.4421875 0.026851851851851852 0.017708333333333333
0 0.8356481481481481 0.4552083333333333 0.036111111111111115 0.019791666666666666
0 0.7171296296296297 0.47552083333333334 0.030555555555555558 0.016666666666666666
0 0.7171296296296297 0.47552083333333334 0.030555555555555558 0.016666666666666666
0 0.7398148148148148 0.47630208333333335 0.022222222222222223 0.0140625
0 0.7125 0.5192708333333333 0.036111111111111115 0.019791666666666666
0 0.7810185185185186 0.56875 0.032407407407407406 0.017708333333333333
0 0.7675925925925926 0.5815104166666667 0.037037037037037035 0.019270833333333334
0 0.7875 0.596875 0.036111111111111115 0.017708333333333333
0 0.8412037037037038 0.5236979166666667 0.02314814814814815 0.018229166666666668
0 0.8527777777777779 0.48203124999999997 0.03333333333333333 0.01614583333333333
0 0.9185185185185185 0.5421875 0.03518518518518519 0.016666666666666666
0 0.9092592592592593 0.5989583333333334 0.040740740740740744 0.022916666666666665
0 0.9435185185185185 0.5994791666666667 0.02962962962962963 0.02395833333333333
0 0.8805555555555555 0.3911458333333333 0.04259259259259259 0.020833333333333332
