0 0.9412037037037038 0.7716145833333333 0.032407407407407406 0.0203125
0 0.924537037037037 0.8575520833333333 0.04537037037037037 0.033854166666666664
0 0.9430555555555556 0.2552083333333333 0.032407407407407406 0.015625
0 0.9643518518518519 0.20755208333333333 0.030555555555555558 0.019270833333333334
0 0.976388888888889 0.36276041666666664 0.032407407407407406 0.0171875
0 0.9907407407407408 0.42552083333333335 0.018518518518518517 0.017708333333333333
0 0.9689814814814816 0.534375 0.03796296296296296 0.01875
0 0.9300925925925926 0.55078125 0.028703703703703703 0.0140625
0 0.9106481481481482 0.5833333333333334 0.025 0.0125
0 0.8930555555555556 0.6158854166666666 0.021296296296296296 0.009895833333333333
0 0.8972222222222223 0.6552083333333333 0.022222222222222223 0.017708333333333333
0 0.7476851851851852 0.6604166666666667 0.025 0.01875
0 0.7689814814814815 0.74609375 0.021296296296296296 0.0140625
0 0.787962962962963 0.7088541666666667 0.031481481481481485 0.021875
0 0.7175925925925927 0.6578125 0.02777777777777778 0.017708333333333333
0 0.7115740740740741 0.7559895833333333 0.030555555555555558 0.0203125
0 0.5958333333333333 0.8028645833333333 0.03425925925925926 0.028645833333333332
0 0.6930555555555555 0.6104166666666666 0.019444444444444445 0.017708333333333333
0 0.5398148148148149 0.565625 0.02962962962962963 0.016666666666666666
0 0.513425925925926 0.5776041666666667 0.026851851851851852 0.013541666666666667
0 0.625462962962963 0.5286458333333334 0.015740740740740743 0.015625
0 0.5398148148148149 0.5109375 0.02592592592592593 0.013541666666666667
0 0.5398148148148149 0.4591145833333333 0.02592592592592593 0.0140625
0 0.5203703703703704 0.43723958333333335 0.037037037037037035 0.021354166666666667
0 0.7328703703703704 0.49374999999999997 0.019444444444444445 0.013541666666666667
0 0.6412037037037037 0.39140625 0.026851851851851852 0.013020833333333334
0 0.6537037037037037 0.33880208333333334 0.02962962962962963 0.019270833333333334
0 0.5402777777777777 0.28854166666666664 0.02314814814814815 0.016666666666666666
0 0.6449074074074075 0.2875 0.026851851851851852 0.01875
0 0.6356481481481482 0.27265625 0.025 0.01614583333333333
0 0.5643518518518519 0.259375 0.021296296296296296 0.014583333333333334
0 0.5777777777777778 0.24791666666666667 0.022222222222222223 0.013541666666666667
0 0.5611111111111111 0.23880208333333333 0.024074074074074074 0.0109375
0 0.5300925925925926 0.22890625 0.026851851851851852 0.0203125
0 0.5476851851851852 0.18151041666666667 0.030555555555555558 0.0203125
0 0.9800925925925926 0.23124999999999998 0.026851851851851852 0.015625
0 0.6138888888888889 0.4153645833333333 0.018518518518518517 0.0140625
0 0.5680555555555555 0.4627604166666667 0.026851851851851852 0.0171875
0 0.4587962962962963 0.8953125 0.03981481481481482 0.034375
0 0.5851851851851853 0.7260416666666667 0.037037037037037035 0.025
0 0.4851851851851852 0.9010416666666666 0.03333333333333333 0.03125
0 0.4990740740740741 0.8375 0.03888888888888889 0.026041666666666668
0 0.48240740740740745 0.75703125 0.02777777777777778 0.0203125
0 0.5462962962962963 0.6575520833333334 0.022222222222222223 0.019270833333333334
0 0.5361111111111111 0.6317708333333333 0.02592592592592593 0.017708333333333333
0 0.437962962962963 0.7247395833333333 0.024074074074074074 0.011979166666666666
0 0.513425925925926 0.6458333333333334 0.021296296296296296 0.011458333333333333
0 0.350462962962963 0.7916666666666666 0.025 0.021875
0 0.3162037037037037 0.7359375 0.03425925925925926 0.025
0 0.5314814814814816 0.403125 0.02777777777777778 0.017708333333333333
0 0.4759259259259259 0.51015625 0.03333333333333333 0.0171875
0 0.4217592592592593 0.5690104166666666 0.030555555555555558 0.0171875
0 0.4652777777777778 0.40234375 0.032407407407407406 0.019270833333333334
0 0.45833333333333337 0.47552083333333334 0.02962962962962963 0.01875
0 0.2087962962962963 0.7614583333333333 0.03981481481481482 0.021875
0 0.15092592592592594 0.78203125 0.03888888888888889 0.022395833333333334
0 0.3037037037037037 0.5888020833333333 0.03888888888888889 0.018229166666666668
0 0.3615740740740741 0.5411458333333333 0.026851851851851852 0.020833333333333332
0 0.30324074074074076 0.2328125 0.036111111111111115 0.019791666666666666
0 0.23796296296296296 0.12526041666666665 0.02962962962962963 0.021354166666666667
0 0.23796296296296296 0.12526041666666665 0.02962962962962963 0.021354166666666667
0 0.11666666666666667 0.18046875 0.03333333333333333 0.0203125
0 0.24027777777777778 0.22682291666666665 0.03425925925925926 0.0171875
0 0.20324074074074075 0.2671875 0.030555555555555558 0.019791666666666666
0 0.24027777777777778 0.334375 0.03425925925925926 0.016666666666666666
0 0.19212962962962965 0.3268229166666667 0.030555555555555558 0.018229166666666668
0 0.25092592592592594 0.3072916666666667 0.02777777777777778 0.013541666666666667
0 0.40601851851851856 0.371875 0.026851851851851852 0.016666666666666666
0 0.39212962962962966 0.3481770833333333 0.025 0.0140625
0 0.3699074074074074 0.3546875 0.03796296296296296 0.019791666666666666
0 0.34074074074074073 0.37526041666666665 0.02962962962962963 0.018229166666666668
0 0.29583333333333334 0.39453125 0.030555555555555558 0.019270833333333334
0 0.2652777777777778 0.39609375 0.03425925925925926 0.019270833333333334
0 0.08611111111111111 0.4080729166666667 0.04259259259259259 0.0203125
0 0.2111111111111111 0.41041666666666665 0.03333333333333333 0.020833333333333332
0 0.22453703703703703 0.440625 0.026851851851851852 0.017708333333333333
0 0.17962962962962964 0.4536458333333333 0.03518518518518519 0.019791666666666666
0 0.2986111111111111 0.47421874999999997 0.030555555555555558 0.0171875
0 0.2986111111111111 0.47421874999999997 0.030555555555555558 0.0171875
0 0.274537037037037 0.475 0.025 0.014583333333333334
0 0.3013888888888889 0.51796875 0.036111111111111115 0.0203125
0 0.23472222222222222 0.5677083333333334 0.032407407407407406 0.017708333333333333
0 0.24814814814814815 0.5802083333333333 0.037037037037037035 0.01875
0 0.22870370370370371 0.5955729166666667 0.037037037037037035 0.0171875
0 0.17314814814814816 0.5221354166666666 0.024074074074074074 0.018229166666666668
0 0.15925925925925927 0.48072916666666665 0.031481481481481485 0.015625
0 0.09675925925925927 0.540625 0.03425925925925926 0.016666666666666666
0 0.10787037037037038 0.59765625 0.04166666666666667 0.022395833333333334
0 0.07314814814814816 0.5984375 0.02962962962962963 0.02395833333333333
0 0.021296296296296296 0.6380208333333334 0.03888888888888889 0.026041666666666668
0 0.03518518518518519 0.5895833333333333 0.02592592592592593 0.015625
0 0.13472222222222222 0.3888020833333333 0.04166666666666667 0.0203125
