0 0.04351851851851852 0.7716145833333333 0.031481481481481485 0.0203125
0 0.05925925925925926 0.8575520833333333 0.0462962962962963 0.033854166666666664
0 0.04120370370370371 0.2515625 0.032407407407407406 0.015625
0 0.020370370370370372 0.20442708333333334 0.031481481481481485 0.019270833333333334
0 0.012962962962962964 0.3609375 0.022222222222222223 0.017708333333333333
0 0.0787037037037037 0.58203125 0.02777777777777778 0.013020833333333334
0 0.018055555555555557 0.5333333333333333 0.032407407407407406 0.01875
0 0.05648148148148149 0.5494791666666666 0.02962962962962963 0.014583333333333334
0 0.09212962962962963 0.6153645833333333 0.021296296296296296 0.009895833333333333
0 0.08750000000000001 0.6546875 0.02314814814814815 0.017708333333333333
0 0.21805555555555556 0.7453125 0.021296296296296296 0.014583333333333334
0 0.19907407407407407 0.70859375 0.03333333333333333 0.021354166666666667
0 0.23981481481481481 0.6598958333333333 0.02962962962962963 0.015625
0 0.2712962962962963 0.65703125 0.02777777777777778 0.0171875
0 0.27314814814814814 0.75546875 0.031481481481481485 0.0203125
0 0.38981481481481484 0.8028645833333333 0.03333333333333333 0.028645833333333332
0 0.2925925925925926 0.609375 0.020370370370370372 0.017708333333333333
0 0.4476851851851852 0.5651041666666666 0.028703703703703703 0.016666666666666666
0 0.475462962962963 0.5765625 0.026851851851851852 0.013541666666666667
0 0.3625 0.52734375 0.015740740740740743 0.015104166666666667
0 0.4481481481481482 0.5098958333333333 0.024074074074074074 0.013541666666666667
0 0.44583333333333336 0.4578125 0.026851851851851852 0.013541666666666667
0 0.4671296296296297 0.4356770833333333 0.036111111111111115 0.021354166666666667
0 0.25277777777777777 0.49296875 0.020370370370370372 0.013020833333333334
0 0.3462962962962963 0.38984375 0.02777777777777778 0.013020833333333334
0 0.33333333333333337 0.33619791666666665 0.02962962962962963 0.019270833333333334
0 0.4476851851851852 0.28671875 0.02314814814814815 0.0171875
0 0.3425925925925926 0.28541666666666665 0.02592592592592593 0.01875
0 0.3527777777777778 0.27057291666666666 0.02592592592592593 0.01614583333333333
0 0.4236111111111111 0.2565104166666667 0.021296296296296296 0.0140625
0 0.40972222222222227 0.2453125 0.021296296296296296 0.013541666666666667
0 0.4277777777777778 0.23567708333333334 0.024074074074074074 0.0109375
0 0.45740740740740743 0.22630208333333332 0.02592592592592593 0.0203125
0 0.4412037037037037 0.17838541666666666 0.030555555555555558 0.0203125
0 0.009722222222222222 0.228125 0.017592592592592594 0.016666666666666666
0 0.37592592592592594 0.4140625 0.018518518518518517 0.014583333333333334
0 0.5268518518518519 0.8955729166666666 0.037037037037037035 0.033854166666666664
0 0.4189814814814815 0.46119791666666665 0.026851851851851852 0.0171875
0 0.49953703703703706 0.9010416666666666 0.03425925925925926 0.03229166666666666
0 0.3976851851851852 0.7255208333333333 0.03796296296296296 0.025
0 0.48703703703703705 0.8369791666666666 0.03888888888888889 0.026041666666666668
0 0.45 0.6309895833333333 0.024074074074074074 0.019270833333333334
0 0.5046296296296297 0.75625 0.02777777777777778 0.019791666666666666
0 0.4393518518518519 0.6575520833333334 0.02314814814814815 0.019270833333333334
0 0.5074074074074074 0.71640625 0.02962962962962963 0.021354166666666667
0 0.549537037037037 0.7234375 0.025 0.013541666666666667
0 0.47500000000000003 0.6447916666666667 0.024074074074074074 0.011458333333333333
0 0.6370370370370371 0.7911458333333333 0.02592592592592593 0.022916666666666665
0 0.6703703703703704 0.73515625 0.03518518518518519 0.024479166666666666
0 0.4564814814814815 0.40182291666666664 0.02777777777777778 0.018229166666666668
0 0.5125000000000001 0.509375 0.03425925925925926 0.017708333333333333
0 0.5671296296296297 0.5682291666666667 0.032407407407407406 0.017708333333333333
0 0.5226851851851853 0.4002604166666667 0.03425925925925926 0.019270833333333334
0 0.5305555555555556 0.4739583333333333 0.02777777777777778 0.01875
0 0.7768518518518519 0.7609375 0.03888888888888889 0.021875
0 0.8333333333333334 0.7817708333333333 0.03888888888888889 0.021875
0 0.6842592592592592 0.58828125 0.03888888888888889 0.018229166666666668
0 0.6268518518518519 0.5403645833333334 0.02777777777777778 0.021354166666666667
0 0.6861111111111111 0.23020833333333332 0.03518518518518519 0.020833333333333332
0 0.7518518518518519 0.12161458333333333 0.02962962962962963 0.021354166666666667
0 0.7518518518518519 0.12161458333333333 0.02962962962962963 0.021354166666666667
0 0.8736111111111111 0.17786458333333333 0.03425925925925926 0.0203125
0 0.7495370370370371 0.22447916666666667 0.03425925925925926 0.017708333333333333
0 0.7865740740740741 0.26536458333333335 0.030555555555555558 0.019270833333333334
0 0.7490740740740741 0.3325520833333333 0.031481481481481485 0.0171875
0 0.7967592592592593 0.32395833333333335 0.030555555555555558 0.019791666666666666
0 0.7398148148148148 0.3052083333333333 0.02777777777777778 0.013541666666666667
0 0.5828703703703704 0.37057291666666664 0.026851851851851852 0.0171875
0 0.5972222222222222 0.34609375 0.02592592592592593 0.0140625
0 0.6189814814814815 0.353125 0.03796296296296296 0.019791666666666666
0 0.6481481481481481 0.37395833333333334 0.02962962962962963 0.01875
0 0.6930555555555555 0.3932291666666667 0.030555555555555558 0.019791666666666666
0 0.7236111111111111 0.3950520833333333 0.03425925925925926 0.019270833333333334
0 0.9009259259259259 0.40651041666666665 0.04259259259259259 0.0203125
0 0.7782407407407408 0.40859375 0.032407407407407406 0.021354166666666667
0 0.7648148148148148 0.43906249999999997 0.02777777777777778 0.017708333333333333
0 0.8097222222222222 0.45260416666666664 0.036111111111111115 0.019791666666666666
0 0.6902777777777778 0.47291666666666665 0.030555555555555558 0.017708333333333333
0 0.6902777777777778 0.47291666666666665 0.030555555555555558 0.017708333333333333
0 0.7152777777777778 0.4734375 0.025 0.014583333333333334
0 0.6865740740740741 0.5169270833333334 0.036111111111111115 0.0203125
0 0.7532407407407408 0.5669270833333333 0.032407407407407406 0.018229166666666668
0 0.7398148148148148 0.5794270833333334 0.037037037037037035 0.019270833333333334
0 0.7583333333333334 0.5942708333333333 0.03518518518518519 0.017708333333333333
0 0.8157407407407408 0.52109375 0.024074074074074074 0.019270833333333334
0 0.8305555555555556 0.47890625 0.031481481481481485 0.01614583333333333
0 0.8916666666666667 0.53984375 0.03518518518518519 0.0171875
0 0.8777777777777778 0.5971354166666667 0.040740740740740744 0.022395833333333334
0 0.913888888888889 0.5973958333333333 0.02962962962962963 0.02395833333333333
0 0.9712962962962963 0.6372395833333333 0.05185185185185186 0.0265625
0 0.9518518518518518 0.58984375 0.02777777777777778 0.01614583333333333
0 0.8537037037037037 0.38828125 0.04259259259259259 0.021354166666666667
