0 0.03425925925925926 0.77109375 0.031481481481481485 0.0203125
0 0.04953703703703704 0.8575520833333333 0.04722222222222222 0.033854166666666664
0 0.032407407407407406 0.2505208333333333 0.03333333333333333 0.015625
0 0.014351851851851852 0.20260416666666667 0.025 0.019791666666666666
0 0.014351851851851852 0.5322916666666666 0.025 0.019791666666666666
0 0.047685185185185185 0.5494791666666666 0.028703703703703703 0.014583333333333334
0 0.07037037037037037 0.58125 0.02592592592592593 0.013541666666666667
0 0.08333333333333334 0.61484375 0.020370370370370372 0.009895833333333333
0 0.07916666666666666 0.6546875 0.02314814814814815 0.017708333333333333
0 0.21064814814814817 0.7450520833333333 0.021296296296296296 0.0140625
0 0.1912037037037037 0.7080729166666666 0.032407407407407406 0.021354166666666667
0 0.2337962962962963 0.6596354166666667 0.030555555555555558 0.015104166666666667
0 0.2638888888888889 0.6567708333333333 0.02777777777777778 0.017708333333333333
0 0.26481481481481484 0.75546875 0.031481481481481485 0.0203125
0 0.3814814814814815 0.8026041666666667 0.03333333333333333 0.028125
0 0.2847222222222222 0.609375 0.019444444444444445 0.017708333333333333
0 0.44074074074074077 0.5640625 0.02962962962962963 0.016666666666666666
0 0.46805555555555556 0.5760416666666667 0.026851851851851852 0.013541666666666667
0 0.3564814814814815 0.5268229166666667 0.014814814814814815 0.01614583333333333
0 0.3277777777777778 0.40989583333333335 0.022222222222222223 0.013541666666666667
0 0.44074074074074077 0.5088541666666666 0.024074074074074074 0.013541666666666667
0 0.4393518518518519 0.45703125 0.026851851851851852 0.0140625
0 0.45972222222222225 0.4348958333333333 0.036111111111111115 0.021875
0 0.2449074074074074 0.49192708333333335 0.019444444444444445 0.013020833333333334
0 0.3402777777777778 0.3893229166666667 0.026851851851851852 0.013020833333333334
0 0.32592592592592595 0.33567708333333335 0.02962962962962963 0.019270833333333334
0 0.44074074074074077 0.28515625 0.024074074074074074 0.0171875
0 0.33564814814814814 0.2838541666666667 0.026851851851851852 0.01875
0 0.3462962962962963 0.26901041666666664 0.02592592592592593 0.01614583333333333
0 0.4166666666666667 0.25546875 0.022222222222222223 0.0140625
0 0.40231481481481485 0.24401041666666667 0.021296296296296296 0.0140625
0 0.42083333333333334 0.23411458333333332 0.025 0.009895833333333333
0 0.45046296296296295 0.22526041666666666 0.026851851851851852 0.0203125
0 0.4342592592592593 0.17708333333333334 0.031481481481481485 0.020833333333333332
0 0.5171296296296296 0.8947916666666667 0.03981481481481482 0.03333333333333333
0 0.4935185185185185 0.90078125 0.03518518518518519 0.030729166666666665
0 0.36944444444444446 0.41302083333333334 0.018518518518518517 0.014583333333333334
0 0.41250000000000003 0.46067708333333335 0.026851851851851852 0.0171875
0 0.3888888888888889 0.7255208333333333 0.037037037037037035 0.025
0 0.47870370370370374 0.8364583333333333 0.03888888888888889 0.026041666666666668
0 0.49722222222222223 0.7557291666666667 0.02777777777777778 0.019791666666666666
0 0.4324074074074074 0.65703125 0.024074074074074074 0.019270833333333334
0 0.500925925925926 0.7158854166666666 0.02777777777777778 0.021354166666666667
0 0.5430555555555556 0.7234375 0.025 0.013541666666666667
0 0.46805555555555556 0.64375 0.025 0.0125
0 0.6296296296296297 0.790625 0.02592592592592593 0.022916666666666665
0 0.663425925925926 0.7346354166666667 0.03425925925925926 0.024479166666666666
0 0.45 0.40078125 0.02777777777777778 0.018229166666666668
0 0.5069444444444444 0.5083333333333333 0.03425925925925926 0.017708333333333333
0 0.563425925925926 0.5677083333333334 0.03796296296296296 0.017708333333333333
0 0.5152777777777778 0.3997395833333333 0.032407407407407406 0.019270833333333334
0 0.5236111111111111 0.4731770833333333 0.026851851851851852 0.018229166666666668
0 0.7671296296296296 0.7598958333333333 0.03981481481481482 0.021875
0 0.825462962962963 0.7815104166666667 0.03981481481481482 0.022395833333333334
0 0.6768518518518519 0.5875 0.03888888888888889 0.017708333333333333
0 0.6199074074074075 0.53984375 0.028703703703703703 0.021354166666666667
0 0.6796296296296297 0.228125 0.03518518518518519 0.020833333333333332
0 0.7462962962962963 0.12005208333333334 0.02962962962962963 0.021354166666666667
0 0.7462962962962963 0.12005208333333334 0.02962962962962963 0.021354166666666667
0 0.8685185185185186 0.17604166666666665 0.03333333333333333 0.020833333333333332
0 0.7435185185185186 0.22369791666666666 0.03333333333333333 0.018229166666666668
0 0.7805555555555556 0.2640625 0.031481481481481485 0.019791666666666666
0 0.7425925925925926 0.33177083333333335 0.031481481481481485 0.016666666666666666
0 0.7912037037037037 0.32317708333333334 0.030555555555555558 0.0203125
0 0.7347222222222223 0.30390625 0.028703703703703703 0.0140625
0 0.5773148148148148 0.3690104166666667 0.026851851851851852 0.0171875
0 0.5907407407407408 0.3450520833333333 0.02592592592592593 0.0140625
0 0.6129629629629629 0.3520833333333333 0.037037037037037035 0.019791666666666666
0 0.6421296296296296 0.37265625 0.028703703703703703 0.018229166666666668
0 0.6865740740740741 0.3924479166666667 0.030555555555555558 0.019270833333333334
0 0.7171296296296297 0.39401041666666664 0.03425925925925926 0.019270833333333334
0 0.8944444444444445 0.40520833333333334 0.04259259259259259 0.020833333333333332
0 0.7712962962962964 0.40703125 0.031481481481481485 0.021354166666666667
0 0.7583333333333334 0.43854166666666666 0.02962962962962963 0.017708333333333333
0 0.8041666666666667 0.4515625 0.036111111111111115 0.019791666666666666
0 0.6833333333333333 0.471875 0.031481481481481485 0.017708333333333333
0 0.6833333333333333 0.471875 0.031481481481481485 0.017708333333333333
0 0.7083333333333334 0.47291666666666665 0.024074074074074074 0.014583333333333334
0 0.6800925925925926 0.51640625 0.036111111111111115 0.0203125
0 0.7458333333333333 0.5661458333333333 0.032407407407407406 0.017708333333333333
0 0.7324074074074074 0.5791666666666666 0.037037037037037035 0.01875
0 0.7523148148148149 0.5934895833333333 0.036111111111111115 0.0171875
0 0.8087962962962963 0.5197916666666667 0.025 0.017708333333333333
0 0.8250000000000001 0.4786458333333333 0.031481481481481485 0.015625
0 0.8856481481481482 0.5393229166666667 0.036111111111111115 0.0171875
0 0.8703703703703703 0.5963541666666666 0.040740740740740744 0.022916666666666665
0 0.9060185185185186 0.596875 0.030555555555555558 0.02395833333333333
0 0.9634259259259259 0.63671875 0.049074074074074076 0.025520833333333333
0 0.9439814814814815 0.58984375 0.026851851851851852 0.0140625
0 0.9898148148148148 0.5963541666666666 0.020370370370370372 0.019791666666666666
0 0.8458333333333333 0.38671875 0.04166666666666667 0.0203125
