0 0.9745370370370371 0.7705729166666666 0.030555555555555558 0.0203125
0 0.9601851851851853 0.85703125 0.0462962962962963 0.033854166666666664
0 0.9773148148148149 0.24895833333333334 0.032407407407407406 0.015625
0 0.9912037037037037 0.20078125 0.017592592592592594 0.019270833333333334
0 0.9912037037037037 0.5333333333333333 0.017592592592592594 0.016666666666666666
0 0.9611111111111111 0.5479166666666666 0.02962962962962963 0.014583333333333334
0 0.937962962962963 0.5807291666666666 0.02592592592592593 0.013541666666666667
0 0.9263888888888889 0.6143229166666666 0.019444444444444445 0.009895833333333333
0 0.9291666666666667 0.65390625 0.02314814814814815 0.0171875
0 0.7976851851851852 0.7440104166666667 0.021296296296296296 0.0140625
0 0.8171296296296297 0.7072916666666667 0.032407407407407406 0.021875
0 0.774537037037037 0.659375 0.030555555555555558 0.015625
0 0.7435185185185186 0.65625 0.02777777777777778 0.017708333333333333
0 0.7449074074074075 0.7546875 0.030555555555555558 0.020833333333333332
0 0.6282407407407408 0.8020833333333334 0.032407407407407406 0.028125
0 0.7236111111111111 0.60859375 0.019444444444444445 0.018229166666666668
0 0.5666666666666667 0.5638020833333334 0.02962962962962963 0.0171875
0 0.5393518518518519 0.5752604166666666 0.026851851851851852 0.013020833333333334
0 0.6513888888888889 0.5263020833333333 0.015740740740740743 0.01614583333333333
0 0.6800925925925926 0.40859375 0.02314814814814815 0.01614583333333333
0 0.5671296296296297 0.5083333333333333 0.025 0.013541666666666667
0 0.5703703703703704 0.45546875 0.02777777777777778 0.0140625
0 0.5486111111111112 0.43385416666666665 0.036111111111111115 0.021875
0 0.7643518518518518 0.49114583333333334 0.019444444444444445 0.013541666666666667
0 0.6671296296296296 0.3880208333333333 0.026851851851851852 0.013541666666666667
0 0.6824074074074075 0.334375 0.02962962962962963 0.019791666666666666
0 0.5680555555555555 0.2838541666666667 0.025 0.016666666666666666
0 0.6722222222222223 0.28229166666666666 0.02592592592592593 0.01875
0 0.6620370370370371 0.2674479166666667 0.02592592592592593 0.01614583333333333
0 0.5916666666666667 0.25390625 0.022222222222222223 0.0140625
0 0.6055555555555556 0.24244791666666665 0.022222222222222223 0.0140625
0 0.5875 0.23203125 0.025 0.009895833333333333
0 0.5574074074074075 0.22317708333333333 0.02592592592592593 0.0203125
0 0.5736111111111112 0.17552083333333332 0.030555555555555558 0.020833333333333332
0 0.49074074074074076 0.8934895833333333 0.03888888888888889 0.0328125
0 0.6393518518518518 0.4122395833333333 0.017592592592592594 0.0140625
0 0.5166666666666667 0.8994791666666666 0.03518518518518519 0.030208333333333334
0 0.5962962962962963 0.4591145833333333 0.02777777777777778 0.0171875
0 0.6212962962962963 0.725 0.037037037037037035 0.025
0 0.5300925925925926 0.8361979166666667 0.03796296296296296 0.025520833333333333
0 0.47314814814814815 0.9132812499999999 0.03888888888888889 0.0234375
0 0.5106481481481482 0.75546875 0.026851851851851852 0.0203125
0 0.576388888888889 0.65625 0.025 0.01875
0 0.5074074074074074 0.7153645833333333 0.02962962962962963 0.021354166666666667
0 0.4652777777777778 0.7229166666666667 0.025 0.0125
0 0.5393518518518519 0.6427083333333333 0.025 0.013541666666666667
0 0.3787037037037037 0.7901041666666666 0.02592592592592593 0.022916666666666665
0 0.3453703703703704 0.734375 0.03333333333333333 0.025
0 0.5587962962962963 0.4 0.028703703703703703 0.01875
0 0.5013888888888889 0.5078125 0.03425925925925926 0.017708333333333333
0 0.4449074074074074 0.5666666666666667 0.03796296296296296 0.017708333333333333
0 0.4930555555555556 0.3989583333333333 0.032407407407407406 0.01875
0 0.4842592592592593 0.47239583333333335 0.02777777777777778 0.01875
0 0.24166666666666667 0.7596354166666667 0.03888888888888889 0.021354166666666667
0 0.18425925925925926 0.7809895833333333 0.03888888888888889 0.022395833333333334
0 0.3314814814814815 0.58671875 0.03888888888888889 0.018229166666666668
0 0.38842592592592595 0.5388020833333333 0.028703703703703703 0.021354166666666667
0 0.32916666666666666 0.2265625 0.036111111111111115 0.021875
0 0.2611111111111111 0.11796875 0.02962962962962963 0.021354166666666667
0 0.2611111111111111 0.11796875 0.02962962962962963 0.021354166666666667
0 0.1388888888888889 0.17447916666666666 0.03333333333333333 0.020833333333333332
0 0.2638888888888889 0.221875 0.03333333333333333 0.01875
0 0.22685185185185186 0.2622395833333333 0.031481481481481485 0.019270833333333334
0 0.26435185185185184 0.3302083333333333 0.028703703703703703 0.01875
0 0.2162037037037037 0.321875 0.030555555555555558 0.020833333333333332
0 0.2712962962962963 0.3026041666666667 0.02962962962962963 0.014583333333333334
0 0.4305555555555556 0.3684895833333333 0.02592592592592593 0.0171875
0 0.4166666666666667 0.34401041666666665 0.02592592592592593 0.0140625
0 0.3944444444444445 0.35078125 0.037037037037037035 0.0203125
0 0.36574074074074076 0.371875 0.02962962962962963 0.01875
0 0.3212962962962963 0.39088541666666665 0.02962962962962963 0.019270833333333334
0 0.29074074074074074 0.3932291666666667 0.03518518518518519 0.01875
0 0.11481481481481481 0.4044270833333333 0.04259259259259259 0.0203125
0 0.23611111111111113 0.4049479166666667 0.031481481481481485 0.021354166666666667
0 0.24861111111111112 0.4375 0.028703703703703703 0.017708333333333333
0 0.2050925925925926 0.45078124999999997 0.036111111111111115 0.0203125
0 0.32407407407407407 0.4708333333333333 0.031481481481481485 0.017708333333333333
0 0.32407407407407407 0.4708333333333333 0.031481481481481485 0.017708333333333333
0 0.2990740740740741 0.47239583333333335 0.024074074074074074 0.014583333333333334
0 0.32685185185185184 0.515625 0.037037037037037035 0.020833333333333332
0 0.2625 0.5653645833333333 0.032407407407407406 0.018229166666666668
0 0.27592592592592596 0.5783854166666667 0.037037037037037035 0.019270833333333334
0 0.2564814814814815 0.5927083333333333 0.03518518518518519 0.017708333333333333
0 0.19814814814814816 0.5190104166666667 0.024074074074074074 0.018229166666666668
0 0.18194444444444446 0.47734375 0.030555555555555558 0.015104166666666667
0 0.12222222222222223 0.53828125 0.037037037037037035 0.0171875
0 0.1375 0.5958333333333333 0.04166666666666667 0.022916666666666665
0 0.10277777777777779 0.5958333333333333 0.02962962962962963 0.02395833333333333
0 0.046759259259259264 0.6356770833333333 0.049074074074074076 0.025520833333333333
0 0.0638888888888889 0.5893229166666667 0.02592592592592593 0.013020833333333334
0 0.015277777777777779 0.5958333333333333 0.026851851851851852 0.019791666666666666
0 0.16203703703703703 0.3854166666666667 0.04259259259259259 0.020833333333333332
