0 0.027314814814814816 0.7705729166666666 0.030555555555555558 0.0203125
0 0.04166666666666667 0.85703125 0.0462962962962963 0.033854166666666664
0 0.024537037037037038 0.24895833333333334 0.032407407407407406 0.015625
0 0.010648148148148148 0.20078125 0.017592592592592594 0.019270833333333334
0 0.010185185185185186 0.5330729166666667 0.018518518518518517 0.01614583333333333
0 0.040740740740740744 0.5479166666666666 0.02962962962962963 0.014583333333333334
0 0.0638888888888889 0.5807291666666666 0.02592592592592593 0.013541666666666667
0 0.07546296296296297 0.6143229166666666 0.019444444444444445 0.009895833333333333
0 0.07268518518518519 0.65390625 0.02314814814814815 0.0171875
0 0.20416666666666666 0.7440104166666667 0.021296296296296296 0.0140625
0 0.18472222222222223 0.7072916666666667 0.032407407407407406 0.021875
0 0.22731481481481483 0.659375 0.030555555555555558 0.015625
0 0.25833333333333336 0.65625 0.02777777777777778 0.017708333333333333
0 0.2569444444444445 0.7546875 0.030555555555555558 0.020833333333333332
0 0.3736111111111111 0.8020833333333334 0.032407407407407406 0.028125
0 0.27824074074074073 0.60859375 0.019444444444444445 0.018229166666666668
0 0.4351851851851852 0.5638020833333334 0.02962962962962963 0.0171875
0 0.4625 0.5752604166666666 0.026851851851851852 0.013020833333333334
0 0.350462962962963 0.5263020833333333 0.015740740740740743 0.01614583333333333
0 0.32175925925925924 0.40859375 0.02314814814814815 0.01614583333333333
0 0.43472222222222223 0.5083333333333333 0.025 0.013541666666666667
0 0.4314814814814815 0.45546875 0.02777777777777778 0.0140625
0 0.4532407407407408 0.43385416666666665 0.036111111111111115 0.021875
0 0.23750000000000002 0.49114583333333334 0.019444444444444445 0.013541666666666667
0 0.33472222222222225 0.3880208333333333 0.026851851851851852 0.013541666666666667
0 0.3194444444444445 0.334375 0.02962962962962963 0.019791666666666666
0 0.4337962962962963 0.2838541666666667 0.025 0.016666666666666666
0 0.32962962962962966 0.28229166666666666 0.02592592592592593 0.01875
0 0.33981481481481485 0.2674479166666667 0.02592592592592593 0.01614583333333333
0 0.4101851851851852 0.25390625 0.022222222222222223 0.0140625
0 0.3962962962962963 0.24244791666666665 0.022222222222222223 0.0140625
0 0.41435185185185186 0.23203125 0.025 0.009895833333333333
0 0.4444444444444445 0.22317708333333333 0.02592592592592593 0.0203125
0 0.42824074074074076 0.17552083333333332 0.030555555555555558 0.020833333333333332
0 0.5111111111111112 0.8934895833333333 0.03888888888888889 0.0328125
0 0.3625 0.4122395833333333 0.017592592592592594 0.0140625
0 0.4851851851851852 0.8994791666666666 0.03518518518518519 0.030208333333333334
0 0.40555555555555556 0.4591145833333333 0.02777777777777778 0.0171875
0 0.3805555555555556 0.725 0.037037037037037035 0.025
0 0.47175925925925927 0.8361979166666667 0.03796296296296296 0.025520833333333333
0 0.5287037037037037 0.9132812499999999 0.03888888888888889 0.0234375
0 0.4912037037037037 0.75546875 0.026851851851851852 0.0203125
0 0.425462962962963 0.65625 0.025 0.01875
0 0.49444444444444446 0.7153645833333333 0.02962962962962963 0.021354166666666667
0 0.5365740740740741 0.7229166666666667 0.025 0.0125
0 0.4625 0.6427083333333333 0.025 0.013541666666666667
0 0.6231481481481481 0.7901041666666666 0.02592592592592593 0.022916666666666665
0 0.6564814814814816 0.734375 0.03333333333333333 0.025
0 0.4430555555555556 0.4 0.028703703703703703 0.01875
0 0.500462962962963 0.5078125 0.03425925925925926 0.017708333333333333
0 0.5569444444444445 0.5666666666666667 0.03796296296296296 0.017708333333333333
0 0.5087962962962963 0.3989583333333333 0.032407407407407406 0.01875
0 0.5175925925925926 0.47239583333333335 0.02777777777777778 0.01875
0 0.7601851851851852 0.7596354166666667 0.03888888888888889 0.021354166666666667
0 0.8175925925925926 0.7809895833333333 0.03888888888888889 0.022395833333333334
0 0.6703703703703704 0.58671875 0.03888888888888889 0.018229166666666668
0 0.6134259259259259 0.5388020833333333 0.028703703703703703 0.021354166666666667
0 0.6726851851851852 0.2265625 0.036111111111111115 0.021875
0 0.7407407407407408 0.11796875 0.02962962962962963 0.021354166666666667
0 0.7407407407407408 0.11796875 0.02962962962962963 0.021354166666666667
0 0.862962962962963 0.17447916666666666 0.03333333333333333 0.020833333333333332
0 0.737962962962963 0.221875 0.03333333333333333 0.01875
0 0.775 0.2622395833333333 0.031481481481481485 0.019270833333333334
0 0.7375 0.3302083333333333 0.028703703703703703 0.01875
0 0.7856481481481482 0.321875 0.030555555555555558 0.020833333333333332
0 0.7305555555555556 0.3026041666666667 0.02962962962962963 0.014583333333333334
0 0.5712962962962963 0.3684895833333333 0.02592592592592593 0.0171875
0 0.5851851851851853 0.34401041666666665 0.02592592592592593 0.0140625
0 0.6074074074074074 0.35078125 0.037037037037037035 0.0203125
0 0.6361111111111112 0.371875 0.02962962962962963 0.01875
0 0.6805555555555556 0.39088541666666665 0.02962962962962963 0.019270833333333334
0 0.7111111111111111 0.3932291666666667 0.03518518518518519 0.01875
0 0.8870370370370371 0.4044270833333333 0.04259259259259259 0.0203125
0 0.7657407407407407 0.4049479166666667 0.031481481481481485 0.021354166666666667
0 0.7532407407407408 0.4375 0.028703703703703703 0.017708333333333333
0 0.7967592592592593 0.45078124999999997 0.036111111111111115 0.0203125
0 0.6777777777777778 0.4708333333333333 0.031481481481481485 0.017708333333333333
0 0.6777777777777778 0.4708333333333333 0.031481481481481485 0.017708333333333333
0 0.7027777777777778 0.47239583333333335 0.024074074074074074 0.014583333333333334
0 0.675 0.515625 0.037037037037037035 0.020833333333333332
0 0.7393518518518519 0.5653645833333333 0.032407407407407406 0.018229166666666668
0 0.725925925925926 0.5783854166666667 0.037037037037037035 0.019270833333333334
0 0.7453703703703703 0.5927083333333333 0.03518518518518519 0.017708333333333333
0 0.8037037037037037 0.5190104166666667 0.024074074074074074 0.018229166666666668
0 0.8199074074074074 0.47734375 0.030555555555555558 0.015104166666666667
0 0.8796296296296297 0.53828125 0.037037037037037035 0.0171875
0 0.8643518518518519 0.5958333333333333 0.04166666666666667 0.022916666666666665
0 0.8990740740740741 0.5958333333333333 0.02962962962962963 0.02395833333333333
0 0.9550925925925926 0.6356770833333333 0.049074074074074076 0.025520833333333333
0 0.937962962962963 0.5893229166666667 0.02592592592592593 0.013020833333333334
0 0.9865740740740742 0.5958333333333333 0.026851851851851852 0.019791666666666666
0 0.8398148148148148 0.3854166666666667 0.04259259259259259 0.020833333333333332
