0 0.014351851851851852 0.7700520833333333 0.026851851851851852 0.021354166666666667
0 0.02592592592592593 0.8567708333333334 0.0462962962962963 0.03333333333333333
0 0.013425925925925926 0.24583333333333332 0.02314814814814815 0.015625
0 0.02777777777777778 0.5473958333333333 0.02777777777777778 0.014583333333333334
0 0.050462962962962966 0.5799479166666667 0.026851851851851852 0.013020833333333334
0 0.06018518518518519 0.61328125 0.018518518518518517 0.009895833333333333
0 0.05648148148148149 0.653125 0.024074074074074074 0.017708333333333333
0 0.1912037037037037 0.7434895833333334 0.021296296296296296 0.0140625
0 0.17175925925925928 0.7065104166666667 0.032407407407407406 0.021354166666666667
0 0.21481481481481482 0.6583333333333333 0.02962962962962963 0.015625
0 0.24583333333333335 0.65546875 0.028703703703703703 0.0171875
0 0.24166666666666667 0.75390625 0.02962962962962963 0.021354166666666667
0 0.35833333333333334 0.8015625 0.03333333333333333 0.028125
0 0.26435185185185184 0.6078125 0.021296296296296296 0.017708333333333333
0 0.42129629629629634 0.5630208333333333 0.02962962962962963 0.016666666666666666
0 0.44953703703703707 0.5739583333333333 0.026851851851851852 0.0125
0 0.34444444444444444 0.5244791666666666 0.02777777777777778 0.015625
0 0.4203703703703704 0.5075520833333333 0.024074074074074074 0.0140625
0 0.4175925925925926 0.45416666666666666 0.02777777777777778 0.014583333333333334
0 0.43842592592592594 0.43203125 0.036111111111111115 0.022395833333333334
0 0.22175925925925927 0.4903645833333333 0.021296296296296296 0.013020833333333334
0 0.3078703703703704 0.4067708333333333 0.025 0.015625
0 0.32037037037037036 0.38619791666666664 0.02777777777777778 0.013020833333333334
0 0.3050925925925926 0.3325520833333333 0.030555555555555558 0.019270833333333334
0 0.42083333333333334 0.28151041666666665 0.025 0.0171875
0 0.31574074074074077 0.2799479166666667 0.02592592592592593 0.019270833333333334
0 0.32592592592592595 0.26510416666666664 0.02592592592592593 0.015625
0 0.3976851851851852 0.2518229166666667 0.021296296296296296 0.0140625
0 0.38287037037037036 0.23984375 0.021296296296296296 0.0140625
0 0.4935185185185185 0.8932291666666666 0.037037037037037035 0.03229166666666666
0 0.40046296296296297 0.22838541666666667 0.026851851851851852 0.009895833333333333
0 0.42962962962962964 0.22057291666666667 0.02592592592592593 0.0203125
0 0.4703703703703704 0.8989583333333333 0.040740740740740744 0.03333333333333333
0 0.41481481481481486 0.17265625 0.031481481481481485 0.021354166666666667
0 0.35000000000000003 0.4106770833333333 0.018518518518518517 0.0140625
0 0.39212962962962966 0.45807291666666666 0.028703703703703703 0.018229166666666668
0 0.362962962962963 0.72421875 0.037037037037037035 0.024479166666666666
0 0.4550925925925926 0.8359375 0.03796296296296296 0.025
0 0.5152777777777778 0.9088541666666666 0.030555555555555558 0.027083333333333334
0 0.4777777777777778 0.7546875 0.02777777777777778 0.019791666666666666
0 0.41111111111111115 0.6557291666666667 0.024074074074074074 0.01875
0 0.48240740740740745 0.7151041666666667 0.02592592592592593 0.020833333333333332
0 0.5240740740740741 0.7221354166666667 0.02592592592592593 0.013020833333333334
0 0.45046296296296295 0.6416666666666666 0.026851851851851852 0.015625
0 0.6092592592592593 0.7893229166666667 0.02962962962962963 0.022395833333333334
0 0.6421296296296296 0.7333333333333333 0.032407407407407406 0.025
0 0.4291666666666667 0.39791666666666664 0.028703703703703703 0.01875
0 0.48750000000000004 0.50625 0.03425925925925926 0.017708333333333333
0 0.5407407407407407 0.565625 0.031481481481481485 0.017708333333333333
0 0.49583333333333335 0.3971354166666667 0.032407407407407406 0.019270833333333334
0 0.5060185185185185 0.47109375 0.026851851851851852 0.018229166666666668
0 0.7439814814814815 0.7591145833333334 0.03796296296296296 0.021354166666666667
0 0.800462962962963 0.7802083333333333 0.03981481481481482 0.022916666666666665
0 0.6560185185185186 0.5856770833333333 0.03796296296296296 0.018229166666666668
0 0.600462962962963 0.5377604166666666 0.028703703703703703 0.021354166666666667
0 0.6601851851851852 0.225 0.03518518518518519 0.02395833333333333
0 0.7282407407407407 0.11484375 0.028703703703703703 0.022395833333333334
0 0.7282407407407407 0.11484375 0.028703703703703703 0.022395833333333334
0 0.851388888888889 0.17135416666666667 0.032407407407407406 0.020833333333333332
0 0.7282407407407407 0.21562499999999998 0.03425925925925926 0.0125
0 0.763425925925926 0.26015625 0.032407407407407406 0.019270833333333334
0 0.7268518518518519 0.32916666666666666 0.02962962962962963 0.020833333333333332
0 0.7736111111111111 0.32057291666666665 0.030555555555555558 0.0203125
0 0.7185185185185186 0.30026041666666664 0.02962962962962963 0.015104166666666667
0 0.5592592592592592 0.36640625 0.02592592592592593 0.0171875
0 0.5722222222222223 0.3419270833333333 0.02592592592592593 0.0140625
0 0.5944444444444444 0.34921875 0.037037037037037035 0.0203125
0 0.6236111111111111 0.37005208333333334 0.028703703703703703 0.018229166666666668
0 0.6685185185185185 0.3893229166666667 0.02962962962962963 0.019270833333333334
0 0.6981481481481482 0.39140625 0.03518518518518519 0.019270833333333334
0 0.8736111111111111 0.4028645833333333 0.04166666666666667 0.021354166666666667
0 0.7513888888888889 0.4046875 0.028703703703703703 0.020833333333333332
0 0.7407407407407408 0.4356770833333333 0.02777777777777778 0.018229166666666668
0 0.7842592592592593 0.44921875 0.03518518518518519 0.0203125
0 0.6652777777777779 0.46953125 0.032407407407407406 0.018229166666666668
0 0.6652777777777779 0.46953125 0.032407407407407406 0.018229166666666668
0 0.6912037037037038 0.4708333333333333 0.025 0.014583333333333334
0 0.6620370370370371 0.5140625 0.037037037037037035 0.019791666666666666
0 0.725462962962963 0.5643229166666667 0.032407407407407406 0.018229166666666668
0 0.7125 0.57734375 0.036111111111111115 0.019270833333333334
0 0.7314814814814815 0.5919270833333333 0.03518518518518519 0.0171875
0 0.7893518518518519 0.5182291666666666 0.025 0.017708333333333333
0 0.8078703703703703 0.4765625 0.032407407407407406 0.015625
0 0.8657407407407408 0.5377604166666666 0.037037037037037035 0.0171875
0 0.8481481481481482 0.5942708333333333 0.040740740740740744 0.022916666666666665
0 0.8833333333333334 0.5953125 0.02962962962962963 0.02395833333333333
0 0.9402777777777778 0.6346354166666667 0.04537037037037037 0.025520833333333333
0 0.9217592592592593 0.5888020833333333 0.02314814814814815 0.011979166666666666
0 0.9740740740740741 0.59453125 0.02777777777777778 0.019270833333333334
0 0.825462962962963 0.38385416666666666 0.04166666666666667 0.020833333333333332
