0 0.987037037037037 0.7703125 0.02592592592592593 0.021875
0 0.975925925925926 0.8567708333333334 0.0462962962962963 0.03333333333333333
0 0.9884259259259259 0.24583333333333332 0.02314814814814815 0.015625
0 0.9740740740740741 0.5473958333333333 0.02777777777777778 0.014583333333333334
0 0.951388888888889 0.5799479166666667 0.026851851851851852 0.013020833333333334
0 0.9416666666666667 0.61328125 0.018518518518518517 0.009895833333333333
0 0.9453703703703704 0.653125 0.024074074074074074 0.017708333333333333
0 0.8106481481481482 0.7434895833333334 0.021296296296296296 0.0140625
0 0.8300925925925926 0.7065104166666667 0.032407407407407406 0.021354166666666667
0 0.7870370370370371 0.6583333333333333 0.02962962962962963 0.015625
0 0.7560185185185185 0.65546875 0.028703703703703703 0.0171875
0 0.7601851851851852 0.75390625 0.02962962962962963 0.021354166666666667
0 0.6435185185185185 0.8015625 0.03333333333333333 0.028125
0 0.7375 0.6078125 0.021296296296296296 0.017708333333333333
0 0.5805555555555556 0.5630208333333333 0.02962962962962963 0.016666666666666666
0 0.5523148148148148 0.5739583333333333 0.026851851851851852 0.0125
0 0.6574074074074074 0.5244791666666666 0.02777777777777778 0.015625
0 0.5814814814814815 0.5075520833333333 0.024074074074074074 0.0140625
0 0.5842592592592593 0.45416666666666666 0.02777777777777778 0.014583333333333334
0 0.563425925925926 0.43203125 0.036111111111111115 0.022395833333333334
0 0.7800925925925927 0.4903645833333333 0.021296296296296296 0.013020833333333334
0 0.6939814814814815 0.4067708333333333 0.025 0.015625
0 0.6814814814814815 0.38619791666666664 0.02777777777777778 0.013020833333333334
0 0.6967592592592593 0.3325520833333333 0.030555555555555558 0.019270833333333334
0 0.5810185185185185 0.28151041666666665 0.025 0.0171875
0 0.6861111111111111 0.2799479166666667 0.02592592592592593 0.019270833333333334
0 0.6759259259259259 0.26510416666666664 0.02592592592592593 0.015625
0 0.6041666666666667 0.2518229166666667 0.021296296296296296 0.0140625
0 0.6189814814814815 0.23984375 0.021296296296296296 0.0140625
0 0.5083333333333333 0.8932291666666666 0.037037037037037035 0.03229166666666666
0 0.6013888888888889 0.22838541666666667 0.026851851851851852 0.009895833333333333
0 0.5722222222222223 0.22057291666666667 0.02592592592592593 0.0203125
0 0.5314814814814816 0.8989583333333333 0.040740740740740744 0.03333333333333333
0 0.587037037037037 0.17265625 0.031481481481481485 0.021354166666666667
0 0.6518518518518519 0.4106770833333333 0.018518518518518517 0.0140625
0 0.6097222222222223 0.45807291666666666 0.028703703703703703 0.018229166666666668
0 0.638888888888889 0.72421875 0.037037037037037035 0.024479166666666666
0 0.5467592592592593 0.8359375 0.03796296296296296 0.025
0 0.4865740740740741 0.9088541666666666 0.030555555555555558 0.027083333333333334
0 0.5240740740740741 0.7546875 0.02777777777777778 0.019791666666666666
0 0.5907407407407408 0.6557291666666667 0.024074074074074074 0.01875
0 0.5194444444444445 0.7151041666666667 0.02592592592592593 0.020833333333333332
0 0.4777777777777778 0.7221354166666667 0.02592592592592593 0.013020833333333334
0 0.5513888888888889 0.6416666666666666 0.026851851851851852 0.015625
0 0.3925925925925926 0.7893229166666667 0.02962962962962963 0.022395833333333334
0 0.3597222222222222 0.7333333333333333 0.032407407407407406 0.025
0 0.5726851851851852 0.39791666666666664 0.028703703703703703 0.01875
0 0.5143518518518518 0.50625 0.03425925925925926 0.017708333333333333
0 0.46111111111111114 0.565625 0.031481481481481485 0.017708333333333333
0 0.5060185185185185 0.3971354166666667 0.032407407407407406 0.019270833333333334
0 0.49583333333333335 0.47109375 0.026851851851851852 0.018229166666666668
0 0.25787037037037036 0.7591145833333334 0.03796296296296296 0.021354166666666667
0 0.2013888888888889 0.7802083333333333 0.03981481481481482 0.022916666666666665
0 0.3458333333333333 0.5856770833333333 0.03796296296296296 0.018229166666666668
0 0.4013888888888889 0.5377604166666666 0.028703703703703703 0.021354166666666667
0 0.3416666666666667 0.225 0.03518518518518519 0.02395833333333333
0 0.27361111111111114 0.11484375 0.028703703703703703 0.022395833333333334
0 0.27361111111111114 0.11484375 0.028703703703703703 0.022395833333333334
0 0.15046296296296297 0.17135416666666667 0.032407407407407406 0.020833333333333332
0 0.27361111111111114 0.21562499999999998 0.03425925925925926 0.0125
0 0.23842592592592593 0.26015625 0.032407407407407406 0.019270833333333334
0 0.275 0.32916666666666666 0.02962962962962963 0.020833333333333332
0 0.22824074074074074 0.32057291666666665 0.030555555555555558 0.0203125
0 0.2833333333333333 0.30026041666666664 0.02962962962962963 0.015104166666666667
0 0.4425925925925926 0.36640625 0.02592592592592593 0.0171875
0 0.42962962962962964 0.3419270833333333 0.02592592592592593 0.0140625
0 0.40740740740740744 0.34921875 0.037037037037037035 0.0203125
0 0.37824074074074077 0.37005208333333334 0.028703703703703703 0.018229166666666668
0 0.33333333333333337 0.3893229166666667 0.02962962962962963 0.019270833333333334
0 0.3037037037037037 0.39140625 0.03518518518518519 0.019270833333333334
0 0.12824074074074074 0.4028645833333333 0.04166666666666667 0.021354166666666667
0 0.250462962962963 0.4046875 0.028703703703703703 0.020833333333333332
0 0.2611111111111111 0.4356770833333333 0.02777777777777778 0.018229166666666668
0 0.2175925925925926 0.44921875 0.03518518518518519 0.0203125
0 0.3365740740740741 0.46953125 0.032407407407407406 0.018229166666666668
0 0.3365740740740741 0.46953125 0.032407407407407406 0.018229166666666668
0 0.3106481481481482 0.4708333333333333 0.025 0.014583333333333334
0 0.33981481481481485 0.5140625 0.037037037037037035 0.019791666666666666
0 0.2763888888888889 0.5643229166666667 0.032407407407407406 0.018229166666666668
0 0.28935185185185186 0.57734375 0.036111111111111115 0.019270833333333334
0 0.27037037037037037 0.5919270833333333 0.03518518518518519 0.0171875
0 0.2125 0.5182291666666666 0.025 0.017708333333333333
0 0.19398148148148148 0.4765625 0.032407407407407406 0.015625
0 0.13611111111111113 0.5377604166666666 0.037037037037037035 0.0171875
0 0.1537037037037037 0.5942708333333333 0.040740740740740744 0.022916666666666665
0 0.11851851851851852 0.5953125 0.02962962962962963 0.02395833333333333
0 0.06157407407407408 0.6346354166666667 0.04537037037037037 0.025520833333333333
0 0.08009259259259259 0.5888020833333333 0.02314814814814815 0.011979166666666666
0 0.02777777777777778 0.59453125 0.02777777777777778 0.019270833333333334
0 0.1763888888888889 0.38385416666666666 0.04166666666666667 0.020833333333333332
