0 0.010185185185185186 0.76953125 0.018518518518518517 0.0203125
0 0.020370370370370372 0.8565104166666666 0.03888888888888889 0.033854166666666664
0 0.018518518518518517 0.5463541666666667 0.02962962962962963 0.014583333333333334
0 0.04212962962962963 0.5791666666666666 0.026851851851851852 0.013541666666666667
0 0.050462962962962966 0.6127604166666667 0.019444444444444445 0.009895833333333333
0 0.04861111111111111 0.653125 0.025 0.017708333333333333
0 0.18287037037037038 0.7434895833333334 0.021296296296296296 0.0140625
0 0.16435185185185186 0.7059895833333333 0.032407407407407406 0.021354166666666667
0 0.20740740740740743 0.6575520833333334 0.02962962962962963 0.01614583333333333
0 0.23842592592592593 0.6546875 0.028703703703703703 0.017708333333333333
0 0.23287037037037037 0.7533854166666667 0.030555555555555558 0.0203125
0 0.350462962962963 0.8015625 0.032407407407407406 0.028125
0 0.2555555555555556 0.6075520833333333 0.020370370370370372 0.018229166666666668
0 0.41481481481481486 0.5619791666666667 0.02962962962962963 0.016666666666666666
0 0.44212962962962965 0.5734375 0.026851851851851852 0.013541666666666667
0 0.33842592592592596 0.5247395833333334 0.028703703703703703 0.01614583333333333
0 0.4138888888888889 0.50703125 0.024074074074074074 0.0140625
0 0.40972222222222227 0.45390625 0.028703703703703703 0.0140625
0 0.4314814814814815 0.4315104166666667 0.037037037037037035 0.022395833333333334
0 0.21296296296296297 0.4895833333333333 0.020370370370370372 0.013541666666666667
0 0.300462962962963 0.40598958333333335 0.025 0.01614583333333333
0 0.3138888888888889 0.3854166666666667 0.02777777777777778 0.013541666666666667
0 0.2976851851851852 0.3307291666666667 0.030555555555555558 0.019791666666666666
0 0.4138888888888889 0.28046875 0.02592592592592593 0.0171875
0 0.30833333333333335 0.2791666666666667 0.02592592592592593 0.01875
0 0.3194444444444445 0.2643229166666667 0.02592592592592593 0.01614583333333333
0 0.3907407407407408 0.25078125 0.022222222222222223 0.0140625
0 0.4865740740740741 0.8877604166666666 0.03981481481481482 0.019270833333333334
0 0.375462962962963 0.23880208333333333 0.021296296296296296 0.0140625
0 0.3939814814814815 0.22760416666666666 0.026851851851851852 0.009375
0 0.46342592592592596 0.8986979166666667 0.03981481481481482 0.0328125
0 0.4222222222222222 0.21927083333333333 0.02592592592592593 0.019791666666666666
0 0.4078703703703704 0.17109375 0.030555555555555558 0.021354166666666667
0 0.34305555555555556 0.409375 0.017592592592592594 0.013541666666666667
0 0.38472222222222224 0.45729166666666665 0.028703703703703703 0.01875
0 0.35370370370370374 0.7244791666666667 0.037037037037037035 0.025
0 0.4462962962962963 0.8356770833333333 0.03888888888888889 0.025520833333333333
0 0.5074074074074074 0.9080729166666667 0.02962962962962963 0.0265625
0 0.4703703703703704 0.75390625 0.02777777777777778 0.0203125
0 0.4046296296296297 0.65546875 0.024074074074074074 0.018229166666666668
0 0.4740740740740741 0.7151041666666667 0.02777777777777778 0.020833333333333332
0 0.5166666666666667 0.721875 0.02592592592592593 0.013541666666666667
0 0.44537037037037036 0.6416666666666666 0.02592592592592593 0.015625
0 0.6027777777777777 0.7895833333333333 0.02777777777777778 0.021875
0 0.6342592592592593 0.7333333333333333 0.03333333333333333 0.025
0 0.4217592592592593 0.39765625 0.028703703703703703 0.019270833333333334
0 0.4810185185185185 0.5057291666666667 0.03425925925925926 0.017708333333333333
0 0.5351851851851852 0.565625 0.031481481481481485 0.017708333333333333
0 0.48842592592592593 0.3966145833333333 0.032407407407407406 0.019270833333333334
0 0.5 0.4700520833333333 0.02777777777777778 0.018229166666666668
0 0.7351851851851852 0.7588541666666666 0.03888888888888889 0.020833333333333332
0 0.7921296296296296 0.7799479166666666 0.03981481481481482 0.0234375
0 0.6490740740740741 0.5848958333333333 0.03888888888888889 0.017708333333333333
0 0.5930555555555556 0.5372395833333333 0.028703703703703703 0.021354166666666667
0 0.6537037037037037 0.22421875 0.03518518518518519 0.0234375
0 0.7231481481481482 0.11354166666666667 0.02962962962962963 0.021875
0 0.8444444444444444 0.1703125 0.03333333333333333 0.020833333333333332
0 0.7217592592592593 0.21484375 0.03425925925925926 0.013020833333333334
0 0.7601851851851852 0.25859375 0.02592592592592593 0.018229166666666668
0 0.7569444444444444 0.259375 0.032407407407407406 0.019791666666666666
0 0.7217592592592593 0.3296875 0.026851851851851852 0.02395833333333333
0 0.7671296296296296 0.31979166666666664 0.028703703703703703 0.021875
0 0.7134259259259259 0.3 0.030555555555555558 0.014583333333333334
0 0.5537037037037037 0.365625 0.02592592592592593 0.016666666666666666
0 0.5666666666666667 0.3416666666666667 0.02592592592592593 0.014583333333333334
0 0.5875 0.3484375 0.03796296296296296 0.019791666666666666
0 0.6171296296296297 0.36953125 0.028703703703703703 0.018229166666666668
0 0.6601851851851852 0.3888020833333333 0.02962962962962963 0.019270833333333334
0 0.6916666666666667 0.3911458333333333 0.03518518518518519 0.01875
0 0.8662037037037037 0.40182291666666664 0.04166666666666667 0.021354166666666667
0 0.7449074074074075 0.4044270833333333 0.028703703703703703 0.021354166666666667
0 0.7347222222222223 0.4356770833333333 0.028703703703703703 0.0171875
0 0.7787037037037038 0.4484375 0.03518518518518519 0.019791666666666666
0 0.6578703703703704 0.46901041666666665 0.032407407407407406 0.018229166666666668
0 0.6578703703703704 0.46901041666666665 0.032407407407407406 0.018229166666666668
0 0.6837962962962963 0.46979166666666666 0.025 0.014583333333333334
0 0.6541666666666667 0.5138020833333333 0.036111111111111115 0.0203125
0 0.7180555555555556 0.5638020833333334 0.032407407407407406 0.018229166666666668
0 0.7055555555555556 0.5768229166666666 0.037037037037037035 0.019270833333333334
0 0.7240740740740741 0.59140625 0.03518518518518519 0.0171875
0 0.7837962962962963 0.5177083333333333 0.025 0.017708333333333333
0 0.8018518518518519 0.47578125 0.031481481481481485 0.01614583333333333
0 0.8597222222222223 0.53671875 0.03796296296296296 0.0171875
0 0.8407407407407408 0.5940104166666667 0.040740740740740744 0.022395833333333334
0 0.875925925925926 0.5942708333333333 0.02962962962962963 0.02395833333333333
0 0.9310185185185186 0.6338541666666666 0.04722222222222222 0.026041666666666668
0 0.913888888888889 0.5885416666666666 0.024074074074074074 0.011458333333333333
0 0.9675925925925927 0.5942708333333333 0.02777777777777778 0.019791666666666666
0 0.8189814814814815 0.38307291666666665 0.04166666666666667 0.0203125
