0 0.9875 0.5776041666666667 0.025 0.014583333333333334
0 0.9828703703703704 0.61171875 0.019444444444444445 0.009895833333333333
0 0.9851851851851853 0.6518229166666667 0.02592592592592593 0.0171875
0 0.8462962962962963 0.7411458333333333 0.022222222222222223 0.013541666666666667
0 0.8671296296296297 0.7052083333333333 0.03425925925925926 0.021875
0 0.8208333333333334 0.6567708333333333 0.030555555555555558 0.015625
0 0.7893518518518519 0.6536458333333334 0.028703703703703703 0.017708333333333333
0 0.8037037037037037 0.7526041666666666 0.031481481481481485 0.020833333333333332
0 0.6837962962962963 0.8005208333333333 0.032407407407407406 0.028125
0 0.7768518518518519 0.6075520833333333 0.020370370370370372 0.0171875
0 0.6134259259259259 0.5606770833333333 0.030555555555555558 0.0171875
0 0.687962962962963 0.5223958333333333 0.02962962962962963 0.015625
0 0.6157407407407408 0.5049479166666666 0.024074074074074074 0.013020833333333334
0 0.6203703703703703 0.4515625 0.02962962962962963 0.014583333333333334
0 0.5995370370370371 0.4296875 0.03796296296296296 0.021875
0 0.8203703703703704 0.48802083333333335 0.020370370370370372 0.0125
0 0.7296296296296296 0.4036458333333333 0.02962962962962963 0.016666666666666666
0 0.7143518518518519 0.3828125 0.026851851851851852 0.013541666666666667
0 0.7319444444444445 0.328125 0.030555555555555558 0.019791666666666666
0 0.6143518518518519 0.27734375 0.026851851851851852 0.0171875
0 0.7185185185185186 0.2755208333333333 0.02592592592592593 0.01875
0 0.7092592592592593 0.2604166666666667 0.02592592592592593 0.016666666666666666
0 0.637962962962963 0.24739583333333334 0.020370370370370372 0.013541666666666667
0 0.6532407407407408 0.23489583333333333 0.021296296296296296 0.014583333333333334
0 0.6328703703703704 0.22369791666666666 0.028703703703703703 0.009895833333333333
0 0.6074074074074074 0.21536458333333333 0.02592592592592593 0.019270833333333334
0 0.6194444444444445 0.16692708333333334 0.031481481481481485 0.021354166666666667
0 0.6842592592592592 0.7236979166666666 0.037037037037037035 0.024479166666666666
0 0.5884259259259259 0.8346354166666666 0.03796296296296296 0.025520833333333333
0 0.5407407407407407 0.8880208333333334 0.024074074074074074 0.02395833333333333
0 0.5277777777777778 0.90703125 0.031481481481481485 0.0265625
0 0.5680555555555555 0.9 0.04722222222222222 0.027083333333333334
0 0.5606481481481481 0.7533854166666667 0.028703703703703703 0.0203125
0 0.6282407407407408 0.6546875 0.025 0.016666666666666666
0 0.5550925925925926 0.7138020833333333 0.028703703703703703 0.021354166666666667
0 0.5120370370370371 0.72109375 0.02592592592592593 0.013020833333333334
0 0.5800925925925926 0.6434895833333333 0.025 0.011979166666666666
0 0.4277777777777778 0.7888020833333333 0.02777777777777778 0.021354166666666667
0 0.39675925925925926 0.73203125 0.03425925925925926 0.024479166666666666
0 0.6037037037037037 0.39479166666666665 0.022222222222222223 0.01875
0 0.5453703703703704 0.50390625 0.03518518518518519 0.018229166666666668
0 0.4930555555555556 0.5643229166666667 0.030555555555555558 0.018229166666666668
0 0.5407407407407407 0.39453125 0.03333333333333333 0.019270833333333334
0 0.5268518518518519 0.46875 0.02777777777777778 0.01875
0 0.29953703703703705 0.7580729166666667 0.036111111111111115 0.0203125
0 0.2439814814814815 0.77890625 0.03981481481481482 0.0234375
0 0.38101851851851853 0.5838541666666667 0.03796296296296296 0.017708333333333333
0 0.4356481481481482 0.5361979166666666 0.030555555555555558 0.021354166666666667
0 0.3736111111111111 0.22083333333333333 0.03425925925925926 0.022916666666666665
0 0.3027777777777778 0.11015625 0.02962962962962963 0.022395833333333334
0 0.1814814814814815 0.1671875 0.03333333333333333 0.020833333333333332
0 0.3050925925925926 0.21145833333333333 0.03425925925925926 0.013541666666666667
0 0.26712962962962966 0.2559895833333333 0.026851851851851852 0.019270833333333334
0 0.26712962962962966 0.2559895833333333 0.026851851851851852 0.019270833333333334
0 0.3050925925925926 0.3268229166666667 0.025 0.021354166666666667
0 0.25925925925925924 0.3171875 0.02962962962962963 0.020833333333333332
0 0.23703703703703705 0.28984375 0.018518518518518517 0.011979166666666666
0 0.3106481481481482 0.29713541666666665 0.032407407407407406 0.015104166666666667
0 0.47361111111111115 0.36354166666666665 0.026851851851851852 0.017708333333333333
0 0.46111111111111114 0.3390625 0.02592592592592593 0.014583333333333334
0 0.4388888888888889 0.3458333333333333 0.037037037037037035 0.019791666666666666
0 0.40972222222222227 0.3671875 0.028703703703703703 0.019791666666666666
0 0.3666666666666667 0.38697916666666665 0.02777777777777778 0.019791666666666666
0 0.337037037037037 0.3890625 0.03518518518518519 0.01875
0 0.1638888888888889 0.4005208333333333 0.040740740740740744 0.020833333333333332
0 0.28611111111111115 0.4028645833333333 0.02777777777777778 0.021354166666666667
0 0.29305555555555557 0.4341145833333333 0.028703703703703703 0.0171875
0 0.24953703703703706 0.4471354166666667 0.03425925925925926 0.0203125
0 0.412962962962963 0.4822916666666667 0.02777777777777778 0.016666666666666666
0 0.3689814814814815 0.4674479166666667 0.032407407407407406 0.018229166666666668
0 0.3689814814814815 0.4674479166666667 0.032407407407407406 0.018229166666666668
0 0.3421296296296296 0.46875 0.025 0.014583333333333334
0 0.3731481481481482 0.5125 0.03518518518518519 0.019791666666666666
0 0.3125 0.5627604166666667 0.032407407407407406 0.018229166666666668
0 0.325 0.5755208333333334 0.037037037037037035 0.01875
0 0.3060185185185185 0.5903645833333333 0.03425925925925926 0.0171875
0 0.2449074074074074 0.51640625 0.025 0.018229166666666668
0 0.22222222222222224 0.4744791666666667 0.031481481481481485 0.015625
0 0.1685185185185185 0.5359375 0.03888888888888889 0.017708333333333333
0 0.1925925925925926 0.5934895833333333 0.040740740740740744 0.0234375
0 0.1574074074074074 0.5932291666666667 0.02962962962962963 0.02395833333333333
0 0.10416666666666667 0.6325520833333333 0.04351851851851852 0.024479166666666666
0 0.11712962962962964 0.5861979166666667 0.02314814814814815 0.013020833333333334
0 0.06157407407407408 0.59375 0.028703703703703703 0.020833333333333332
0 0.04537037037037037 0.62421875 0.018518518518518517 0.011979166666666666
0 0.21203703703703705 0.3815104166666667 0.040740740740740744 0.0203125
