0 0.01388888888888889 0.57734375 0.02592592592592593 0.0140625
0 0.01898148148148148 0.61171875 0.019444444444444445 0.009895833333333333
0 0.016666666666666666 0.6518229166666667 0.02592592592592593 0.0171875
0 0.15555555555555556 0.7411458333333333 0.022222222222222223 0.013541666666666667
0 0.13472222222222222 0.7052083333333333 0.03425925925925926 0.021875
0 0.18101851851851852 0.6567708333333333 0.030555555555555558 0.015625
0 0.2125 0.6536458333333334 0.028703703703703703 0.017708333333333333
0 0.19814814814814816 0.7526041666666666 0.031481481481481485 0.020833333333333332
0 0.3180555555555556 0.8005208333333333 0.032407407407407406 0.028125
0 0.225 0.6075520833333333 0.020370370370370372 0.0171875
0 0.38842592592592595 0.5606770833333333 0.030555555555555558 0.0171875
0 0.3138888888888889 0.5223958333333333 0.02962962962962963 0.015625
0 0.3861111111111111 0.5049479166666666 0.024074074074074074 0.013020833333333334
0 0.3814814814814815 0.4515625 0.02962962962962963 0.014583333333333334
0 0.40231481481481485 0.4296875 0.03796296296296296 0.021875
0 0.1814814814814815 0.48802083333333335 0.020370370370370372 0.0125
0 0.27222222222222225 0.4036458333333333 0.02962962962962963 0.016666666666666666
0 0.28750000000000003 0.3828125 0.026851851851851852 0.013541666666666667
0 0.26990740740740743 0.328125 0.030555555555555558 0.019791666666666666
0 0.3875 0.27734375 0.026851851851851852 0.0171875
0 0.2833333333333333 0.2755208333333333 0.02592592592592593 0.01875
0 0.2925925925925926 0.2604166666666667 0.02592592592592593 0.016666666666666666
0 0.36388888888888893 0.24739583333333334 0.020370370370370372 0.013541666666666667
0 0.34861111111111115 0.23489583333333333 0.021296296296296296 0.014583333333333334
0 0.3689814814814815 0.22369791666666666 0.028703703703703703 0.009895833333333333
0 0.3944444444444445 0.21536458333333333 0.02592592592592593 0.019270833333333334
0 0.3824074074074074 0.16692708333333334 0.031481481481481485 0.021354166666666667
0 0.3175925925925926 0.7236979166666666 0.037037037037037035 0.024479166666666666
0 0.4134259259259259 0.8346354166666666 0.03796296296296296 0.025520833333333333
0 0.46111111111111114 0.8880208333333334 0.024074074074074074 0.02395833333333333
0 0.4740740740740741 0.90703125 0.031481481481481485 0.0265625
0 0.4337962962962963 0.9 0.04722222222222222 0.027083333333333334
0 0.4412037037037037 0.7533854166666667 0.028703703703703703 0.0203125
0 0.3736111111111111 0.6546875 0.025 0.016666666666666666
0 0.4467592592592593 0.7138020833333333 0.028703703703703703 0.021354166666666667
0 0.4898148148148148 0.72109375 0.02592592592592593 0.013020833333333334
0 0.4217592592592593 0.6434895833333333 0.025 0.011979166666666666
0 0.5740740740740741 0.7888020833333333 0.02777777777777778 0.021354166666666667
0 0.6050925925925926 0.73203125 0.03425925925925926 0.024479166666666666
0 0.39814814814814814 0.39479166666666665 0.022222222222222223 0.01875
0 0.4564814814814815 0.50390625 0.03518518518518519 0.018229166666666668
0 0.5087962962962963 0.5643229166666667 0.030555555555555558 0.018229166666666668
0 0.46111111111111114 0.39453125 0.03333333333333333 0.019270833333333334
0 0.47500000000000003 0.46875 0.02777777777777778 0.01875
0 0.7023148148148148 0.7580729166666667 0.036111111111111115 0.0203125
0 0.7578703703703704 0.77890625 0.03981481481481482 0.0234375
0 0.6208333333333333 0.5838541666666667 0.03796296296296296 0.017708333333333333
0 0.5662037037037038 0.5361979166666666 0.030555555555555558 0.021354166666666667
0 0.6282407407407408 0.22083333333333333 0.03425925925925926 0.022916666666666665
0 0.6990740740740741 0.11015625 0.02962962962962963 0.022395833333333334
0 0.8203703703703704 0.1671875 0.03333333333333333 0.020833333333333332
0 0.6967592592592593 0.21145833333333333 0.03425925925925926 0.013541666666666667
0 0.7347222222222223 0.2559895833333333 0.026851851851851852 0.019270833333333334
0 0.7347222222222223 0.2559895833333333 0.026851851851851852 0.019270833333333334
0 0.6967592592592593 0.3268229166666667 0.025 0.021354166666666667
0 0.7425925925925926 0.3171875 0.02962962962962963 0.020833333333333332
0 0.7648148148148148 0.28984375 0.018518518518518517 0.011979166666666666
0 0.6912037037037038 0.29713541666666665 0.032407407407407406 0.015104166666666667
0 0.5282407407407408 0.36354166666666665 0.026851851851851852 0.017708333333333333
0 0.5407407407407407 0.3390625 0.02592592592592593 0.014583333333333334
0 0.562962962962963 0.3458333333333333 0.037037037037037035 0.019791666666666666
0 0.5921296296296297 0.3671875 0.028703703703703703 0.019791666666666666
0 0.6351851851851852 0.38697916666666665 0.02777777777777778 0.019791666666666666
0 0.6648148148148149 0.3890625 0.03518518518518519 0.01875
0 0.837962962962963 0.4005208333333333 0.040740740740740744 0.020833333333333332
0 0.7157407407407408 0.4028645833333333 0.02777777777777778 0.021354166666666667
0 0.7087962962962964 0.4341145833333333 0.028703703703703703 0.0171875
0 0.7523148148148149 0.4471354166666667 0.03425925925925926 0.0203125
0 0.5888888888888889 0.4822916666666667 0.02777777777777778 0.016666666666666666
0 0.6328703703703704 0.4674479166666667 0.032407407407407406 0.018229166666666668
0 0.6328703703703704 0.4674479166666667 0.032407407407407406 0.018229166666666668
0 0.6597222222222222 0.46875 0.025 0.014583333333333334
0 0.6287037037037038 0.5125 0.03518518518518519 0.019791666666666666
0 0.6893518518518519 0.5627604166666667 0.032407407407407406 0.018229166666666668
0 0.6768518518518519 0.5755208333333334 0.037037037037037035 0.01875
0 0.6958333333333334 0.5903645833333333 0.03425925925925926 0.0171875
0 0.7569444444444444 0.51640625 0.025 0.018229166666666668
0 0.7796296296296297 0.4744791666666667 0.031481481481481485 0.015625
0 0.8333333333333334 0.5359375 0.03888888888888889 0.017708333333333333
0 0.8092592592592593 0.5934895833333333 0.040740740740740744 0.0234375
0 0.8444444444444444 0.5932291666666667 0.02962962962962963 0.02395833333333333
0 0.8976851851851853 0.6325520833333333 0.04351851851851852 0.024479166666666666
0 0.8847222222222223 0.5861979166666667 0.02314814814814815 0.013020833333333334
0 0.9402777777777778 0.59375 0.028703703703703703 0.020833333333333332
0 0.9564814814814815 0.62421875 0.018518518518518517 0.011979166666666666
0 0.7898148148148149 0.3815104166666667 0.040740740740740744 0.0203125
