0 0.813425925925926 0.6565104166666667 0.028703703703703703 0.0171875
0 0.9861111111111112 0.18359375 0.02777777777777778 0.009895833333333333
0 0.8328703703703704 0.7546875 0.028703703703703703 0.020833333333333332
0 0.7101851851851853 0.8057291666666666 0.037037037037037035 0.025
0 0.8046296296296297 0.6091145833333333 0.018518518518518517 0.018229166666666668
0 0.8916666666666667 0.7078125 0.02962962962962963 0.020833333333333332
0 0.8490740740740741 0.49192708333333335 0.018518518518518517 0.009895833333333333
0 0.8462962962962963 0.6588541666666666 0.031481481481481485 0.015625
0 0.6393518518518518 0.56328125 0.028703703703703703 0.01614583333333333
0 0.7111111111111111 0.5236979166666667 0.02962962962962963 0.018229166666666668
0 0.6430555555555556 0.5080729166666667 0.02314814814814815 0.013020833333333334
0 0.6472222222222223 0.45416666666666666 0.02777777777777778 0.014583333333333334
0 0.7328703703703704 0.26328125 0.025 0.015104166666666667
0 0.6263888888888889 0.4328125 0.036111111111111115 0.020833333333333332
0 0.7555555555555555 0.40625 0.031481481481481485 0.016666666666666666
0 0.7393518518518519 0.38645833333333335 0.026851851851851852 0.0125
0 0.7569444444444444 0.33125 0.030555555555555558 0.019791666666666666
0 0.6342592592592593 0.21901041666666665 0.020370370370370372 0.018229166666666668
0 0.6370370370370371 0.28072916666666664 0.022222222222222223 0.016666666666666666
0 0.7425925925925926 0.27890625 0.02592592592592593 0.019270833333333334
0 0.7189814814814816 0.7265625 0.036111111111111115 0.025
0 0.6615740740740741 0.25026041666666665 0.021296296296296296 0.015104166666666667
0 0.6782407407407408 0.23984375 0.021296296296296296 0.0140625
0 0.6560185185185186 0.22838541666666667 0.026851851851851852 0.009895833333333333
0 0.6439814814814815 0.17109375 0.032407407407407406 0.021354166666666667
0 0.6212962962962963 0.8385416666666666 0.03888888888888889 0.026041666666666668
0 0.5745370370370371 0.8919270833333334 0.02314814814814815 0.024479166666666666
0 0.5620370370370371 0.9109375 0.031481481481481485 0.025
0 0.6032407407407407 0.90390625 0.05092592592592593 0.025520833333333333
0 0.5888888888888889 0.75703125 0.02962962962962963 0.0203125
0 0.6574074074074074 0.6578125 0.024074074074074074 0.016666666666666666
0 0.5819444444444445 0.71640625 0.028703703703703703 0.021354166666666667
0 0.538425925925926 0.72421875 0.026851851851851852 0.013020833333333334
0 0.6027777777777777 0.6458333333333334 0.02592592592592593 0.0125
0 0.4569444444444445 0.7932291666666667 0.030555555555555558 0.021875
0 0.425462962962963 0.7354166666666666 0.03425925925925926 0.025
0 0.6305555555555555 0.39791666666666664 0.024074074074074074 0.01875
0 0.5694444444444444 0.50703125 0.03518518518518519 0.018229166666666668
0 0.5194444444444445 0.5674479166666666 0.031481481481481485 0.0171875
0 0.5666666666666667 0.39791666666666664 0.03333333333333333 0.01875
0 0.5504629629629629 0.471875 0.028703703703703703 0.01875
0 0.33287037037037037 0.7611979166666667 0.036111111111111115 0.021354166666666667
0 0.27824074074074073 0.78203125 0.04166666666666667 0.024479166666666666
0 0.4087962962962963 0.58671875 0.03796296296296296 0.0171875
0 0.46111111111111114 0.5390625 0.03518518518518519 0.021875
0 0.40046296296296297 0.22552083333333334 0.03425925925925926 0.022916666666666665
0 0.32962962962962966 0.11588541666666667 0.02962962962962963 0.022395833333333334
0 0.20925925925925926 0.17265625 0.031481481481481485 0.021354166666666667
0 0.32962962962962966 0.21640625 0.03518518518518519 0.0140625
0 0.2939814814814815 0.26171875 0.030555555555555558 0.021354166666666667
0 0.32962962962962966 0.3302083333333333 0.022222222222222223 0.021875
0 0.2847222222222222 0.3216145833333333 0.028703703703703703 0.019270833333333334
0 0.2587962962962963 0.2947916666666667 0.019444444444444445 0.010416666666666666
0 0.33472222222222225 0.30182291666666666 0.030555555555555558 0.015104166666666667
0 0.49768518518518523 0.36640625 0.025 0.0171875
0 0.4851851851851852 0.34296875 0.02592592592592593 0.0140625
0 0.46481481481481485 0.35 0.037037037037037035 0.019791666666666666
0 0.4365740740740741 0.37109375 0.028703703703703703 0.019270833333333334
0 0.39305555555555555 0.390625 0.026851851851851852 0.01875
0 0.362962962962963 0.3924479166666667 0.03518518518518519 0.018229166666666668
0 0.1953703703703704 0.4041666666666667 0.03888888888888889 0.020833333333333332
0 0.30972222222222223 0.40625 0.04351851851851852 0.019791666666666666
0 0.3189814814814815 0.43828125 0.030555555555555558 0.0171875
0 0.2777777777777778 0.4510416666666667 0.03333333333333333 0.019791666666666666
0 0.43703703703703706 0.48541666666666666 0.02777777777777778 0.016666666666666666
0 0.39583333333333337 0.4705729166666667 0.032407407407407406 0.018229166666666668
0 0.39583333333333337 0.4705729166666667 0.032407407407407406 0.018229166666666668
0 0.36712962962962964 0.471875 0.025 0.014583333333333334
0 0.3990740740740741 0.5151041666666667 0.03518518518518519 0.019791666666666666
0 0.3416666666666667 0.5653645833333333 0.031481481481481485 0.018229166666666668
0 0.35370370370370374 0.57890625 0.037037037037037035 0.019270833333333334
0 0.33472222222222225 0.5932291666666667 0.03425925925925926 0.016666666666666666
0 0.27222222222222225 0.51953125 0.02592592592592593 0.018229166666666668
0 0.24629629629629632 0.4778645833333333 0.031481481481481485 0.01614583333333333
0 0.19583333333333333 0.5390625 0.03981481481481482 0.017708333333333333
0 0.22453703703703703 0.5955729166666667 0.03981481481481482 0.022395833333333334
0 0.18981481481481483 0.5963541666666666 0.02962962962962963 0.02395833333333333
0 0.1388888888888889 0.6361979166666667 0.040740740740740744 0.0234375
0 0.14675925925925926 0.5890625 0.025 0.013541666666666667
0 0.08842592592592594 0.5966145833333333 0.028703703703703703 0.0203125
0 0.07314814814814816 0.6265625 0.02777777777777778 0.014583333333333334
0 0.2425925925925926 0.3848958333333333 0.040740740740740744 0.019791666666666666
