0 0.0125 0.18515625 0.02314814814814815 0.0078125
0 0.18842592592592594 0.61015625 0.019444444444444445 0.018229166666666668
0 0.2837962962962963 0.5265625 0.028703703703703703 0.015625
0 0.10277777777777779 0.70859375 0.02962962962962963 0.021354166666666667
0 0.34814814814814815 0.45598958333333334 0.024074074074074074 0.0140625
0 0.14814814814814814 0.66015625 0.031481481481481485 0.01614583333333333
0 0.1814814814814815 0.6578125 0.02962962962962963 0.017708333333333333
0 0.16018518518518518 0.7565104166666666 0.02962962962962963 0.0203125
0 0.28240740740740744 0.8078124999999999 0.037037037037037035 0.022916666666666665
0 0.35555555555555557 0.5645833333333333 0.02962962962962963 0.016666666666666666
0 0.35185185185185186 0.509375 0.022222222222222223 0.0125
0 0.2555555555555556 0.28151041666666665 0.02592592592592593 0.018229166666666668
0 0.3689814814814815 0.4341145833333333 0.036111111111111115 0.0203125
0 0.14537037037037037 0.49296875 0.018518518518518517 0.009895833333333333
0 0.24074074074074076 0.4075520833333333 0.031481481481481485 0.0171875
0 0.2569444444444445 0.38697916666666665 0.026851851851851852 0.0125
0 0.23796296296296296 0.33229166666666665 0.031481481481481485 0.019791666666666666
0 0.35833333333333334 0.28229166666666666 0.022222222222222223 0.016666666666666666
0 0.35370370370370374 0.1734375 0.031481481481481485 0.021875
0 0.26296296296296295 0.26458333333333334 0.02592592592592593 0.014583333333333334
0 0.27361111111111114 0.7283854166666667 0.03425925925925926 0.024479166666666666
0 0.33472222222222225 0.2520833333333333 0.021296296296296296 0.014583333333333334
0 0.31712962962962965 0.24140625 0.021296296296296296 0.0140625
0 0.33981481481481485 0.22942708333333334 0.02777777777777778 0.009895833333333333
0 0.36064814814814816 0.22057291666666667 0.019444444444444445 0.018229166666666668
0 0.37222222222222223 0.83984375 0.03888888888888889 0.0265625
0 0.4185185185185185 0.8934895833333333 0.024074074074074074 0.024479166666666666
0 0.4300925925925926 0.9125 0.030555555555555558 0.026041666666666668
0 0.3888888888888889 0.9054687499999999 0.05185185185185186 0.024479166666666666
0 0.40555555555555556 0.7578125 0.02962962962962963 0.020833333333333332
0 0.33611111111111114 0.6591145833333333 0.024074074074074074 0.0171875
0 0.41250000000000003 0.71796875 0.028703703703703703 0.021354166666666667
0 0.45555555555555555 0.7255208333333333 0.02592592592592593 0.0125
0 0.39212962962962966 0.6471354166666666 0.025 0.011979166666666666
0 0.5361111111111111 0.79453125 0.02962962962962963 0.021354166666666667
0 0.5680555555555555 0.73671875 0.03425925925925926 0.024479166666666666
0 0.36435185185185187 0.39947916666666666 0.025 0.01875
0 0.425 0.5078125 0.03518518518518519 0.017708333333333333
0 0.4759259259259259 0.5684895833333333 0.031481481481481485 0.0171875
0 0.4287037037037037 0.3989583333333333 0.03333333333333333 0.01875
0 0.44537037037037036 0.47265625 0.02777777777777778 0.018229166666666668
0 0.6601851851851852 0.7627604166666666 0.037037037037037035 0.021354166666666667
0 0.7148148148148148 0.78359375 0.04259259259259259 0.024479166666666666
0 0.5851851851851853 0.5877604166666667 0.03888888888888889 0.0171875
0 0.5328703703703704 0.5401041666666666 0.03425925925925926 0.021875
0 0.5939814814814816 0.22760416666666666 0.03425925925925926 0.022916666666666665
0 0.6657407407407407 0.11770833333333333 0.02962962962962963 0.021875
0 0.7847222222222222 0.17421875 0.032407407407407406 0.021354166666666667
0 0.6652777777777779 0.21796875 0.03425925925925926 0.0140625
0 0.7060185185185186 0.26197916666666665 0.021296296296296296 0.020833333333333332
0 0.6657407407407407 0.33203125 0.020370370370370372 0.021354166666666667
0 0.7111111111111111 0.3234375 0.02962962962962963 0.01875
0 0.737962962962963 0.29609375 0.020370370370370372 0.009895833333333333
0 0.6601851851851852 0.303125 0.031481481481481485 0.014583333333333334
0 0.4981481481481482 0.36822916666666666 0.02592592592592593 0.017708333333333333
0 0.5092592592592593 0.34375 0.02592592592592593 0.014583333333333334
0 0.5300925925925926 0.35104166666666664 0.036111111111111115 0.019791666666666666
0 0.5583333333333333 0.37213541666666666 0.02962962962962963 0.019270833333333334
0 0.6013888888888889 0.3921875 0.026851851851851852 0.01875
0 0.6305555555555555 0.39401041666666664 0.03518518518518519 0.018229166666666668
0 0.7976851851851852 0.40598958333333335 0.03796296296296296 0.021354166666666667
0 0.6851851851851852 0.40781249999999997 0.04259259259259259 0.019791666666666666
0 0.6763888888888889 0.43906249999999997 0.030555555555555558 0.017708333333333333
0 0.7166666666666667 0.45208333333333334 0.03333333333333333 0.019791666666666666
0 0.5578703703703703 0.4869791666666667 0.028703703703703703 0.016666666666666666
0 0.5986111111111111 0.47213541666666664 0.032407407407407406 0.018229166666666668
0 0.5986111111111111 0.47213541666666664 0.032407407407407406 0.018229166666666668
0 0.6287037037037038 0.47291666666666665 0.02592592592592593 0.014583333333333334
0 0.5958333333333333 0.5161458333333333 0.036111111111111115 0.019791666666666666
0 0.6527777777777778 0.56640625 0.031481481481481485 0.018229166666666668
0 0.6402777777777778 0.5796875 0.036111111111111115 0.01875
0 0.6597222222222222 0.5942708333333333 0.03425925925925926 0.016666666666666666
0 0.7231481481481482 0.5203125 0.02592592592592593 0.01875
0 0.7486111111111111 0.47890625 0.030555555555555558 0.01614583333333333
0 0.7990740740740742 0.5403645833333334 0.03888888888888889 0.018229166666666668
0 0.7680555555555556 0.5971354166666667 0.03981481481481482 0.022395833333333334
0 0.8041666666666667 0.5973958333333333 0.030555555555555558 0.02395833333333333
0 0.8532407407407407 0.6372395833333333 0.03981481481481482 0.0234375
0 0.8472222222222222 0.5901041666666667 0.02592592592592593 0.013541666666666667
0 0.9060185185185186 0.5986979166666666 0.030555555555555558 0.0203125
0 0.9222222222222223 0.628125 0.02777777777777778 0.014583333333333334
0 0.9796296296296296 0.3536458333333333 0.031481481481481485 0.017708333333333333
0 0.7513888888888889 0.3872395833333333 0.03981481481481482 0.0203125
