0 0.08101851851851852 0.7104166666666667 0.030555555555555558 0.020833333333333332
0 0.12916666666666668 0.66171875 0.030555555555555558 0.01614583333333333
0 0.16296296296296298 0.6591145833333333 0.02962962962962963 0.0171875
0 0.13564814814814816 0.7580729166666667 0.026851851851851852 0.0203125
0 0.2601851851851852 0.8088541666666667 0.040740740740740744 0.022916666666666665
0 0.16342592592592592 0.61171875 0.017592592592592594 0.018229166666666668
0 0.33611111111111114 0.5658854166666667 0.02962962962962963 0.0171875
0 0.26712962962962966 0.5268229166666667 0.028703703703703703 0.015104166666666667
0 0.33194444444444443 0.51015625 0.021296296296296296 0.011979166666666666
0 0.32685185185185184 0.45703125 0.024074074074074074 0.0140625
0 0.3472222222222222 0.4348958333333333 0.037037037037037035 0.020833333333333332
0 0.12222222222222223 0.4942708333333333 0.018518518518518517 0.009375
0 0.22037037037037038 0.4080729166666667 0.03333333333333333 0.0171875
0 0.23796296296296296 0.3885416666666667 0.02592592592592593 0.0125
0 0.2189814814814815 0.33359375 0.032407407407407406 0.019270833333333334
0 0.33935185185185185 0.2830729166666667 0.02314814814814815 0.0171875
0 0.23657407407407408 0.2817708333333333 0.028703703703703703 0.017708333333333333
0 0.2439814814814815 0.2661458333333333 0.026851851851851852 0.014583333333333334
0 0.3148148148148148 0.25364583333333335 0.020370370370370372 0.014583333333333334
0 0.2986111111111111 0.24244791666666665 0.021296296296296296 0.0140625
0 0.32083333333333336 0.23098958333333333 0.026851851851851852 0.009895833333333333
0 0.34074074074074073 0.22161458333333334 0.018518518518518517 0.018229166666666668
0 0.33472222222222225 0.17447916666666666 0.032407407407407406 0.020833333333333332
0 0.24722222222222223 0.7291666666666666 0.03888888888888889 0.026041666666666668
0 0.34814814814814815 0.8411458333333334 0.03888888888888889 0.026041666666666668
0 0.39305555555555555 0.8950520833333333 0.025 0.024479166666666666
0 0.40370370370370373 0.9138020833333333 0.03888888888888889 0.022395833333333334
0 0.36435185185185187 0.9065104166666667 0.04351851851851852 0.027604166666666666
0 0.3842592592592593 0.7591145833333334 0.02962962962962963 0.0203125
0 0.31342592592592594 0.6598958333333333 0.026851851851851852 0.017708333333333333
0 0.33240740740740743 0.63046875 0.02592592592592593 0.013020833333333334
0 0.39305555555555555 0.7184895833333333 0.028703703703703703 0.021354166666666667
0 0.4356481481481482 0.7263020833333333 0.026851851851851852 0.0140625
0 0.37962962962962965 0.6359375 0.016666666666666666 0.016666666666666666
0 0.37453703703703706 0.6479166666666667 0.025 0.011458333333333333
0 0.5152777777777778 0.79609375 0.028703703703703703 0.0203125
0 0.5467592592592593 0.7375 0.036111111111111115 0.025
0 0.5472222222222223 0.7372395833333333 0.03518518518518519 0.024479166666666666
0 0.34444444444444444 0.4005208333333333 0.02777777777777778 0.01875
0 0.4064814814814815 0.509375 0.03518518518518519 0.01875
0 0.4587962962962963 0.5697916666666667 0.028703703703703703 0.016666666666666666
0 0.40694444444444444 0.4 0.03425925925925926 0.01875
0 0.4291666666666667 0.4734375 0.028703703703703703 0.017708333333333333
0 0.6365740740740741 0.7638020833333333 0.036111111111111115 0.0203125
0 0.6893518518518519 0.7841145833333333 0.04351851851851852 0.024479166666666666
0 0.5638888888888889 0.5890625 0.037037037037037035 0.016666666666666666
0 0.5120370370370371 0.5411458333333333 0.03518518518518519 0.020833333333333332
0 0.5736111111111112 0.22838541666666667 0.03425925925925926 0.022395833333333334
0 0.6472222222222223 0.11875 0.02962962962962963 0.021875
0 0.7657407407407407 0.17526041666666667 0.031481481481481485 0.021354166666666667
0 0.6476851851851853 0.21875 0.03425925925925926 0.014583333333333334
0 0.6467592592592593 0.21901041666666665 0.03425925925925926 0.015104166666666667
0 0.6865740740740741 0.2638020833333333 0.025 0.022395833333333334
0 0.6486111111111111 0.32838541666666665 0.025 0.0140625
0 0.6939814814814815 0.32421875 0.026851851851851852 0.0234375
0 0.7222222222222222 0.29661458333333335 0.020370370370370372 0.0109375
0 0.6430555555555556 0.30442708333333335 0.030555555555555558 0.015104166666666667
0 0.48055555555555557 0.3690104166666667 0.02592592592592593 0.0171875
0 0.4902777777777778 0.3450520833333333 0.026851851851851852 0.0140625
0 0.5111111111111112 0.35182291666666665 0.03518518518518519 0.019270833333333334
0 0.5393518518518519 0.3731770833333333 0.028703703703703703 0.019270833333333334
0 0.5819444444444445 0.3924479166666667 0.026851851851851852 0.018229166666666668
0 0.611574074074074 0.39453125 0.03425925925925926 0.018229166666666668
0 0.7759259259259259 0.40625 0.037037037037037035 0.021875
0 0.6638888888888889 0.4088541666666667 0.037037037037037035 0.021875
0 0.6564814814814816 0.4388020833333333 0.031481481481481485 0.018229166666666668
0 0.6958333333333334 0.4205729166666667 0.019444444444444445 0.0140625
0 0.6967592592592593 0.45234375 0.032407407407407406 0.0203125
0 0.5402777777777777 0.48776041666666664 0.030555555555555558 0.015104166666666667
0 0.5805555555555556 0.47239583333333335 0.03333333333333333 0.01875
0 0.6097222222222223 0.4734375 0.026851851851851852 0.014583333333333334
0 0.5750000000000001 0.5171875 0.03518518518518519 0.019791666666666666
0 0.6314814814814815 0.5671875 0.031481481481481485 0.017708333333333333
0 0.6194444444444445 0.5802083333333333 0.03518518518518519 0.01875
0 0.6398148148148148 0.59609375 0.037037037037037035 0.0140625
0 0.7032407407407407 0.52109375 0.026851851851851852 0.018229166666666668
0 0.7310185185185185 0.47890625 0.030555555555555558 0.01614583333333333
0 0.7796296296296297 0.540625 0.040740740740740744 0.01875
0 0.7453703703703703 0.59765625 0.040740740740740744 0.022395833333333334
0 0.7800925925925927 0.5986979166666666 0.032407407407407406 0.022395833333333334
0 0.8305555555555556 0.6369791666666667 0.044444444444444446 0.025
0 0.8268518518518518 0.5901041666666667 0.03333333333333333 0.014583333333333334
0 0.8870370370370371 0.5986979166666666 0.02962962962962963 0.0203125
0 0.9046296296296297 0.628125 0.02962962962962963 0.015625
0 0.9875 0.61015625 0.025 0.015104166666666667
0 0.950462962962963 0.5497395833333333 0.01388888888888889 0.0078125
0 0.9935185185185186 0.44166666666666665 0.012962962962962964 0.013541666666666667
0 0.9935185185185186 0.34375 0.012962962962962964 0.021875
0 0.9935185185185186 0.34375 0.012962962962962964 0.021875
0 0.9935185185185186 0.34348958333333335 0.012962962962962964 0.022395833333333334
0 0.9884259259259259 0.6388020833333333 0.02314814814814815 0.0203125
0 0.7282407407407407 0.3875 0.04351851851851852 0.01875
