0 0.9657407407407408 0.7119791666666666 0.031481481481481485 0.020833333333333332
0 0.913888888888889 0.6630208333333333 0.031481481481481485 0.017708333333333333
0 0.8805555555555555 0.6604166666666667 0.031481481481481485 0.017708333333333333
0 0.9185185185185185 0.7604166666666666 0.02592592592592593 0.020833333333333332
0 0.7912037037037037 0.8111979166666666 0.04166666666666667 0.024479166666666666
0 0.8898148148148148 0.6125 0.020370370370370372 0.017708333333333333
0 0.7074074074074075 0.56640625 0.02962962962962963 0.0171875
0 0.774537037037037 0.5268229166666667 0.030555555555555558 0.0171875
0 0.7157407407407408 0.5104166666666666 0.024074074074074074 0.011458333333333333
0 0.7199074074074074 0.45729166666666665 0.025 0.014583333333333334
0 0.6995370370370371 0.43463541666666666 0.036111111111111115 0.021354166666666667
0 0.9282407407407408 0.49453125 0.017592592592592594 0.008854166666666666
0 0.8199074074074074 0.40781249999999997 0.03425925925925926 0.017708333333333333
0 0.8050925925925926 0.38828125 0.026851851851851852 0.013020833333333334
0 0.8277777777777778 0.33307291666666666 0.03333333333333333 0.019270833333333334
0 0.7046296296296296 0.2825520833333333 0.02592592592592593 0.0171875
0 0.8060185185185186 0.28098958333333335 0.026851851851851852 0.018229166666666668
0 0.7986111111111112 0.26458333333333334 0.026851851851851852 0.014583333333333334
0 0.7291666666666667 0.253125 0.019444444444444445 0.013541666666666667
0 0.7453703703703703 0.24166666666666667 0.022222222222222223 0.014583333333333334
0 0.7226851851851852 0.22994791666666667 0.025 0.009895833333333333
0 0.7046296296296296 0.22083333333333333 0.018518518518518517 0.01875
0 0.7078703703703704 0.17369791666666667 0.032407407407407406 0.0203125
0 0.8111111111111111 0.73125 0.03888888888888889 0.026041666666666668
0 0.7060185185185186 0.8442708333333333 0.03796296296296296 0.025
0 0.6615740740740741 0.8981770833333333 0.026851851851851852 0.024479166666666666
0 0.6486111111111111 0.91640625 0.030555555555555558 0.0234375
0 0.6861111111111111 0.91796875 0.044444444444444446 0.0171875
0 0.6620370370370371 0.7606770833333333 0.02962962962962963 0.0203125
0 0.7328703703703704 0.6598958333333333 0.036111111111111115 0.021875
0 0.7199074074074074 0.6322916666666667 0.030555555555555558 0.017708333333333333
0 0.6523148148148148 0.7203125 0.028703703703703703 0.020833333333333332
0 0.6092592592592593 0.728125 0.02777777777777778 0.014583333333333334
0 0.6648148148148149 0.634375 0.022222222222222223 0.01875
0 0.6638888888888889 0.6486979166666667 0.02592592592592593 0.0109375
0 0.5300925925925926 0.7966145833333333 0.028703703703703703 0.0234375
0 0.5013888888888889 0.7395833333333334 0.036111111111111115 0.025
0 0.5833333333333334 0.7106770833333333 0.018518518518518517 0.0140625
0 0.7027777777777778 0.4 0.031481481481481485 0.01875
0 0.6351851851851852 0.5096354166666667 0.03518518518518519 0.018229166666666668
0 0.5847222222222223 0.5713541666666666 0.026851851851851852 0.016666666666666666
0 0.637962962962963 0.4 0.03333333333333333 0.01875
0 0.611574074074074 0.47421874999999997 0.028703703703703703 0.018229166666666668
0 0.41712962962962963 0.765625 0.03425925925925926 0.019791666666666666
0 0.3675925925925926 0.784375 0.040740740740740744 0.027083333333333334
0 0.4828703703703704 0.58984375 0.036111111111111115 0.0171875
0 0.5319444444444444 0.5416666666666666 0.036111111111111115 0.020833333333333332
0 0.46990740740740744 0.22760416666666666 0.03425925925925926 0.021875
0 0.3944444444444445 0.1171875 0.02962962962962963 0.020833333333333332
0 0.2777777777777778 0.17473958333333334 0.031481481481481485 0.0203125
0 0.39351851851851855 0.21822916666666667 0.03333333333333333 0.015625
0 0.3541666666666667 0.2635416666666667 0.030555555555555558 0.020833333333333332
0 0.3907407407407408 0.3296875 0.024074074074074074 0.013541666666666667
0 0.350462962962963 0.32447916666666665 0.026851851851851852 0.021875
0 0.31157407407407406 0.2973958333333333 0.019444444444444445 0.0125
0 0.39212962962962966 0.303125 0.026851851851851852 0.015625
0 0.5611111111111111 0.36875 0.02592592592592593 0.016666666666666666
0 0.5513888888888889 0.34479166666666666 0.026851851851851852 0.014583333333333334
0 0.5314814814814816 0.3520833333333333 0.03518518518518519 0.019791666666666666
0 0.5037037037037038 0.3729166666666667 0.02962962962962963 0.019791666666666666
0 0.46111111111111114 0.3924479166666667 0.02777777777777778 0.019270833333333334
0 0.4310185185185185 0.39401041666666664 0.03425925925925926 0.018229166666666668
0 0.27175925925925926 0.40625 0.03796296296296296 0.021875
0 0.3819444444444445 0.40911458333333334 0.03425925925925926 0.019270833333333334
0 0.38657407407407407 0.44088541666666664 0.028703703703703703 0.015104166666666667
0 0.350462962962963 0.42109375 0.021296296296296296 0.0140625
0 0.34675925925925927 0.45234375 0.032407407407407406 0.0203125
0 0.4986111111111111 0.48776041666666664 0.036111111111111115 0.015104166666666667
0 0.46296296296296297 0.47265625 0.03333333333333333 0.018229166666666668
0 0.4324074074074074 0.4734375 0.02592592592592593 0.014583333333333334
0 0.4666666666666667 0.5171875 0.03518518518518519 0.019791666666666666
0 0.41620370370370374 0.5674479166666666 0.030555555555555558 0.0171875
0 0.42685185185185187 0.58125 0.03518518518518519 0.01875
0 0.4064814814814815 0.5971354166666667 0.037037037037037035 0.013020833333333334
0 0.34074074074074073 0.521875 0.02592592592592593 0.01875
0 0.3087962962962963 0.4791666666666667 0.030555555555555558 0.016666666666666666
0 0.13333333333333333 0.5994791666666667 0.020370370370370372 0.015625
0 0.26342592592592595 0.5411458333333333 0.03981481481481482 0.01875
0 0.3060185185185185 0.5986979166666666 0.03981481481481482 0.022395833333333334
0 0.27222222222222225 0.6 0.03333333333333333 0.021875
0 0.04583333333333334 0.6111979166666667 0.028703703703703703 0.01614583333333333
0 0.22546296296296298 0.6388020833333333 0.04351851851851852 0.025520833333333333
0 0.2189814814814815 0.5911458333333334 0.032407407407407406 0.014583333333333334
0 0.19722222222222224 0.5875 0.022222222222222223 0.016666666666666666
0 0.15694444444444444 0.5989583333333334 0.030555555555555558 0.019791666666666666
0 0.13240740740740742 0.6286458333333333 0.02777777777777778 0.015625
0 0.03981481481481482 0.6416666666666666 0.03333333333333333 0.020833333333333332
0 0.046759259259259264 0.6114583333333333 0.032407407407407406 0.016666666666666666
0 0.04398148148148148 0.5065104166666666 0.030555555555555558 0.011979166666666666
0 0.007870370370370371 0.5463541666666667 0.012037037037037037 0.014583333333333334
0 0.007870370370370371 0.47682291666666665 0.012037037037037037 0.013020833333333334
0 0.03333333333333333 0.34401041666666665 0.040740740740740744 0.0234375
0 0.03287037037037037 0.34375 0.04166666666666667 0.022916666666666665
0 0.03333333333333333 0.34401041666666665 0.040740740740740744 0.0234375
0 0.03287037037037037 0.34375 0.04166666666666667 0.022916666666666665
0 0.3199074074074074 0.38828125 0.04351851851851852 0.019270833333333334
