0 0.9810185185185185 0.7122395833333334 0.032407407407407406 0.021354166666666667
0 0.9291666666666667 0.66328125 0.032407407407407406 0.0171875
0 0.8949074074074075 0.6604166666666667 0.032407407407407406 0.017708333333333333
0 0.9365740740740741 0.7604166666666666 0.026851851851851852 0.020833333333333332
0 0.8083333333333333 0.8111979166666666 0.04259259259259259 0.024479166666666666
0 0.9083333333333333 0.6127604166666667 0.020370370370370372 0.0171875
0 0.7226851851851852 0.5658854166666667 0.030555555555555558 0.0171875
0 0.788888888888889 0.52734375 0.031481481481481485 0.01614583333333333
0 0.7314814814814815 0.5104166666666666 0.022222222222222223 0.011458333333333333
0 0.7351851851851852 0.45598958333333334 0.02592592592592593 0.015104166666666667
0 0.7157407407407408 0.43463541666666666 0.037037037037037035 0.021354166666666667
0 0.9458333333333334 0.49453125 0.017592592592592594 0.009895833333333333
0 0.8347222222222223 0.40703125 0.036111111111111115 0.0171875
0 0.8199074074074074 0.3872395833333333 0.025 0.013020833333333334
0 0.8430555555555556 0.33151041666666664 0.03425925925925926 0.019270833333333334
0 0.7199074074074074 0.28151041666666665 0.026851851851851852 0.0171875
0 0.8208333333333334 0.28020833333333334 0.026851851851851852 0.01875
0 0.813425925925926 0.2635416666666667 0.026851851851851852 0.014583333333333334
0 0.7435185185185186 0.2520833333333333 0.018518518518518517 0.013541666666666667
0 0.7606481481481482 0.24036458333333333 0.02314814814814815 0.0140625
0 0.7384259259259259 0.22838541666666667 0.02314814814814815 0.009895833333333333
0 0.7199074074074074 0.21953124999999998 0.019444444444444445 0.018229166666666668
0 0.7226851851851852 0.171875 0.032407407407407406 0.020833333333333332
0 0.8314814814814815 0.7317708333333334 0.03888888888888889 0.026041666666666668
0 0.7236111111111111 0.84453125 0.03796296296296296 0.025520833333333333
0 0.6805555555555556 0.8984375 0.02777777777777778 0.025
0 0.6675925925925926 0.9166666666666666 0.031481481481481485 0.022916666666666665
0 0.7027777777777778 0.91796875 0.044444444444444446 0.018229166666666668
0 0.6773148148148148 0.7609375 0.030555555555555558 0.019791666666666666
0 0.7481481481481482 0.6591145833333333 0.037037037037037035 0.022395833333333334
0 0.7351851851851852 0.6322916666666667 0.031481481481481485 0.019791666666666666
0 0.6671296296296296 0.7200520833333334 0.028703703703703703 0.021354166666666667
0 0.6240740740740741 0.7276041666666666 0.02777777777777778 0.014583333333333334
0 0.6787037037037037 0.634375 0.024074074074074074 0.017708333333333333
0 0.6773148148148148 0.6484375 0.026851851851851852 0.010416666666666666
0 0.5393518518518519 0.7958333333333333 0.019444444444444445 0.025
0 0.5171296296296296 0.7393229166666666 0.036111111111111115 0.024479166666666666
0 0.5953703703703704 0.7106770833333333 0.018518518518518517 0.0140625
0 0.7180555555555556 0.39869791666666665 0.03425925925925926 0.018229166666666668
0 0.6486111111111111 0.5088541666666666 0.036111111111111115 0.01875
0 0.600462962962963 0.5708333333333333 0.026851851851851852 0.016666666666666666
0 0.6518518518518519 0.3984375 0.03518518518518519 0.019791666666666666
0 0.6245370370370371 0.4731770833333333 0.028703703703703703 0.018229166666666668
0 0.43472222222222223 0.76484375 0.032407407407407406 0.0203125
0 0.3851851851851852 0.7841145833333333 0.037037037037037035 0.021354166666666667
0 0.49768518518518523 0.5890625 0.036111111111111115 0.016666666666666666
0 0.5453703703703704 0.5411458333333333 0.037037037037037035 0.020833333333333332
0 0.4842592592592593 0.22604166666666667 0.03333333333333333 0.021875
0 0.4078703703703704 0.11536458333333333 0.026851851851851852 0.022395833333333334
0 0.2902777777777778 0.17369791666666667 0.030555555555555558 0.0203125
0 0.4064814814814815 0.21692708333333333 0.03333333333333333 0.015104166666666667
0 0.3662037037037037 0.2635416666666667 0.028703703703703703 0.019791666666666666
0 0.4041666666666667 0.32890625 0.025 0.013020833333333334
0 0.362962962962963 0.32395833333333335 0.02592592592592593 0.022916666666666665
0 0.3226851851851852 0.29609375 0.019444444444444445 0.011979166666666666
0 0.4046296296296297 0.30182291666666666 0.024074074074074074 0.01614583333333333
0 0.5745370370370371 0.3677083333333333 0.026851851851851852 0.016666666666666666
0 0.5652777777777778 0.34375 0.026851851851851852 0.014583333333333334
0 0.5449074074074074 0.35078125 0.03425925925925926 0.019270833333333334
0 0.5175925925925926 0.37213541666666666 0.02962962962962963 0.019270833333333334
0 0.47361111111111115 0.39140625 0.028703703703703703 0.019270833333333334
0 0.44537037037037036 0.39296875 0.03333333333333333 0.018229166666666668
0 0.28750000000000003 0.40546875 0.036111111111111115 0.022395833333333334
0 0.3962962962962963 0.40859375 0.03518518518518519 0.0203125
0 0.4 0.4388020833333333 0.02962962962962963 0.01614583333333333
0 0.3648148148148148 0.4203125 0.022222222222222223 0.014583333333333334
0 0.3611111111111111 0.4513020833333333 0.03333333333333333 0.0203125
0 0.5120370370370371 0.48671875 0.03518518518518519 0.015104166666666667
0 0.47685185185185186 0.47213541666666664 0.03333333333333333 0.019270833333333334
0 0.44537037037037036 0.47265625 0.02777777777777778 0.015104166666666667
0 0.4810185185185185 0.5169270833333334 0.03425925925925926 0.0203125
0 0.4314814814814815 0.5671875 0.031481481481481485 0.016666666666666666
0 0.4425925925925926 0.58125 0.03518518518518519 0.01875
0 0.4217592592592593 0.5963541666666666 0.036111111111111115 0.013541666666666667
0 0.3541666666666667 0.5208333333333334 0.026851851851851852 0.01875
0 0.32083333333333336 0.4786458333333333 0.030555555555555558 0.016666666666666666
0 0.27685185185185185 0.53984375 0.040740740740740744 0.018229166666666668
0 0.3231481481481482 0.5979166666666667 0.03888888888888889 0.021875
0 0.2884259259259259 0.5989583333333334 0.032407407407407406 0.021875
0 0.24212962962962964 0.6385416666666667 0.04351851851851852 0.025
0 0.23472222222222222 0.5908854166666666 0.03425925925925926 0.0140625
0 0.2101851851851852 0.58671875 0.022222222222222223 0.0171875
0 0.17175925925925928 0.5984375 0.030555555555555558 0.019791666666666666
0 0.1462962962962963 0.5979166666666667 0.02592592592592593 0.013541666666666667
0 0.1449074074074074 0.628125 0.026851851851851852 0.015625
0 0.05462962962962963 0.6411458333333333 0.03333333333333333 0.020833333333333332
0 0.01388888888888889 0.7713541666666667 0.024074074074074074 0.011458333333333333
0 0.058333333333333334 0.6109375 0.031481481481481485 0.016666666666666666
0 0.05462962962962963 0.5059895833333333 0.031481481481481485 0.011979166666666666
0 0.013425925925925926 0.54765625 0.02314814814814815 0.015104166666666667
0 0.011574074074074075 0.4752604166666667 0.019444444444444445 0.0140625
0 0.012037037037037037 0.4786458333333333 0.020370370370370372 0.019791666666666666
0 0.04583333333333334 0.34322916666666664 0.04166666666666667 0.022916666666666665
0 0.0462962962962963 0.34270833333333334 0.04259259259259259 0.02395833333333333
0 0.010648148148148148 0.5473958333333333 0.017592592592592594 0.014583333333333334
0 0.3351851851851852 0.3872395833333333 0.04259259259259259 0.019270833333333334
