0 0.014814814814814815 0.7111979166666667 0.02777777777777778 0.021354166666666667
0 0.06574074074074074 0.6619791666666667 0.031481481481481485 0.017708333333333333
0 0.09953703703703703 0.659375 0.032407407407407406 0.017708333333333333
0 0.05694444444444444 0.7596354166666667 0.026851851851851852 0.021354166666666667
0 0.18425925925925926 0.8106770833333333 0.04259259259259259 0.024479166666666666
0 0.2726851851851852 0.5653645833333333 0.030555555555555558 0.0171875
0 0.20740740740740743 0.5270833333333333 0.031481481481481485 0.017708333333333333
0 0.26435185185185184 0.509375 0.021296296296296296 0.011458333333333333
0 0.25925925925925924 0.4557291666666667 0.02592592592592593 0.014583333333333334
0 0.2791666666666667 0.43359375 0.03796296296296296 0.021354166666666667
0 0.04814814814814815 0.49296875 0.018518518518518517 0.009895833333333333
0 0.15972222222222224 0.40598958333333335 0.036111111111111115 0.0171875
0 0.17453703703703705 0.38619791666666664 0.025 0.013020833333333334
0 0.15231481481481482 0.33046875 0.03425925925925926 0.019270833333333334
0 0.2763888888888889 0.2799479166666667 0.026851851851851852 0.0171875
0 0.17453703703703705 0.2791666666666667 0.026851851851851852 0.01875
0 0.1824074074074074 0.26171875 0.02777777777777778 0.0140625
0 0.2513888888888889 0.2505208333333333 0.019444444444444445 0.013541666666666667
0 0.23564814814814816 0.23880208333333333 0.02314814814814815 0.0140625
0 0.25787037037037036 0.22734374999999998 0.02314814814814815 0.009895833333333333
0 0.27546296296296297 0.21796875 0.019444444444444445 0.018229166666666668
0 0.27222222222222225 0.1703125 0.031481481481481485 0.020833333333333332
0 0.16203703703703703 0.7309895833333333 0.03888888888888889 0.025520833333333333
0 0.26851851851851855 0.84375 0.037037037037037035 0.026041666666666668
0 0.31203703703703706 0.8976562499999999 0.02777777777777778 0.024479166666666666
0 0.325 0.9161458333333333 0.03333333333333333 0.021875
0 0.29120370370370374 0.9171874999999999 0.04351851851851852 0.01875
0 0.31666666666666665 0.76015625 0.02962962962962963 0.0203125
0 0.24583333333333335 0.65859375 0.03796296296296296 0.022395833333333334
0 0.25787037037037036 0.6317708333333333 0.032407407407407406 0.019791666666666666
0 0.32731481481481484 0.7192708333333333 0.028703703703703703 0.020833333333333332
0 0.3703703703703704 0.7270833333333333 0.02777777777777778 0.014583333333333334
0 0.31574074074074077 0.6341145833333334 0.02592592592592593 0.018229166666666668
0 0.31851851851851853 0.64765625 0.02592592592592593 0.009895833333333333
0 0.45416666666666666 0.7953125 0.019444444444444445 0.025
0 0.47685185185185186 0.7385416666666667 0.037037037037037035 0.025
0 0.3990740740740741 0.7104166666666667 0.018518518518518517 0.014583333333333334
0 0.27685185185185185 0.39765625 0.03518518518518519 0.018229166666666668
0 0.3472222222222222 0.5080729166666667 0.03518518518518519 0.018229166666666668
0 0.39490740740740743 0.5700520833333333 0.028703703703703703 0.0171875
0 0.34305555555555556 0.39765625 0.03425925925925926 0.019270833333333334
0 0.3712962962962963 0.47239583333333335 0.02962962962962963 0.01875
0 0.5592592592592592 0.7643229166666666 0.03333333333333333 0.0203125
0 0.6152777777777778 0.7833333333333333 0.036111111111111115 0.020833333333333332
0 0.49722222222222223 0.5885416666666666 0.037037037037037035 0.016666666666666666
0 0.44907407407407407 0.540625 0.037037037037037035 0.020833333333333332
0 0.5120370370370371 0.225 0.03333333333333333 0.021875
0 0.5898148148148148 0.11354166666666667 0.031481481481481485 0.021875
0 0.7060185185185186 0.17239583333333333 0.030555555555555558 0.020833333333333332
0 0.5907407407407408 0.21562499999999998 0.03333333333333333 0.015625
0 0.6305555555555555 0.26171875 0.031481481481481485 0.0203125
0 0.5921296296296297 0.32916666666666666 0.025 0.0125
0 0.6337962962962963 0.32265625 0.026851851851851852 0.021354166666666667
0 0.6759259259259259 0.2955729166666667 0.020370370370370372 0.011979166666666666
0 0.5921296296296297 0.30078125 0.02314814814814815 0.0171875
0 0.4217592592592593 0.3671875 0.026851851851851852 0.016666666666666666
0 0.4300925925925926 0.34348958333333335 0.026851851851851852 0.015104166666666667
0 0.45092592592592595 0.35 0.03518518518518519 0.019791666666666666
0 0.4777777777777778 0.37109375 0.02962962962962963 0.019270833333333334
0 0.5217592592592593 0.3911458333333333 0.028703703703703703 0.019791666666666666
0 0.5504629629629629 0.3921875 0.03425925925925926 0.01875
0 0.7078703703703704 0.4046875 0.036111111111111115 0.021875
0 0.5995370370370371 0.4080729166666667 0.03425925925925926 0.0203125
0 0.5962962962962963 0.4393229166666667 0.02962962962962963 0.015104166666666667
0 0.6300925925925926 0.4197916666666667 0.021296296296296296 0.014583333333333334
0 0.6351851851851852 0.4510416666666667 0.03333333333333333 0.019791666666666666
0 0.4842592592592593 0.48671875 0.03518518518518519 0.01614583333333333
0 0.5194444444444445 0.4713541666666667 0.03333333333333333 0.01875
0 0.5509259259259259 0.47239583333333335 0.02777777777777778 0.015625
0 0.5148148148148148 0.51640625 0.03518518518518519 0.0203125
0 0.5638888888888889 0.5669270833333333 0.031481481481481485 0.0171875
0 0.5523148148148148 0.58046875 0.03425925925925926 0.018229166666666668
0 0.5731481481481482 0.5958333333333333 0.037037037037037035 0.013541666666666667
0 0.6407407407407407 0.5208333333333334 0.02777777777777778 0.01875
0 0.675462962962963 0.4783854166666667 0.030555555555555558 0.01614583333333333
0 0.7185185185185186 0.5393229166666667 0.040740740740740744 0.018229166666666668
0 0.6717592592592593 0.5971354166666667 0.03981481481481482 0.022395833333333334
0 0.7050925925925926 0.5989583333333334 0.032407407407407406 0.021875
0 0.7523148148148149 0.6377604166666666 0.04351851851851852 0.025520833333333333
0 0.7615740740740741 0.590625 0.03425925925925926 0.014583333333333334
0 0.7851851851851852 0.5861979166666667 0.022222222222222223 0.0171875
0 0.7953703703703704 0.6328125 0.016666666666666666 0.011458333333333333
0 0.8240740740740741 0.5981770833333333 0.03333333333333333 0.019270833333333334
0 0.850462962962963 0.5979166666666667 0.025 0.011458333333333333
0 0.850925925925926 0.628125 0.02592592592592593 0.015625
0 0.9416666666666667 0.6411458333333333 0.037037037037037035 0.019791666666666666
0 0.9837962962962963 0.7716145833333333 0.028703703703703703 0.0109375
0 0.9861111111111112 0.76171875 0.02777777777777778 0.013020833333333334
0 0.9370370370370371 0.6109375 0.031481481481481485 0.016666666666666666
0 0.9412037037037038 0.50546875 0.030555555555555558 0.011979166666666666
0 0.9856481481481482 0.5481770833333334 0.028703703703703703 0.015104166666666667
0 0.987037037037037 0.5114583333333333 0.02592592592592593 0.017708333333333333
0 0.987962962962963 0.47604166666666664 0.024074074074074074 0.014583333333333334
0 0.9495370370370371 0.34270833333333334 0.04166666666666667 0.022916666666666665
0 0.9500000000000001 0.3421875 0.04259259259259259 0.022916666666666665
0 0.9888888888888889 0.546875 0.022222222222222223 0.014583333333333334
0 0.6601851851851852 0.38619791666666664 0.04259259259259259 0.018229166666666668
