0 0.9902777777777778 0.7106770833333333 0.019444444444444445 0.022395833333333334
0 0.9416666666666667 0.6614583333333334 0.031481481481481485 0.017708333333333333
0 0.9074074074074074 0.6588541666666666 0.031481481481481485 0.017708333333333333
0 0.9537037037037037 0.7588541666666666 0.02592592592592593 0.020833333333333332
0 0.825462962962963 0.81015625 0.04351851851851852 0.024479166666666666
0 0.7356481481481482 0.5645833333333333 0.030555555555555558 0.016666666666666666
0 0.7986111111111112 0.52578125 0.030555555555555558 0.019270833333333334
0 0.7439814814814815 0.5088541666666666 0.021296296296296296 0.011458333333333333
0 0.7495370370370371 0.4544270833333333 0.025 0.015104166666666667
0 0.7296296296296296 0.43255208333333334 0.037037037037037035 0.021354166666666667
0 0.962037037037037 0.4921875 0.018518518518518517 0.009375
0 0.8481481481481482 0.4049479166666667 0.03518518518518519 0.0171875
0 0.8333333333333334 0.3848958333333333 0.024074074074074074 0.0125
0 0.8564814814814815 0.32916666666666666 0.03333333333333333 0.019791666666666666
0 0.7314814814814815 0.2791666666666667 0.02777777777777778 0.017708333333333333
0 0.8324074074074075 0.27760416666666665 0.02777777777777778 0.01875
0 0.825462962962963 0.2609375 0.026851851851851852 0.014583333333333334
0 0.7555555555555555 0.2484375 0.018518518518518517 0.014583333333333334
0 0.7717592592592593 0.2375 0.02314814814814815 0.014583333333333334
0 0.75 0.22630208333333332 0.022222222222222223 0.009895833333333333
0 0.7324074074074074 0.21640625 0.018518518518518517 0.018229166666666668
0 0.7342592592592593 0.16927083333333334 0.031481481481481485 0.020833333333333332
0 0.85 0.7299479166666667 0.03888888888888889 0.025520833333333333
0 0.7416666666666667 0.8429687499999999 0.03888888888888889 0.025520833333333333
0 0.6981481481481482 0.8973958333333333 0.02962962962962963 0.025
0 0.6861111111111111 0.9153645833333334 0.03333333333333333 0.021354166666666667
0 0.7189814814814816 0.9169270833333333 0.04166666666666667 0.018229166666666668
0 0.6921296296296297 0.759375 0.030555555555555558 0.019791666666666666
0 0.7597222222222223 0.6578125 0.030555555555555558 0.022916666666666665
0 0.7495370370370371 0.6307291666666667 0.032407407407407406 0.019791666666666666
0 0.6810185185185186 0.71875 0.028703703703703703 0.021875
0 0.637962962962963 0.7263020833333333 0.02777777777777778 0.015104166666666667
0 0.6921296296296297 0.6333333333333333 0.026851851851851852 0.017708333333333333
0 0.6898148148148149 0.6473958333333333 0.02592592592592593 0.010416666666666666
0 0.5555555555555556 0.7953125 0.020370370370370372 0.02395833333333333
0 0.5319444444444444 0.7377604166666667 0.036111111111111115 0.024479166666666666
0 0.6083333333333334 0.7098958333333333 0.020370370370370372 0.014583333333333334
0 0.7310185185185185 0.396875 0.03425925925925926 0.017708333333333333
0 0.6611111111111111 0.5075520833333333 0.03518518518518519 0.018229166666666668
0 0.6138888888888889 0.5692708333333333 0.02777777777777778 0.017708333333333333
0 0.6643518518518519 0.3966145833333333 0.03425925925925926 0.019270833333333334
0 0.6365740740740741 0.47161458333333334 0.028703703703703703 0.018229166666666668
0 0.45046296296296295 0.7638020833333333 0.032407407407407406 0.019270833333333334
0 0.3925925925925926 0.7828125 0.03518518518518519 0.021875
0 0.5115740740740741 0.5877604166666667 0.036111111111111115 0.0171875
0 0.5592592592592592 0.5395833333333333 0.037037037037037035 0.020833333333333332
0 0.4949074074074074 0.22369791666666666 0.03425925925925926 0.022395833333333334
0 0.41712962962962963 0.11223958333333334 0.030555555555555558 0.021354166666666667
0 0.300462962962963 0.171875 0.030555555555555558 0.020833333333333332
0 0.41620370370370374 0.21432291666666667 0.032407407407407406 0.01614583333333333
0 0.375462962962963 0.26119791666666664 0.030555555555555558 0.018229166666666668
0 0.41435185185185186 0.328125 0.025 0.0125
0 0.3726851851851852 0.321875 0.026851851851851852 0.020833333333333332
0 0.3300925925925926 0.2942708333333333 0.019444444444444445 0.0125
0 0.4101851851851852 0.29921875 0.022222222222222223 0.018229166666666668
0 0.3578703703703704 0.309375 0.021296296296296296 0.014583333333333334
0 0.5856481481481481 0.3658854166666667 0.026851851851851852 0.01614583333333333
0 0.5768518518518518 0.3421875 0.02777777777777778 0.014583333333333334
0 0.5564814814814815 0.3489583333333333 0.03518518518518519 0.019791666666666666
0 0.5296296296296297 0.37005208333333334 0.02962962962962963 0.019270833333333334
0 0.48564814814814816 0.390625 0.028703703703703703 0.019791666666666666
0 0.4569444444444445 0.3911458333333333 0.03425925925925926 0.01875
0 0.3013888888888889 0.4041666666666667 0.036111111111111115 0.022916666666666665
0 0.4083333333333333 0.4075520833333333 0.03518518518518519 0.0203125
0 0.41111111111111115 0.43906249999999997 0.02777777777777778 0.014583333333333334
0 0.37777777777777777 0.41901041666666666 0.022222222222222223 0.015104166666666667
0 0.37222222222222223 0.4505208333333333 0.03333333333333333 0.019791666666666666
0 0.5231481481481481 0.4869791666666667 0.03333333333333333 0.016666666666666666
0 0.48842592592592593 0.4708333333333333 0.03425925925925926 0.01875
0 0.45601851851851855 0.4713541666666667 0.026851851851851852 0.014583333333333334
0 0.4939814814814815 0.515625 0.03425925925925926 0.019791666666666666
0 0.44537037037037036 0.5661458333333333 0.031481481481481485 0.016666666666666666
0 0.4564814814814815 0.5796875 0.03518518518518519 0.01875
0 0.4351851851851852 0.5953125 0.037037037037037035 0.013541666666666667
0 0.36712962962962964 0.5200520833333333 0.026851851851851852 0.018229166666666668
0 0.33101851851851855 0.47812499999999997 0.030555555555555558 0.016666666666666666
0 0.28935185185185186 0.5388020833333333 0.03981481481481482 0.018229166666666668
0 0.33796296296296297 0.596875 0.03888888888888889 0.021875
0 0.3037037037037037 0.5979166666666667 0.031481481481481485 0.021875
0 0.25833333333333336 0.6375 0.04259259259259259 0.026041666666666668
0 0.2476851851851852 0.5901041666666667 0.03425925925925926 0.014583333333333334
0 0.22314814814814815 0.5861979166666667 0.020370370370370372 0.0171875
0 0.21203703703703705 0.6322916666666667 0.018518518518518517 0.011458333333333333
0 0.18287037037037038 0.59921875 0.028703703703703703 0.0140625
0 0.1574074074074074 0.59765625 0.02592592592592593 0.011979166666666666
0 0.1550925925925926 0.62734375 0.026851851851851852 0.015104166666666667
0 0.06481481481481481 0.6408854166666667 0.03333333333333333 0.019270833333333334
0 0.02361111111111111 0.7708333333333334 0.028703703703703703 0.010416666666666666
0 0.018055555555555557 0.7614583333333333 0.032407407407407406 0.0125
0 0.0699074074074074 0.61015625 0.030555555555555558 0.01614583333333333
0 0.06620370370370371 0.50546875 0.028703703703703703 0.011979166666666666
0 0.020833333333333336 0.546875 0.028703703703703703 0.014583333333333334
0 0.017592592592592594 0.5119791666666667 0.031481481481481485 0.015625
0 0.017592592592592594 0.47552083333333334 0.02777777777777778 0.015625
0 0.05648148148148149 0.34140625 0.04259259259259259 0.0234375
0 0.018518518518518517 0.5466145833333333 0.022222222222222223 0.015104166666666667
0 0.34861111111111115 0.38567708333333334 0.04166666666666667 0.0171875
