0 0.011111111111111112 0.7104166666666667 0.020370370370370372 0.021875
0 0.06018518518518519 0.6614583333333334 0.031481481481481485 0.017708333333333333
0 0.09444444444444444 0.6588541666666666 0.031481481481481485 0.017708333333333333
0 0.04814814814814815 0.7588541666666666 0.02592592592592593 0.020833333333333332
0 0.1763888888888889 0.81015625 0.04351851851851852 0.024479166666666666
0 0.2662037037037037 0.5645833333333333 0.030555555555555558 0.016666666666666666
0 0.20324074074074075 0.52578125 0.030555555555555558 0.019270833333333334
0 0.25787037037037036 0.5088541666666666 0.021296296296296296 0.011458333333333333
0 0.2523148148148148 0.4544270833333333 0.025 0.015104166666666667
0 0.27222222222222225 0.43255208333333334 0.037037037037037035 0.021354166666666667
0 0.03981481481481482 0.4921875 0.018518518518518517 0.009375
0 0.1537037037037037 0.4049479166666667 0.03518518518518519 0.0171875
0 0.1685185185185185 0.3848958333333333 0.024074074074074074 0.0125
0 0.14537037037037037 0.32916666666666666 0.03333333333333333 0.019791666666666666
0 0.27037037037037037 0.2791666666666667 0.02777777777777778 0.017708333333333333
0 0.16944444444444445 0.27760416666666665 0.02777777777777778 0.01875
0 0.1763888888888889 0.2609375 0.026851851851851852 0.014583333333333334
0 0.24629629629629632 0.2484375 0.018518518518518517 0.014583333333333334
0 0.2300925925925926 0.2375 0.02314814814814815 0.014583333333333334
0 0.2518518518518519 0.22630208333333332 0.022222222222222223 0.009895833333333333
0 0.26944444444444443 0.21640625 0.018518518518518517 0.018229166666666668
0 0.2675925925925926 0.16927083333333334 0.031481481481481485 0.020833333333333332
0 0.15185185185185185 0.7299479166666667 0.03888888888888889 0.025520833333333333
0 0.2601851851851852 0.8429687499999999 0.03888888888888889 0.025520833333333333
0 0.3037037037037037 0.8973958333333333 0.02962962962962963 0.025
0 0.31574074074074077 0.9153645833333334 0.03333333333333333 0.021354166666666667
0 0.2828703703703704 0.9169270833333333 0.04166666666666667 0.018229166666666668
0 0.30972222222222223 0.759375 0.030555555555555558 0.019791666666666666
0 0.24212962962962964 0.6578125 0.030555555555555558 0.022916666666666665
0 0.2523148148148148 0.6307291666666667 0.032407407407407406 0.019791666666666666
0 0.32083333333333336 0.71875 0.028703703703703703 0.021875
0 0.36388888888888893 0.7263020833333333 0.02777777777777778 0.015104166666666667
0 0.30972222222222223 0.6333333333333333 0.026851851851851852 0.017708333333333333
0 0.31203703703703706 0.6473958333333333 0.02592592592592593 0.010416666666666666
0 0.4462962962962963 0.7953125 0.020370370370370372 0.02395833333333333
0 0.46990740740740744 0.7377604166666667 0.036111111111111115 0.024479166666666666
0 0.39351851851851855 0.7098958333333333 0.020370370370370372 0.014583333333333334
0 0.27083333333333337 0.396875 0.03425925925925926 0.017708333333333333
0 0.34074074074074073 0.5075520833333333 0.03518518518518519 0.018229166666666668
0 0.38796296296296295 0.5692708333333333 0.02777777777777778 0.017708333333333333
0 0.3375 0.3966145833333333 0.03425925925925926 0.019270833333333334
0 0.3652777777777778 0.47161458333333334 0.028703703703703703 0.018229166666666668
0 0.5513888888888889 0.7638020833333333 0.032407407407407406 0.019270833333333334
0 0.6092592592592593 0.7828125 0.03518518518518519 0.021875
0 0.4902777777777778 0.5877604166666667 0.036111111111111115 0.0171875
0 0.4425925925925926 0.5395833333333333 0.037037037037037035 0.020833333333333332
0 0.5069444444444444 0.22369791666666666 0.03425925925925926 0.022395833333333334
0 0.5847222222222223 0.11223958333333334 0.030555555555555558 0.021354166666666667
0 0.701388888888889 0.171875 0.030555555555555558 0.020833333333333332
0 0.5856481481481481 0.21432291666666667 0.032407407407407406 0.01614583333333333
0 0.6263888888888889 0.26119791666666664 0.030555555555555558 0.018229166666666668
0 0.5875 0.328125 0.025 0.0125
0 0.6291666666666667 0.321875 0.026851851851851852 0.020833333333333332
0 0.6717592592592593 0.2942708333333333 0.019444444444444445 0.0125
0 0.5916666666666667 0.29921875 0.022222222222222223 0.018229166666666668
0 0.6439814814814815 0.309375 0.021296296296296296 0.014583333333333334
0 0.41620370370370374 0.3658854166666667 0.026851851851851852 0.01614583333333333
0 0.425 0.3421875 0.02777777777777778 0.014583333333333334
0 0.44537037037037036 0.3489583333333333 0.03518518518518519 0.019791666666666666
0 0.47222222222222227 0.37005208333333334 0.02962962962962963 0.019270833333333334
0 0.5162037037037037 0.390625 0.028703703703703703 0.019791666666666666
0 0.5449074074074074 0.3911458333333333 0.03425925925925926 0.01875
0 0.700462962962963 0.4041666666666667 0.036111111111111115 0.022916666666666665
0 0.5935185185185186 0.4075520833333333 0.03518518518518519 0.0203125
0 0.5907407407407408 0.43906249999999997 0.02777777777777778 0.014583333333333334
0 0.6240740740740741 0.41901041666666666 0.022222222222222223 0.015104166666666667
0 0.6296296296296297 0.4505208333333333 0.03333333333333333 0.019791666666666666
0 0.47870370370370374 0.4869791666666667 0.03333333333333333 0.016666666666666666
0 0.513425925925926 0.4708333333333333 0.03425925925925926 0.01875
0 0.5458333333333334 0.4713541666666667 0.026851851851851852 0.014583333333333334
0 0.5078703703703704 0.515625 0.03425925925925926 0.019791666666666666
0 0.5564814814814815 0.5661458333333333 0.031481481481481485 0.016666666666666666
0 0.5453703703703704 0.5796875 0.03518518518518519 0.01875
0 0.5666666666666667 0.5953125 0.037037037037037035 0.013541666666666667
0 0.6347222222222223 0.5200520833333333 0.026851851851851852 0.018229166666666668
0 0.6708333333333334 0.47812499999999997 0.030555555555555558 0.016666666666666666
0 0.7125 0.5388020833333333 0.03981481481481482 0.018229166666666668
0 0.6638888888888889 0.596875 0.03888888888888889 0.021875
0 0.6981481481481482 0.5979166666666667 0.031481481481481485 0.021875
0 0.7435185185185186 0.6375 0.04259259259259259 0.026041666666666668
0 0.7541666666666667 0.5901041666666667 0.03425925925925926 0.014583333333333334
0 0.7787037037037038 0.5861979166666667 0.020370370370370372 0.0171875
0 0.7898148148148149 0.6322916666666667 0.018518518518518517 0.011458333333333333
0 0.8189814814814815 0.59921875 0.028703703703703703 0.0140625
0 0.8444444444444444 0.59765625 0.02592592592592593 0.011979166666666666
0 0.8467592592592593 0.62734375 0.026851851851851852 0.015104166666666667
0 0.9370370370370371 0.6408854166666667 0.03333333333333333 0.019270833333333334
0 0.9782407407407407 0.7708333333333334 0.028703703703703703 0.010416666666666666
0 0.9837962962962963 0.7614583333333333 0.032407407407407406 0.0125
0 0.9319444444444445 0.61015625 0.030555555555555558 0.01614583333333333
0 0.9356481481481482 0.50546875 0.028703703703703703 0.011979166666666666
0 0.9810185185185185 0.546875 0.028703703703703703 0.014583333333333334
0 0.9842592592592593 0.5119791666666667 0.031481481481481485 0.015625
0 0.9842592592592593 0.47552083333333334 0.02777777777777778 0.015625
0 0.9453703703703704 0.34140625 0.04259259259259259 0.0234375
0 0.9833333333333334 0.5466145833333333 0.022222222222222223 0.015104166666666667
0 0.6532407407407408 0.38567708333333334 0.04166666666666667 0.0171875
