0 0.05277777777777778 0.6606770833333333 0.03333333333333333 0.0171875
0 0.08703703703703704 0.6583333333333333 0.031481481481481485 0.017708333333333333
0 0.03981481481481482 0.7580729166666667 0.02777777777777778 0.0203125
0 0.16898148148148148 0.8091145833333333 0.04537037037037037 0.025520833333333333
0 0.25972222222222224 0.5640625 0.030555555555555558 0.016666666666666666
0 0.19675925925925927 0.525 0.030555555555555558 0.017708333333333333
0 0.2513888888888889 0.5078125 0.019444444444444445 0.011458333333333333
0 0.24537037037037038 0.45338541666666665 0.02592592592592593 0.015104166666666667
0 0.26481481481481484 0.43124999999999997 0.037037037037037035 0.021875
0 0.03194444444444445 0.49114583333333334 0.017592592592592594 0.009375
0 0.14675925925925926 0.40390624999999997 0.036111111111111115 0.0171875
0 0.16111111111111112 0.38385416666666666 0.024074074074074074 0.0125
0 0.13842592592592592 0.32838541666666665 0.03425925925925926 0.019270833333333334
0 0.26435185185185184 0.278125 0.026851851851851852 0.017708333333333333
0 0.1638888888888889 0.27630208333333334 0.02777777777777778 0.019270833333333334
0 0.17037037037037037 0.2596354166666667 0.02777777777777778 0.0140625
0 0.24027777777777778 0.24791666666666667 0.019444444444444445 0.014583333333333334
0 0.22361111111111112 0.23697916666666666 0.02314814814814815 0.014583333333333334
0 0.2449074074074074 0.225 0.02314814814814815 0.009375
0 0.2625 0.21536458333333333 0.019444444444444445 0.018229166666666668
0 0.26157407407407407 0.16796875 0.030555555555555558 0.021354166666666667
0 0.1425925925925926 0.7299479166666667 0.03888888888888889 0.025520833333333333
0 0.2523148148148148 0.8427083333333333 0.03796296296296296 0.025
0 0.29444444444444445 0.896875 0.02962962962962963 0.025
0 0.30694444444444446 0.9145833333333333 0.03425925925925926 0.021875
0 0.274537037037037 0.9161458333333333 0.03981481481481482 0.017708333333333333
0 0.3027777777777778 0.7591145833333334 0.02962962962962963 0.0203125
0 0.23472222222222222 0.6567708333333333 0.030555555555555558 0.022916666666666665
0 0.24444444444444446 0.6307291666666667 0.031481481481481485 0.019791666666666666
0 0.3138888888888889 0.7184895833333333 0.02777777777777778 0.021354166666666667
0 0.35694444444444445 0.7263020833333333 0.028703703703703703 0.015104166666666667
0 0.3023148148148148 0.6328125 0.028703703703703703 0.017708333333333333
0 0.3060185185185185 0.646875 0.026851851851851852 0.010416666666666666
0 0.43842592592592594 0.7950520833333333 0.021296296296296296 0.0234375
0 0.4620370370370371 0.7375 0.037037037037037035 0.02395833333333333
0 0.38657407407407407 0.7096354166666666 0.019444444444444445 0.015104166666666667
0 0.26342592592592595 0.3963541666666667 0.03425925925925926 0.017708333333333333
0 0.33472222222222225 0.50703125 0.036111111111111115 0.018229166666666668
0 0.3814814814814815 0.5684895833333333 0.02777777777777778 0.0171875
0 0.33055555555555555 0.3958333333333333 0.03518518518518519 0.019791666666666666
0 0.3601851851851852 0.47109375 0.02962962962962963 0.018229166666666668
0 0.5421296296296296 0.7638020833333333 0.032407407407407406 0.019270833333333334
0 0.6018518518518519 0.7828125 0.03518518518518519 0.020833333333333332
0 0.48333333333333334 0.5872395833333334 0.03518518518518519 0.0171875
0 0.4361111111111111 0.5390625 0.037037037037037035 0.020833333333333332
0 0.500925925925926 0.22291666666666665 0.03333333333333333 0.021875
0 0.5791666666666667 0.11067708333333333 0.032407407407407406 0.0203125
0 0.6949074074074074 0.17057291666666666 0.030555555555555558 0.0203125
0 0.5800925925925926 0.21354166666666666 0.032407407407407406 0.015625
0 0.6199074074074075 0.2609375 0.032407407407407406 0.01875
0 0.5805555555555556 0.32760416666666664 0.02592592592592593 0.0125
0 0.6217592592592592 0.32135416666666666 0.026851851851851852 0.020833333333333332
0 0.6675925925925926 0.29401041666666666 0.020370370370370372 0.011979166666666666
0 0.5847222222222223 0.29921875 0.02314814814814815 0.0171875
0 0.638425925925926 0.30703125 0.02314814814814815 0.0109375
0 0.4101851851851852 0.3653645833333333 0.02592592592592593 0.01614583333333333
0 0.4189814814814815 0.3411458333333333 0.026851851851851852 0.014583333333333334
0 0.4388888888888889 0.3484375 0.03518518518518519 0.019791666666666666
0 0.46574074074074073 0.36953125 0.02962962962962963 0.019270833333333334
0 0.5101851851851852 0.3893229166666667 0.02962962962962963 0.019270833333333334
0 0.5375 0.390625 0.03425925925925926 0.01875
0 0.6935185185185185 0.40338541666666666 0.03518518518518519 0.022395833333333334
0 0.5865740740740741 0.40651041666666665 0.03425925925925926 0.0203125
0 0.5837962962962964 0.43776041666666665 0.028703703703703703 0.015104166666666667
0 0.6166666666666667 0.41796875 0.022222222222222223 0.015104166666666667
0 0.6231481481481481 0.4497395833333333 0.03333333333333333 0.0203125
0 0.4726851851851852 0.4856770833333333 0.03425925925925926 0.015104166666666667
0 0.5074074074074074 0.46979166666666666 0.03333333333333333 0.01875
0 0.5388888888888889 0.47109375 0.02777777777777778 0.015104166666666667
0 0.5018518518518519 0.5151041666666667 0.03518518518518519 0.019791666666666666
0 0.549074074074074 0.5653645833333333 0.031481481481481485 0.0171875
0 0.5388888888888889 0.5791666666666666 0.03518518518518519 0.01875
0 0.5587962962962963 0.5950520833333334 0.036111111111111115 0.013020833333333334
0 0.6277777777777778 0.5197916666666667 0.02777777777777778 0.01875
0 0.6652777777777779 0.47734375 0.030555555555555558 0.0171875
0 0.7060185185185186 0.5385416666666667 0.03981481481481482 0.017708333333333333
0 0.6555555555555556 0.5966145833333333 0.03888888888888889 0.022395833333333334
0 0.6898148148148149 0.5979166666666667 0.03333333333333333 0.021875
0 0.7361111111111112 0.6372395833333333 0.04259259259259259 0.025520833333333333
0 0.7476851851851852 0.5895833333333333 0.036111111111111115 0.014583333333333334
0 0.7722222222222223 0.5856770833333333 0.020370370370370372 0.0171875
0 0.7828703703703704 0.63125 0.017592592592592594 0.0125
0 0.813425925925926 0.5984375 0.026851851851851852 0.014583333333333334
0 0.8384259259259259 0.5971354166666667 0.026851851851851852 0.011979166666666666
0 0.8407407407407408 0.62734375 0.02777777777777778 0.015104166666666667
0 0.9310185185185186 0.6401041666666667 0.032407407407407406 0.019791666666666666
0 0.9731481481481482 0.7708333333333334 0.02962962962962963 0.010416666666666666
0 0.9787037037037037 0.7609375 0.03333333333333333 0.013541666666666667
0 0.9263888888888889 0.6098958333333333 0.032407407407407406 0.016666666666666666
0 0.9310185185185186 0.5052083333333334 0.028703703703703703 0.0125
0 0.976388888888889 0.5473958333333333 0.026851851851851852 0.013541666666666667
0 0.9791666666666667 0.5109375 0.030555555555555558 0.015625
0 0.9773148148148149 0.4752604166666667 0.026851851851851852 0.015104166666666667
0 0.9398148148148149 0.34088541666666666 0.040740740740740744 0.0234375
0 0.9773148148148149 0.5466145833333333 0.02314814814814815 0.015104166666666667
0 0.6462962962962964 0.38515625 0.040740740740740744 0.0171875
