0 0.037037037037037035 0.6606770833333333 0.031481481481481485 0.0171875
0 0.07222222222222223 0.65859375 0.03333333333333333 0.018229166666666668
0 0.01990740740740741 0.7588541666666666 0.026851851851851852 0.020833333333333332
0 0.1513888888888889 0.809375 0.04537037037037037 0.026041666666666668
0 0.2439814814814815 0.5638020833333334 0.030555555555555558 0.0171875
0 0.1814814814814815 0.5247395833333334 0.031481481481481485 0.0171875
0 0.23333333333333334 0.5072916666666667 0.020370370370370372 0.011458333333333333
0 0.22824074074074074 0.4536458333333333 0.025 0.015625
0 0.24814814814814815 0.43072916666666666 0.037037037037037035 0.021875
0 0.01388888888888889 0.49140625 0.018518518518518517 0.009895833333333333
0 0.12962962962962962 0.40338541666666666 0.03518518518518519 0.0171875
0 0.14444444444444446 0.38359375 0.022222222222222223 0.011979166666666666
0 0.12175925925925926 0.32760416666666664 0.036111111111111115 0.019791666666666666
0 0.2476851851851852 0.27708333333333335 0.028703703703703703 0.017708333333333333
0 0.1476851851851852 0.2755208333333333 0.028703703703703703 0.01875
0 0.1537037037037037 0.25859375 0.02777777777777778 0.0140625
0 0.2240740740740741 0.24661458333333333 0.020370370370370372 0.015104166666666667
0 0.20740740740740743 0.23541666666666666 0.024074074074074074 0.014583333333333334
0 0.22870370370370371 0.22343749999999998 0.024074074074074074 0.009375
0 0.2449074074074074 0.21432291666666667 0.019444444444444445 0.018229166666666668
0 0.2449074074074074 0.16666666666666666 0.030555555555555558 0.020833333333333332
0 0.1212962962962963 0.7302083333333333 0.03888888888888889 0.026041666666666668
0 0.23240740740740742 0.8432291666666667 0.037037037037037035 0.025
0 0.275 0.8973958333333333 0.02962962962962963 0.02395833333333333
0 0.2865740740740741 0.9158854166666667 0.036111111111111115 0.022395833333333334
0 0.2537037037037037 0.9166666666666666 0.040740740740740744 0.017708333333333333
0 0.28611111111111115 0.7591145833333334 0.031481481481481485 0.0203125
0 0.21851851851851853 0.6567708333333333 0.02777777777777778 0.021875
0 0.2263888888888889 0.63046875 0.032407407407407406 0.019270833333333334
0 0.2986111111111111 0.7190104166666667 0.028703703703703703 0.021354166666666667
0 0.34074074074074073 0.7263020833333333 0.02962962962962963 0.015104166666666667
0 0.2884259259259259 0.6328125 0.030555555555555558 0.017708333333333333
0 0.29305555555555557 0.646875 0.026851851851851852 0.010416666666666666
0 0.42083333333333334 0.7958333333333333 0.02314814814814815 0.022916666666666665
0 0.4444444444444445 0.7380208333333333 0.037037037037037035 0.02395833333333333
0 0.3726851851851852 0.7104166666666667 0.021296296296296296 0.014583333333333334
0 0.24537037037037038 0.3953125 0.037037037037037035 0.016666666666666666
0 0.3189814814814815 0.5067708333333333 0.036111111111111115 0.01875
0 0.3648148148148148 0.56796875 0.02777777777777778 0.0171875
0 0.312962962962963 0.39557291666666666 0.03518518518518519 0.019270833333333334
0 0.34490740740740744 0.4705729166666667 0.030555555555555558 0.018229166666666668
0 0.5231481481481481 0.7638020833333333 0.031481481481481485 0.019270833333333334
0 0.5796296296296296 0.7838541666666666 0.040740740740740744 0.022916666666666665
0 0.46620370370370373 0.5872395833333334 0.036111111111111115 0.0171875
0 0.42083333333333334 0.5390625 0.03796296296296296 0.020833333333333332
0 0.48333333333333334 0.221875 0.03333333333333333 0.021875
0 0.5620370370370371 0.109375 0.031481481481481485 0.019791666666666666
0 0.6782407407407408 0.16901041666666666 0.030555555555555558 0.021354166666666667
0 0.5648148148148149 0.21276041666666667 0.03333333333333333 0.015104166666666667
0 0.6037037037037037 0.2604166666666667 0.031481481481481485 0.017708333333333333
0 0.5662037037037038 0.3265625 0.025 0.0125
0 0.6060185185185185 0.3203125 0.028703703703703703 0.019791666666666666
0 0.6546296296296297 0.29270833333333335 0.020370370370370372 0.0125
0 0.5726851851851852 0.2984375 0.026851851851851852 0.015625
0 0.6245370370370371 0.3078125 0.02314814814814815 0.0125
0 0.3944444444444445 0.3645833333333333 0.02592592592592593 0.016666666666666666
0 0.4027777777777778 0.3403645833333333 0.02777777777777778 0.0140625
0 0.42314814814814816 0.34765625 0.03518518518518519 0.019270833333333334
0 0.44907407407407407 0.3684895833333333 0.02962962962962963 0.019270833333333334
0 0.4939814814814815 0.3888020833333333 0.028703703703703703 0.018229166666666668
0 0.5208333333333334 0.39010416666666664 0.03425925925925926 0.01875
0 0.674537037037037 0.40260416666666665 0.036111111111111115 0.021875
0 0.5694444444444444 0.40572916666666664 0.03333333333333333 0.020833333333333332
0 0.5671296296296297 0.43723958333333335 0.028703703703703703 0.015104166666666667
0 0.5995370370370371 0.41796875 0.02314814814814815 0.015104166666666667
0 0.6055555555555556 0.44921875 0.031481481481481485 0.0203125
0 0.45787037037037037 0.48541666666666666 0.03425925925925926 0.014583333333333334
0 0.49074074074074076 0.46953125 0.03333333333333333 0.018229166666666668
0 0.5236111111111111 0.4708333333333333 0.026851851851851852 0.014583333333333334
0 0.48564814814814816 0.5145833333333333 0.03425925925925926 0.019791666666666666
0 0.5314814814814816 0.56484375 0.031481481481481485 0.0171875
0 0.5212962962962964 0.5794270833333334 0.03518518518518519 0.018229166666666668
0 0.5421296296296296 0.59453125 0.036111111111111115 0.013020833333333334
0 0.612037037037037 0.51875 0.02777777777777778 0.01875
0 0.650462962962963 0.4765625 0.030555555555555558 0.016666666666666666
0 0.6898148148148149 0.5377604166666666 0.040740740740740744 0.0171875
0 0.6370370370370371 0.5958333333333333 0.03888888888888889 0.021875
0 0.6703703703703704 0.59765625 0.031481481481481485 0.021354166666666667
0 0.7148148148148148 0.63671875 0.04259259259259259 0.024479166666666666
0 0.7314814814814815 0.5893229166666667 0.03518518518518519 0.015104166666666667
0 0.7569444444444444 0.5854166666666667 0.021296296296296296 0.016666666666666666
0 0.7671296296296296 0.6309895833333333 0.019444444444444445 0.013020833333333334
0 0.7967592592592593 0.59765625 0.026851851851851852 0.0140625
0 0.8240740740740741 0.5963541666666666 0.02777777777777778 0.0125
0 0.8273148148148148 0.6270833333333333 0.028703703703703703 0.015625
0 0.9152777777777779 0.6393229166666666 0.03425925925925926 0.019270833333333334
0 0.9587962962962964 0.7700520833333333 0.028703703703703703 0.009895833333333333
0 0.9648148148148149 0.7598958333333333 0.03518518518518519 0.013541666666666667
0 0.9111111111111111 0.609375 0.031481481481481485 0.016666666666666666
0 0.9861111111111112 0.6697916666666667 0.024074074074074074 0.022916666666666665
0 0.9162037037037037 0.5044270833333333 0.028703703703703703 0.011979166666666666
0 0.9638888888888889 0.51015625 0.031481481481481485 0.015104166666666667
0 0.9606481481481481 0.47421874999999997 0.025 0.015104166666666667
0 0.9902777777777778 0.47161458333333334 0.019444444444444445 0.01614583333333333
0 0.9231481481481482 0.34010416666666665 0.040740740740740744 0.022916666666666665
0 0.962962962962963 0.5455729166666666 0.022222222222222223 0.015104166666666667
0 0.6273148148148149 0.3846354166666667 0.04166666666666667 0.0171875
