0 0.9736111111111111 0.6611979166666666 0.032407407407407406 0.0171875
0 0.938425925925926 0.65859375 0.032407407407407406 0.018229166666666668
0 0.9893518518518519 0.76015625 0.021296296296296296 0.021354166666666667
0 0.8601851851851852 0.8096354166666666 0.044444444444444446 0.025520833333333333
0 0.7666666666666667 0.5638020833333334 0.031481481481481485 0.0171875
0 0.8282407407407407 0.5247395833333334 0.030555555555555558 0.0171875
0 0.7782407407407408 0.5072916666666667 0.019444444444444445 0.011458333333333333
0 0.7833333333333333 0.453125 0.02592592592592593 0.015625
0 0.763425925925926 0.43072916666666666 0.03796296296296296 0.021875
0 0.8805555555555555 0.403125 0.03518518518518519 0.017708333333333333
0 0.8666666666666667 0.3833333333333333 0.022222222222222223 0.0125
0 0.8907407407407407 0.32734375 0.03518518518518519 0.0203125
0 0.762962962962963 0.2765625 0.02777777777777778 0.017708333333333333
0 0.8634259259259259 0.2752604166666667 0.028703703703703703 0.018229166666666668
0 0.8574074074074074 0.2578125 0.02777777777777778 0.014583333333333334
0 0.787962962962963 0.24635416666666665 0.018518518518518517 0.014583333333333334
0 0.8041666666666667 0.23463541666666665 0.025 0.015104166666666667
0 0.7828703703703704 0.22317708333333333 0.02314814814814815 0.009895833333333333
0 0.7671296296296296 0.2140625 0.019444444444444445 0.01875
0 0.7671296296296296 0.165625 0.030555555555555558 0.021875
0 0.8925925925925926 0.7307291666666667 0.03888888888888889 0.026041666666666668
0 0.725925925925926 0.9161458333333333 0.04259259259259259 0.019791666666666666
0 0.7800925925925927 0.8440104166666667 0.03796296296296296 0.025520833333333333
0 0.737962962962963 0.8981770833333333 0.02962962962962963 0.024479166666666666
0 0.7583333333333334 0.9171874999999999 0.03888888888888889 0.017708333333333333
0 0.725 0.7596354166666667 0.02962962962962963 0.0203125
0 0.7930555555555556 0.65703125 0.028703703703703703 0.022395833333333334
0 0.7847222222222222 0.6307291666666667 0.032407407407407406 0.019791666666666666
0 0.712962962962963 0.7190104166666667 0.02777777777777778 0.021354166666666667
0 0.6694444444444445 0.7263020833333333 0.02962962962962963 0.015104166666666667
0 0.7208333333333333 0.6328125 0.030555555555555558 0.017708333333333333
0 0.7166666666666667 0.6466145833333333 0.02592592592592593 0.0109375
0 0.5902777777777778 0.7955729166666666 0.025 0.0234375
0 0.5657407407407408 0.7380208333333333 0.037037037037037035 0.02395833333333333
0 0.6375000000000001 0.7104166666666667 0.021296296296296296 0.014583333333333334
0 0.7657407407407407 0.3950520833333333 0.037037037037037035 0.01614583333333333
0 0.6916666666666667 0.5067708333333333 0.03518518518518519 0.01875
0 0.6467592592592593 0.56796875 0.028703703703703703 0.0171875
0 0.6972222222222223 0.3950520833333333 0.03518518518518519 0.019270833333333334
0 0.6648148148148149 0.47031249999999997 0.02962962962962963 0.017708333333333333
0 0.48888888888888893 0.7638020833333333 0.031481481481481485 0.019270833333333334
0 0.4328703703703704 0.784375 0.04166666666666667 0.022916666666666665
0 0.5444444444444445 0.5872395833333334 0.03518518518518519 0.0171875
0 0.5898148148148148 0.5390625 0.037037037037037035 0.020833333333333332
0 0.5277777777777778 0.22135416666666666 0.03333333333333333 0.021875
0 0.4486111111111111 0.10911458333333333 0.032407407407407406 0.018229166666666668
0 0.3314814814814815 0.16822916666666665 0.031481481481481485 0.020833333333333332
0 0.44537037037037036 0.21223958333333334 0.03333333333333333 0.015104166666666667
0 0.40601851851851856 0.259375 0.032407407407407406 0.017708333333333333
0 0.4439814814814815 0.3263020833333333 0.025 0.013020833333333334
0 0.4041666666666667 0.31979166666666664 0.028703703703703703 0.019791666666666666
0 0.35462962962962963 0.2921875 0.020370370370370372 0.0125
0 0.4375 0.29791666666666666 0.026851851851851852 0.015625
0 0.38333333333333336 0.3078125 0.022222222222222223 0.0125
0 0.6157407407407408 0.36432291666666666 0.02592592592592593 0.01614583333333333
0 0.6078703703703704 0.34010416666666665 0.026851851851851852 0.014583333333333334
0 0.587962962962963 0.34713541666666664 0.03518518518518519 0.019270833333333334
0 0.5611111111111111 0.36822916666666666 0.02962962962962963 0.01875
0 0.5171296296296296 0.3885416666666667 0.028703703703703703 0.01875
0 0.4902777777777778 0.38958333333333334 0.03425925925925926 0.01875
0 0.337037037037037 0.40234375 0.03518518518518519 0.022395833333333334
0 0.4416666666666667 0.4049479166666667 0.03518518518518519 0.0203125
0 0.4425925925925926 0.43697916666666664 0.02962962962962963 0.014583333333333334
0 0.41111111111111115 0.41692708333333334 0.022222222222222223 0.015104166666666667
0 0.4041666666666667 0.44869791666666664 0.032407407407407406 0.019270833333333334
0 0.5523148148148148 0.4848958333333333 0.03425925925925926 0.014583333333333334
0 0.5185185185185185 0.46979166666666666 0.03333333333333333 0.01875
0 0.4861111111111111 0.4705729166666667 0.02777777777777778 0.015104166666666667
0 0.525462962962963 0.5143229166666666 0.03425925925925926 0.0203125
0 0.47962962962962963 0.56484375 0.031481481481481485 0.0171875
0 0.48935185185185187 0.5791666666666666 0.03425925925925926 0.01875
0 0.46944444444444444 0.59453125 0.03518518518518519 0.0140625
0 0.39861111111111114 0.51875 0.028703703703703703 0.01875
0 0.35879629629629634 0.47604166666666664 0.030555555555555558 0.016666666666666666
0 0.3199074074074074 0.5372395833333333 0.03981481481481482 0.0171875
0 0.375 0.5958333333333333 0.03888888888888889 0.021875
0 0.34120370370370373 0.5973958333333333 0.032407407407407406 0.020833333333333332
0 0.2972222222222222 0.63671875 0.04259259259259259 0.024479166666666666
0 0.27824074074074073 0.5893229166666667 0.036111111111111115 0.015104166666666667
0 0.2523148148148148 0.5848958333333333 0.021296296296296296 0.016666666666666666
0 0.24166666666666667 0.6302083333333334 0.020370370370370372 0.013541666666666667
0 0.21296296296296297 0.5973958333333333 0.02777777777777778 0.013541666666666667
0 0.18472222222222223 0.5963541666666666 0.028703703703703703 0.0125
0 0.1814814814814815 0.6265625 0.02962962962962963 0.015625
0 0.09398148148148149 0.6390625 0.036111111111111115 0.01875
0 0.049074074074074076 0.7700520833333333 0.02962962962962963 0.009895833333333333
0 0.04398148148148148 0.7598958333333333 0.036111111111111115 0.013541666666666667
0 0.09675925925925927 0.60859375 0.030555555555555558 0.01614583333333333
0 0.09212962962962963 0.50390625 0.030555555555555558 0.011979166666666666
0 0.025 0.6690104166666666 0.024074074074074074 0.0234375
0 0.0462962962962963 0.51015625 0.03333333333333333 0.01614583333333333
0 0.01388888888888889 0.4984375 0.024074074074074074 0.015625
0 0.04861111111111111 0.4739583333333333 0.025 0.014583333333333334
0 0.015277777777777779 0.4713541666666667 0.026851851851851852 0.015625
0 0.08657407407407408 0.33958333333333335 0.03981481481481482 0.022916666666666665
0 0.04583333333333334 0.5450520833333333 0.02314814814814815 0.015104166666666667
0 0.3842592592592593 0.3841145833333333 0.040740740740740744 0.0171875
