0 0.036111111111111115 0.65859375 0.02962962962962963 0.0171875
0 0.1050925925925926 0.8091145833333333 0.04537037037037037 0.027604166666666666
0 0.20601851851851852 0.5638020833333334 0.030555555555555558 0.0171875
0 0.18842592592592594 0.45390625 0.028703703703703703 0.0171875
0 0.15 0.5247395833333334 0.024074074074074074 0.01614583333333333
0 0.20787037037037037 0.4309895833333333 0.03981481481481482 0.022395833333333334
0 0.0912037037037037 0.4015625 0.03425925925925926 0.016666666666666666
0 0.10555555555555556 0.38255208333333335 0.018518518518518517 0.011979166666666666
0 0.08194444444444444 0.3263020833333333 0.036111111111111115 0.0203125
0 0.2111111111111111 0.27578125 0.02962962962962963 0.018229166666666668
0 0.11157407407407408 0.27421875 0.028703703703703703 0.018229166666666668
0 0.1175925925925926 0.25703125 0.02962962962962963 0.0140625
0 0.16805555555555557 0.23385416666666667 0.02314814814814815 0.015625
0 0.19166666666666668 0.221875 0.022222222222222223 0.011458333333333333
0 0.2101851851851852 0.16484375 0.031481481481481485 0.021354166666666667
0 0.07037037037037037 0.73046875 0.037037037037037035 0.025520833333333333
0 0.18564814814814815 0.8442708333333333 0.03796296296296296 0.025
0 0.22592592592592595 0.8984375 0.031481481481481485 0.02395833333333333
0 0.25 0.9177083333333333 0.024074074074074074 0.02395833333333333
0 0.20555555555555557 0.9177083333333333 0.037037037037037035 0.017708333333333333
0 0.24583333333333335 0.7598958333333333 0.030555555555555558 0.019791666666666666
0 0.17546296296296296 0.6575520833333334 0.030555555555555558 0.022395833333333334
0 0.18564814814814815 0.6307291666666667 0.032407407407407406 0.019791666666666666
0 0.25925925925925924 0.7192708333333333 0.02777777777777778 0.020833333333333332
0 0.3027777777777778 0.7265625 0.02962962962962963 0.015625
0 0.2537037037037037 0.6328125 0.031481481481481485 0.017708333333333333
0 0.25925925925925924 0.646875 0.02777777777777778 0.0125
0 0.3787037037037037 0.7958333333333333 0.02962962962962963 0.022916666666666665
0 0.40370370370370373 0.73828125 0.03888888888888889 0.024479166666666666
0 0.33611111111111114 0.71171875 0.024074074074074074 0.013020833333333334
0 0.2064814814814815 0.39427083333333335 0.037037037037037035 0.015625
0 0.2837962962962963 0.5065104166666666 0.03796296296296296 0.019270833333333334
0 0.32546296296296295 0.5677083333333334 0.028703703703703703 0.017708333333333333
0 0.274537037037037 0.39479166666666665 0.03425925925925926 0.01875
0 0.3101851851851852 0.47031249999999997 0.02962962962962963 0.01875
0 0.47731481481481486 0.7643229166666666 0.030555555555555558 0.019270833333333334
0 0.5310185185185186 0.7859375 0.04166666666666667 0.022916666666666665
0 0.42685185185185187 0.5877604166666667 0.03518518518518519 0.0171875
0 0.3842592592592593 0.5390625 0.037037037037037035 0.020833333333333332
0 0.44583333333333336 0.22109375 0.03425925925925926 0.022395833333333334
0 0.5273148148148148 0.10989583333333333 0.032407407407407406 0.017708333333333333
0 0.6439814814814815 0.16927083333333334 0.030555555555555558 0.020833333333333332
0 0.5310185185185186 0.21276041666666667 0.030555555555555558 0.01614583333333333
0 0.5694444444444444 0.2598958333333333 0.03333333333333333 0.017708333333333333
0 0.5324074074074074 0.3263020833333333 0.02592592592592593 0.0140625
0 0.5736111111111112 0.3203125 0.021296296296296296 0.019791666666666666
0 0.625925925925926 0.29296875 0.020370370370370372 0.013020833333333334
0 0.5393518518518519 0.2973958333333333 0.030555555555555558 0.013541666666666667
0 0.5944444444444444 0.30885416666666665 0.02777777777777778 0.011458333333333333
0 0.3601851851851852 0.3645833333333333 0.02592592592592593 0.016666666666666666
0 0.3666666666666667 0.34010416666666665 0.02777777777777778 0.014583333333333334
0 0.3875 0.34661458333333334 0.03425925925925926 0.019270833333333334
0 0.4134259259259259 0.3684895833333333 0.030555555555555558 0.019270833333333334
0 0.45601851851851855 0.3888020833333333 0.026851851851851852 0.018229166666666668
0 0.4828703703703704 0.38984375 0.03425925925925926 0.019270833333333334
0 0.6324074074074074 0.403125 0.037037037037037035 0.021875
0 0.5314814814814816 0.40572916666666664 0.03333333333333333 0.019791666666666666
0 0.5314814814814816 0.43697916666666664 0.02962962962962963 0.014583333333333334
0 0.5615740740740741 0.41744791666666664 0.025 0.015104166666666667
0 0.5694444444444444 0.44921875 0.031481481481481485 0.019270833333333334
0 0.4236111111111111 0.4856770833333333 0.03425925925925926 0.0140625
0 0.4550925925925926 0.4700520833333333 0.032407407407407406 0.019270833333333334
0 0.48842592592592593 0.47031249999999997 0.028703703703703703 0.014583333333333334
0 0.44953703703703707 0.5145833333333333 0.03425925925925926 0.019791666666666666
0 0.4916666666666667 0.56484375 0.031481481481481485 0.01614583333333333
0 0.48240740740740745 0.5799479166666667 0.03518518518518519 0.018229166666666668
0 0.5018518518518519 0.5950520833333334 0.03518518518518519 0.0140625
0 0.5750000000000001 0.51953125 0.02777777777777778 0.018229166666666668
0 0.6175925925925926 0.4765625 0.02962962962962963 0.016666666666666666
0 0.6537037037037037 0.5385416666666667 0.03888888888888889 0.017708333333333333
0 0.5930555555555556 0.5963541666666666 0.03796296296296296 0.021875
0 0.6263888888888889 0.5984375 0.032407407407407406 0.020833333333333332
0 0.6671296296296296 0.6377604166666666 0.03981481481481482 0.024479166666666666
0 0.6944444444444444 0.590625 0.037037037037037035 0.015625
0 0.7212962962962963 0.5859375 0.024074074074074074 0.016666666666666666
0 0.7333333333333334 0.6309895833333333 0.020370370370370372 0.0140625
0 0.7601851851851852 0.5981770833333333 0.02777777777777778 0.0140625
0 0.7898148148148149 0.5973958333333333 0.031481481481481485 0.013541666666666667
0 0.7958333333333334 0.62734375 0.028703703703703703 0.01614583333333333
0 0.8787037037037038 0.640625 0.037037037037037035 0.01875
0 0.9273148148148148 0.77109375 0.028703703703703703 0.009895833333333333
0 0.9324074074074075 0.76171875 0.037037037037037035 0.0140625
0 0.8791666666666667 0.6104166666666666 0.028703703703703703 0.016666666666666666
0 0.8837962962962963 0.5049479166666666 0.030555555555555558 0.011979166666666666
0 0.9851851851851853 0.5690104166666666 0.02962962962962963 0.0171875
0 0.9314814814814815 0.5119791666666667 0.02962962962962963 0.016666666666666666
0 0.9657407407407408 0.5 0.031481481481481485 0.015625
0 0.925462962962963 0.47552083333333334 0.02314814814814815 0.014583333333333334
0 0.9615740740740741 0.4731770833333333 0.030555555555555558 0.015104166666666667
0 0.8870370370370371 0.3411458333333333 0.040740740740740744 0.022916666666666665
0 0.8870370370370371 0.3411458333333333 0.040740740740740744 0.022916666666666665
0 0.9731481481481482 0.36302083333333335 0.03333333333333333 0.01875
0 0.9439814814814815 0.6697916666666667 0.028703703703703703 0.021875
0 0.9791666666666667 0.33619791666666665 0.028703703703703703 0.018229166666666668
0 0.9310185185185186 0.5466145833333333 0.021296296296296296 0.015104166666666667
0 0.5856481481481481 0.384375 0.04166666666666667 0.015625
