0 0.9657407407407408 0.65859375 0.02962962962962963 0.0171875
0 0.8967592592592593 0.8091145833333333 0.04537037037037037 0.027604166666666666
0 0.7958333333333334 0.5638020833333334 0.030555555555555558 0.0171875
0 0.813425925925926 0.45390625 0.028703703703703703 0.0171875
0 0.8518518518518519 0.5247395833333334 0.024074074074074074 0.01614583333333333
0 0.7939814814814815 0.4309895833333333 0.03981481481481482 0.022395833333333334
0 0.9106481481481482 0.4015625 0.03425925925925926 0.016666666666666666
0 0.8962962962962964 0.38255208333333335 0.018518518518518517 0.011979166666666666
0 0.9199074074074074 0.3263020833333333 0.036111111111111115 0.0203125
0 0.7907407407407407 0.27578125 0.02962962962962963 0.018229166666666668
0 0.8902777777777778 0.27421875 0.028703703703703703 0.018229166666666668
0 0.8842592592592593 0.25703125 0.02962962962962963 0.0140625
0 0.8337962962962964 0.23385416666666667 0.02314814814814815 0.015625
0 0.8101851851851852 0.221875 0.022222222222222223 0.011458333333333333
0 0.7916666666666667 0.16484375 0.031481481481481485 0.021354166666666667
0 0.9314814814814815 0.73046875 0.037037037037037035 0.025520833333333333
0 0.8162037037037038 0.8442708333333333 0.03796296296296296 0.025
0 0.7759259259259259 0.8984375 0.031481481481481485 0.02395833333333333
0 0.7518518518518519 0.9177083333333333 0.024074074074074074 0.02395833333333333
0 0.7962962962962963 0.9177083333333333 0.037037037037037035 0.017708333333333333
0 0.7560185185185185 0.7598958333333333 0.030555555555555558 0.019791666666666666
0 0.826388888888889 0.6575520833333334 0.030555555555555558 0.022395833333333334
0 0.8162037037037038 0.6307291666666667 0.032407407407407406 0.019791666666666666
0 0.7425925925925926 0.7192708333333333 0.02777777777777778 0.020833333333333332
0 0.6990740740740741 0.7265625 0.02962962962962963 0.015625
0 0.7481481481481482 0.6328125 0.031481481481481485 0.017708333333333333
0 0.7425925925925926 0.646875 0.02777777777777778 0.0125
0 0.6231481481481481 0.7958333333333333 0.02962962962962963 0.022916666666666665
0 0.5981481481481482 0.73828125 0.03888888888888889 0.024479166666666666
0 0.6657407407407407 0.71171875 0.024074074074074074 0.013020833333333334
0 0.7953703703703704 0.39427083333333335 0.037037037037037035 0.015625
0 0.7180555555555556 0.5065104166666666 0.03796296296296296 0.019270833333333334
0 0.6763888888888889 0.5677083333333334 0.028703703703703703 0.017708333333333333
0 0.7273148148148149 0.39479166666666665 0.03425925925925926 0.01875
0 0.6916666666666667 0.47031249999999997 0.02962962962962963 0.01875
0 0.524537037037037 0.7643229166666666 0.030555555555555558 0.019270833333333334
0 0.4708333333333333 0.7859375 0.04166666666666667 0.022916666666666665
0 0.5750000000000001 0.5877604166666667 0.03518518518518519 0.0171875
0 0.6175925925925926 0.5390625 0.037037037037037035 0.020833333333333332
0 0.5560185185185186 0.22109375 0.03425925925925926 0.022395833333333334
0 0.47453703703703703 0.10989583333333333 0.032407407407407406 0.017708333333333333
0 0.3578703703703704 0.16927083333333334 0.030555555555555558 0.020833333333333332
0 0.4708333333333333 0.21276041666666667 0.030555555555555558 0.01614583333333333
0 0.4324074074074074 0.2598958333333333 0.03333333333333333 0.017708333333333333
0 0.46944444444444444 0.3263020833333333 0.02592592592592593 0.0140625
0 0.42824074074074076 0.3203125 0.021296296296296296 0.019791666666666666
0 0.37592592592592594 0.29296875 0.020370370370370372 0.013020833333333334
0 0.4625 0.2973958333333333 0.030555555555555558 0.013541666666666667
0 0.40740740740740744 0.30885416666666665 0.02777777777777778 0.011458333333333333
0 0.6416666666666667 0.3645833333333333 0.02592592592592593 0.016666666666666666
0 0.6351851851851852 0.34010416666666665 0.02777777777777778 0.014583333333333334
0 0.6143518518518519 0.34661458333333334 0.03425925925925926 0.019270833333333334
0 0.5884259259259259 0.3684895833333333 0.030555555555555558 0.019270833333333334
0 0.5458333333333334 0.3888020833333333 0.026851851851851852 0.018229166666666668
0 0.5189814814814815 0.38984375 0.03425925925925926 0.019270833333333334
0 0.36944444444444446 0.403125 0.037037037037037035 0.021875
0 0.4703703703703704 0.40572916666666664 0.03333333333333333 0.019791666666666666
0 0.4703703703703704 0.43697916666666664 0.02962962962962963 0.014583333333333334
0 0.44027777777777777 0.41744791666666664 0.025 0.015104166666666667
0 0.4324074074074074 0.44921875 0.031481481481481485 0.019270833333333334
0 0.5782407407407407 0.4856770833333333 0.03425925925925926 0.0140625
0 0.5467592592592593 0.4700520833333333 0.032407407407407406 0.019270833333333334
0 0.513425925925926 0.47031249999999997 0.028703703703703703 0.014583333333333334
0 0.5523148148148148 0.5145833333333333 0.03425925925925926 0.019791666666666666
0 0.5101851851851852 0.56484375 0.031481481481481485 0.01614583333333333
0 0.5194444444444445 0.5799479166666667 0.03518518518518519 0.018229166666666668
0 0.5 0.5950520833333334 0.03518518518518519 0.0140625
0 0.42685185185185187 0.51953125 0.02777777777777778 0.018229166666666668
0 0.3842592592592593 0.4765625 0.02962962962962963 0.016666666666666666
0 0.34814814814814815 0.5385416666666667 0.03888888888888889 0.017708333333333333
0 0.4087962962962963 0.5963541666666666 0.03796296296296296 0.021875
0 0.375462962962963 0.5984375 0.032407407407407406 0.020833333333333332
0 0.33472222222222225 0.6377604166666666 0.03981481481481482 0.024479166666666666
0 0.3074074074074074 0.590625 0.037037037037037035 0.015625
0 0.28055555555555556 0.5859375 0.024074074074074074 0.016666666666666666
0 0.26851851851851855 0.6309895833333333 0.020370370370370372 0.0140625
0 0.24166666666666667 0.5981770833333333 0.02777777777777778 0.0140625
0 0.21203703703703705 0.5973958333333333 0.031481481481481485 0.013541666666666667
0 0.20601851851851852 0.62734375 0.028703703703703703 0.01614583333333333
0 0.12314814814814816 0.640625 0.037037037037037035 0.01875
0 0.07453703703703704 0.77109375 0.028703703703703703 0.009895833333333333
0 0.06944444444444445 0.76171875 0.037037037037037035 0.0140625
0 0.12268518518518519 0.6104166666666666 0.028703703703703703 0.016666666666666666
0 0.11805555555555557 0.5049479166666666 0.030555555555555558 0.011979166666666666
0 0.016666666666666666 0.5690104166666666 0.02962962962962963 0.0171875
0 0.07037037037037037 0.5119791666666667 0.02962962962962963 0.016666666666666666
0 0.036111111111111115 0.5 0.031481481481481485 0.015625
0 0.0763888888888889 0.47552083333333334 0.02314814814814815 0.014583333333333334
0 0.04027777777777778 0.4731770833333333 0.030555555555555558 0.015104166666666667
0 0.11481481481481481 0.3411458333333333 0.040740740740740744 0.022916666666666665
0 0.11481481481481481 0.3411458333333333 0.040740740740740744 0.022916666666666665
0 0.028703703703703703 0.36302083333333335 0.03333333333333333 0.01875
0 0.05787037037037037 0.6697916666666667 0.028703703703703703 0.021875
0 0.022685185185185187 0.33619791666666665 0.028703703703703703 0.018229166666666668
0 0.07083333333333333 0.5466145833333333 0.021296296296296296 0.015104166666666667
0 0.41620370370370374 0.384375 0.04166666666666667 0.015625
