0 0.029166666666666667 0.6591145833333333 0.028703703703703703 0.0171875
0 0.16018518518518518 0.6921875 0.02592592592592593 0.015625
0 0.0962962962962963 0.8104166666666667 0.044444444444444446 0.027083333333333334
0 0.19907407407407407 0.5645833333333333 0.031481481481481485 0.017708333333333333
0 0.14351851851851852 0.52578125 0.024074074074074074 0.01614583333333333
0 0.1814814814814815 0.4549479166666667 0.02962962962962963 0.01614583333333333
0 0.20092592592592592 0.4315104166666667 0.040740740740740744 0.022395833333333334
0 0.08518518518518518 0.4028645833333333 0.03518518518518519 0.01614583333333333
0 0.09907407407407408 0.38359375 0.018518518518518517 0.011979166666666666
0 0.07546296296296297 0.32760416666666664 0.036111111111111115 0.019791666666666666
0 0.20462962962962963 0.27708333333333335 0.02962962962962963 0.017708333333333333
0 0.10648148148148148 0.2752604166666667 0.02962962962962963 0.018229166666666668
0 0.11064814814814815 0.25807291666666665 0.028703703703703703 0.0140625
0 0.1615740740740741 0.23567708333333334 0.02314814814814815 0.015104166666666667
0 0.18472222222222223 0.22343749999999998 0.021296296296296296 0.011458333333333333
0 0.20324074074074075 0.16666666666666666 0.032407407407407406 0.020833333333333332
0 0.06157407407407408 0.7315104166666666 0.03981481481481482 0.025520833333333333
0 0.17685185185185187 0.8450520833333334 0.037037037037037035 0.024479166666666666
0 0.21666666666666667 0.8994791666666666 0.031481481481481485 0.025
0 0.24027777777777778 0.91953125 0.02314814814814815 0.0265625
0 0.19583333333333333 0.91875 0.036111111111111115 0.01875
0 0.23796296296296296 0.7609375 0.02962962962962963 0.020833333333333332
0 0.1675925925925926 0.6583333333333333 0.03333333333333333 0.021875
0 0.1787037037037037 0.63203125 0.031481481481481485 0.019270833333333334
0 0.25277777777777777 0.7197916666666666 0.02777777777777778 0.019791666666666666
0 0.29583333333333334 0.7278645833333334 0.028703703703703703 0.01614583333333333
0 0.24675925925925926 0.6333333333333333 0.030555555555555558 0.017708333333333333
0 0.25324074074074077 0.6481770833333333 0.025 0.0140625
0 0.37083333333333335 0.7971354166666667 0.030555555555555558 0.024479166666666666
0 0.3962962962962963 0.73984375 0.03888888888888889 0.025520833333333333
0 0.32916666666666666 0.7125 0.02314814814814815 0.014583333333333334
0 0.19953703703703704 0.3953125 0.03425925925925926 0.017708333333333333
0 0.27731481481481485 0.5072916666666667 0.036111111111111115 0.019791666666666666
0 0.31851851851851853 0.5690104166666666 0.02592592592592593 0.019270833333333334
0 0.2675925925925926 0.3963541666666667 0.03333333333333333 0.019791666666666666
0 0.3055555555555556 0.47161458333333334 0.031481481481481485 0.0171875
0 0.4671296296296297 0.765625 0.026851851851851852 0.019791666666666666
0 0.5212962962962964 0.7869791666666667 0.04259259259259259 0.022916666666666665
0 0.4189814814814815 0.5885416666666666 0.03425925925925926 0.016666666666666666
0 0.3763888888888889 0.5401041666666666 0.036111111111111115 0.020833333333333332
0 0.4398148148148148 0.22317708333333333 0.03333333333333333 0.022395833333333334
0 0.5203703703703704 0.11223958333333334 0.02592592592592593 0.021354166666666667
0 0.6365740740740741 0.17109375 0.028703703703703703 0.021354166666666667
0 0.5236111111111111 0.21458333333333332 0.028703703703703703 0.016666666666666666
0 0.562962962962963 0.26145833333333335 0.02777777777777778 0.020833333333333332
0 0.525462962962963 0.32786458333333335 0.02314814814814815 0.01614583333333333
0 0.5662037037037038 0.321875 0.026851851851851852 0.016666666666666666
0 0.6199074074074075 0.2942708333333333 0.02314814814814815 0.011458333333333333
0 0.5324074074074074 0.2989583333333333 0.02592592592592593 0.015625
0 0.5875 0.3104166666666667 0.026851851851851852 0.0125
0 0.3541666666666667 0.3658854166666667 0.025 0.0171875
0 0.36064814814814816 0.34140625 0.026851851851851852 0.015104166666666667
0 0.38101851851851853 0.3481770833333333 0.03425925925925926 0.019270833333333334
0 0.4064814814814815 0.3697916666666667 0.02962962962962963 0.019791666666666666
0 0.44907407407407407 0.39010416666666664 0.024074074074074074 0.019791666666666666
0 0.47685185185185186 0.39088541666666665 0.03333333333333333 0.0203125
0 0.6240740740740741 0.4041666666666667 0.03518518518518519 0.022916666666666665
0 0.5236111111111111 0.40625 0.032407407407407406 0.020833333333333332
0 0.5240740740740741 0.43854166666666666 0.02777777777777778 0.016666666666666666
0 0.5541666666666667 0.4184895833333333 0.02314814814814815 0.01614583333333333
0 0.5625 0.45026041666666666 0.03425925925925926 0.018229166666666668
0 0.41712962962962963 0.4864583333333333 0.030555555555555558 0.015625
0 0.4481481481481482 0.4708333333333333 0.031481481481481485 0.01875
0 0.48240740740740745 0.47161458333333334 0.02777777777777778 0.0140625
0 0.44212962962962965 0.5153645833333333 0.036111111111111115 0.018229166666666668
0 0.48333333333333334 0.5661458333333333 0.02962962962962963 0.016666666666666666
0 0.47453703703703703 0.5807291666666666 0.03425925925925926 0.017708333333333333
0 0.4939814814814815 0.5958333333333333 0.030555555555555558 0.016666666666666666
0 0.5675925925925926 0.5208333333333334 0.02962962962962963 0.01875
0 0.612037037037037 0.4783854166666667 0.02962962962962963 0.0171875
0 0.6467592592592593 0.5395833333333333 0.03796296296296296 0.01875
0 0.5847222222222223 0.59765625 0.03981481481481482 0.021354166666666667
0 0.6185185185185186 0.5994791666666667 0.03333333333333333 0.019791666666666666
0 0.6583333333333333 0.6390625 0.03888888888888889 0.025
0 0.6865740740740741 0.5916666666666667 0.03425925925925926 0.017708333333333333
0 0.712962962962963 0.5875 0.024074074074074074 0.017708333333333333
0 0.7268518518518519 0.6322916666666667 0.020370370370370372 0.015625
0 0.7523148148148149 0.5989583333333334 0.02314814814814815 0.016666666666666666
0 0.7833333333333333 0.5984375 0.02962962962962963 0.015625
0 0.7893518518518519 0.6283854166666667 0.028703703703703703 0.0171875
0 0.8722222222222222 0.6416666666666666 0.03518518518518519 0.020833333333333332
0 0.9208333333333334 0.77265625 0.028703703703703703 0.009895833333333333
0 0.9259259259259259 0.7630208333333334 0.037037037037037035 0.014583333333333334
0 0.8722222222222222 0.6114583333333333 0.02777777777777778 0.01875
0 0.8763888888888889 0.5065104166666666 0.028703703703703703 0.0140625
0 0.9824074074074074 0.5705729166666667 0.03518518518518519 0.0171875
0 0.924537037037037 0.5130208333333334 0.030555555555555558 0.016666666666666666
0 0.9587962962962964 0.5013020833333334 0.032407407407407406 0.015104166666666667
0 0.9180555555555556 0.4765625 0.02314814814814815 0.014583333333333334
0 0.9532407407407407 0.4747395833333333 0.028703703703703703 0.01614583333333333
0 0.8787037037037038 0.34270833333333334 0.037037037037037035 0.025
0 0.9657407407407408 0.36484375 0.031481481481481485 0.019270833333333334
0 0.9712962962962963 0.3380208333333333 0.02962962962962963 0.017708333333333333
0 0.9351851851851852 0.6716145833333333 0.02592592592592593 0.022395833333333334
0 0.9893518518518519 0.7111979166666667 0.021296296296296296 0.019270833333333334
0 0.9912037037037037 0.5520833333333334 0.017592592592592594 0.015625
0 0.9236111111111112 0.5473958333333333 0.02314814814814815 0.014583333333333334
0 0.5777777777777778 0.38619791666666664 0.03518518518518519 0.019270833333333334
