0 0.6861111111111111 0.8010416666666667 0.11481481481481481 0.06354166666666666
0 0.2662037037037037 0.9473958333333333 0.0787037037037037 0.06354166666666666
0 0.4671296296296297 0.6380208333333334 0.10092592592592593 0.058333333333333334
0 0.5333333333333333 0.55703125 0.061111111111111116 0.03697916666666667
0 0.7694444444444445 0.578125 0.05185185185185186 0.035416666666666666
0 0.7615740740740741 0.55390625 0.04722222222222222 0.024479166666666666
0 0.3912037037037037 0.6088541666666667 0.08425925925925926 0.05
0 0.28240740740740744 0.7192708333333333 0.05185185185185186 0.0375
0 0.15694444444444444 0.7981770833333334 0.05092592592592593 0.0265625
0 0.17407407407407408 0.56796875 0.05740740740740741 0.0328125
0 0.21666666666666667 0.5361979166666666 0.05740740740740741 0.03177083333333333
0 0.31574074074074077 0.4669270833333333 0.06481481481481481 0.044270833333333336
0 0.5898148148148148 0.36692708333333335 0.02962962962962963 0.0234375
0 0.5337962962962963 0.3403645833333333 0.049074074074074076 0.0296875
0 0.29814814814814816 0.3567708333333333 0.13518518518518519 0.084375
0 0.1175925925925926 0.37864583333333335 0.16666666666666669 0.090625
0 0.03564814814814815 0.44817708333333334 0.06759259259259259 0.0828125
0 0.5393518518518519 0.17005208333333333 0.0787037037037037 0.05364583333333333
0 0.5828703703703704 0.12447916666666667 0.08796296296296297 0.06458333333333333
0 0.36944444444444446 0.2484375 0.07777777777777778 0.05416666666666667
0 0.325 0.22447916666666667 0.07222222222222223 0.03854166666666667
0 0.38101851851851853 0.026302083333333334 0.10462962962962963 0.050520833333333334
0 0.6032407407407407 0.0203125 0.062037037037037036 0.03854166666666667
0 0.0837962962962963 0.1171875 0.075 0.06770833333333333
0 0.022685185185185187 0.11276041666666667 0.04166666666666667 0.0703125
0 0.12638888888888888 0.022916666666666665 0.075 0.034375
0 0.021296296296296296 0.8026041666666667 0.03888888888888889 0.019791666666666666
0 0.7032407407407407 0.6276041666666666 0.08240740740740742 0.06145833333333333
0 0.13472222222222222 0.48984374999999997 0.05648148148148149 0.03177083333333333
