0 0.27083333333333337 0.80703125 0.11203703703703705 0.0609375
0 0.700925925925926 0.94921875 0.07592592592592592 0.06614583333333333
0 0.49444444444444446 0.63203125 0.09444444444444444 0.0453125
0 0.4398148148148148 0.5536458333333333 0.06666666666666667 0.03125
0 0.19444444444444445 0.5697916666666667 0.04814814814814815 0.025
0 0.5680555555555555 0.6104166666666666 0.07685185185185185 0.051041666666666666
0 0.6944444444444444 0.71953125 0.05740740740740741 0.03802083333333333
0 0.8180555555555555 0.7984375 0.05277777777777778 0.02395833333333333
0 0.8027777777777778 0.5682291666666667 0.05555555555555556 0.03333333333333333
0 0.7606481481481482 0.5361979166666666 0.06018518518518519 0.030729166666666665
0 0.6439814814814815 0.4671875 0.04537037037037037 0.04479166666666667
0 0.38657407407407407 0.36692708333333335 0.026851851851851852 0.0203125
0 0.437962962962963 0.33932291666666664 0.04259259259259259 0.028645833333333332
0 0.6472222222222223 0.359375 0.1388888888888889 0.071875
0 0.8194444444444445 0.3796875 0.16296296296296298 0.09270833333333334
0 0.4185185185185185 0.16848958333333333 0.07407407407407407 0.0546875
0 0.37083333333333335 0.12317708333333333 0.09166666666666667 0.0640625
0 0.9324074074074075 0.4473958333333333 0.12962962962962962 0.08645833333333333
0 0.5796296296296296 0.24921875 0.08518518518518518 0.043229166666666666
0 0.6236111111111111 0.22291666666666665 0.0787037037037037 0.035416666666666666
0 0.5731481481481482 0.025 0.10370370370370371 0.04791666666666666
0 0.3523148148148148 0.019270833333333334 0.06759259259259259 0.036458333333333336
0 0.8773148148148149 0.11562499999999999 0.06944444444444445 0.06875
0 0.9560185185185186 0.10885416666666667 0.08240740740740742 0.07708333333333334
0 0.8310185185185186 0.020572916666666666 0.08240740740740742 0.033854166666666664
0 0.9699074074074074 0.7971354166666667 0.06018518518518519 0.028645833333333332
0 0.2537037037037037 0.63046875 0.06481481481481481 0.0640625
0 0.837037037037037 0.4901041666666667 0.05740740740740741 0.03333333333333333
