0 0.42453703703703705 0.63671875 0.10648148148148148 0.0421875
0 0.19074074074074074 0.8125 0.11111111111111112 0.06145833333333333
0 0.637962962962963 0.9533854166666667 0.07222222222222223 0.06927083333333334
0 0.500925925925926 0.61640625 0.07407407407407407 0.050520833333333334
0 0.3976851851851852 0.5567708333333333 0.0638888888888889 0.03333333333333333
0 0.30694444444444446 0.128125 0.08796296296296297 0.06354166666666666
0 0.6513888888888889 0.7231770833333333 0.06574074074074074 0.03802083333333333
0 0.7759259259259259 0.80234375 0.053703703703703705 0.0234375
0 0.7611111111111112 0.5705729166666667 0.053703703703703705 0.033854166666666664
0 0.7240740740740741 0.5393229166666667 0.05555555555555556 0.0296875
0 0.5546296296296297 0.3684895833333333 0.13518518518518519 0.06927083333333334
0 0.7069444444444445 0.38645833333333335 0.1564814814814815 0.08958333333333333
0 0.3490740740740741 0.17447916666666666 0.07407407407407407 0.053125
0 0.5259259259259259 0.52265625 0.04259259259259259 0.030729166666666665
0 0.8393518518518519 0.45390625 0.1712962962962963 0.0921875
0 0.5328703703703704 0.22994791666666667 0.08055555555555556 0.04010416666666666
0 0.49212962962962964 0.029947916666666668 0.09907407407407408 0.05677083333333333
0 0.2833333333333333 0.02734375 0.061111111111111116 0.0421875
0 0.8064814814814815 0.12239583333333333 0.06481481481481481 0.06875
0 0.8814814814814815 0.11614583333333334 0.08888888888888889 0.07395833333333333
0 0.7685185185185186 0.028645833333333332 0.06851851851851852 0.03958333333333333
0 0.9523148148148148 0.7979166666666666 0.04351851851851852 0.026041666666666668
0 0.1787037037037037 0.62890625 0.07407407407407407 0.06614583333333333
0 0.7828703703703704 0.4934895833333333 0.06018518518518519 0.033854166666666664
0 0.8037037037037037 0.25546875 0.03333333333333333 0.022395833333333334
