0 0.39351851851851855 0.6375 0.09814814814814815 0.041666666666666664
0 0.15324074074074073 0.8158854166666667 0.10092592592592593 0.06510416666666667
0 0.1527777777777778 0.5567708333333333 0.044444444444444446 0.029166666666666667
0 0.6087962962962963 0.95546875 0.075 0.07447916666666667
0 0.37222222222222223 0.5591145833333333 0.06481481481481481 0.033854166666666664
0 0.2726851851851852 0.13151041666666666 0.08240740740740742 0.0671875
0 0.4708333333333333 0.6190104166666667 0.06759259259259259 0.0546875
0 0.6347222222222223 0.7236979166666666 0.05462962962962963 0.03802083333333333
0 0.7537037037037038 0.8041666666666667 0.05555555555555556 0.021875
0 0.7398148148148148 0.571875 0.053703703703703705 0.03333333333333333
0 0.7018518518518518 0.54140625 0.05555555555555556 0.027604166666666666
0 0.5777777777777778 0.47291666666666665 0.05 0.04479166666666667
0 0.5055555555555555 0.37734375 0.1277777777777778 0.06510416666666667
0 0.6458333333333334 0.3890625 0.14907407407407408 0.090625
0 0.3143518518518519 0.17526041666666667 0.07314814814814816 0.049479166666666664
0 0.7791666666666667 0.4552083333333333 0.15833333333333333 0.09166666666666666
0 0.48564814814814816 0.23359375 0.08240740740740742 0.04114583333333333
0 0.45092592592592595 0.031510416666666666 0.09444444444444444 0.059895833333333336
0 0.24583333333333335 0.03359375 0.058333333333333334 0.0484375
0 0.7699074074074075 0.12526041666666665 0.062037037037037036 0.06822916666666666
0 0.8425925925925927 0.11875 0.08148148148148149 0.07291666666666667
0 0.7291666666666667 0.030989583333333334 0.0787037037037037 0.0390625
0 0.9305555555555556 0.7997395833333333 0.05555555555555556 0.024479166666666666
0 0.14212962962962963 0.6317708333333333 0.07685185185185185 0.065625
0 0.5037037037037038 0.52421875 0.05 0.030729166666666665
0 0.7402777777777778 0.25078125 0.03425925925925926 0.022395833333333334
