0 0.10972222222222222 0.8171875 0.10092592592592593 0.071875
0 0.5777777777777778 0.9562499999999999 0.07222222222222223 0.078125
0 0.3527777777777778 0.6377604166666666 0.10185185185185186 0.0421875
0 0.3439814814814815 0.5604166666666667 0.0638888888888889 0.034375
0 0.1175925925925926 0.5578125 0.04814814814814815 0.027083333333333334
0 0.23425925925925928 0.13125 0.07962962962962963 0.065625
0 0.4328703703703704 0.6203125 0.06759259259259259 0.052083333333333336
0 0.6125 0.7247395833333333 0.06018518518518519 0.0390625
0 0.7296296296296296 0.8049479166666667 0.05555555555555556 0.021354166666666667
0 0.7166666666666667 0.57265625 0.053703703703703705 0.033854166666666664
0 0.6791666666666667 0.5421875 0.058333333333333334 0.027083333333333334
0 0.9125000000000001 0.8013020833333333 0.03981481481481482 0.025520833333333333
0 0.5467592592592593 0.4731770833333333 0.06018518518518519 0.04739583333333333
0 0.4537037037037037 0.3770833333333333 0.11851851851851852 0.06458333333333333
0 0.5856481481481481 0.38984375 0.14537037037037037 0.09114583333333333
0 0.27731481481481485 0.17552083333333332 0.07314814814814816 0.05
0 0.7245370370370371 0.4544270833333333 0.15833333333333333 0.09635416666666667
0 0.43703703703703706 0.234375 0.08703703703703704 0.042708333333333334
0 0.412962962962963 0.031510416666666666 0.09814814814814815 0.059895833333333336
0 0.2064814814814815 0.03723958333333333 0.05740740740740741 0.0484375
0 0.7333333333333334 0.125 0.061111111111111116 0.06875
0 0.8032407407407408 0.11901041666666666 0.08425925925925926 0.07447916666666667
0 0.6921296296296297 0.03177083333333333 0.07685185185185185 0.041666666666666664
0 0.11805555555555557 0.6348958333333333 0.09722222222222222 0.058333333333333334
0 0.48379629629629634 0.5255208333333333 0.05092592592592593 0.029166666666666667
0 0.6763888888888889 0.25859375 0.025 0.025520833333333333
0 0.9532407407407407 0.38984375 0.0638888888888889 0.033854166666666664
