0 0.06898148148148149 0.8216145833333334 0.11388888888888889 0.0671875
0 0.5486111111111112 0.9588541666666667 0.062037037037037036 0.07708333333333334
0 0.4115740740740741 0.6229166666666667 0.09351851851851853 0.04791666666666666
0 0.3106481481481482 0.6380208333333334 0.10833333333333334 0.04583333333333333
0 0.32083333333333336 0.5638020833333334 0.06944444444444445 0.028645833333333332
0 0.08148148148148149 0.5588541666666667 0.044444444444444446 0.028125
0 0.5921296296296297 0.7255208333333333 0.06018518518518519 0.03958333333333333
0 0.7074074074074075 0.8059895833333334 0.05740740740740741 0.021354166666666667
0 0.6958333333333334 0.5723958333333333 0.05277777777777778 0.034375
0 0.6578703703703704 0.5427083333333333 0.058333333333333334 0.026041666666666668
0 0.5157407407407407 0.47265625 0.06481481481481481 0.0484375
0 0.40324074074074073 0.3755208333333333 0.11944444444444445 0.06145833333333333
0 0.5273148148148148 0.39010416666666664 0.14537037037037037 0.09375
0 0.23981481481481481 0.17291666666666666 0.07222222222222223 0.04791666666666666
0 0.1953703703703704 0.13177083333333334 0.0962962962962963 0.05625
0 0.6606481481481482 0.45807291666666666 0.1638888888888889 0.0953125
0 0.38472222222222224 0.23645833333333333 0.10277777777777779 0.04479166666666667
0 0.37453703703703706 0.03125 0.10462962962962963 0.059375
0 0.1736111111111111 0.033854166666666664 0.05277777777777778 0.04583333333333333
0 0.6986111111111112 0.12395833333333334 0.06018518518518519 0.06770833333333333
0 0.7648148148148148 0.11744791666666667 0.08148148148148149 0.07552083333333333
0 0.6560185185185186 0.029947916666666668 0.0787037037037037 0.04114583333333333
0 0.8875000000000001 0.7981770833333334 0.04351851851851852 0.025520833333333333
0 0.08055555555555556 0.6364583333333333 0.08888888888888889 0.052083333333333336
0 0.8212962962962963 0.37864583333333335 0.07962962962962963 0.053125
0 0.8212962962962963 0.37864583333333335 0.07962962962962963 0.053125
0 0.46481481481481485 0.5263020833333333 0.05185185185185186 0.027604166666666666
0 0.6703703703703704 0.2713541666666667 0.03333333333333333 0.01875
0 0.9666666666666667 0.7080729166666666 0.05185185185185186 0.022395833333333334
0 0.9268518518518519 0.39140625 0.06851851851851852 0.03697916666666667
