0 0.033796296296296297 0.8205729166666667 0.06574074074074074 0.08177083333333333
0 0.4990740740740741 0.9611979166666667 0.06296296296296297 0.07447916666666667
0 0.3625 0.6208333333333333 0.09351851851851853 0.052083333333333336
0 0.25787037037037036 0.63828125 0.10092592592592593 0.0453125
0 0.4689814814814815 0.47265625 0.06574074074074074 0.04739583333333333
0 0.28425925925925927 0.5619791666666667 0.06666666666666667 0.030208333333333334
0 0.675462962962963 0.49609375 0.05648148148148149 0.030729166666666665
0 0.5620370370370371 0.7263020833333333 0.05925925925925926 0.04010416666666666
0 0.6731481481481482 0.8075520833333333 0.05740740740740741 0.0234375
0 0.663425925925926 0.5721354166666667 0.05092592592592593 0.033854166666666664
0 0.6268518518518519 0.5419270833333333 0.05925925925925926 0.027604166666666666
0 0.33611111111111114 0.3723958333333333 0.11666666666666667 0.0625
0 0.44027777777777777 0.38697916666666665 0.14351851851851852 0.09479166666666666
0 0.18194444444444446 0.16510416666666666 0.06944444444444445 0.042708333333333334
0 0.1398148148148148 0.12291666666666666 0.09814814814814815 0.057291666666666664
0 0.6074074074074074 0.45677083333333335 0.19814814814814816 0.09895833333333333
0 0.3175925925925926 0.23645833333333333 0.10370370370370371 0.04895833333333333
0 0.31527777777777777 0.028645833333333332 0.10462962962962963 0.052083333333333336
0 0.6550925925925927 0.11901041666666666 0.0712962962962963 0.06927083333333334
0 0.6046296296296296 0.022916666666666665 0.08148148148148149 0.040625
0 0.3351851851851852 0.9601562499999999 0.06296296296296297 0.0328125
0 0.7694444444444445 0.37864583333333335 0.09814814814814815 0.05625
0 0.7694444444444445 0.37864583333333335 0.09814814814814815 0.05625
0 0.4342592592592593 0.52421875 0.05185185185185186 0.030729166666666665
0 0.6569444444444444 0.3091145833333333 0.032407407407407406 0.025520833333333333
0 0.9282407407407408 0.7161458333333334 0.06018518518518519 0.03125
0 0.887962962962963 0.3893229166666667 0.06851851851851852 0.0359375
0 0.9638888888888889 0.2890625 0.07222222222222223 0.03229166666666666
