0 0.02777777777777778 0.8161458333333333 0.053703703703703705 0.07604166666666666
0 0.3425925925925926 0.6208333333333333 0.09814814814814815 0.05416666666666667
0 0.48240740740740745 0.9619791666666666 0.06666666666666667 0.071875
0 0.23750000000000002 0.6385416666666667 0.10277777777777779 0.04583333333333333
0 0.26851851851851855 0.5588541666666667 0.06666666666666667 0.030208333333333334
0 0.5509259259259259 0.7260416666666667 0.05925925925925926 0.040625
0 0.6620370370370371 0.8067708333333333 0.05555555555555556 0.022916666666666665
0 0.6490740740740741 0.571875 0.0462962962962963 0.03333333333333333
0 0.6148148148148148 0.5411458333333333 0.06296296296296297 0.028125
0 0.950462962962963 0.34348958333333335 0.05092592592592593 0.04739583333333333
0 0.45092592592592595 0.47291666666666665 0.06296296296296297 0.046875
0 0.30694444444444446 0.37109375 0.11018518518518519 0.0640625
0 0.40694444444444444 0.38515625 0.14166666666666666 0.09427083333333333
0 0.16064814814814815 0.16223958333333333 0.06944444444444445 0.0421875
0 0.11898148148148148 0.11927083333333333 0.09907407407407408 0.05520833333333333
0 0.5555555555555556 0.459375 0.18703703703703706 0.08854166666666667
0 0.2898148148148148 0.23307291666666666 0.10185185185185186 0.0453125
0 0.2925925925925926 0.02734375 0.10370370370370371 0.049479166666666664
0 0.6328703703703704 0.11770833333333333 0.06574074074074074 0.06770833333333333
0 0.5819444444444445 0.02109375 0.075 0.03802083333333333
0 0.31851851851851853 0.9604166666666667 0.06666666666666667 0.03229166666666666
0 0.7569444444444444 0.3776041666666667 0.09537037037037037 0.057291666666666664
0 0.7569444444444444 0.3776041666666667 0.09537037037037037 0.057291666666666664
0 0.4240740740740741 0.5247395833333334 0.05 0.03177083333333333
0 0.6462962962962964 0.31484375 0.02962962962962963 0.0203125
0 0.9226851851851853 0.7161458333333334 0.049074074074074076 0.03229166666666666
0 0.8717592592592593 0.3888020833333333 0.06759259259259259 0.034895833333333334
0 0.9518518518518518 0.2877604166666667 0.07777777777777778 0.033854166666666664
