0 0.3078703703703704 0.621875 0.09537037037037037 0.05416666666666667
0 0.44953703703703707 0.96875 0.0638888888888889 0.06145833333333333
0 0.19814814814814816 0.6388020833333333 0.10370370370370371 0.04635416666666667
0 0.25324074074074077 0.5575520833333333 0.04351851851851852 0.0296875
0 0.6763888888888889 0.10130208333333333 0.07314814814814816 0.07447916666666667
0 0.5314814814814816 0.7268229166666667 0.05925925925925926 0.04010416666666666
0 0.6398148148148148 0.8078124999999999 0.05740740740740741 0.022916666666666665
0 0.41944444444444445 0.47161458333333334 0.06296296296296297 0.04739583333333333
0 0.2476851851851852 0.371875 0.09722222222222222 0.06145833333333333
0 0.3421296296296296 0.38359375 0.13240740740740742 0.09635416666666667
0 0.12083333333333333 0.15546875 0.0712962962962963 0.034895833333333334
0 0.07824074074074075 0.11458333333333333 0.10092592592592593 0.05625
0 0.4898148148148148 0.45598958333333334 0.1851851851851852 0.0890625
0 0.2337962962962963 0.22994791666666667 0.11388888888888889 0.04635416666666667
0 0.25 0.024479166666666666 0.10555555555555556 0.04479166666666667
0 0.287962962962963 0.9601562499999999 0.06666666666666667 0.030729166666666665
0 0.7277777777777779 0.37604166666666666 0.09444444444444444 0.057291666666666664
0 0.7277777777777779 0.37604166666666666 0.09444444444444444 0.057291666666666664
0 0.40185185185185185 0.5231770833333333 0.05 0.030729166666666665
0 0.5833333333333334 0.3307291666666667 0.037037037037037035 0.014583333333333334
0 0.7490740740740741 0.5625 0.0462962962962963 0.03958333333333333
0 0.8935185185185186 0.7161458333333334 0.06296296296296297 0.0375
0 0.9657407407407408 0.65390625 0.06851851851851852 0.0328125
0 0.8449074074074074 0.3880208333333333 0.06574074074074074 0.040625
0 0.9180555555555556 0.34401041666666665 0.0638888888888889 0.0484375
0 0.925462962962963 0.2859375 0.0787037037037037 0.034375
