0 0.2574074074074074 0.6221354166666666 0.1 0.05572916666666666
0 0.39490740740740743 0.9734375 0.062037037037037036 0.05416666666666667
0 0.5675925925925926 0.5388020833333333 0.053703703703703705 0.034895833333333334
0 0.14074074074074075 0.6395833333333333 0.10555555555555556 0.04583333333333333
0 0.2101851851851852 0.5588541666666667 0.053703703703703705 0.03125
0 0.5018518518518519 0.7270833333333333 0.05925925925925926 0.040625
0 0.6087962962962963 0.10625 0.08981481481481482 0.08229166666666667
0 0.6046296296296296 0.8078124999999999 0.05555555555555556 0.025
0 0.6189814814814815 0.4895833333333333 0.04537037037037037 0.029166666666666667
0 0.5995370370370371 0.5729166666666666 0.04722222222222222 0.034375
0 0.17407407407407408 0.3690104166666667 0.1 0.059895833333333336
0 0.22592592592592595 0.38177083333333334 0.10370370370370371 0.09375
0 0.03564814814814815 0.11171874999999999 0.06944444444444445 0.0609375
0 0.40046296296296297 0.44947916666666665 0.17685185185185187 0.1
0 0.15462962962962964 0.23359375 0.11111111111111112 0.05572916666666666
0 0.18888888888888888 0.023697916666666666 0.10185185185185186 0.044270833333333336
0 0.2449074074074074 0.9635416666666666 0.06759259259259259 0.03333333333333333
0 0.6833333333333333 0.3768229166666667 0.0925925925925926 0.05677083333333333
0 0.6833333333333333 0.3768229166666667 0.0925925925925926 0.05677083333333333
0 0.37083333333333335 0.5229166666666667 0.04537037037037037 0.03125
0 0.7064814814814815 0.5630208333333333 0.053703703703703705 0.03854166666666667
0 0.8569444444444445 0.71796875 0.06759259259259259 0.0359375
0 0.9351851851851852 0.6546875 0.07407407407407407 0.03229166666666666
0 0.7921296296296296 0.3880208333333333 0.05277777777777778 0.0375
0 0.8666666666666667 0.3458333333333333 0.08148148148148149 0.05
0 0.8861111111111112 0.28932291666666665 0.08148148148148149 0.04010416666666666
