0 0.7444444444444445 0.6221354166666666 0.1 0.05572916666666666
0 0.6074074074074074 0.9731770833333333 0.06296296296296297 0.05364583333333333
0 0.4342592592592593 0.5388020833333333 0.053703703703703705 0.034895833333333334
0 0.8611111111111112 0.6395833333333333 0.10555555555555556 0.04583333333333333
0 0.7916666666666667 0.5588541666666667 0.053703703703703705 0.03125
0 0.5 0.7270833333333333 0.05925925925925926 0.040625
0 0.39305555555555555 0.10625 0.08981481481481482 0.08229166666666667
0 0.39722222222222225 0.8078124999999999 0.05555555555555556 0.025
0 0.38287037037037036 0.4895833333333333 0.04537037037037037 0.029166666666666667
0 0.40231481481481485 0.5729166666666666 0.04722222222222222 0.034375
0 0.8277777777777778 0.3690104166666667 0.1 0.059895833333333336
0 0.7759259259259259 0.38177083333333334 0.10370370370370371 0.09375
0 0.9657407407407408 0.11197916666666667 0.06851851851851852 0.06145833333333333
0 0.6013888888888889 0.44947916666666665 0.17685185185185187 0.1
0 0.8472222222222222 0.23359375 0.11111111111111112 0.05572916666666666
0 0.812962962962963 0.023697916666666666 0.10185185185185186 0.044270833333333336
0 0.7569444444444444 0.9635416666666666 0.06759259259259259 0.03333333333333333
0 0.31851851851851853 0.3768229166666667 0.0925925925925926 0.05677083333333333
0 0.31851851851851853 0.3768229166666667 0.0925925925925926 0.05677083333333333
0 0.6310185185185185 0.5229166666666667 0.04537037037037037 0.03125
0 0.2953703703703704 0.5630208333333333 0.053703703703703705 0.03854166666666667
0 0.1449074074074074 0.71796875 0.06759259259259259 0.0359375
0 0.06666666666666667 0.6546875 0.07407407407407407 0.03229166666666666
0 0.20972222222222223 0.3880208333333333 0.05277777777777778 0.0375
0 0.13518518518518519 0.3458333333333333 0.08148148148148149 0.05
0 0.11574074074074074 0.28932291666666665 0.08148148148148149 0.04010416666666666
