0 0.33981481481481485 0.9752604166666666 0.06481481481481481 0.050520833333333334
0 0.0837962962962963 0.6421875 0.11203703703703705 0.04583333333333333
0 0.20324074074074075 0.6216145833333333 0.10092592592592593 0.0515625
0 0.16666666666666669 0.5606770833333333 0.05555555555555556 0.028645833333333332
0 0.5430555555555556 0.5408854166666667 0.032407407407407406 0.027604166666666666
0 0.1300925925925926 0.37838541666666664 0.11018518518518519 0.07864583333333333
0 0.46574074074074073 0.72890625 0.06481481481481481 0.0421875
0 0.5685185185185185 0.8091145833333333 0.05925925925925926 0.027604166666666666
0 0.5018518518518519 0.3072916666666667 0.0462962962962963 0.029166666666666667
0 0.31574074074074077 0.45 0.1851851851851852 0.10625
0 0.12407407407407407 0.02421875 0.10740740740740741 0.0453125
0 0.5356481481481482 0.11171874999999999 0.11018518518518519 0.07447916666666667
0 0.5689814814814815 0.49322916666666666 0.06574074074074074 0.036458333333333336
0 0.19722222222222224 0.9671875 0.05925925925925926 0.03333333333333333
0 0.6342592592592593 0.378125 0.09074074074074075 0.05625
0 0.6342592592592593 0.378125 0.09074074074074075 0.05625
0 0.5662037037037038 0.30234375 0.05462962962962963 0.030729166666666665
0 0.6638888888888889 0.5643229166666667 0.06296296296296297 0.04010416666666666
0 0.7527777777777778 0.7411458333333333 0.06666666666666667 0.021875
0 0.8199074074074074 0.7184895833333333 0.06759259259259259 0.034895833333333334
0 0.8986111111111111 0.6559895833333333 0.07314814814814816 0.030729166666666665
0 0.7486111111111111 0.38828125 0.04537037037037037 0.03697916666666667
0 0.8194444444444445 0.34765625 0.08333333333333334 0.049479166666666664
0 0.8393518518518519 0.29375 0.08055555555555556 0.04479166666666667
0 0.9666666666666667 0.2591145833333333 0.06666666666666667 0.0515625
