0 0.32222222222222224 0.9755208333333333 0.06666666666666667 0.04895833333333333
0 0.061111111111111116 0.6432291666666666 0.11296296296296297 0.04583333333333333
0 0.1837962962962963 0.6231770833333333 0.10648148148148148 0.0515625
0 0.1527777777777778 0.5614583333333333 0.05555555555555556 0.028125
0 0.5240740740740741 0.5408854166666667 0.044444444444444446 0.0328125
0 0.10185185185185186 0.3755208333333333 0.12407407407407407 0.07083333333333333
0 0.27546296296296297 0.44947916666666665 0.1787037037037037 0.103125
0 0.5180555555555556 0.11510416666666666 0.09351851851851853 0.06666666666666667
0 0.45601851851851855 0.7291666666666666 0.062037037037037036 0.041666666666666664
0 0.5518518518518519 0.8098958333333334 0.05185185185185186 0.027083333333333334
0 0.10138888888888889 0.02395833333333333 0.10462962962962963 0.04479166666666667
0 0.5574074074074075 0.49374999999999997 0.06481481481481481 0.036458333333333336
0 0.18101851851851852 0.9671875 0.05648148148148149 0.03125
0 0.6185185185185186 0.378125 0.09074074074074075 0.05625
0 0.6185185185185186 0.378125 0.09074074074074075 0.05625
0 0.5509259259259259 0.30234375 0.05555555555555556 0.030729166666666665
0 0.4842592592592593 0.30755208333333334 0.05185185185185186 0.028645833333333332
0 0.6518518518518519 0.5645833333333333 0.061111111111111116 0.03958333333333333
0 0.7416666666666667 0.7427083333333333 0.06666666666666667 0.02395833333333333
0 0.8083333333333333 0.7190104166666667 0.06666666666666667 0.033854166666666664
0 0.8870370370370371 0.65625 0.07222222222222223 0.030208333333333334
0 0.7342592592592593 0.3911458333333333 0.044444444444444446 0.03333333333333333
0 0.8037037037037037 0.3481770833333333 0.08703703703703704 0.049479166666666664
0 0.825925925925926 0.2950520833333333 0.07962962962962963 0.04635416666666667
0 0.9597222222222223 0.2583333333333333 0.08055555555555556 0.05416666666666667
