0 0.3050925925925926 0.9760416666666667 0.06574074074074074 0.04791666666666666
0 0.17685185185185187 0.6260416666666666 0.08518518518518518 0.04895833333333333
0 0.053703703703703705 0.64375 0.10555555555555556 0.046875
0 0.14027777777777778 0.5606770833333333 0.05462962962962963 0.0265625
0 0.06574074074074074 0.37578125 0.12037037037037038 0.0671875
0 0.4467592592592593 0.7294270833333333 0.06574074074074074 0.0421875
0 0.5388888888888889 0.8109375 0.0462962962962963 0.026041666666666668
0 0.3055555555555556 0.6973958333333333 0.05 0.03333333333333333
0 0.5083333333333333 0.54140625 0.05185185185185186 0.03177083333333333
0 0.24027777777777778 0.45026041666666666 0.17500000000000002 0.1046875
0 0.07962962962962963 0.0265625 0.10185185185185186 0.04895833333333333
0 0.4986111111111111 0.11614583333333334 0.09907407407407408 0.057291666666666664
0 0.5449074074074074 0.4940104166666667 0.06574074074074074 0.03697916666666667
0 0.16620370370370371 0.9679687499999999 0.05277777777777778 0.03177083333333333
0 0.6023148148148149 0.37838541666666664 0.09166666666666667 0.05677083333333333
0 0.6023148148148149 0.37838541666666664 0.09166666666666667 0.05677083333333333
0 0.5361111111111111 0.3028645833333333 0.053703703703703705 0.030729166666666665
0 0.4712962962962963 0.30755208333333334 0.05 0.028645833333333332
0 0.637962962962963 0.56484375 0.06481481481481481 0.04010416666666666
0 0.7314814814814815 0.7434895833333334 0.06851851851851852 0.027604166666666666
0 0.7962962962962963 0.7190104166666667 0.06666666666666667 0.033854166666666664
0 0.875925925925926 0.65625 0.07222222222222223 0.030208333333333334
0 0.9740740740740741 0.8018229166666666 0.05185185185185186 0.03802083333333333
0 0.9328703703703705 0.7479166666666667 0.05648148148148149 0.03333333333333333
0 0.7212962962962963 0.396875 0.05185185185185186 0.028125
0 0.7898148148148149 0.3481770833333333 0.08703703703703704 0.0484375
0 0.8120370370370371 0.29583333333333334 0.07962962962962963 0.046875
0 0.9518518518518518 0.2583333333333333 0.0962962962962963 0.05416666666666667
