0 0.28703703703703703 0.9765625 0.06481481481481481 0.04583333333333333
0 0.1638888888888889 0.6247395833333333 0.07407407407407407 0.05260416666666667
0 0.04537037037037037 0.6447916666666667 0.08888888888888889 0.046875
0 0.4393518518518519 0.7299479166666667 0.06018518518518519 0.04114583333333333
0 0.525462962962963 0.8117187499999999 0.04351851851851852 0.025520833333333333
0 0.4967592592592593 0.54140625 0.049074074074074076 0.03177083333333333
0 0.20555555555555557 0.4505208333333333 0.18333333333333335 0.10625
0 0.47824074074074074 0.11588541666666667 0.10092592592592593 0.05677083333333333
0 0.5333333333333333 0.49453125 0.06481481481481481 0.03697916666666667
0 0.15185185185185185 0.96875 0.05 0.03125
0 0.5865740740740741 0.37890625 0.09166666666666667 0.05677083333333333
0 0.5865740740740741 0.37890625 0.09166666666666667 0.05677083333333333
0 0.2949074074074074 0.6981770833333333 0.05092592592592593 0.030729166666666665
0 0.5194444444444445 0.3028645833333333 0.05555555555555556 0.030729166666666665
0 0.4569444444444445 0.3072916666666667 0.04722222222222222 0.028125
0 0.625925925925926 0.5651041666666666 0.06481481481481481 0.03958333333333333
0 0.7212962962962963 0.7453125 0.07037037037037037 0.030208333333333334
0 0.7856481481481482 0.7200520833333334 0.06759259259259259 0.033854166666666664
0 0.8638888888888889 0.6567708333333333 0.07222222222222223 0.030208333333333334
0 0.9708333333333333 0.80234375 0.058333333333333334 0.03802083333333333
0 0.9212962962962963 0.7489583333333333 0.06296296296296297 0.030208333333333334
0 0.7273148148148149 0.3963541666666667 0.0787037037037037 0.028125
0 0.7759259259259259 0.3484375 0.08518518518518518 0.04895833333333333
0 0.7972222222222223 0.29635416666666664 0.07962962962962963 0.04791666666666666
0 0.9430555555555556 0.259375 0.10833333333333334 0.05416666666666667
