0 0.7148148148148148 0.9765625 0.06481481481481481 0.04583333333333333
0 0.837962962962963 0.6247395833333333 0.07407407407407407 0.05260416666666667
0 0.9560185185185186 0.6450520833333333 0.08796296296296297 0.04739583333333333
0 0.5625 0.7299479166666667 0.06018518518518519 0.04114583333333333
0 0.4763888888888889 0.8117187499999999 0.04351851851851852 0.025520833333333333
0 0.5050925925925926 0.54140625 0.049074074074074076 0.03177083333333333
0 0.7962962962962963 0.4505208333333333 0.18333333333333335 0.10625
0 0.5236111111111111 0.11588541666666667 0.10092592592592593 0.05677083333333333
0 0.46851851851851856 0.49453125 0.06481481481481481 0.03697916666666667
0 0.85 0.96875 0.05 0.03125
0 0.4152777777777778 0.37890625 0.09166666666666667 0.05677083333333333
0 0.4152777777777778 0.37890625 0.09166666666666667 0.05677083333333333
0 0.7069444444444445 0.6981770833333333 0.05092592592592593 0.030729166666666665
0 0.48240740740740745 0.3028645833333333 0.05555555555555556 0.030729166666666665
0 0.5449074074074074 0.3072916666666667 0.04722222222222222 0.028125
0 0.37592592592592594 0.5651041666666666 0.06481481481481481 0.03958333333333333
0 0.28055555555555556 0.7453125 0.07037037037037037 0.030208333333333334
0 0.2162037037037037 0.7200520833333334 0.06759259259259259 0.033854166666666664
0 0.13796296296296298 0.6567708333333333 0.07222222222222223 0.030208333333333334
0 0.031018518518518518 0.80234375 0.058333333333333334 0.03802083333333333
0 0.08055555555555556 0.7489583333333333 0.06296296296296297 0.030208333333333334
0 0.274537037037037 0.3963541666666667 0.0787037037037037 0.028125
0 0.22592592592592595 0.3484375 0.08518518518518518 0.04895833333333333
0 0.20462962962962963 0.29635416666666664 0.07962962962962963 0.04791666666666666
0 0.0587962962962963 0.259375 0.10833333333333334 0.05416666666666667
