0 0.750462962962963 0.9778645833333334 0.06759259259259259 0.044270833333333336
0 0.9726851851851852 0.64375 0.05462962962962963 0.03958333333333333
0 0.8722222222222222 0.6276041666666666 0.07222222222222223 0.05625
0 0.5828703703703704 0.7317708333333334 0.062037037037037036 0.040625
0 0.5300925925925926 0.5424479166666667 0.04351851851851852 0.03177083333333333
0 0.7407407407407408 0.4734375 0.06851851851851852 0.03125
0 0.8541666666666667 0.45260416666666664 0.2064814814814815 0.10625
0 0.5648148148148149 0.11744791666666667 0.1 0.057812499999999996
0 0.4939814814814815 0.49505208333333334 0.06574074074074074 0.03697916666666667
0 0.8805555555555555 0.9718749999999999 0.0462962962962963 0.03333333333333333
0 0.4467592592592593 0.37994791666666666 0.09166666666666667 0.05677083333333333
0 0.4467592592592593 0.37994791666666666 0.09166666666666667 0.05677083333333333
0 0.7287037037037037 0.6979166666666666 0.053703703703703705 0.03229166666666666
0 0.5125000000000001 0.3028645833333333 0.05277777777777778 0.030729166666666665
0 0.5731481481481482 0.3067708333333333 0.044444444444444446 0.026041666666666668
0 0.7412037037037037 0.33125 0.058333333333333334 0.035416666666666666
0 0.40092592592592596 0.5658854166666667 0.06296296296296297 0.0390625
0 0.30648148148148147 0.7486979166666666 0.07222222222222223 0.033854166666666664
0 0.23981481481481481 0.7205729166666667 0.06666666666666667 0.033854166666666664
0 0.1615740740740741 0.6578125 0.0712962962962963 0.029166666666666667
0 0.050462962962962966 0.8028645833333333 0.06018518518518519 0.03697916666666667
0 0.09166666666666667 0.7489583333333333 0.04814814814814815 0.034375
0 0.30185185185185187 0.39348958333333334 0.07962962962962963 0.028645833333333332
0 0.25462962962962965 0.34869791666666666 0.08518518518518518 0.049479166666666664
0 0.23333333333333334 0.29270833333333335 0.07592592592592592 0.041666666666666664
0 0.08842592592592594 0.2596354166666667 0.10277777777777779 0.05364583333333333
0 0.03333333333333333 0.2622395833333333 0.06296296296296297 0.04739583333333333
