0 0.23240740740740742 0.9786458333333333 0.06481481481481481 0.041666666666666664
0 0.10925925925925926 0.6265625 0.07407407407407407 0.05520833333333333
0 0.40555555555555556 0.7315104166666666 0.05925925925925926 0.04114583333333333
0 0.45925925925925926 0.5427083333333333 0.040740740740740744 0.03229166666666666
0 0.2425925925925926 0.4747395833333333 0.08333333333333334 0.028645833333333332
0 0.1087962962962963 0.44947916666666665 0.19907407407407407 0.103125
0 0.41574074074074074 0.1171875 0.1 0.057291666666666664
0 0.4949074074074074 0.49557291666666664 0.06759259259259259 0.03697916666666667
0 0.11157407407407408 0.9713541666666666 0.04722222222222222 0.029166666666666667
0 0.5398148148148149 0.3807291666666667 0.0925925925925926 0.059375
0 0.5398148148148149 0.3807291666666667 0.0925925925925926 0.059375
0 0.26157407407407407 0.6979166666666666 0.05462962962962963 0.03333333333333333
0 0.47314814814814815 0.3028645833333333 0.05555555555555556 0.030729166666666665
0 0.41435185185185186 0.3065104166666667 0.04351851851851852 0.025520833333333333
0 0.24722222222222223 0.3307291666666667 0.053703703703703705 0.035416666666666666
0 0.5884259259259259 0.5661458333333333 0.062037037037037036 0.03958333333333333
0 0.688425925925926 0.7502604166666667 0.0638888888888889 0.03697916666666667
0 0.750462962962963 0.7213541666666666 0.06574074074074074 0.034375
0 0.8282407407407407 0.6578125 0.06944444444444445 0.029166666666666667
0 0.9398148148148149 0.8033854166666666 0.061111111111111116 0.0359375
0 0.899537037037037 0.7481770833333333 0.04722222222222222 0.0359375
0 0.6875 0.39348958333333334 0.07685185185185185 0.0296875
0 0.7333333333333334 0.34921875 0.08518518518518518 0.049479166666666664
0 0.7555555555555555 0.29244791666666664 0.07592592592592592 0.0421875
0 0.8981481481481481 0.2598958333333333 0.10185185185185186 0.05416666666666667
0 0.9550925925925926 0.26197916666666665 0.06574074074074074 0.04583333333333333
