0 0.2162037037037037 0.9815104166666666 0.06574074074074074 0.03802083333333333
0 0.08657407407407408 0.45 0.1712962962962963 0.109375
0 0.09212962962962963 0.628125 0.07314814814814816 0.05625
0 0.3939814814814815 0.73203125 0.06018518518518519 0.04114583333333333
0 0.4476851851851852 0.5427083333333333 0.03796296296296296 0.03229166666666666
0 0.2300925925925926 0.4791666666666667 0.07685185185185185 0.03333333333333333
0 0.39583333333333337 0.11796875 0.10277777777777779 0.05572916666666666
0 0.4842592592592593 0.49505208333333334 0.06666666666666667 0.0359375
0 0.10046296296296296 0.9729166666666667 0.049074074074074076 0.029166666666666667
0 0.5259259259259259 0.38046875 0.09074074074074075 0.058854166666666666
0 0.5259259259259259 0.38046875 0.09074074074074075 0.058854166666666666
0 0.2513888888888889 0.6973958333333333 0.05462962962962963 0.034375
0 0.45833333333333337 0.303125 0.053703703703703705 0.030208333333333334
0 0.40185185185185185 0.30625 0.04259259259259259 0.025
0 0.23750000000000002 0.3325520833333333 0.05462962962962963 0.0328125
0 0.575925925925926 0.56640625 0.06296296296296297 0.0390625
0 0.6768518518518519 0.7541666666666667 0.061111111111111116 0.03854166666666667
0 0.7384259259259259 0.721875 0.06574074074074074 0.034375
0 0.8175925925925926 0.6583333333333333 0.07037037037037037 0.029166666666666667
0 0.9300925925925926 0.8041666666666667 0.062037037037037036 0.035416666666666666
0 0.888888888888889 0.75 0.05 0.034375
0 0.674537037037037 0.3932291666666667 0.0787037037037037 0.03125
0 0.7199074074074074 0.34921875 0.08425925925925926 0.049479166666666664
0 0.7412037037037037 0.29270833333333335 0.075 0.042708333333333334
0 0.8842592592592593 0.2596354166666667 0.1 0.05364583333333333
0 0.9402777777777778 0.2625 0.06574074074074074 0.04583333333333333
0 0.9782407407407407 0.20182291666666666 0.04351851851851852 0.05572916666666666
