0 0.19814814814814816 0.9838541666666667 0.06481481481481481 0.03125
0 0.06342592592592593 0.565625 0.06018518518518519 0.035416666666666666
0 0.07592592592592592 0.6283854166666667 0.07222222222222223 0.05677083333333333
0 0.07037037037037037 0.45 0.1388888888888889 0.09895833333333333
0 0.38472222222222224 0.7322916666666667 0.062037037037037036 0.041666666666666664
0 0.4361111111111111 0.5424479166666667 0.037037037037037035 0.03177083333333333
0 0.21481481481481482 0.48151041666666666 0.07222222222222223 0.0359375
0 0.375 0.11875 0.10370370370370371 0.05416666666666667
0 0.4712962962962963 0.49583333333333335 0.06851851851851852 0.035416666666666666
0 0.09444444444444444 0.975 0.053703703703703705 0.03229166666666666
0 0.5087962962962963 0.3802083333333333 0.08981481481481482 0.057291666666666664
0 0.23935185185185187 0.6971354166666667 0.058333333333333334 0.034895833333333334
0 0.44212962962962965 0.3028645833333333 0.05462962962962963 0.0296875
0 0.38842592592592595 0.30546875 0.03981481481481482 0.024479166666666666
0 0.23055555555555557 0.33046875 0.044444444444444446 0.0359375
0 0.5638888888888889 0.5666666666666667 0.06296296296296297 0.03958333333333333
0 0.6606481481481482 0.75625 0.062037037037037036 0.03958333333333333
0 0.7273148148148149 0.721875 0.06574074074074074 0.034375
0 0.8050925925925926 0.6583333333333333 0.06944444444444445 0.029166666666666667
0 0.8833333333333334 0.8807291666666667 0.044444444444444446 0.03958333333333333
0 0.9194444444444445 0.8057291666666666 0.05925925925925926 0.0375
0 0.8791666666666667 0.75 0.05092592592592593 0.034375
0 0.6643518518518519 0.3924479166666667 0.06944444444444445 0.030729166666666665
0 0.7074074074074075 0.3489583333333333 0.08333333333333334 0.05
0 0.7287037037037037 0.29192708333333334 0.07407407407407407 0.043229166666666666
0 0.8694444444444445 0.259375 0.09814814814814815 0.05416666666666667
0 0.9240740740740742 0.2622395833333333 0.06481481481481481 0.04635416666666667
0 0.9722222222222222 0.19921875 0.05555555555555556 0.059895833333333336
