0 0.14907407407407408 0.98515625 0.06666666666666667 0.028645833333333332
0 0.030555555555555558 0.63125 0.05555555555555556 0.057291666666666664
0 0.34953703703703703 0.73046875 0.062037037037037036 0.03697916666666667
0 0.39722222222222225 0.5434895833333333 0.02962962962962963 0.030729166666666665
0 0.16481481481481483 0.4770833333333333 0.08888888888888889 0.04791666666666666
0 0.31712962962962965 0.1015625 0.09166666666666667 0.07916666666666666
0 0.22268518518518518 0.016927083333333332 0.08055555555555556 0.028645833333333332
0 0.4328703703703704 0.4953125 0.06759259259259259 0.034375
0 0.45925925925925926 0.3796875 0.09074074074074075 0.057291666666666664
0 0.20555555555555557 0.6984375 0.05555555555555556 0.035416666666666666
0 0.3907407407407408 0.3033854166666667 0.04814814814814815 0.025520833333333333
0 0.3388888888888889 0.3052083333333333 0.031481481481481485 0.022916666666666665
0 0.12916666666666668 0.5143229166666666 0.04722222222222222 0.0296875
0 0.19722222222222224 0.3325520833333333 0.04814814814814815 0.03177083333333333
0 0.20046296296296298 0.29583333333333334 0.05092592592592593 0.030208333333333334
0 0.524537037037037 0.5674479166666666 0.062037037037037036 0.0390625
0 0.6212962962962963 0.753125 0.06481481481481481 0.034375
0 0.6921296296296297 0.7231770833333333 0.06574074074074074 0.034895833333333334
0 0.7680555555555556 0.6588541666666666 0.06759259259259259 0.029166666666666667
0 0.8435185185185186 0.8760416666666666 0.05740740740740741 0.04375
0 0.8875000000000001 0.8067708333333333 0.05462962962962963 0.0375
0 0.850462962962963 0.7505208333333333 0.058333333333333334 0.03229166666666666
0 0.625462962962963 0.3919270833333333 0.06574074074074074 0.0265625
0 0.6620370370370371 0.3481770833333333 0.08333333333333334 0.049479166666666664
0 0.6842592592592592 0.29140625 0.07222222222222223 0.0421875
0 0.8189814814814815 0.2583333333333333 0.09722222222222222 0.05416666666666667
0 0.8740740740740741 0.2609375 0.061111111111111116 0.04583333333333333
0 0.9449074074074074 0.19609375 0.09351851851851853 0.06197916666666667
0 0.7384259259259259 0.81015625 0.04351851851851852 0.0390625
