0 0.8893518518518518 0.9854166666666666 0.06574074074074074 0.028125
0 0.675462962962963 0.7283854166666667 0.0638888888888889 0.028645833333333332
0 0.9 0.51953125 0.05185185185185186 0.0359375
0 0.8250000000000001 0.33203125 0.053703703703703705 0.0296875
0 0.8689814814814815 0.47682291666666665 0.08796296296296297 0.0484375
0 0.825462962962963 0.29713541666666665 0.05648148148148149 0.03697916666666667
0 0.5018518518518519 0.5674479166666666 0.05925925925925926 0.04010416666666666
0 0.4013888888888889 0.74765625 0.058333333333333334 0.028645833333333332
0 0.3314814814814815 0.72265625 0.06296296296296297 0.03802083333333333
0 0.2574074074074074 0.659375 0.06481481481481481 0.03229166666666666
0 0.17962962962962964 0.87734375 0.061111111111111116 0.044270833333333336
0 0.13703703703703704 0.8067708333333333 0.05185185185185186 0.03958333333333333
0 0.7398148148148148 0.10026041666666667 0.11851851851851852 0.08177083333333333
0 0.16898148148148148 0.75 0.05648148148148149 0.03333333333333333
0 0.8212962962962963 0.01484375 0.07592592592592592 0.0265625
0 0.32731481481481484 0.8117187499999999 0.04722222222222222 0.03802083333333333
0 0.40740740740740744 0.3919270833333333 0.06481481481481481 0.0328125
0 0.3685185185185185 0.3481770833333333 0.07777777777777778 0.0515625
0 0.34814814814814815 0.2911458333333333 0.07037037037037037 0.04375
0 0.5935185185185186 0.4953125 0.06851851851851852 0.034375
0 0.21435185185185185 0.25729166666666664 0.09537037037037037 0.05520833333333333
0 0.575462962962963 0.37916666666666665 0.09166666666666667 0.058333333333333334
0 0.15833333333333333 0.2609375 0.05555555555555556 0.04895833333333333
0 0.8180555555555555 0.6997395833333333 0.05277777777777778 0.03177083333333333
0 0.08425925925925926 0.19557291666666665 0.09444444444444444 0.0640625
0 0.6930555555555555 0.30390625 0.025 0.022395833333333334
0 0.027314814814814816 0.42421875 0.05092592592592593 0.0453125
0 0.2814814814814815 0.8104166666666667 0.04259259259259259 0.03854166666666667
