0 0.08935185185185185 0.9864583333333333 0.05462962962962963 0.027083333333333334
0 0.31527777777777777 0.7283854166666667 0.06574074074074074 0.025520833333333333
0 0.11666666666666667 0.4765625 0.08888888888888889 0.04895833333333333
0 0.24074074074074076 0.10026041666666667 0.11851851851851852 0.0828125
0 0.16018518518518518 0.014322916666666666 0.07407407407407407 0.025520833333333333
0 0.6662037037037037 0.8117187499999999 0.04722222222222222 0.0390625
0 0.39537037037037037 0.49505208333333334 0.06851851851851852 0.0359375
0 0.41064814814814815 0.37916666666666665 0.09166666666666667 0.057291666666666664
0 0.17175925925925928 0.7002604166666666 0.05092592592592593 0.03177083333333333
0 0.08750000000000001 0.5192708333333333 0.05092592592592593 0.035416666666666666
0 0.16296296296296298 0.33125 0.0462962962962963 0.035416666666666666
0 0.16620370370370371 0.29713541666666665 0.058333333333333334 0.0359375
0 0.4847222222222222 0.5677083333333334 0.06018518518518519 0.03958333333333333
0 0.5902777777777778 0.75390625 0.06944444444444445 0.033854166666666664
0 0.6574074074074074 0.7231770833333333 0.06481481481481481 0.0359375
0 0.7314814814814815 0.659375 0.06666666666666667 0.029166666666666667
0 0.7314814814814815 0.659375 0.06666666666666667 0.029166666666666667
0 0.8092592592592593 0.8770833333333333 0.05740740740740741 0.04583333333333333
0 0.8523148148148149 0.8065104166666667 0.05092592592592593 0.03802083333333333
0 0.8222222222222223 0.7510416666666666 0.05740740740740741 0.03229166666666666
0 0.5773148148148148 0.3919270833333333 0.07685185185185185 0.0265625
0 0.6189814814814815 0.34765625 0.08240740740740742 0.049479166666666664
0 0.638888888888889 0.2911458333333333 0.07037037037037037 0.04375
0 0.7717592592592593 0.25755208333333335 0.09537037037037037 0.05364583333333333
0 0.825462962962963 0.26067708333333334 0.062037037037037036 0.0453125
0 0.9018518518518519 0.1953125 0.0962962962962963 0.0625
0 0.9018518518518519 0.1953125 0.0962962962962963 0.0625
0 0.9018518518518519 0.1953125 0.0962962962962963 0.0625
0 0.2949074074074074 0.30442708333333335 0.021296296296296296 0.022395833333333334
0 0.9675925925925927 0.4244791666666667 0.06481481481481481 0.04375
0 0.9750000000000001 0.15442708333333333 0.05 0.05260416666666667
0 0.9717592592592593 0.17395833333333333 0.05648148148148149 0.05
0 0.975925925925926 0.23619791666666667 0.04814814814814815 0.049479166666666664
0 0.7101851851851853 0.8109375 0.04259259259259259 0.03854166666666667
