0 0.1787037037037037 0.5296875 0.040740740740740744 0.03125
0 0.08611111111111111 0.47682291666666665 0.0925925925925926 0.049479166666666664
0 0.20046296296296298 0.09921875 0.1175925925925926 0.08072916666666667
0 0.11944444444444445 0.014583333333333334 0.06666666666666667 0.027083333333333334
0 0.6467592592592593 0.8127604166666667 0.04537037037037037 0.0390625
0 0.37083333333333335 0.49557291666666664 0.06944444444444445 0.034895833333333334
0 0.37962962962962965 0.3794270833333333 0.0925925925925926 0.05677083333333333
0 0.1513888888888889 0.6989583333333333 0.05462962962962963 0.034375
0 0.06064814814814815 0.51875 0.05092592592592593 0.034375
0 0.14537037037037037 0.33125 0.05555555555555556 0.034375
0 0.1439814814814815 0.29713541666666665 0.058333333333333334 0.034895833333333334
0 0.4587962962962963 0.5677083333333334 0.05648148148148149 0.040625
0 0.5694444444444444 0.7583333333333333 0.061111111111111116 0.041666666666666664
0 0.6328703703703704 0.7239583333333334 0.0638888888888889 0.035416666666666666
0 0.7078703703703704 0.6591145833333333 0.06574074074074074 0.028645833333333332
0 0.7078703703703704 0.6591145833333333 0.06574074074074074 0.028645833333333332
0 0.7870370370370371 0.8776041666666666 0.05740740740740741 0.04583333333333333
0 0.8300925925925926 0.8065104166666667 0.04722222222222222 0.03802083333333333
0 0.8023148148148148 0.7515625 0.05277777777777778 0.03333333333333333
0 0.5467592592592593 0.3911458333333333 0.075 0.030208333333333334
0 0.5916666666666667 0.3481770833333333 0.08148148148148149 0.049479166666666664
0 0.6106481481481482 0.29140625 0.06759259259259259 0.043229166666666666
0 0.7407407407407408 0.2578125 0.0925925925925926 0.05416666666666667
0 0.7939814814814815 0.26119791666666664 0.058333333333333334 0.04635416666666667
0 0.8731481481481482 0.1953125 0.09444444444444444 0.06041666666666667
0 0.8731481481481482 0.1953125 0.09444444444444444 0.06041666666666667
0 0.8731481481481482 0.1953125 0.09444444444444444 0.06041666666666667
0 0.9555555555555556 0.425 0.08888888888888889 0.041666666666666664
0 0.975925925925926 0.3302083333333333 0.04814814814814815 0.04583333333333333
0 0.9615740740740741 0.15494791666666666 0.07685185185185185 0.05260416666666667
0 0.9527777777777778 0.1765625 0.06666666666666667 0.04375
0 0.9634259259259259 0.23880208333333333 0.06759259259259259 0.0484375
0 0.9666666666666667 0.03697916666666667 0.06666666666666667 0.05416666666666667
0 0.9555555555555556 0.6708333333333333 0.07592592592592592 0.052083333333333336
0 0.6921296296296297 0.8114583333333333 0.04351851851851852 0.03854166666666667
