0 0.6148148148148148 0.5768229166666666 0.037037037037037035 0.0359375
0 0.9300925925925926 0.47760416666666666 0.09166666666666667 0.04895833333333333
0 0.8189814814814815 0.10026041666666667 0.11574074074074074 0.08177083333333333
0 0.899537037037037 0.015364583333333333 0.0638888888888889 0.027604166666666666
0 0.36342592592592593 0.8135416666666666 0.04537037037037037 0.03958333333333333
0 0.6430555555555556 0.49609375 0.0712962962962963 0.033854166666666664
0 0.6370370370370371 0.3796875 0.0925925925925926 0.05625
0 0.8356481481481481 0.5299479166666666 0.04166666666666667 0.030729166666666665
0 0.862962962962963 0.6997395833333333 0.05185185185185186 0.0359375
0 0.9541666666666667 0.5184895833333333 0.05092592592592593 0.0328125
0 0.8657407407407408 0.3307291666666667 0.05740740740740741 0.034375
0 0.8675925925925926 0.296875 0.05925925925925926 0.035416666666666666
0 0.5550925925925926 0.5682291666666667 0.05648148148148149 0.040625
0 0.44583333333333336 0.7580729166666667 0.06574074074074074 0.044270833333333336
0 0.3791666666666667 0.7244791666666667 0.0638888888888889 0.035416666666666666
0 0.3060185185185185 0.6596354166666667 0.0638888888888889 0.0296875
0 0.3060185185185185 0.6596354166666667 0.0638888888888889 0.0296875
0 0.22546296296296298 0.8786458333333333 0.05648148148148149 0.04583333333333333
0 0.18287037037037038 0.8075520833333333 0.04537037037037037 0.03802083333333333
0 0.20925925925925926 0.7520833333333333 0.053703703703703705 0.03333333333333333
0 0.46481481481481485 0.3919270833333333 0.06851851851851852 0.03177083333333333
0 0.4236111111111111 0.3484375 0.08240740740740742 0.05
0 0.4046296296296297 0.2921875 0.06666666666666667 0.042708333333333334
0 0.2763888888888889 0.25807291666666665 0.09166666666666667 0.0546875
0 0.22222222222222224 0.26171875 0.05555555555555556 0.04635416666666667
0 0.14120370370370372 0.19609375 0.09351851851851853 0.0609375
0 0.14120370370370372 0.19609375 0.09351851851851853 0.0609375
0 0.14120370370370372 0.19609375 0.09351851851851853 0.0609375
0 0.037037037037037035 0.7973958333333333 0.06851851851851852 0.052083333333333336
0 0.052314814814814814 0.42473958333333334 0.09537037037037037 0.044270833333333336
0 0.031481481481481485 0.3296875 0.05925925925925926 0.04791666666666666
0 0.05 0.15520833333333334 0.08333333333333334 0.053125
0 0.0638888888888889 0.17864583333333334 0.06851851851851852 0.040625
0 0.05 0.24114583333333334 0.06666666666666667 0.051041666666666666
0 0.040740740740740744 0.03828125 0.07777777777777778 0.0546875
0 0.06018518518518519 0.6721354166666667 0.07962962962962963 0.0609375
0 0.3189814814814815 0.8119791666666667 0.04351851851851852 0.03854166666666667
