0 0.2574074074074074 0.7377604166666667 0.053703703703703705 0.03697916666666667
0 0.3453703703703704 0.5768229166666666 0.04814814814814815 0.034895833333333334
0 0.036111111111111115 0.47812499999999997 0.07037037037037037 0.05
0 0.1300925925925926 0.10104166666666667 0.11018518518518519 0.08333333333333333
0 0.04953703703703704 0.018489583333333334 0.06018518518518519 0.0265625
0 0.6129629629629629 0.8143229166666667 0.04259259259259259 0.04010416666666666
0 0.32453703703703707 0.49635416666666665 0.06759259259259259 0.03333333333333333
0 0.3212962962962963 0.3802083333333333 0.0925925925925926 0.05625
0 0.12638888888888888 0.5299479166666666 0.03981481481481482 0.03177083333333333
0 0.016666666666666666 0.515625 0.031481481481481485 0.028125
0 0.11018518518518519 0.33151041666666664 0.05555555555555556 0.0359375
0 0.10787037037037038 0.29765625 0.06018518518518519 0.034895833333333334
0 0.40925925925925927 0.56875 0.053703703703703705 0.040625
0 0.5212962962962964 0.7588541666666666 0.06481481481481481 0.04479166666666667
0 0.5902777777777778 0.7255208333333333 0.062037037037037036 0.036458333333333336
0 0.662962962962963 0.6606770833333333 0.06296296296296297 0.0296875
0 0.662962962962963 0.6606770833333333 0.06296296296296297 0.0296875
0 0.7444444444444445 0.87890625 0.05555555555555556 0.043229166666666666
0 0.787962962962963 0.80859375 0.044444444444444446 0.03802083333333333
0 0.7703703703703704 0.7541666666666667 0.05925925925925926 0.03229166666666666
0 0.5 0.3932291666666667 0.06666666666666667 0.03229166666666666
0 0.5407407407407407 0.3494791666666667 0.08148148148148149 0.04895833333333333
0 0.5564814814814815 0.29244791666666664 0.06296296296296297 0.0421875
0 0.6814814814814815 0.25885416666666666 0.08888888888888889 0.05520833333333333
0 0.7356481481481482 0.2622395833333333 0.05648148148148149 0.044270833333333336
0 0.8203703703703704 0.19739583333333333 0.0925925925925926 0.06145833333333333
0 0.8203703703703704 0.19739583333333333 0.0925925925925926 0.06145833333333333
0 0.8203703703703704 0.19739583333333333 0.0925925925925926 0.06145833333333333
0 0.9495370370370371 0.8 0.08425925925925926 0.053125
0 0.9162037037037037 0.42552083333333335 0.08796296296296297 0.042708333333333334
0 0.9731481481481482 0.3809895833333333 0.053703703703703705 0.0484375
0 0.9472222222222223 0.33098958333333334 0.08888888888888889 0.0484375
0 0.913888888888889 0.15625 0.08333333333333334 0.053125
0 0.9060185185185186 0.17890625 0.06944444444444445 0.043229166666666666
0 0.9180555555555556 0.24088541666666666 0.06759259259259259 0.04635416666666667
0 0.9263888888888889 0.0375 0.08055555555555556 0.05520833333333333
0 0.9046296296296297 0.6731770833333334 0.07592592592592592 0.057812499999999996
0 0.6564814814814816 0.8130208333333333 0.044444444444444446 0.03854166666666667
