0 0.6601851851851852 0.5776041666666667 0.04259259259259259 0.034375
0 0.750462962962963 0.7364583333333333 0.04351851851851852 0.029166666666666667
0 0.9708333333333333 0.47812499999999997 0.058333333333333334 0.04791666666666666
0 0.8902777777777778 0.10208333333333333 0.10833333333333334 0.084375
0 0.9694444444444444 0.01875 0.05740740740740741 0.022916666666666665
0 0.3976851851851852 0.81484375 0.04166666666666667 0.04010416666666666
0 0.6893518518518519 0.4966145833333333 0.06759259259259259 0.0328125
0 0.6949074074074074 0.3809895833333333 0.09351851851851853 0.05677083333333333
0 0.9 0.33177083333333335 0.05740740740740741 0.035416666666666666
0 0.9037037037037038 0.2981770833333333 0.05925925925925926 0.034895833333333334
0 0.6046296296296296 0.5700520833333333 0.053703703703703705 0.04010416666666666
0 0.4898148148148148 0.7588541666666666 0.06296296296296297 0.04583333333333333
0 0.4217592592592593 0.7263020833333333 0.062037037037037036 0.0359375
0 0.35000000000000003 0.6609375 0.06481481481481481 0.029166666666666667
0 0.35000000000000003 0.6609375 0.06481481481481481 0.029166666666666667
0 0.2675925925925926 0.8791666666666667 0.05555555555555556 0.042708333333333334
0 0.22361111111111112 0.8091145833333333 0.04351851851851852 0.03697916666666667
0 0.23796296296296296 0.7541666666666667 0.05555555555555556 0.03229166666666666
0 0.5148148148148148 0.39348958333333334 0.06666666666666667 0.03177083333333333
0 0.475462962962963 0.3494791666666667 0.08240740740740742 0.04895833333333333
0 0.45833333333333337 0.29296875 0.06296296296296297 0.0421875
0 0.3365740740740741 0.2596354166666667 0.08796296296296297 0.0546875
0 0.19583333333333333 0.19765625 0.09166666666666667 0.0609375
0 0.19583333333333333 0.19765625 0.09166666666666667 0.0609375
0 0.19583333333333333 0.19765625 0.09166666666666667 0.0609375
0 0.02962962962962963 0.8567708333333334 0.05555555555555556 0.058333333333333334
0 0.0638888888888889 0.8002604166666667 0.08703703703703704 0.05260416666666667
0 0.09907407407407408 0.42682291666666666 0.08703703703703704 0.04114583333333333
0 0.034722222222222224 0.38229166666666664 0.06574074074074074 0.046875
0 0.06805555555555556 0.33151041666666664 0.08981481481481482 0.0484375
0 0.10185185185185186 0.15625 0.08333333333333334 0.053125
0 0.10694444444444445 0.17916666666666667 0.0712962962962963 0.04479166666666667
0 0.09490740740740741 0.24140625 0.06759259259259259 0.0484375
0 0.08750000000000001 0.037760416666666664 0.08055555555555556 0.05572916666666666
0 0.11712962962962964 0.6763020833333333 0.08611111111111111 0.0609375
0 0.3527777777777778 0.81328125 0.04259259259259259 0.03802083333333333
