0 0.2087962962962963 0.7434895833333334 0.06574074074074074 0.03177083333333333
0 0.3078703703703704 0.5786458333333333 0.05092592592592593 0.034375
0 0.05787037037037037 0.10755208333333333 0.10833333333333334 0.0828125
0 0.20462962962962963 0.30572916666666666 0.0462962962962963 0.028125
0 0.5791666666666667 0.8166666666666667 0.03981481481481482 0.03958333333333333
0 0.27685185185185185 0.49895833333333334 0.06666666666666667 0.03125
0 0.25972222222222224 0.3833333333333333 0.09166666666666667 0.05625
0 0.0699074074074074 0.33359375 0.05092592592592593 0.034895833333333334
0 0.07037037037037037 0.30078125 0.061111111111111116 0.034895833333333334
0 0.3601851851851852 0.5723958333333333 0.05 0.03958333333333333
0 0.47870370370370374 0.7606770833333333 0.05555555555555556 0.0484375
0 0.5476851851851852 0.7286458333333333 0.062037037037037036 0.036458333333333336
0 0.6203703703703703 0.6627604166666666 0.06481481481481481 0.0296875
0 0.6203703703703703 0.6627604166666666 0.06481481481481481 0.0296875
0 0.7046296296296296 0.8796875 0.05555555555555556 0.040625
0 0.7462962962962963 0.8098958333333334 0.04259259259259259 0.036458333333333336
0 0.7402777777777778 0.7533854166666667 0.05277777777777778 0.027604166666666666
0 0.4444444444444445 0.39817708333333335 0.06481481481481481 0.0390625
0 0.48750000000000004 0.3528645833333333 0.08240740740740742 0.0484375
0 0.5069444444444444 0.29609375 0.0712962962962963 0.0421875
0 0.6185185185185186 0.2625 0.08333333333333334 0.05416666666666667
0 0.763425925925926 0.20026041666666666 0.08981481481481482 0.0609375
0 0.763425925925926 0.20026041666666666 0.08981481481481482 0.0609375
0 0.763425925925926 0.20026041666666666 0.08981481481481482 0.0609375
0 0.951388888888889 0.8588541666666667 0.08611111111111111 0.057291666666666664
0 0.9 0.80234375 0.08333333333333334 0.0515625
0 0.9601851851851853 0.7067708333333333 0.07962962962962963 0.052083333333333336
0 0.8638888888888889 0.4283854166666667 0.08518518518518518 0.043229166666666666
0 0.9305555555555556 0.3848958333333333 0.08333333333333334 0.046875
0 0.8935185185185186 0.334375 0.09074074074074075 0.04791666666666666
0 0.7245370370370371 0.24739583333333334 0.05648148148148149 0.0375
0 0.8592592592592593 0.159375 0.07962962962962963 0.052083333333333336
0 0.8555555555555556 0.18098958333333334 0.06851851851851852 0.04635416666666667
0 0.8712962962962963 0.24375 0.05740740740740741 0.04375
0 0.8745370370370371 0.040625 0.0787037037037037 0.057291666666666664
0 0.8412037037037038 0.6786458333333333 0.08055555555555556 0.051041666666666666
0 0.6555555555555556 0.7010416666666667 0.03888888888888889 0.017708333333333333
0 0.26990740740740743 0.7447916666666666 0.05092592592592593 0.029166666666666667
0 0.6222222222222222 0.8151041666666666 0.04814814814814815 0.03854166666666667
