0 0.7930555555555556 0.7434895833333334 0.06574074074074074 0.03177083333333333
0 0.6939814814814815 0.5786458333333333 0.05092592592592593 0.034375
0 0.9439814814814815 0.10755208333333333 0.10833333333333334 0.0828125
0 0.7972222222222223 0.30572916666666666 0.0462962962962963 0.028125
0 0.4226851851851852 0.8166666666666667 0.03981481481481482 0.03958333333333333
0 0.725 0.49895833333333334 0.06666666666666667 0.03125
0 0.7421296296296297 0.3833333333333333 0.09166666666666667 0.05625
0 0.9319444444444445 0.33359375 0.05092592592592593 0.034895833333333334
0 0.9314814814814815 0.30078125 0.061111111111111116 0.034895833333333334
0 0.6416666666666667 0.5723958333333333 0.05 0.03958333333333333
0 0.5231481481481481 0.7606770833333333 0.05555555555555556 0.0484375
0 0.45416666666666666 0.7286458333333333 0.062037037037037036 0.036458333333333336
0 0.3814814814814815 0.6627604166666666 0.06481481481481481 0.0296875
0 0.3814814814814815 0.6627604166666666 0.06481481481481481 0.0296875
0 0.2972222222222222 0.8796875 0.05555555555555556 0.040625
0 0.2555555555555556 0.8098958333333334 0.04259259259259259 0.036458333333333336
0 0.26157407407407407 0.7533854166666667 0.05277777777777778 0.027604166666666666
0 0.5574074074074075 0.39817708333333335 0.06481481481481481 0.0390625
0 0.5143518518518518 0.3528645833333333 0.08240740740740742 0.0484375
0 0.4949074074074074 0.29609375 0.0712962962962963 0.0421875
0 0.38333333333333336 0.2625 0.08333333333333334 0.05416666666666667
0 0.23842592592592593 0.20026041666666666 0.08981481481481482 0.0609375
0 0.23842592592592593 0.20026041666666666 0.08981481481481482 0.0609375
0 0.23842592592592593 0.20026041666666666 0.08981481481481482 0.0609375
0 0.050462962962962966 0.8588541666666667 0.08611111111111111 0.057291666666666664
0 0.10185185185185186 0.80234375 0.08333333333333334 0.0515625
0 0.04166666666666667 0.7067708333333333 0.07962962962962963 0.052083333333333336
0 0.13796296296296298 0.4283854166666667 0.08518518518518518 0.043229166666666666
0 0.0712962962962963 0.3848958333333333 0.08333333333333334 0.046875
0 0.10833333333333334 0.334375 0.09074074074074075 0.04791666666666666
0 0.27731481481481485 0.24739583333333334 0.05648148148148149 0.0375
0 0.1425925925925926 0.159375 0.07962962962962963 0.052083333333333336
0 0.1462962962962963 0.18098958333333334 0.06851851851851852 0.04635416666666667
0 0.13055555555555556 0.24375 0.05740740740740741 0.04375
0 0.12731481481481483 0.040625 0.0787037037037037 0.057291666666666664
0 0.16064814814814815 0.6786458333333333 0.08055555555555556 0.051041666666666666
0 0.3462962962962963 0.7010416666666667 0.03888888888888889 0.017708333333333333
0 0.7319444444444445 0.7447916666666666 0.05092592592592593 0.029166666666666667
0 0.37962962962962965 0.8151041666666666 0.04814814814814815 0.03854166666666667
