0 0.8296296296296297 0.7432291666666666 0.06666666666666667 0.035416666666666666
0 0.7324074074074074 0.5822916666666667 0.03888888888888889 0.034375
0 0.7564814814814815 0.5510416666666667 0.03888888888888889 0.028125
0 0.9740740740740741 0.11614583333333334 0.05185185185185186 0.07604166666666666
0 0.4601851851851852 0.8184895833333333 0.03888888888888889 0.0390625
0 0.7680555555555556 0.49895833333333334 0.06574074074074074 0.028125
0 0.8009259259259259 0.3859375 0.08333333333333334 0.05520833333333333
0 0.8569444444444445 0.3059895833333333 0.05648148148148149 0.027604166666666666
0 0.9643518518518519 0.3052083333333333 0.062037037037037036 0.030208333333333334
0 0.6819444444444445 0.5736979166666667 0.06018518518518519 0.04010416666666666
0 0.5685185185185185 0.7625 0.053703703703703705 0.04791666666666666
0 0.5 0.7302083333333333 0.061111111111111116 0.036458333333333336
0 0.425 0.6643229166666667 0.06481481481481481 0.030729166666666665
0 0.425 0.6643229166666667 0.06481481481481481 0.030729166666666665
0 0.34305555555555556 0.8820312499999999 0.05092592592592593 0.04010416666666666
0 0.2976851851851852 0.8125 0.03981481481481482 0.036458333333333336
0 0.3023148148148148 0.7546875 0.04537037037037037 0.025
0 0.5648148148148149 0.35625 0.08148148148148149 0.046875
0 0.5453703703703704 0.3 0.07037037037037037 0.042708333333333334
0 0.44027777777777777 0.26640625 0.08055555555555556 0.05364583333333333
0 0.29212962962962963 0.20598958333333334 0.08796296296296297 0.059895833333333336
0 0.29212962962962963 0.20598958333333334 0.08796296296296297 0.059895833333333336
0 0.29212962962962963 0.20598958333333334 0.08796296296296297 0.059895833333333336
0 0.10416666666666667 0.8611979166666667 0.08611111111111111 0.05677083333333333
0 0.1537037037037037 0.8046875 0.08518518518518518 0.051041666666666666
0 0.10740740740740741 0.7091145833333333 0.07962962962962963 0.0515625
0 0.08611111111111111 0.6520833333333333 0.061111111111111116 0.040625
0 0.19166666666666668 0.43124999999999997 0.08148148148148149 0.04375
0 0.12731481481481483 0.38828125 0.08240740740740742 0.04739583333333333
0 0.16064814814814815 0.33828125 0.08611111111111111 0.04739583333333333
0 0.3351851851851852 0.25755208333333335 0.07222222222222223 0.0484375
0 0.19583333333333333 0.16692708333333334 0.0787037037037037 0.05364583333333333
0 0.19212962962962965 0.18671875 0.0638888888888889 0.0453125
0 0.1736111111111111 0.24947916666666667 0.05277777777777778 0.042708333333333334
0 0.036111111111111115 0.2921875 0.06481481481481481 0.036458333333333336
0 0.17592592592592593 0.04765625 0.07962962962962963 0.057812499999999996
0 0.2064814814814815 0.6763020833333333 0.08148148148148149 0.05364583333333333
0 0.7564814814814815 0.7455729166666667 0.0462962962962963 0.024479166666666666
0 0.41574074074074074 0.8177083333333334 0.05 0.03854166666666667
0 0.3787037037037037 0.7013020833333333 0.040740740740740744 0.021354166666666667
0 0.700925925925926 0.68984375 0.03888888888888889 0.024479166666666666
