0 0.8657407407407408 0.74375 0.07037037037037037 0.040625
0 0.7736111111111111 0.5856770833333333 0.04722222222222222 0.0390625
0 0.7990740740740742 0.5526041666666667 0.05185185185185186 0.030208333333333334
0 0.4898148148148148 0.821875 0.037037037037037035 0.03854166666666667
0 0.8074074074074075 0.49947916666666664 0.06481481481481481 0.026041666666666668
0 0.8574074074074074 0.3880208333333333 0.07962962962962963 0.05416666666666667
0 0.9013888888888889 0.30833333333333335 0.05277777777777778 0.026041666666666668
0 0.7199074074074074 0.5763020833333333 0.06944444444444445 0.04010416666666666
0 0.6078703703703704 0.765625 0.05092592592592593 0.04791666666666666
0 0.537962962962963 0.7322916666666667 0.06296296296296297 0.0375
0 0.46435185185185185 0.6669270833333333 0.06018518518518519 0.03177083333333333
0 0.46435185185185185 0.6669270833333333 0.06018518518518519 0.03177083333333333
0 0.3814814814814815 0.8841145833333334 0.04814814814814815 0.0390625
0 0.612037037037037 0.3580729166666667 0.07962962962962963 0.04739583333333333
0 0.5930555555555556 0.30182291666666666 0.07314814814814816 0.0421875
0 0.4953703703703704 0.26796875 0.07592592592592592 0.05364583333333333
0 0.34120370370370373 0.20755208333333333 0.08796296296296297 0.059895833333333336
0 0.34120370370370373 0.20755208333333333 0.08796296296296297 0.059895833333333336
0 0.34120370370370373 0.20755208333333333 0.08796296296296297 0.059895833333333336
0 0.1462962962962963 0.8619791666666666 0.08888888888888889 0.058333333333333334
0 0.19722222222222224 0.8078124999999999 0.08518518518518518 0.05
0 0.1615740740740741 0.71171875 0.08611111111111111 0.05260416666666667
0 0.14074074074074075 0.6518229166666667 0.06481481481481481 0.0390625
0 0.2351851851851852 0.4296875 0.08703703703703704 0.051041666666666666
0 0.17685185185185187 0.3890625 0.08148148148148149 0.04791666666666666
0 0.20740740740740743 0.34010416666666665 0.08333333333333334 0.04583333333333333
0 0.3856481481481482 0.2598958333333333 0.08981481481481482 0.052083333333333336
0 0.24305555555555555 0.16848958333333333 0.0787037037037037 0.05260416666666667
0 0.2351851851851852 0.1875 0.05925925925925926 0.04479166666666667
0 0.21481481481481482 0.24947916666666667 0.05740740740740741 0.04583333333333333
0 0.06944444444444445 0.29296875 0.06481481481481481 0.03802083333333333
0 0.22268518518518518 0.04869791666666667 0.0787037037037037 0.058854166666666666
0 0.028240740740740743 0.6075520833333333 0.04722222222222222 0.0359375
0 0.2518518518518519 0.67890625 0.08518518518518518 0.0515625
0 0.7828703703703704 0.7494791666666667 0.03796296296296296 0.027083333333333334
0 0.4425925925925926 0.8205729166666667 0.05555555555555556 0.034895833333333334
0 0.4046296296296297 0.703125 0.040740740740740744 0.021875
0 0.7356481481481482 0.6934895833333333 0.032407407407407406 0.025520833333333333
