0 0.13611111111111113 0.74375 0.07037037037037037 0.040625
0 0.22824074074074074 0.5856770833333333 0.04722222222222222 0.0390625
0 0.20277777777777778 0.5526041666666667 0.05185185185185186 0.030208333333333334
0 0.5120370370370371 0.821875 0.037037037037037035 0.03854166666666667
0 0.19444444444444445 0.49947916666666664 0.06481481481481481 0.026041666666666668
0 0.14444444444444446 0.3880208333333333 0.07962962962962963 0.05416666666666667
0 0.10046296296296296 0.30833333333333335 0.05277777777777778 0.026041666666666668
0 0.28194444444444444 0.5763020833333333 0.06944444444444445 0.04010416666666666
0 0.3939814814814815 0.765625 0.05092592592592593 0.04791666666666666
0 0.4638888888888889 0.7322916666666667 0.06296296296296297 0.0375
0 0.5375 0.6669270833333333 0.06018518518518519 0.03177083333333333
0 0.5375 0.6669270833333333 0.06018518518518519 0.03177083333333333
0 0.6203703703703703 0.8841145833333334 0.04814814814814815 0.0390625
0 0.38981481481481484 0.3580729166666667 0.07962962962962963 0.04739583333333333
0 0.4087962962962963 0.30182291666666666 0.07314814814814816 0.0421875
0 0.5064814814814815 0.26796875 0.07592592592592592 0.05364583333333333
0 0.6606481481481482 0.20755208333333333 0.08796296296296297 0.059895833333333336
0 0.6606481481481482 0.20755208333333333 0.08796296296296297 0.059895833333333336
0 0.6606481481481482 0.20755208333333333 0.08796296296296297 0.059895833333333336
0 0.8555555555555556 0.8619791666666666 0.08888888888888889 0.058333333333333334
0 0.8046296296296297 0.8078124999999999 0.08518518518518518 0.05
0 0.8402777777777778 0.71171875 0.08611111111111111 0.05260416666666667
0 0.8611111111111112 0.6518229166666667 0.06481481481481481 0.0390625
0 0.7666666666666667 0.4296875 0.08703703703703704 0.051041666666666666
0 0.8250000000000001 0.3890625 0.08148148148148149 0.04791666666666666
0 0.7944444444444445 0.34010416666666665 0.08333333333333334 0.04583333333333333
0 0.6162037037037037 0.2598958333333333 0.08981481481481482 0.052083333333333336
0 0.7587962962962963 0.16848958333333333 0.0787037037037037 0.05260416666666667
0 0.7666666666666667 0.1875 0.05925925925925926 0.04479166666666667
0 0.7870370370370371 0.24947916666666667 0.05740740740740741 0.04583333333333333
0 0.9324074074074075 0.29296875 0.06481481481481481 0.03802083333333333
0 0.7791666666666667 0.04869791666666667 0.0787037037037037 0.058854166666666666
0 0.9736111111111111 0.6075520833333333 0.04722222222222222 0.0359375
0 0.75 0.67890625 0.08518518518518518 0.0515625
0 0.2189814814814815 0.7494791666666667 0.03796296296296296 0.027083333333333334
0 0.5592592592592592 0.8205729166666667 0.05555555555555556 0.034895833333333334
0 0.5972222222222222 0.703125 0.040740740740740744 0.021875
0 0.2662037037037037 0.6934895833333333 0.032407407407407406 0.025520833333333333
