0 0.12361111111111112 0.7458333333333333 0.06944444444444445 0.040625
0 0.21481481481481482 0.5861979166666667 0.0462962962962963 0.03802083333333333
0 0.18796296296296297 0.553125 0.05555555555555556 0.03125
0 0.5055555555555555 0.8221354166666667 0.0462962962962963 0.03802083333333333
0 0.1800925925925926 0.5 0.06574074074074074 0.026041666666666668
0 0.12546296296296297 0.3875 0.0787037037037037 0.05520833333333333
0 0.08148148148148149 0.3067708333333333 0.05 0.025
0 0.26666666666666666 0.5765625 0.06851851851851852 0.040625
0 0.38101851851851853 0.76640625 0.05092592592592593 0.0484375
0 0.45046296296296295 0.7325520833333333 0.062037037037037036 0.03802083333333333
0 0.5240740740740741 0.6669270833333333 0.061111111111111116 0.030729166666666665
0 0.5240740740740741 0.6669270833333333 0.061111111111111116 0.030729166666666665
0 0.6074074074074074 0.8846354166666667 0.0462962962962963 0.0390625
0 0.375462962962963 0.3578125 0.08055555555555556 0.04791666666666666
0 0.3944444444444445 0.3015625 0.07407407407407407 0.042708333333333334
0 0.48842592592592593 0.26666666666666666 0.07314814814814816 0.053125
0 0.6458333333333334 0.20729166666666665 0.08796296296296297 0.06145833333333333
0 0.8412037037037038 0.86171875 0.08981481481481482 0.058854166666666666
0 0.7925925925925926 0.80625 0.08148148148148149 0.052083333333333336
0 0.8245370370370371 0.7119791666666666 0.08981481481481482 0.051041666666666666
0 0.8430555555555556 0.6520833333333333 0.06759259259259259 0.03958333333333333
0 0.7527777777777778 0.42890625 0.08703703703703704 0.050520833333333334
0 0.8106481481481482 0.3893229166666667 0.08240740740740742 0.0484375
0 0.7805555555555556 0.33984375 0.08333333333333334 0.04635416666666667
0 0.6023148148148149 0.2598958333333333 0.09722222222222222 0.05416666666666667
0 0.7449074074074075 0.1671875 0.07685185185185185 0.053125
0 0.7532407407407408 0.18671875 0.06018518518518519 0.0453125
0 0.775 0.24817708333333333 0.061111111111111116 0.043229166666666666
0 0.9231481481481482 0.29192708333333334 0.06296296296296297 0.03802083333333333
0 0.7671296296296296 0.04765625 0.07685185185185185 0.0609375
0 0.9597222222222223 0.6080729166666666 0.04722222222222222 0.03697916666666667
0 0.7342592592592593 0.6778645833333333 0.08333333333333334 0.05364583333333333
0 0.2064814814814815 0.7513020833333334 0.040740740740740744 0.027604166666666666
0 0.5523148148148148 0.8213541666666666 0.04722222222222222 0.036458333333333336
0 0.9805555555555556 0.6481770833333333 0.03888888888888889 0.03697916666666667
0 0.5888888888888889 0.7026041666666667 0.040740740740740744 0.022916666666666665
0 0.2550925925925926 0.69375 0.03425925925925926 0.025
