0 0.11018518518518519 0.7447916666666666 0.07037037037037037 0.03854166666666667
0 0.20740740740740743 0.5864583333333333 0.03888888888888889 0.036458333333333336
0 0.17453703703703705 0.553125 0.058333333333333334 0.03125
0 0.4939814814814815 0.8221354166666667 0.04166666666666667 0.0390625
0 0.16666666666666669 0.5 0.06851851851851852 0.027083333333333334
0 0.10787037037037038 0.38619791666666664 0.0787037037037037 0.05572916666666666
0 0.0625 0.30546875 0.05092592592592593 0.024479166666666666
0 0.25324074074074077 0.5763020833333333 0.06944444444444445 0.04010416666666666
0 0.3680555555555556 0.76640625 0.05092592592592593 0.0484375
0 0.4393518518518519 0.7330729166666666 0.062037037037037036 0.03802083333333333
0 0.513425925925926 0.6666666666666666 0.06018518518518519 0.03125
0 0.513425925925926 0.6666666666666666 0.06018518518518519 0.03125
0 0.5953703703703704 0.8856770833333333 0.044444444444444446 0.0390625
0 0.36064814814814816 0.35703125 0.08055555555555556 0.0484375
0 0.37962962962962965 0.30026041666666664 0.07407407407407407 0.04114583333333333
0 0.47453703703703703 0.26510416666666664 0.07314814814814816 0.053125
0 0.6333333333333333 0.20598958333333334 0.08888888888888889 0.0609375
0 0.8287037037037037 0.8627604166666667 0.09074074074074075 0.057812499999999996
0 0.7810185185185186 0.80625 0.0787037037037037 0.053125
0 0.8097222222222222 0.7125 0.08981481481481482 0.052083333333333336
0 0.8282407407407407 0.6520833333333333 0.06944444444444445 0.040625
0 0.7402777777777778 0.42864583333333334 0.08611111111111111 0.051041666666666666
0 0.8 0.38828125 0.08148148148148149 0.0484375
0 0.7685185185185186 0.33880208333333334 0.08518518518518518 0.04635416666666667
0 0.5893518518518519 0.2583333333333333 0.09166666666666667 0.05416666666666667
0 0.7328703703703704 0.16484375 0.07685185185185185 0.05260416666666667
0 0.7439814814814815 0.18489583333333334 0.06018518518518519 0.04583333333333333
0 0.7675925925925926 0.24635416666666665 0.06296296296296297 0.04479166666666667
0 0.9162037037037037 0.29140625 0.0638888888888889 0.03802083333333333
0 0.7578703703703704 0.04583333333333333 0.07685185185185185 0.06145833333333333
0 0.9472222222222223 0.6083333333333333 0.053703703703703705 0.0375
0 0.7194444444444444 0.6776041666666667 0.08518518518518518 0.052083333333333336
0 0.19490740740740742 0.7513020833333334 0.03981481481481482 0.027604166666666666
0 0.5425925925925926 0.8216145833333334 0.03518518518518519 0.0421875
0 0.975925925925926 0.6486979166666667 0.04814814814814815 0.04010416666666666
0 0.5800925925925926 0.70234375 0.03981481481481482 0.0234375
0 0.2449074074074074 0.6942708333333333 0.032407407407407406 0.025
