0 0.053703703703703705 0.7463541666666667 0.07037037037037037 0.040625
0 0.1425925925925926 0.58671875 0.04259259259259259 0.0328125
0 0.11574074074074074 0.5575520833333333 0.05740740740740741 0.034895833333333334
0 0.030555555555555558 0.3809895833333333 0.05925925925925926 0.05364583333333333
0 0.4467592592592593 0.8236979166666667 0.04166666666666667 0.04114583333333333
0 0.09953703703703703 0.49895833333333334 0.07685185185185185 0.029166666666666667
0 0.18564814814814815 0.5770833333333333 0.06759259259259259 0.04375
0 0.3078703703703704 0.7684895833333333 0.049074074074074076 0.050520833333333334
0 0.37962962962962965 0.73515625 0.06296296296296297 0.03697916666666667
0 0.45555555555555555 0.6682291666666667 0.05925925925925926 0.03229166666666666
0 0.5375 0.88828125 0.04166666666666667 0.0390625
0 0.2833333333333333 0.3950520833333333 0.061111111111111116 0.034895833333333334
0 0.29074074074074074 0.35390625 0.08333333333333334 0.049479166666666664
0 0.3106481481481482 0.29713541666666665 0.08055555555555556 0.044270833333333336
0 0.39675925925925926 0.259375 0.06759259259259259 0.05520833333333333
0 0.48055555555555557 0.26171875 0.06296296296296297 0.05364583333333333
0 0.5666666666666667 0.20026041666666666 0.08888888888888889 0.0609375
0 0.7652777777777778 0.865625 0.08981481481481482 0.058333333333333334
0 0.7189814814814816 0.8088541666666667 0.08055555555555556 0.05416666666666667
0 0.7282407407407407 0.7138020833333333 0.08981481481481482 0.05260416666666667
0 0.7532407407407408 0.6536458333333334 0.0712962962962963 0.03958333333333333
0 0.6777777777777778 0.42890625 0.09074074074074075 0.0484375
0 0.7361111111111112 0.38697916666666665 0.07962962962962963 0.04895833333333333
0 0.7074074074074075 0.33619791666666665 0.08333333333333334 0.04739583333333333
0 0.14583333333333334 0.7526041666666666 0.04722222222222222 0.026041666666666668
0 0.5324074074074074 0.25416666666666665 0.07777777777777778 0.053125
0 0.6675925925925926 0.159375 0.07222222222222223 0.053125
0 0.6875 0.18567708333333333 0.058333333333333334 0.0390625
0 0.7222222222222222 0.23802083333333332 0.06296296296296297 0.03125
0 0.8712962962962963 0.28932291666666665 0.06481481481481481 0.0390625
0 0.6972222222222223 0.03854166666666667 0.07777777777777778 0.0625
0 0.950462962962963 0.9552083333333333 0.0787037037037037 0.059375
0 0.8916666666666667 0.6080729166666666 0.05185185185185186 0.03697916666666667
0 0.9643518518518519 0.6763020833333333 0.05277777777777778 0.033854166666666664
0 0.6462962962962964 0.6802083333333333 0.08148148148148149 0.051041666666666666
0 0.4949074074074074 0.8231770833333333 0.03425925925925926 0.043229166666666666
0 0.9407407407407408 0.6494791666666666 0.08148148148148149 0.03854166666666667
0 0.5342592592592593 0.7028645833333333 0.024074074074074074 0.022395833333333334
0 0.9527777777777778 0.07708333333333334 0.06296296296296297 0.04375
