0 0.9606481481481481 0.7466145833333333 0.07314814814814816 0.04114583333333333
0 0.8731481481481482 0.58671875 0.044444444444444446 0.033854166666666664
0 0.900462962962963 0.55625 0.05277777777777778 0.028125
0 0.5652777777777778 0.8247395833333333 0.04166666666666667 0.04114583333333333
0 0.9143518518518519 0.49973958333333335 0.07685185185185185 0.0296875
0 0.8324074074074075 0.57578125 0.06851851851851852 0.04010416666666666
0 0.7064814814814815 0.76875 0.05 0.04895833333333333
0 0.6342592592592593 0.7361979166666667 0.06296296296296297 0.03697916666666667
0 0.5583333333333333 0.6690104166666666 0.061111111111111116 0.0328125
0 0.47685185185185186 0.88828125 0.040740740740740744 0.03802083333333333
0 0.7347222222222223 0.3953125 0.0638888888888889 0.034375
0 0.7273148148148149 0.3536458333333333 0.08425925925925926 0.04895833333333333
0 0.7064814814814815 0.2955729166666667 0.08333333333333334 0.0421875
0 0.6226851851851852 0.25859375 0.06574074074074074 0.05572916666666666
0 0.537962962962963 0.2609375 0.07037037037037037 0.053125
0 0.45 0.19973958333333333 0.08888888888888889 0.06197916666666667
0 0.250462962962963 0.8664062499999999 0.08981481481481482 0.057812499999999996
0 0.29583333333333334 0.8096354166666666 0.08240740740740742 0.0546875
0 0.2888888888888889 0.71328125 0.08518518518518518 0.05677083333333333
0 0.2625 0.6541666666666667 0.0712962962962963 0.040625
0 0.33796296296296297 0.42942708333333335 0.09074074074074075 0.0484375
0 0.2800925925925926 0.38671875 0.08055555555555556 0.0484375
0 0.3087962962962963 0.33619791666666665 0.08425925925925926 0.04739583333333333
0 0.48379629629629634 0.25416666666666665 0.08055555555555556 0.05520833333333333
0 0.34953703703703703 0.15807291666666667 0.07314814814814816 0.0515625
0 0.32592592592592595 0.18098958333333334 0.061111111111111116 0.044270833333333336
0 0.29074074074074074 0.23828125 0.06666666666666667 0.033854166666666664
0 0.14027777777777778 0.28880208333333335 0.06574074074074074 0.0390625
0 0.3180555555555556 0.03723958333333333 0.07685185185185185 0.06302083333333333
0 0.07037037037037037 0.9557291666666666 0.07962962962962963 0.06041666666666667
0 0.12083333333333333 0.6080729166666666 0.049074074074074076 0.03802083333333333
0 0.05 0.6765625 0.05185185185185186 0.034375
0 0.3712962962962963 0.6817708333333333 0.08148148148148149 0.051041666666666666
0 0.5162037037037037 0.8234374999999999 0.03425925925925926 0.04375
0 0.07222222222222223 0.6494791666666666 0.08148148148148149 0.03854166666666667
0 0.8666666666666667 0.7533854166666667 0.0462962962962963 0.0265625
0 0.059722222222222225 0.07708333333333334 0.062037037037037036 0.05
