0 0.021296296296296296 0.7434895833333334 0.03888888888888889 0.04010416666666666
0 0.055092592592592596 0.83359375 0.05277777777777778 0.030729166666666665
0 0.08240740740740742 0.5833333333333334 0.037037037037037035 0.0375
0 0.05694444444444444 0.5510416666666667 0.04537037037037037 0.03125
0 0.4083333333333333 0.8236979166666667 0.05 0.04010416666666666
0 0.040740740740740744 0.4981770833333333 0.07407407407407407 0.03177083333333333
0 0.1212962962962963 0.5739583333333333 0.06666666666666667 0.04375
0 0.2523148148148148 0.76640625 0.049074074074074076 0.049479166666666664
0 0.32546296296296295 0.7348958333333333 0.0638888888888889 0.0375
0 0.40092592592592596 0.6669270833333333 0.05740740740740741 0.03177083333333333
0 0.48333333333333334 0.8875 0.037037037037037035 0.0375
0 0.21342592592592594 0.39166666666666666 0.075 0.034375
0 0.22361111111111112 0.3502604166666667 0.08611111111111111 0.050520833333333334
0 0.2439814814814815 0.2921875 0.08055555555555556 0.04375
0 0.325 0.2552083333333333 0.07037037037037037 0.05625
0 0.40694444444444444 0.25703125 0.07685185185185185 0.05572916666666666
0 0.5018518518518519 0.19427083333333334 0.08888888888888889 0.0625
0 0.7046296296296296 0.86484375 0.08888888888888889 0.05677083333333333
0 0.6574074074074074 0.8098958333333334 0.08703703703703704 0.053125
0 0.6611111111111111 0.71171875 0.08518518518518518 0.057812499999999996
0 0.6870370370370371 0.6536458333333334 0.06851851851851852 0.041666666666666664
0 0.6171296296296297 0.4263020833333333 0.09537037037037037 0.0484375
0 0.6768518518518519 0.3841145833333333 0.08148148148148149 0.0484375
0 0.6490740740740741 0.33307291666666666 0.08703703703703704 0.04635416666666667
0 0.4689814814814815 0.24739583333333334 0.07685185185185185 0.051041666666666666
0 0.6064814814814815 0.153125 0.07222222222222223 0.05520833333333333
0 0.6398148148148148 0.17604166666666665 0.06666666666666667 0.04375
0 0.675 0.23619791666666667 0.06666666666666667 0.0359375
0 0.8324074074074075 0.28619791666666666 0.06666666666666667 0.04010416666666666
0 0.6416666666666667 0.031510416666666666 0.07777777777777778 0.0609375
0 0.8745370370370371 0.9557291666666666 0.08425925925925926 0.06145833333333333
0 0.45092592592592595 0.8223958333333333 0.03518518518518519 0.04375
0 0.8388888888888889 0.60625 0.05 0.03854166666666667
0 0.9120370370370371 0.67578125 0.05185185185185186 0.034895833333333334
0 0.8925925925925926 0.6486979166666667 0.07962962962962963 0.03802083333333333
0 0.5731481481481482 0.6786458333333333 0.07222222222222223 0.04791666666666666
0 0.10277777777777779 0.7513020833333334 0.04814814814814815 0.0265625
0 0.9074074074074074 0.07161458333333333 0.061111111111111116 0.04635416666666667
