0 0.3652777777777778 0.8244791666666667 0.05092592592592593 0.03958333333333333
0 0.06481481481481481 0.575 0.07037037037037037 0.04479166666666667
0 0.19814814814814816 0.76796875 0.044444444444444446 0.0484375
0 0.27222222222222225 0.7359375 0.06296296296296297 0.03854166666666667
0 0.34953703703703703 0.6684895833333333 0.06574074074074074 0.030729166666666665
0 0.42962962962962964 0.8877604166666666 0.031481481481481485 0.034895833333333334
0 0.34305555555555556 0.2630208333333333 0.08055555555555556 0.05
0 0.15046296296296297 0.39557291666666666 0.075 0.0328125
0 0.16064814814814815 0.3533854166666667 0.08611111111111111 0.049479166666666664
0 0.17962962962962964 0.29635416666666664 0.08518518518518518 0.042708333333333334
0 0.2564814814814815 0.26067708333333334 0.07222222222222223 0.0546875
0 0.4365740740740741 0.20182291666666666 0.08611111111111111 0.06302083333333333
0 0.6370370370370371 0.8674479166666667 0.08333333333333334 0.0515625
0 0.5958333333333333 0.8127604166666667 0.08981481481481482 0.057812499999999996
0 0.5782407407407407 0.7106770833333333 0.09537037037037037 0.05677083333333333
0 0.6157407407407408 0.6505208333333333 0.06666666666666667 0.05
0 0.5569444444444445 0.42942708333333335 0.08425925925925926 0.044270833333333336
0 0.6138888888888889 0.38776041666666666 0.07407407407407407 0.04739583333333333
0 0.5856481481481481 0.3375 0.08240740740740742 0.04479166666666667
0 0.40370370370370373 0.25494791666666666 0.08148148148148149 0.05364583333333333
0 0.5398148148148149 0.16145833333333334 0.06851851851851852 0.05520833333333333
0 0.5837962962962964 0.18020833333333333 0.0638888888888889 0.04583333333333333
0 0.8356481481481481 0.65 0.075 0.035416666666666666
0 0.6199074074074075 0.24270833333333333 0.06574074074074074 0.034375
0 0.7851851851851852 0.2916666666666667 0.06296296296296297 0.03958333333333333
0 0.5777777777777778 0.038802083333333334 0.07407407407407407 0.06302083333333333
0 0.9189814814814815 0.58203125 0.07314814814814816 0.043229166666666666
0 0.788888888888889 0.9591145833333333 0.09074074074074075 0.0609375
0 0.4050925925925926 0.8216145833333334 0.03425925925925926 0.044270833333333336
0 0.7791666666666667 0.6088541666666667 0.05648148148148149 0.0375
0 0.8486111111111111 0.6765625 0.05092592592592593 0.03854166666666667
0 0.49583333333333335 0.6856770833333333 0.058333333333333334 0.0390625
0 0.0699074074074074 0.7533854166666667 0.05648148148148149 0.025520833333333333
0 0.8458333333333333 0.08098958333333334 0.0712962962962963 0.04739583333333333
0 0.9356481481481482 0.1375 0.11018518518518519 0.065625
0 0.13101851851851853 0.69453125 0.028703703703703703 0.024479166666666666
