0 0.3476851851851852 0.8244791666666667 0.049074074074074076 0.03958333333333333
0 0.04027777777777778 0.5768229166666666 0.06759259259259259 0.049479166666666664
0 0.17314814814814816 0.7682291666666666 0.044444444444444446 0.04791666666666666
0 0.2490740740740741 0.73671875 0.06296296296296297 0.03802083333333333
0 0.325 0.6692708333333334 0.06481481481481481 0.030208333333333334
0 0.12916666666666668 0.39427083333333335 0.08425925925925926 0.029166666666666667
0 0.1337962962962963 0.35390625 0.08611111111111111 0.049479166666666664
0 0.15416666666666667 0.29791666666666666 0.08425925925925926 0.04375
0 0.2263888888888889 0.26197916666666665 0.07314814814814816 0.05416666666666667
0 0.31342592592592594 0.26458333333333334 0.08425925925925926 0.04895833333333333
0 0.4078703703703704 0.20390624999999998 0.08611111111111111 0.06302083333333333
0 0.6083333333333334 0.8664062499999999 0.08333333333333334 0.05364583333333333
0 0.5699074074074074 0.8130208333333333 0.08611111111111111 0.059375
0 0.5467592592592593 0.7104166666666667 0.08425925925925926 0.05625
0 0.5842592592592593 0.6505208333333333 0.06666666666666667 0.051041666666666666
0 0.5856481481481481 0.6505208333333333 0.06574074074074074 0.04791666666666666
0 0.5287037037037037 0.43124999999999997 0.08333333333333334 0.04375
0 0.5865740740740741 0.3859375 0.0712962962962963 0.042708333333333334
0 0.5583333333333333 0.33932291666666664 0.07962962962962963 0.044270833333333336
0 0.3791666666666667 0.25494791666666666 0.08425925925925926 0.0515625
0 0.513888888888889 0.1625 0.07037037037037037 0.052083333333333336
0 0.5597222222222222 0.18255208333333334 0.0638888888888889 0.04635416666666667
0 0.5986111111111111 0.24296874999999998 0.0638888888888889 0.034895833333333334
0 0.7662037037037037 0.29322916666666665 0.062037037037037036 0.03958333333333333
0 0.5518518518518519 0.04244791666666667 0.07222222222222223 0.06302083333333333
0 0.9694444444444444 0.18072916666666666 0.061111111111111116 0.07291666666666667
0 0.9833333333333334 0.2869791666666667 0.03333333333333333 0.02395833333333333
0 0.8902777777777778 0.9528645833333333 0.07685185185185185 0.05364583333333333
0 0.763425925925926 0.5020833333333333 0.04722222222222222 0.026041666666666668
0 0.8944444444444445 0.5877604166666667 0.06666666666666667 0.0359375
0 0.8120370370370371 0.6526041666666667 0.07592592592592592 0.03958333333333333
0 0.750925925925926 0.9596354166666666 0.1 0.0671875
0 0.38472222222222224 0.8221354166666667 0.036111111111111115 0.04114583333333333
0 0.7546296296296297 0.609375 0.05740740740740741 0.036458333333333336
0 0.4615740740740741 0.6822916666666666 0.049074074074074076 0.03229166666666666
0 0.053703703703703705 0.75234375 0.05555555555555556 0.0296875
0 0.8222222222222223 0.08619791666666667 0.07037037037037037 0.0484375
0 0.9 0.14244791666666667 0.09444444444444444 0.06302083333333333
0 0.1087962962962963 0.6953125 0.028703703703703703 0.02395833333333333
