0 0.33842592592592596 0.8247395833333333 0.049074074074074076 0.0390625
0 0.031481481481481485 0.5786458333333333 0.05925925925925926 0.04895833333333333
0 0.1615740740740741 0.7684895833333333 0.04351851851851852 0.0484375
0 0.23703703703703705 0.73671875 0.06296296296296297 0.03802083333333333
0 0.31203703703703706 0.6690104166666666 0.06481481481481481 0.0296875
0 0.11435185185185186 0.39479166666666665 0.08611111111111111 0.029166666666666667
0 0.11944444444444445 0.3546875 0.08518518518518518 0.04895833333333333
0 0.14027777777777778 0.2984375 0.08240740740740742 0.04375
0 0.20972222222222223 0.2635416666666667 0.0712962962962963 0.05416666666666667
0 0.2972222222222222 0.26588541666666665 0.08518518518518518 0.049479166666666664
0 0.39166666666666666 0.20494791666666667 0.08703703703703704 0.06302083333333333
0 0.5939814814814816 0.8658854166666666 0.08240740740740742 0.05364583333333333
0 0.5513888888888889 0.8130208333333333 0.075 0.05520833333333333
0 0.5273148148148148 0.7104166666666667 0.08611111111111111 0.057291666666666664
0 0.5662037037037038 0.65078125 0.06574074074074074 0.050520833333333334
0 0.5638888888888889 0.6518229166666667 0.06666666666666667 0.04739583333333333
0 0.513888888888889 0.4317708333333333 0.08333333333333334 0.04375
0 0.5699074074074074 0.38671875 0.075 0.043229166666666666
0 0.5439814814814815 0.33984375 0.0787037037037037 0.044270833333333336
0 0.3648148148148148 0.25703125 0.08703703703703704 0.05260416666666667
0 0.49768518518518523 0.16458333333333333 0.06759259259259259 0.052083333333333336
0 0.5458333333333334 0.18359375 0.062037037037037036 0.04739583333333333
0 0.5856481481481481 0.2453125 0.0638888888888889 0.035416666666666666
0 0.7541666666666667 0.2942708333333333 0.062037037037037036 0.03958333333333333
0 0.5370370370370371 0.04453125 0.07037037037037037 0.06302083333333333
0 0.9652777777777778 0.10104166666666667 0.06944444444444445 0.084375
0 0.9601851851851853 0.17916666666666667 0.07962962962962963 0.07604166666666666
0 0.9791666666666667 0.28671875 0.04166666666666667 0.021354166666666667
0 0.9777777777777779 0.95703125 0.044444444444444446 0.049479166666666664
0 0.8708333333333333 0.9578125 0.0787037037037037 0.06041666666666667
0 0.7652777777777778 0.5002604166666667 0.04166666666666667 0.0234375
0 0.8800925925925926 0.5872395833333334 0.06944444444444445 0.03697916666666667
0 0.799537037037037 0.65234375 0.07314814814814816 0.0390625
0 0.725462962962963 0.9606770833333333 0.10092592592592593 0.06302083333333333
0 0.37592592592592594 0.8236979166666667 0.03333333333333333 0.04114583333333333
0 0.7412037037037037 0.6098958333333333 0.06018518518518519 0.036458333333333336
0 0.4430555555555556 0.6828125 0.04351851851851852 0.030208333333333334
0 0.04398148148148148 0.7515625 0.05462962962962963 0.030208333333333334
0 0.8074074074074075 0.09010416666666667 0.07037037037037037 0.04791666666666666
0 0.8824074074074074 0.14427083333333332 0.09074074074074075 0.06354166666666666
0 0.09861111111111112 0.69765625 0.032407407407407406 0.0203125
