0 0.2712962962962963 0.8338541666666667 0.05 0.040625
0 0.07453703703703704 0.77890625 0.04537037037037037 0.04635416666666667
0 0.32083333333333336 0.9054687499999999 0.04722222222222222 0.030729166666666665
0 0.1513888888888889 0.7453125 0.062037037037037036 0.03854166666666667
0 0.22592592592592595 0.67890625 0.06666666666666667 0.030729166666666665
0 0.03194444444444445 0.4067708333333333 0.062037037037037036 0.03229166666666666
0 0.03194444444444445 0.3640625 0.062037037037037036 0.04791666666666666
0 0.04351851851851852 0.30833333333333335 0.08148148148148149 0.046875
0 0.10416666666666667 0.2760416666666667 0.09351851851851853 0.051041666666666666
0 0.18888888888888888 0.2760416666666667 0.08888888888888889 0.04895833333333333
0 0.2888888888888889 0.21536458333333333 0.08703703703703704 0.059895833333333336
0 0.5 0.8739583333333333 0.08703703703703704 0.05625
0 0.46064814814814814 0.8234374999999999 0.08425925925925926 0.053125
0 0.4134259259259259 0.7182291666666667 0.08611111111111111 0.05416666666666667
0 0.4569444444444445 0.65390625 0.0712962962962963 0.057812499999999996
0 0.47824074074074074 0.6411458333333333 0.06759259259259259 0.03854166666666667
0 0.4689814814814815 0.3953125 0.07685185185185185 0.04375
0 0.4476851851851852 0.34609375 0.08240740740740742 0.04114583333333333
0 0.2675925925925926 0.26796875 0.08518518518518518 0.0515625
0 0.4 0.17578125 0.07037037037037037 0.050520833333333334
0 0.45601851851851855 0.19453125 0.058333333333333334 0.0484375
0 0.5 0.26067708333333334 0.06296296296296297 0.0453125
0 0.6819444444444445 0.3020833333333333 0.06018518518518519 0.03854166666666667
0 0.43842592592592594 0.054427083333333334 0.09351851851851853 0.06302083333333333
0 0.8578703703703704 0.1125 0.11203703703703705 0.0875
0 0.8523148148148149 0.19010416666666666 0.10462962962962963 0.07395833333333333
0 0.9662037037037038 0.20208333333333334 0.06759259259259259 0.06875
0 0.925462962962963 0.2916666666666667 0.04166666666666667 0.016666666666666666
0 0.9833333333333334 0.32057291666666665 0.03333333333333333 0.0234375
0 0.9060185185185186 0.9567708333333333 0.07314814814814816 0.0375
0 0.775462962962963 0.9671875 0.08796296296296297 0.06041666666666667
0 0.7027777777777778 0.5065104166666666 0.044444444444444446 0.022395833333333334
0 0.788425925925926 0.5877604166666667 0.06944444444444445 0.0453125
0 0.8138888888888889 0.69375 0.03888888888888889 0.02395833333333333
0 0.7694444444444445 0.7041666666666666 0.08333333333333334 0.026041666666666668
0 0.7319444444444445 0.6799479166666667 0.049074074074074076 0.044270833333333336
0 0.7087962962962964 0.6528645833333333 0.058333333333333334 0.0296875
0 0.7546296296296297 0.63828125 0.024074074074074074 0.024479166666666666
0 0.6162037037037037 0.9653645833333333 0.08425925925925926 0.06822916666666666
0 0.6490740740740741 0.6171875 0.061111111111111116 0.036458333333333336
0 0.7717592592592593 0.15677083333333333 0.08055555555555556 0.0625
0 0.03425925925925926 0.7 0.05 0.03333333333333333
