0 0.24675925925925926 0.83359375 0.04351851851851852 0.04010416666666666
0 0.05601851851851852 0.7791666666666667 0.0638888888888889 0.04583333333333333
0 0.12407407407407407 0.74453125 0.06296296296296297 0.0390625
0 0.19675925925925927 0.678125 0.06018518518518519 0.029166666666666667
0 0.29305555555555557 0.9059895833333333 0.04351851851851852 0.0328125
0 0.022222222222222223 0.4044270833333333 0.04259259259259259 0.03177083333333333
0 0.031018518518518518 0.30572916666666666 0.06018518518518519 0.04895833333333333
0 0.06527777777777778 0.27291666666666664 0.09351851851851853 0.05
0 0.15694444444444444 0.27369791666666665 0.08796296296296297 0.049479166666666664
0 0.25833333333333336 0.2125 0.08888888888888889 0.059375
0 0.4708333333333333 0.8744791666666667 0.08796296296296297 0.05520833333333333
0 0.4425925925925926 0.82421875 0.05925925925925926 0.050520833333333334
0 0.3773148148148148 0.71796875 0.08796296296296297 0.0546875
0 0.4226851851851852 0.6549479166666666 0.0712962962962963 0.0546875
0 0.4430555555555556 0.6427083333333333 0.05648148148148149 0.03125
0 0.9111111111111111 0.29192708333333334 0.037037037037037035 0.019270833333333334
0 0.4393518518518519 0.39453125 0.07685185185185185 0.044270833333333336
0 0.4175925925925926 0.34088541666666666 0.08518518518518518 0.033854166666666664
0 0.23842592592592593 0.265625 0.08611111111111111 0.052083333333333336
0 0.37222222222222223 0.1734375 0.07222222222222223 0.051041666666666666
0 0.42962962962962964 0.19166666666666665 0.05925925925925926 0.046875
0 0.4791666666666667 0.25546875 0.062037037037037036 0.04114583333333333
0 0.6638888888888889 0.29973958333333334 0.05925925925925926 0.03802083333333333
0 0.6273148148148149 0.61484375 0.05462962962962963 0.034895833333333334
0 0.4134259259259259 0.050520833333333334 0.09166666666666667 0.06041666666666667
0 0.8240740740740741 0.10833333333333334 0.11481481481481481 0.08958333333333333
0 0.8208333333333334 0.18802083333333333 0.10277777777777779 0.075
0 0.9453703703703704 0.19739583333333333 0.10185185185185186 0.06979166666666667
0 0.9606481481481481 0.32057291666666665 0.04351851851851852 0.024479166666666666
0 0.9199074074074074 0.86796875 0.049074074074074076 0.0359375
0 0.8787037037037038 0.9583333333333334 0.06851851851851852 0.03854166666666667
0 0.7486111111111111 0.9666666666666667 0.08611111111111111 0.06145833333333333
0 0.6851851851851852 0.5059895833333333 0.0462962962962963 0.022395833333333334
0 0.7597222222222223 0.58671875 0.07685185185185185 0.0453125
0 0.787962962962963 0.69140625 0.037037037037037035 0.022395833333333334
0 0.7449074074074075 0.70234375 0.0787037037037037 0.024479166666666666
0 0.700462962962963 0.678125 0.05462962962962963 0.04479166666666667
0 0.6870370370370371 0.6515625 0.06481481481481481 0.027083333333333334
0 0.7310185185185185 0.6375 0.025 0.026041666666666668
0 0.5800925925925926 0.9638020833333333 0.08611111111111111 0.0703125
0 0.7421296296296297 0.15260416666666665 0.075 0.06145833333333333
0 0.987037037037037 0.2825520833333333 0.02592592592592593 0.024479166666666666
0 0.01990740740740741 0.6986979166666667 0.03796296296296296 0.033854166666666664
