0 0.025462962962962965 0.7802083333333333 0.049074074074074076 0.04583333333333333
0 0.09444444444444444 0.74375 0.06296296296296297 0.03958333333333333
0 0.17222222222222222 0.6778645833333333 0.06851851851851852 0.027604166666666666
0 0.26481481481481484 0.9057291666666667 0.044444444444444446 0.03229166666666666
0 0.037037037037037035 0.26927083333333335 0.07222222222222223 0.052083333333333336
0 0.12083333333333333 0.2700520833333333 0.09166666666666667 0.050520833333333334
0 0.22361111111111112 0.20833333333333334 0.09166666666666667 0.06041666666666667
0 0.4388888888888889 0.8752604166666667 0.08703703703703704 0.0546875
0 0.4087962962962963 0.8221354166666667 0.06944444444444445 0.0546875
0 0.33796296296296297 0.7182291666666667 0.08888888888888889 0.05416666666666667
0 0.3875 0.65546875 0.0787037037037037 0.0546875
0 0.4416666666666667 0.6411458333333333 0.03888888888888889 0.025
0 0.4416666666666667 0.6411458333333333 0.03888888888888889 0.025
0 0.40740740740740744 0.3924479166666667 0.07407407407407407 0.0421875
0 0.38657407407407407 0.3325520833333333 0.0787037037037037 0.025520833333333333
0 0.20601851851851852 0.2622395833333333 0.08611111111111111 0.05364583333333333
0 0.33796296296296297 0.16901041666666666 0.07222222222222223 0.05260416666666667
0 0.40046296296296297 0.18802083333333333 0.058333333333333334 0.04895833333333333
0 0.45601851851851855 0.25234375 0.058333333333333334 0.0421875
0 0.6416666666666667 0.2973958333333333 0.05740740740740741 0.03854166666666667
0 0.3824074074074074 0.04348958333333333 0.09444444444444444 0.05364583333333333
0 0.7847222222222222 0.10338541666666666 0.11203703703703705 0.09114583333333333
0 0.7833333333333333 0.18463541666666666 0.10370370370370371 0.07447916666666667
0 0.9092592592592593 0.19375 0.10740740740740741 0.06875
0 0.9416666666666667 0.3190104166666667 0.04814814814814815 0.0234375
0 0.8958333333333334 0.8638020833333333 0.049074074074074076 0.043229166666666666
0 0.8486111111111111 0.9630208333333333 0.06944444444444445 0.04583333333333333
0 0.7180555555555556 0.9661458333333334 0.075 0.06041666666666667
0 0.6657407407407407 0.5049479166666666 0.044444444444444446 0.022395833333333334
0 0.7319444444444445 0.5864583333333333 0.07685185185185185 0.04479166666666667
0 0.7601851851851852 0.690625 0.04259259259259259 0.01875
0 0.7171296296296297 0.7028645833333333 0.0787037037037037 0.025520833333333333
0 0.6717592592592593 0.6807291666666666 0.05277777777777778 0.0375
0 0.662962962962963 0.6518229166666667 0.07037037037037037 0.030729166666666665
0 0.7046296296296296 0.6356770833333333 0.02777777777777778 0.0265625
0 0.5430555555555556 0.9638020833333333 0.08611111111111111 0.07239583333333333
0 0.5967592592592593 0.6143229166666666 0.04537037037037037 0.0359375
0 0.7078703703703704 0.14713541666666666 0.07314814814814816 0.057812499999999996
0 0.976388888888889 0.28020833333333334 0.04351851851851852 0.025
