0 0.975925925925926 0.78046875 0.04814814814814815 0.04635416666666667
0 0.9074074074074074 0.74375 0.06296296296296297 0.03958333333333333
0 0.8296296296296297 0.6778645833333333 0.06851851851851852 0.027604166666666666
0 0.737037037037037 0.9057291666666667 0.044444444444444446 0.03229166666666666
0 0.9643518518518519 0.26953125 0.0712962962962963 0.05260416666666667
0 0.8810185185185185 0.2700520833333333 0.09166666666666667 0.050520833333333334
0 0.7782407407407408 0.20833333333333334 0.09166666666666667 0.06041666666666667
0 0.562962962962963 0.8752604166666667 0.08703703703703704 0.0546875
0 0.5930555555555556 0.8221354166666667 0.06944444444444445 0.0546875
0 0.6638888888888889 0.7182291666666667 0.08888888888888889 0.05416666666666667
0 0.6143518518518519 0.65546875 0.0787037037037037 0.0546875
0 0.5601851851851852 0.6411458333333333 0.03888888888888889 0.025
0 0.5601851851851852 0.6411458333333333 0.03888888888888889 0.025
0 0.5944444444444444 0.3924479166666667 0.07407407407407407 0.0421875
0 0.6152777777777778 0.3325520833333333 0.0787037037037037 0.025520833333333333
0 0.7958333333333334 0.2622395833333333 0.08611111111111111 0.05364583333333333
0 0.6638888888888889 0.16901041666666666 0.07222222222222223 0.05260416666666667
0 0.6013888888888889 0.18802083333333333 0.058333333333333334 0.04895833333333333
0 0.5458333333333334 0.25234375 0.058333333333333334 0.0421875
0 0.3601851851851852 0.2973958333333333 0.05740740740740741 0.03854166666666667
0 0.6194444444444445 0.04348958333333333 0.09444444444444444 0.05364583333333333
0 0.21712962962962964 0.10338541666666666 0.11203703703703705 0.09114583333333333
0 0.21851851851851853 0.18463541666666666 0.10370370370370371 0.07447916666666667
0 0.0925925925925926 0.19375 0.10740740740740741 0.06875
0 0.06018518518518519 0.3190104166666667 0.04814814814814815 0.0234375
0 0.10601851851851853 0.8638020833333333 0.049074074074074076 0.043229166666666666
0 0.15324074074074073 0.9630208333333333 0.06944444444444445 0.04583333333333333
0 0.2837962962962963 0.9661458333333334 0.075 0.06041666666666667
0 0.33611111111111114 0.5049479166666666 0.044444444444444446 0.022395833333333334
0 0.26990740740740743 0.5864583333333333 0.07685185185185185 0.04479166666666667
0 0.24166666666666667 0.690625 0.04259259259259259 0.01875
0 0.2847222222222222 0.7028645833333333 0.0787037037037037 0.025520833333333333
0 0.3300925925925926 0.6807291666666666 0.05277777777777778 0.0375
0 0.3388888888888889 0.6518229166666667 0.07037037037037037 0.030729166666666665
0 0.2972222222222222 0.6356770833333333 0.02777777777777778 0.0265625
0 0.4587962962962963 0.9638020833333333 0.08611111111111111 0.07239583333333333
0 0.4050925925925926 0.6143229166666666 0.04537037037037037 0.0359375
0 0.2939814814814815 0.14713541666666666 0.07314814814814816 0.057812499999999996
0 0.025462962962962965 0.28020833333333334 0.04351851851851852 0.025
