0 0.9226851851851853 0.74375 0.0638888888888889 0.040625
0 0.8444444444444444 0.6791666666666667 0.06851851851851852 0.028125
0 0.750462962962963 0.9054687499999999 0.04537037037037037 0.033854166666666664
0 0.9717592592592593 0.26640625 0.05648148148148149 0.05572916666666666
0 0.900462962962963 0.2674479166666667 0.09166666666666667 0.049479166666666664
0 0.7962962962962963 0.20677083333333332 0.0925925925925926 0.06041666666666667
0 0.5777777777777778 0.87578125 0.08518518518518518 0.05572916666666666
0 0.6143518518518519 0.8216145833333334 0.0787037037037037 0.05677083333333333
0 0.6763888888888889 0.71796875 0.08611111111111111 0.057812499999999996
0 0.6314814814814815 0.6559895833333333 0.07777777777777778 0.05364583333333333
0 0.576388888888889 0.6390625 0.03981481481481482 0.030208333333333334
0 0.576388888888889 0.6390625 0.03981481481481482 0.030208333333333334
0 0.650462962962963 0.44244791666666666 0.0712962962962963 0.03177083333333333
0 0.6111111111111112 0.39348958333333334 0.07962962962962963 0.0484375
0 0.625925925925926 0.33567708333333335 0.07962962962962963 0.0328125
0 0.8111111111111111 0.2598958333333333 0.08518518518518518 0.052083333333333336
0 0.04861111111111111 0.25 0.03425925925925926 0.029166666666666667
0 0.6791666666666667 0.16744791666666667 0.07314814814814816 0.05364583333333333
0 0.6166666666666667 0.18645833333333334 0.05740740740740741 0.05
0 0.5509259259259259 0.25234375 0.03888888888888889 0.0421875
0 0.3703703703703704 0.296875 0.05740740740740741 0.03854166666666667
0 0.6333333333333333 0.04192708333333333 0.08703703703703704 0.05364583333333333
0 0.23657407407407408 0.1015625 0.11203703703703705 0.09166666666666666
0 0.23750000000000002 0.18411458333333333 0.10277777777777779 0.07239583333333333
0 0.11435185185185186 0.19296875 0.10462962962962963 0.0703125
0 0.07268518518518519 0.31796875 0.049074074074074076 0.024479166666666666
0 0.02175925925925926 0.5596354166666666 0.03981481481481482 0.03697916666666667
0 0.12037037037037038 0.8640625 0.05555555555555556 0.04375
0 0.16574074074074074 0.9653645833333333 0.07222222222222223 0.050520833333333334
0 0.28750000000000003 0.9666666666666667 0.05462962962962963 0.059375
0 0.3462962962962963 0.5044270833333333 0.04259259259259259 0.022395833333333334
0 0.28194444444444444 0.5859375 0.075 0.04479166666666667
0 0.25787037037037036 0.6908854166666667 0.04351851851851852 0.018229166666666668
0 0.3 0.7026041666666667 0.07777777777777778 0.025
0 0.34444444444444444 0.6817708333333333 0.05185185185185186 0.035416666666666666
0 0.350462962962963 0.6536458333333334 0.0712962962962963 0.034375
0 0.3101851851851852 0.6354166666666666 0.02592592592592593 0.026041666666666668
0 0.47870370370370374 0.9630208333333333 0.08518518518518518 0.07291666666666667
0 0.4189814814814815 0.6143229166666666 0.04351851851851852 0.034895833333333334
0 0.31157407407407406 0.14557291666666666 0.0712962962962963 0.057812499999999996
0 0.036111111111111115 0.2799479166666667 0.044444444444444446 0.0234375
