0 0.06435185185185185 0.7442708333333333 0.0638888888888889 0.040625
0 0.14212962962962963 0.6791666666666667 0.06944444444444445 0.026041666666666668
0 0.23611111111111113 0.9057291666666667 0.0462962962962963 0.034375
0 0.08240740740740742 0.26666666666666666 0.0925925925925926 0.05
0 0.18796296296296297 0.20546875 0.0925925925925926 0.059895833333333336
0 0.40694444444444444 0.8768229166666667 0.08425925925925926 0.0546875
0 0.3726851851851852 0.8223958333333333 0.0787037037037037 0.057291666666666664
0 0.35833333333333334 0.3390625 0.07777777777777778 0.040625
0 0.3055555555555556 0.7190104166666667 0.08333333333333334 0.057812499999999996
0 0.3513888888888889 0.65625 0.08240740740740742 0.05416666666666667
0 0.40601851851851856 0.6385416666666667 0.05092592592592593 0.03229166666666666
0 0.40601851851851856 0.6385416666666667 0.05092592592592593 0.03229166666666666
0 0.33287037037037037 0.4395833333333333 0.075 0.040625
0 0.3726851851851852 0.39296875 0.075 0.050520833333333334
0 0.17407407407407408 0.259375 0.08888888888888889 0.052083333333333336
0 0.3050925925925926 0.16640625 0.07314814814814816 0.05364583333333333
0 0.9856481481481482 0.24505208333333334 0.028703703703703703 0.028645833333333332
0 0.3703703703703704 0.18619791666666666 0.05740740740740741 0.049479166666666664
0 0.4375 0.2520833333333333 0.03981481481481482 0.042708333333333334
0 0.6203703703703703 0.29661458333333335 0.05740740740740741 0.0390625
0 0.35370370370370374 0.04010416666666666 0.09444444444444444 0.04895833333333333
0 0.7439814814814815 0.10130208333333333 0.11018518518518519 0.0921875
0 0.7449074074074075 0.18489583333333334 0.10462962962962963 0.06979166666666667
0 0.6865740740740741 0.7026041666666667 0.06944444444444445 0.028125
0 0.8657407407407408 0.19348958333333333 0.10740740740740741 0.0703125
0 0.9740740740740741 0.10494791666666667 0.05185185185185186 0.0609375
0 0.9361111111111111 0.25026041666666665 0.04259259259259259 0.03177083333333333
0 0.9194444444444445 0.31614583333333335 0.05 0.029166666666666667
0 0.9731481481481482 0.5609375 0.053703703703703705 0.03958333333333333
0 0.8685185185185186 0.8653645833333333 0.05925925925925926 0.044270833333333336
0 0.8194444444444445 0.9705729166666667 0.07407407407407407 0.0546875
0 0.6958333333333334 0.9669270833333333 0.058333333333333334 0.059895833333333336
0 0.6458333333333334 0.5049479166666666 0.04351851851851852 0.022395833333333334
0 0.7050925925925926 0.5859375 0.07314814814814816 0.04479166666666667
0 0.7300925925925926 0.6911458333333333 0.04537037037037037 0.017708333333333333
0 0.6421296296296296 0.6825520833333333 0.05092592592592593 0.03697916666666667
0 0.6393518518518518 0.6544270833333333 0.06944444444444445 0.033854166666666664
0 0.6791666666666667 0.63515625 0.028703703703703703 0.0265625
0 0.5037037037037038 0.9635416666666666 0.08703703703703704 0.071875
0 0.5685185185185185 0.6138020833333333 0.04259259259259259 0.034895833333333334
0 0.6722222222222223 0.14427083333333332 0.07222222222222223 0.057291666666666664
0 0.9541666666666667 0.2794270833333333 0.04351851851851852 0.0234375
