0 0.9689814814814816 0.7471354166666666 0.06018518518518519 0.03802083333333333
0 0.8921296296296297 0.6765625 0.06759259259259259 0.025
0 0.7962962962962963 0.9075520833333334 0.04814814814814815 0.03697916666666667
0 0.9560185185185186 0.26588541666666665 0.08796296296296297 0.050520833333333334
0 0.850925925925926 0.20520833333333333 0.09444444444444444 0.06041666666666667
0 0.6305555555555555 0.8802083333333334 0.08333333333333334 0.05416666666666667
0 0.6620370370370371 0.825 0.07777777777777778 0.058333333333333334
0 0.7333333333333334 0.72109375 0.07222222222222223 0.057812499999999996
0 0.688425925925926 0.6583333333333333 0.08425925925925926 0.053125
0 0.6226851851851852 0.64140625 0.04351851851851852 0.03177083333333333
0 0.6226851851851852 0.64140625 0.04351851851851852 0.03177083333333333
0 0.7092592592592593 0.43671875 0.08703703703703704 0.044270833333333336
0 0.6726851851851852 0.38984375 0.06759259259259259 0.04114583333333333
0 0.6763888888888889 0.34348958333333335 0.08240740740740742 0.0484375
0 0.8643518518518519 0.2591145833333333 0.09166666666666667 0.05260416666666667
0 0.7328703703703704 0.16536458333333334 0.07314814814814816 0.0515625
0 0.6662037037037037 0.18489583333333334 0.06018518518518519 0.05
0 0.5935185185185186 0.25078125 0.04259259259259259 0.04114583333333333
0 0.40555555555555556 0.29635416666666664 0.05740740740740741 0.03958333333333333
0 0.6819444444444445 0.04583333333333333 0.09537037037037037 0.06354166666666666
0 0.30092592592592593 0.09973958333333333 0.10925925925925926 0.09427083333333333
0 0.30092592592592593 0.18411458333333333 0.10370370370370371 0.06614583333333333
0 0.18101851851851852 0.19348958333333333 0.10648148148148148 0.07135416666666666
0 0.04953703703703704 0.09947916666666666 0.09351851851851853 0.065625
0 0.09166666666666667 0.25026041666666665 0.044444444444444446 0.0328125
0 0.12962962962962962 0.28854166666666664 0.031481481481481485 0.016666666666666666
0 0.10462962962962963 0.3171875 0.04259259259259259 0.027083333333333334
0 0.04722222222222222 0.56171875 0.07592592592592592 0.0390625
0 0.017592592592592594 0.89296875 0.031481481481481485 0.0328125
0 0.3680555555555556 0.14296875 0.07314814814814816 0.0546875
0 0.1564814814814815 0.8669270833333333 0.061111111111111116 0.044270833333333336
0 0.21203703703703705 0.97265625 0.06851851851851852 0.0546875
0 0.34351851851851856 0.9653645833333333 0.07037037037037037 0.0546875
0 0.3768518518518519 0.5052083333333334 0.04259259259259259 0.022916666666666665
0 0.32685185185185184 0.5875 0.07592592592592592 0.04375
0 0.3013888888888889 0.6916666666666667 0.04722222222222222 0.017708333333333333
0 0.34675925925925927 0.7020833333333333 0.06759259259259259 0.03125
0 0.3888888888888889 0.6838541666666667 0.05 0.0375
0 0.3912037037037037 0.6559895833333333 0.06759259259259259 0.033854166666666664
0 0.3513888888888889 0.6356770833333333 0.030555555555555558 0.027604166666666666
0 0.5398148148148149 0.9645833333333333 0.09074074074074075 0.06770833333333333
0 0.07407407407407407 0.2778645833333333 0.03888888888888889 0.022395833333333334
