0 0.022685185185185187 0.74921875 0.04351851851851852 0.03697916666666667
0 0.09074074074074075 0.6776041666666667 0.06666666666666667 0.027083333333333334
0 0.19074074074074074 0.9059895833333333 0.04814814814814815 0.0390625
0 0.03518518518518519 0.265625 0.06851851851851852 0.052083333333333336
0 0.1300925925925926 0.20390624999999998 0.09722222222222222 0.059895833333333336
0 0.3527777777777778 0.8817708333333333 0.08148148148148149 0.05416666666666667
0 0.32222222222222224 0.8265625 0.07777777777777778 0.057291666666666664
0 0.2449074074074074 0.7208333333333333 0.06944444444444445 0.05625
0 0.29212962962962963 0.6580729166666667 0.08425925925925926 0.05364583333333333
0 0.3625 0.6427083333333333 0.04351851851851852 0.03333333333333333
0 0.3625 0.6427083333333333 0.04351851851851852 0.03333333333333333
0 0.27592592592592596 0.43515624999999997 0.08703703703703704 0.0359375
0 0.31203703703703706 0.38697916666666665 0.07407407407407407 0.041666666666666664
0 0.3037037037037037 0.3403645833333333 0.08518518518518518 0.0453125
0 0.11898148148148148 0.2578125 0.09166666666666667 0.053125
0 0.24722222222222223 0.16432291666666665 0.07407407407407407 0.0515625
0 0.31666666666666665 0.18411458333333333 0.061111111111111116 0.049479166666666664
0 0.39212962962962966 0.25026041666666665 0.04537037037037037 0.0421875
0 0.5828703703703704 0.29583333333333334 0.05648148148148149 0.03958333333333333
0 0.2935185185185185 0.04401041666666666 0.06851851851851852 0.05677083333333333
0 0.675462962962963 0.09739583333333333 0.10833333333333334 0.09479166666666666
0 0.6800925925925926 0.18385416666666665 0.10092592592592593 0.06354166666666666
0 0.7967592592592593 0.19244791666666666 0.10092592592592593 0.07239583333333333
0 0.925 0.096875 0.08703703703703704 0.06666666666666667
0 0.8962962962962964 0.2484375 0.044444444444444446 0.03125
0 0.8606481481481482 0.2890625 0.032407407407407406 0.017708333333333333
0 0.8824074074074074 0.3169270833333333 0.040740740740740744 0.027604166666666666
0 0.938425925925926 0.5614583333333333 0.075 0.03958333333333333
0 0.9856481481481482 0.6231770833333333 0.028703703703703703 0.0234375
0 0.9750000000000001 0.8927083333333333 0.03518518518518519 0.03229166666666666
0 0.8342592592592593 0.8666666666666667 0.061111111111111116 0.04375
0 0.7731481481481481 0.97265625 0.06666666666666667 0.05364583333333333
0 0.637962962962963 0.9658854166666666 0.07777777777777778 0.0515625
0 0.6162037037037037 0.5049479166666666 0.04166666666666667 0.022395833333333334
0 0.913425925925926 0.27682291666666664 0.036111111111111115 0.022395833333333334
0 0.6601851851851852 0.5875 0.07592592592592592 0.04479166666666667
0 0.6861111111111111 0.6919270833333333 0.04814814814814815 0.0171875
0 0.638888888888889 0.7033854166666667 0.06851851851851852 0.030729166666666665
0 0.5972222222222222 0.6841145833333333 0.05 0.03697916666666667
0 0.5953703703703704 0.6559895833333333 0.06851851851851852 0.0328125
0 0.6370370370370371 0.6356770833333333 0.02962962962962963 0.027604166666666666
0 0.4398148148148148 0.96484375 0.09074074074074075 0.06302083333333333
