0 0.07268518518518519 0.6776041666666667 0.0638888888888889 0.027083333333333334
0 0.17731481481481481 0.91171875 0.04537037037037037 0.03697916666666667
0 0.10601851851851853 0.20234375 0.09722222222222222 0.0609375
0 0.33333333333333337 0.8841145833333334 0.07962962962962963 0.0546875
0 0.3050925925925926 0.8270833333333333 0.075 0.058333333333333334
0 0.22222222222222224 0.7221354166666667 0.07777777777777778 0.05364583333333333
0 0.2689814814814815 0.6611979166666666 0.08055555555555556 0.0515625
0 0.34351851851851856 0.6440104166666667 0.0462962962962963 0.0328125
0 0.34351851851851856 0.6440104166666667 0.0462962962962963 0.0328125
0 0.25601851851851853 0.4348958333333333 0.08611111111111111 0.03125
0 0.3041666666666667 0.39036458333333335 0.0712962962962963 0.049479166666666664
0 0.28101851851851856 0.34140625 0.08796296296296297 0.049479166666666664
0 0.09537037037037037 0.25755208333333335 0.0925925925925926 0.05364583333333333
0 0.225 0.16302083333333334 0.07407407407407407 0.051041666666666666
0 0.2972222222222222 0.18229166666666666 0.061111111111111116 0.05
0 0.37453703703703706 0.24895833333333334 0.04722222222222222 0.041666666666666664
0 0.5694444444444444 0.29401041666666666 0.05740740740740741 0.04010416666666666
0 0.27592592592592596 0.042708333333333334 0.07222222222222223 0.058333333333333334
0 0.6513888888888889 0.09375 0.10833333333333334 0.09479166666666666
0 0.6569444444444444 0.18072916666666666 0.10092592592592593 0.065625
0 0.7736111111111111 0.18932291666666667 0.10277777777777779 0.07135416666666666
0 0.9018518518518519 0.09401041666666667 0.08888888888888889 0.06614583333333333
0 0.9685185185185186 0.07786458333333333 0.06296296296296297 0.08489583333333334
0 0.8824074074074074 0.24661458333333333 0.044444444444444446 0.03177083333333333
0 0.85 0.28802083333333334 0.03518518518518519 0.019791666666666666
0 0.8685185185185186 0.315625 0.040740740740740744 0.028125
0 0.9231481481481482 0.5611979166666666 0.07777777777777778 0.04010416666666666
0 0.9800925925925926 0.6234375 0.03981481481481482 0.02395833333333333
0 0.9643518518518519 0.8919270833333334 0.036111111111111115 0.0328125
0 0.8212962962962963 0.8664062499999999 0.05925925925925926 0.044270833333333336
0 0.7546296296296297 0.9729166666666667 0.07037037037037037 0.05416666666666667
0 0.6180555555555556 0.96875 0.08055555555555556 0.05416666666666667
0 0.6046296296296296 0.5044270833333333 0.04259259259259259 0.021354166666666667
0 0.6421296296296296 0.5869791666666666 0.075 0.04479166666666667
0 0.6703703703703704 0.69140625 0.04814814814814815 0.0171875
0 0.6236111111111111 0.7046875 0.06759259259259259 0.030208333333333334
0 0.5800925925925926 0.6846354166666666 0.049074074074074076 0.0359375
0 0.5791666666666667 0.65546875 0.06944444444444445 0.03177083333333333
0 0.6208333333333333 0.6356770833333333 0.030555555555555558 0.027604166666666666
0 0.4166666666666667 0.9653645833333333 0.09074074074074075 0.059895833333333336
