0 0.05277777777777778 0.6776041666666667 0.06296296296296297 0.027083333333333334
0 0.1587962962962963 0.9125 0.04537037037037037 0.034375
0 0.08240740740740742 0.19921875 0.1 0.06302083333333333
0 0.3125 0.8854166666666666 0.0787037037037037 0.053125
0 0.2847222222222222 0.8276041666666667 0.07685185185185185 0.059375
0 0.19675925925925927 0.7231770833333333 0.07685185185185185 0.05572916666666666
0 0.24537037037037038 0.6609375 0.08333333333333334 0.051041666666666666
0 0.325 0.6453125 0.04814814814814815 0.03333333333333333
0 0.325 0.6453125 0.04814814814814815 0.03333333333333333
0 0.23935185185185187 0.4359375 0.0787037037037037 0.035416666666666666
0 0.2828703703703704 0.38958333333333334 0.0787037037037037 0.051041666666666666
0 0.2601851851851852 0.03984375 0.07592592592592592 0.06302083333333333
0 0.2611111111111111 0.3390625 0.08333333333333334 0.04791666666666666
0 0.07222222222222223 0.2552083333333333 0.09074074074074075 0.05416666666666667
0 0.20231481481481484 0.16067708333333333 0.075 0.049479166666666664
0 0.27870370370370373 0.17942708333333332 0.05925925925925926 0.0515625
0 0.3564814814814815 0.24713541666666666 0.05 0.043229166666666666
0 0.5564814814814815 0.29192708333333334 0.05740740740740741 0.0390625
0 0.6277777777777778 0.08958333333333333 0.10925925925925926 0.09583333333333333
0 0.6351851851851852 0.17682291666666666 0.1 0.0671875
0 0.750462962962963 0.18567708333333333 0.10092592592592593 0.07239583333333333
0 0.8796296296296297 0.08958333333333333 0.09074074074074075 0.06666666666666667
0 0.9574074074074075 0.07083333333333333 0.08518518518518518 0.08958333333333333
0 0.9462962962962963 0.22994791666666667 0.024074074074074074 0.0234375
0 0.8717592592592593 0.24401041666666667 0.04351851851851852 0.030729166666666665
0 0.8384259259259259 0.2859375 0.036111111111111115 0.019791666666666666
0 0.8546296296296296 0.31328125 0.040740740740740744 0.028645833333333332
0 0.9060185185185186 0.56015625 0.07685185185185185 0.04114583333333333
0 0.9731481481481482 0.6216145833333333 0.05 0.0234375
0 0.9523148148148148 0.8908854166666667 0.03796296296296296 0.0328125
0 0.8083333333333333 0.8661458333333333 0.05740740740740741 0.04375
0 0.737037037037037 0.97265625 0.07037037037037037 0.0546875
0 0.6 0.97109375 0.08148148148148149 0.057812499999999996
0 0.5925925925925926 0.5028645833333333 0.044444444444444446 0.0203125
0 0.625462962962963 0.5861979166666667 0.0787037037037037 0.0453125
0 0.6537037037037037 0.6908854166666667 0.05 0.0171875
0 0.6083333333333334 0.7041666666666666 0.07037037037037037 0.029166666666666667
0 0.563425925925926 0.684375 0.05092592592592593 0.036458333333333336
0 0.5638888888888889 0.6546875 0.06851851851851852 0.03229166666666666
0 0.6060185185185185 0.6348958333333333 0.032407407407407406 0.028125
0 0.39212962962962966 0.9666666666666667 0.09166666666666667 0.059375
