0 0.9490740740740741 0.6776041666666667 0.06296296296296297 0.027083333333333334
0 0.8430555555555556 0.9125 0.04537037037037037 0.034375
0 0.9194444444444445 0.19921875 0.1 0.06302083333333333
0 0.6893518518518519 0.8854166666666666 0.0787037037037037 0.053125
0 0.7171296296296297 0.8276041666666667 0.07685185185185185 0.059375
0 0.8050925925925926 0.7231770833333333 0.07685185185185185 0.05572916666666666
0 0.7564814814814815 0.6609375 0.08333333333333334 0.051041666666666666
0 0.6768518518518519 0.6453125 0.04814814814814815 0.03333333333333333
0 0.6768518518518519 0.6453125 0.04814814814814815 0.03333333333333333
0 0.7625000000000001 0.4359375 0.0787037037037037 0.035416666666666666
0 0.7189814814814816 0.38958333333333334 0.0787037037037037 0.051041666666666666
0 0.7416666666666667 0.03984375 0.07592592592592592 0.06302083333333333
0 0.7407407407407408 0.3390625 0.08333333333333334 0.04791666666666666
0 0.9296296296296297 0.2552083333333333 0.09074074074074075 0.05416666666666667
0 0.799537037037037 0.16067708333333333 0.075 0.049479166666666664
0 0.7231481481481482 0.17942708333333332 0.05925925925925926 0.0515625
0 0.6453703703703704 0.24713541666666666 0.05 0.043229166666666666
0 0.44537037037037036 0.29192708333333334 0.05740740740740741 0.0390625
0 0.3740740740740741 0.08958333333333333 0.10925925925925926 0.09583333333333333
0 0.3666666666666667 0.17682291666666666 0.1 0.0671875
0 0.2513888888888889 0.18567708333333333 0.10092592592592593 0.07239583333333333
0 0.12222222222222223 0.08958333333333333 0.09074074074074075 0.06666666666666667
0 0.044444444444444446 0.07083333333333333 0.08518518518518518 0.08958333333333333
0 0.05555555555555556 0.22994791666666667 0.024074074074074074 0.0234375
0 0.1300925925925926 0.24401041666666667 0.04351851851851852 0.030729166666666665
0 0.16342592592592592 0.2859375 0.036111111111111115 0.019791666666666666
0 0.14722222222222223 0.31328125 0.040740740740740744 0.028645833333333332
0 0.09583333333333334 0.56015625 0.07685185185185185 0.04114583333333333
0 0.028703703703703703 0.6216145833333333 0.05 0.0234375
0 0.04953703703703704 0.8908854166666667 0.03796296296296296 0.0328125
0 0.19351851851851853 0.8661458333333333 0.05740740740740741 0.04375
0 0.26481481481481484 0.97265625 0.07037037037037037 0.0546875
0 0.40185185185185185 0.97109375 0.08148148148148149 0.057812499999999996
0 0.40925925925925927 0.5028645833333333 0.044444444444444446 0.0203125
0 0.3763888888888889 0.5861979166666667 0.0787037037037037 0.0453125
0 0.34814814814814815 0.6908854166666667 0.05 0.0171875
0 0.39351851851851855 0.7041666666666666 0.07037037037037037 0.029166666666666667
0 0.43842592592592594 0.684375 0.05092592592592593 0.036458333333333336
0 0.437962962962963 0.6546875 0.06851851851851852 0.03229166666666666
0 0.39583333333333337 0.6348958333333333 0.032407407407407406 0.028125
0 0.6097222222222223 0.9666666666666667 0.09166666666666667 0.059375
