0 0.8745370370370371 0.9098958333333333 0.04351851851851852 0.034375
0 0.9546296296296297 0.190625 0.09074074074074075 0.06354166666666666
0 0.7296296296296296 0.8854166666666666 0.07592592592592592 0.052083333333333336
0 0.7523148148148149 0.8263020833333333 0.0787037037037037 0.058854166666666666
0 0.8527777777777779 0.7221354166666667 0.08333333333333334 0.05677083333333333
0 0.7981481481481482 0.6588541666666666 0.08888888888888889 0.053125
0 0.7106481481481481 0.6421875 0.05462962962962963 0.034375
0 0.8083333333333333 0.42864583333333334 0.09444444444444444 0.04583333333333333
0 0.7597222222222223 0.38359375 0.08611111111111111 0.0515625
0 0.7777777777777778 0.33359375 0.08888888888888889 0.049479166666666664
0 0.9615740740740741 0.24869791666666666 0.07685185185185185 0.05677083333333333
0 0.8393518518518519 0.15130208333333334 0.075 0.0515625
0 0.7569444444444444 0.17057291666666666 0.06018518518518519 0.05260416666666667
0 0.675462962962963 0.23984375 0.05277777777777778 0.044270833333333336
0 0.4675925925925926 0.2864583333333333 0.05740740740740741 0.040625
0 0.7763888888888889 0.025260416666666667 0.08981481481481482 0.0484375
0 0.41481481481481486 0.07760416666666667 0.10740740740740741 0.096875
0 0.40370370370370373 0.16770833333333332 0.1 0.07083333333333333
0 0.2902777777777778 0.17682291666666666 0.10092592592592593 0.07447916666666667
0 0.15972222222222224 0.0796875 0.09351851851851853 0.071875
0 0.06435185185185185 0.06067708333333333 0.1175925925925926 0.0921875
0 0.08148148148148149 0.22421875 0.03888888888888889 0.025520833333333333
0 0.15046296296296297 0.23958333333333334 0.04166666666666667 0.027083333333333334
0 0.18194444444444446 0.28098958333333335 0.036111111111111115 0.021354166666666667
0 0.1675925925925926 0.30885416666666665 0.03888888888888889 0.029166666666666667
0 0.1212962962962963 0.5578125 0.07592592592592592 0.041666666666666664
0 0.05324074074074074 0.6190104166666667 0.04537037037037037 0.022395833333333334
0 0.07083333333333333 0.8890625 0.03981481481481482 0.03229166666666666
0 0.2162037037037037 0.8643229166666666 0.05648148148148149 0.043229166666666666
0 0.29305555555555557 0.9721354166666667 0.06574074074074074 0.05572916666666666
0 0.4356481481481482 0.9692708333333333 0.08055555555555556 0.06041666666666667
0 0.4291666666666667 0.49921875 0.04537037037037037 0.019270833333333334
0 0.4050925925925926 0.58359375 0.08055555555555556 0.0453125
0 0.37777777777777777 0.6893229166666667 0.05 0.0171875
0 0.42453703703703705 0.703125 0.0712962962962963 0.03125
0 0.46851851851851856 0.68203125 0.04814814814814815 0.0359375
0 0.4671296296296297 0.6526041666666667 0.06759259259259259 0.03229166666666666
0 0.4226851851851852 0.6325520833333333 0.03425925925925926 0.028645833333333332
0 0.6574074074074074 0.9669270833333333 0.09444444444444444 0.0609375
