0 0.12731481481481483 0.9098958333333333 0.04351851851851852 0.034375
0 0.046759259259259264 0.19036458333333334 0.09166666666666667 0.06302083333333333
0 0.27222222222222225 0.8854166666666666 0.07592592592592592 0.052083333333333336
0 0.24953703703703706 0.8263020833333333 0.0787037037037037 0.058854166666666666
0 0.14907407407407408 0.7221354166666667 0.08333333333333334 0.05677083333333333
0 0.20370370370370372 0.6588541666666666 0.08888888888888889 0.053125
0 0.29120370370370374 0.6421875 0.05462962962962963 0.034375
0 0.19351851851851853 0.42864583333333334 0.09444444444444444 0.04583333333333333
0 0.24212962962962964 0.38359375 0.08611111111111111 0.0515625
0 0.2240740740740741 0.33359375 0.08888888888888889 0.049479166666666664
0 0.03981481481481482 0.2484375 0.07777777777777778 0.05625
0 0.1625 0.15130208333333334 0.075 0.0515625
0 0.2449074074074074 0.17057291666666666 0.06018518518518519 0.05260416666666667
0 0.3263888888888889 0.23984375 0.05277777777777778 0.044270833333333336
0 0.5342592592592593 0.2864583333333333 0.05740740740740741 0.040625
0 0.22546296296296298 0.025260416666666667 0.08981481481481482 0.0484375
0 0.587037037037037 0.07760416666666667 0.10740740740740741 0.096875
0 0.5981481481481482 0.16770833333333332 0.1 0.07083333333333333
0 0.7115740740740741 0.17682291666666666 0.10092592592592593 0.07447916666666667
0 0.8421296296296297 0.0796875 0.09351851851851853 0.071875
0 0.9375 0.06067708333333333 0.1175925925925926 0.0921875
0 0.9203703703703704 0.22421875 0.03888888888888889 0.025520833333333333
0 0.851388888888889 0.23958333333333334 0.04166666666666667 0.027083333333333334
0 0.8199074074074074 0.28098958333333335 0.036111111111111115 0.021354166666666667
0 0.8342592592592593 0.30885416666666665 0.03888888888888889 0.029166666666666667
0 0.8805555555555555 0.5578125 0.07592592592592592 0.041666666666666664
0 0.9486111111111112 0.6190104166666667 0.04537037037037037 0.022395833333333334
0 0.9310185185185186 0.8890625 0.03981481481481482 0.03229166666666666
0 0.7856481481481482 0.8643229166666666 0.05648148148148149 0.043229166666666666
0 0.7087962962962964 0.9721354166666667 0.06574074074074074 0.05572916666666666
0 0.5662037037037038 0.9692708333333333 0.08055555555555556 0.06041666666666667
0 0.5726851851851852 0.49921875 0.04537037037037037 0.019270833333333334
0 0.5967592592592593 0.58359375 0.08055555555555556 0.0453125
0 0.6240740740740741 0.6893229166666667 0.05 0.0171875
0 0.5773148148148148 0.703125 0.0712962962962963 0.03125
0 0.5333333333333333 0.68203125 0.04814814814814815 0.0359375
0 0.5347222222222222 0.6526041666666667 0.06759259259259259 0.03229166666666666
0 0.5791666666666667 0.6325520833333333 0.03425925925925926 0.028645833333333332
0 0.34444444444444444 0.9669270833333333 0.09444444444444444 0.0609375
