0 0.11111111111111112 0.90859375 0.044444444444444446 0.033854166666666664
0 0.03888888888888889 0.18645833333333334 0.07592592592592592 0.065625
0 0.2523148148148148 0.8848958333333333 0.07314814814814816 0.052083333333333336
0 0.23240740740740742 0.8255208333333334 0.07962962962962963 0.059375
0 0.12592592592592594 0.7213541666666666 0.08703703703703704 0.05520833333333333
0 0.18425925925925926 0.6572916666666666 0.09074074074074075 0.05520833333333333
0 0.27546296296296297 0.6416666666666666 0.05462962962962963 0.034375
0 0.17824074074074076 0.4263020833333333 0.09351851851851853 0.0453125
0 0.22546296296296298 0.3815104166666667 0.08796296296296297 0.050520833333333334
0 0.20740740740740743 0.33125 0.09074074074074075 0.05
0 0.032407407407407406 0.24609375 0.06296296296296297 0.05677083333333333
0 0.14537037037037037 0.14713541666666666 0.07777777777777778 0.0515625
0 0.23055555555555557 0.16744791666666667 0.061111111111111116 0.05260416666666667
0 0.3125 0.23776041666666667 0.05277777777777778 0.0453125
0 0.5240740740740741 0.28489583333333335 0.05740740740740741 0.040625
0 0.20972222222222223 0.025260416666666667 0.08981481481481482 0.0484375
0 0.5680555555555555 0.07473958333333333 0.10833333333333334 0.09635416666666667
0 0.5800925925925926 0.165625 0.10092592592592593 0.07083333333333333
0 0.6902777777777778 0.17526041666666667 0.09722222222222222 0.07447916666666667
0 0.8212962962962963 0.07890625 0.09444444444444444 0.07239583333333333
0 0.9175925925925926 0.058333333333333334 0.12037037037037038 0.09270833333333334
0 0.9069444444444444 0.22369791666666666 0.03981481481481482 0.024479166666666666
0 0.8384259259259259 0.23776041666666667 0.03796296296296296 0.03177083333333333
0 0.8111111111111111 0.28020833333333334 0.03333333333333333 0.020833333333333332
0 0.8222222222222223 0.3078125 0.03888888888888889 0.028125
0 0.8657407407407408 0.55703125 0.07407407407407407 0.04010416666666666
0 0.9351851851851852 0.61875 0.044444444444444446 0.021875
0 0.9194444444444445 0.8893229166666666 0.04259259259259259 0.0328125
0 0.7736111111111111 0.8643229166666666 0.05648148148148149 0.043229166666666666
0 0.6907407407407408 0.9723958333333333 0.07222222222222223 0.05520833333333333
0 0.549537037037037 0.9692708333333333 0.08055555555555556 0.06041666666666667
0 0.563425925925926 0.4981770833333333 0.04722222222222222 0.019270833333333334
0 0.5833333333333334 0.5828125 0.07962962962962963 0.04583333333333333
0 0.6092592592592593 0.6890625 0.05 0.017708333333333333
0 0.5620370370370371 0.7020833333333333 0.07037037037037037 0.03125
0 0.7319444444444445 0.83984375 0.032407407407407406 0.033854166666666664
0 0.5194444444444445 0.68125 0.04814814814814815 0.035416666666666666
0 0.5199074074074074 0.6515625 0.06574074074074074 0.03229166666666666
0 0.5652777777777778 0.63203125 0.036111111111111115 0.028645833333333332
0 0.32037037037037036 0.9671875 0.0962962962962963 0.06041666666666667
