0 0.09444444444444444 0.9093749999999999 0.044444444444444446 0.036458333333333336
0 0.23194444444444445 0.8864583333333333 0.0712962962962963 0.052083333333333336
0 0.2138888888888889 0.8260416666666667 0.07962962962962963 0.058333333333333334
0 0.10231481481481482 0.7221354166666667 0.08796296296296297 0.05677083333333333
0 0.1638888888888889 0.6583333333333333 0.09444444444444444 0.05520833333333333
0 0.25925925925925924 0.6411458333333333 0.05555555555555556 0.0375
0 0.15972222222222224 0.42604166666666665 0.09537037037037037 0.046875
0 0.2064814814814815 0.38125 0.09074074074074075 0.052083333333333336
0 0.18981481481481483 0.33046875 0.09074074074074075 0.049479166666666664
0 0.02361111111111111 0.24505208333333334 0.04537037037037037 0.05677083333333333
0 0.12592592592592594 0.14635416666666667 0.07777777777777778 0.051041666666666666
0 0.21481481481481482 0.16666666666666666 0.05925925925925926 0.053125
0 0.29814814814814816 0.23776041666666667 0.053703703703703705 0.0453125
0 0.5115740740740741 0.28515625 0.05648148148148149 0.04010416666666666
0 0.19398148148148148 0.026041666666666668 0.08796296296296297 0.05
0 0.5439814814814815 0.07421875 0.10462962962962963 0.0953125
0 0.5583333333333333 0.16432291666666665 0.1 0.07239583333333333
0 0.6662037037037037 0.17552083333333332 0.09537037037037037 0.07291666666666667
0 0.7967592592592593 0.07916666666666666 0.09166666666666667 0.07291666666666667
0 0.8930555555555556 0.05859375 0.125 0.09322916666666667
0 0.8898148148148148 0.22395833333333334 0.0462962962962963 0.028125
0 0.825462962962963 0.24036458333333333 0.03981481481481482 0.0296875
0 0.8097222222222222 0.30703125 0.03796296296296296 0.0265625
0 0.8486111111111111 0.5580729166666667 0.075 0.04010416666666666
0 0.9199074074074074 0.6200520833333333 0.04166666666666667 0.0234375
0 0.9069444444444444 0.890625 0.04351851851851852 0.03333333333333333
0 0.7606481481481482 0.865625 0.05648148148148149 0.04375
0 0.6731481481481482 0.9731770833333333 0.07222222222222223 0.05364583333333333
0 0.5314814814814816 0.9708333333333333 0.08148148148148149 0.058333333333333334
0 0.5541666666666667 0.49973958333333335 0.05092592592592593 0.01614583333333333
0 0.5675925925925926 0.58359375 0.08148148148148149 0.04635416666666667
0 0.5935185185185186 0.68984375 0.05 0.0171875
0 0.5453703703703704 0.7036458333333333 0.07222222222222223 0.03229166666666666
0 0.5027777777777778 0.6817708333333333 0.04814814814814815 0.035416666666666666
0 0.5050925925925926 0.6526041666666667 0.06574074074074074 0.03125
0 0.5509259259259259 0.63203125 0.03888888888888889 0.028645833333333332
0 0.2967592592592593 0.9690104166666667 0.09537037037037037 0.06197916666666667
0 0.7162037037037037 0.83984375 0.03796296296296296 0.034895833333333334
