0 0.07685185185185185 0.9111979166666666 0.0462962962962963 0.03697916666666667
0 0.2101851851851852 0.8890625 0.07037037037037037 0.052083333333333336
0 0.1953703703703704 0.8276041666666667 0.08148148148148149 0.059375
0 0.07592592592592592 0.72421875 0.08888888888888889 0.05572916666666666
0 0.14027777777777778 0.6596354166666667 0.09722222222222222 0.05572916666666666
0 0.24212962962962964 0.6419270833333334 0.05277777777777778 0.03697916666666667
0 0.13796296296296298 0.42682291666666666 0.1 0.04739583333333333
0 0.1875 0.38177083333333334 0.08796296296296297 0.051041666666666666
0 0.16944444444444445 0.3302083333333333 0.09074074074074075 0.04895833333333333
0 0.10787037037037038 0.14609375 0.07685185185185185 0.050520833333333334
0 0.19675925925925927 0.1671875 0.062037037037037036 0.053125
0 0.2814814814814815 0.23854166666666665 0.05740740740740741 0.04583333333333333
0 0.49768518518518523 0.2859375 0.05648148148148149 0.040625
0 0.17500000000000002 0.026822916666666665 0.09074074074074075 0.0515625
0 0.5194444444444445 0.07395833333333333 0.10370370370370371 0.09479166666666666
0 0.5356481481481482 0.16484375 0.10092592592592593 0.07239583333333333
0 0.6407407407407407 0.17682291666666666 0.09444444444444444 0.07239583333333333
0 0.7717592592592593 0.07994791666666666 0.08981481481481482 0.0734375
0 0.8680555555555556 0.05911458333333333 0.12314814814814816 0.09427083333333333
0 0.8717592592592593 0.22473958333333333 0.05277777777777778 0.028645833333333332
0 0.7958333333333334 0.3078125 0.036111111111111115 0.027083333333333334
0 0.8310185185185186 0.5588541666666667 0.075 0.03958333333333333
0 0.8962962962962964 0.8916666666666666 0.0462962962962963 0.03333333333333333
0 0.7472222222222222 0.8669270833333333 0.05740740740740741 0.044270833333333336
0 0.6578703703703704 0.9739583333333334 0.06759259259259259 0.051041666666666666
0 0.513888888888889 0.9729166666666667 0.08148148148148149 0.05520833333333333
0 0.5416666666666667 0.5013020833333334 0.05 0.015104166666666667
0 0.5509259259259259 0.5848958333333333 0.07962962962962963 0.04583333333333333
0 0.5273148148148148 0.7052083333333333 0.0712962962962963 0.03333333333333333
0 0.48564814814814816 0.6833333333333333 0.04722222222222222 0.035416666666666666
0 0.487962962962963 0.6536458333333334 0.06296296296296297 0.03229166666666666
0 0.5351851851851852 0.6330729166666667 0.040740740740740744 0.028645833333333332
0 0.2726851851851852 0.9705729166666667 0.09351851851851853 0.059895833333333336
0 0.701388888888889 0.8427083333333333 0.04537037037037037 0.03229166666666666
