0 0.9550925925925926 0.9125 0.04351851851851852 0.0375
0 0.8337962962962964 0.8932291666666666 0.06574074074074074 0.04895833333333333
0 0.8476851851851852 0.8307291666666666 0.07685185185185185 0.059375
0 0.9671296296296297 0.7283854166666667 0.06574074074074074 0.06197916666666667
0 0.9041666666666667 0.66171875 0.10277777777777779 0.05677083333333333
0 0.7912037037037037 0.6427083333333333 0.05092592592592593 0.035416666666666666
0 0.899537037037037 0.4265625 0.09722222222222222 0.04791666666666666
0 0.8532407407407407 0.3809895833333333 0.09537037037037037 0.05260416666666667
0 0.8685185185185186 0.3299479166666667 0.0925925925925926 0.049479166666666664
0 0.9305555555555556 0.14583333333333334 0.07222222222222223 0.05
0 0.8398148148148148 0.16614583333333333 0.061111111111111116 0.053125
0 0.7523148148148149 0.23776041666666667 0.06018518518518519 0.0453125
0 0.5296296296296297 0.28541666666666665 0.05740740740740741 0.040625
0 0.8638888888888889 0.0296875 0.0925925925925926 0.057291666666666664
0 0.5296296296296297 0.07135416666666666 0.10370370370370371 0.09375
0 0.5078703703703704 0.16354166666666667 0.10277777777777779 0.07291666666666667
0 0.4083333333333333 0.17317708333333334 0.0962962962962963 0.07239583333333333
0 0.275 0.07760416666666667 0.08703703703703704 0.07291666666666667
0 0.18101851851851852 0.057812499999999996 0.1212962962962963 0.096875
0 0.1564814814814815 0.22760416666666666 0.053703703703703705 0.02395833333333333
0 0.20185185185185187 0.5583333333333333 0.07222222222222223 0.03958333333333333
0 0.1277777777777778 0.8921875 0.05 0.034375
0 0.2777777777777778 0.8684895833333334 0.05555555555555556 0.0453125
0 0.37962962962962965 0.9747395833333333 0.07407407407407407 0.049479166666666664
0 0.5226851851851853 0.9736979166666666 0.0787037037037037 0.0515625
0 0.48055555555555557 0.5033854166666667 0.05 0.015104166666666667
0 0.48055555555555557 0.58515625 0.07962962962962963 0.04635416666666667
0 0.5046296296296297 0.7182291666666667 0.07592592592592592 0.051041666666666666
0 0.549074074074074 0.684375 0.04814814814814815 0.035416666666666666
0 0.5458333333333334 0.6541666666666667 0.058333333333333334 0.03125
0 0.4962962962962963 0.6341145833333334 0.04259259259259259 0.0296875
0 0.7782407407407408 0.9718749999999999 0.08981481481481482 0.05625
0 0.022685185185185187 0.4796875 0.04166666666666667 0.035416666666666666
0 0.022222222222222223 0.4791666666666667 0.040740740740740744 0.036458333333333336
0 0.32037037037037036 0.8450520833333334 0.04259259259259259 0.0296875
