0 0.08981481481481482 0.8976562499999999 0.061111111111111116 0.04114583333333333
0 0.08657407407407408 0.83359375 0.09166666666666667 0.05260416666666667
0 0.034722222222222224 0.6630208333333333 0.06759259259259259 0.059375
0 0.1449074074074074 0.6416666666666666 0.05092592592592593 0.03333333333333333
0 0.038425925925925926 0.42473958333333334 0.07314814814814816 0.049479166666666664
0 0.06805555555555556 0.378125 0.09907407407407408 0.052083333333333336
0 0.055092592592592596 0.32526041666666666 0.09722222222222222 0.0515625
0 0.0912037037037037 0.15859375 0.062037037037037036 0.05364583333333333
0 0.1851851851851852 0.23177083333333334 0.06481481481481481 0.04583333333333333
0 0.4199074074074074 0.28098958333333335 0.06018518518518519 0.0390625
0 0.06666666666666667 0.0234375 0.0925925925925926 0.04479166666666667
0 0.3726851851851852 0.059895833333333336 0.09722222222222222 0.09166666666666666
0 0.40324074074074073 0.15572916666666667 0.10092592592592593 0.075
0 0.49444444444444446 0.16614583333333333 0.09074074074074075 0.071875
0 0.6337962962962963 0.06901041666666667 0.08611111111111111 0.07760416666666667
0 0.7171296296296297 0.04921875 0.12314814814814816 0.0953125
0 0.7361111111111112 0.5572916666666666 0.07222222222222223 0.03958333333333333
0 0.8310185185185186 0.8854166666666666 0.05648148148148149 0.03125
0 0.674537037037037 0.8666666666666667 0.05648148148148149 0.04583333333333333
0 0.5578703703703703 0.9744791666666667 0.06759259259259259 0.051041666666666666
0 0.8439814814814816 0.23723958333333334 0.030555555555555558 0.015104166666666667
0 0.40925925925925927 0.9731770833333333 0.08333333333333334 0.05260416666666667
0 0.47824074074074074 0.49609375 0.049074074074074076 0.0234375
0 0.45787037037037037 0.5833333333333334 0.08055555555555556 0.046875
0 0.4342592592592593 0.7143229166666667 0.07407407407407407 0.06197916666666667
0 0.38703703703703707 0.6838541666666667 0.044444444444444446 0.034375
0 0.3912037037037037 0.6533854166666666 0.05277777777777778 0.03177083333333333
0 0.4518518518518519 0.6328125 0.044444444444444446 0.030208333333333334
0 0.12361111111111112 0.9723958333333333 0.08240740740740742 0.05625
0 0.9694444444444444 0.3716145833333333 0.061111111111111116 0.050520833333333334
0 0.9324074074074075 0.4770833333333333 0.07407407407407407 0.03333333333333333
0 0.9490740740740741 0.9223958333333333 0.08703703703703704 0.065625
0 0.6319444444444444 0.8429687499999999 0.04722222222222222 0.0296875
