0 0.06944444444444445 0.90078125 0.05925925925925926 0.03802083333333333
0 0.06296296296296297 0.8364583333333333 0.08148148148148149 0.052083333333333336
0 0.1277777777777778 0.6421875 0.05185185185185186 0.03229166666666666
0 0.028240740740740743 0.42161458333333335 0.05462962962962963 0.044270833333333336
0 0.050462962962962966 0.37786458333333334 0.09722222222222222 0.0515625
0 0.04259259259259259 0.32447916666666665 0.08333333333333334 0.051041666666666666
0 0.07222222222222223 0.15833333333333333 0.06296296296296297 0.05416666666666667
0 0.1685185185185185 0.23151041666666666 0.06666666666666667 0.04635416666666667
0 0.40601851851851856 0.28046875 0.058333333333333334 0.03802083333333333
0 0.049074074074074076 0.0234375 0.09074074074074075 0.04479166666666667
0 0.3472222222222222 0.057812499999999996 0.09814814814814815 0.08854166666666667
0 0.37962962962962965 0.15625 0.10370370370370371 0.075
0 0.46574074074074073 0.16614583333333333 0.0925925925925926 0.06875
0 0.6078703703703704 0.06979166666666667 0.08611111111111111 0.075
0 0.6902777777777778 0.04973958333333333 0.11574074074074074 0.09635416666666667
0 0.4101851851851852 0.7171875 0.07777777777777778 0.04895833333333333
0 0.7162037037037037 0.5578125 0.07314814814814816 0.03958333333333333
0 0.8194444444444445 0.88671875 0.05740740740740741 0.027604166666666666
0 0.8347222222222223 0.2375 0.028703703703703703 0.014583333333333334
0 0.6615740740740741 0.8677083333333333 0.05462962962962963 0.04479166666666667
0 0.538425925925926 0.9752604166666666 0.0712962962962963 0.049479166666666664
0 0.3902777777777778 0.9736979166666666 0.08240740740740742 0.0515625
0 0.4666666666666667 0.4947916666666667 0.04814814814814815 0.020833333333333332
0 0.44212962962962965 0.58359375 0.08240740740740742 0.04739583333333333
0 0.3703703703703704 0.68515625 0.0462962962962963 0.03697916666666667
0 0.3814814814814815 0.65390625 0.06481481481481481 0.03177083333333333
0 0.43842592592592594 0.6338541666666666 0.049074074074074076 0.028125
0 0.09444444444444444 0.9723958333333333 0.08333333333333334 0.05520833333333333
0 0.9601851851851853 0.37265625 0.07962962962962963 0.050520833333333334
0 0.912962962962963 0.4778645833333333 0.07777777777777778 0.033854166666666664
0 0.9828703703703704 0.53125 0.03425925925925926 0.036458333333333336
0 0.9310185185185186 0.9231770833333334 0.08796296296296297 0.06614583333333333
0 0.6185185185185186 0.84453125 0.0462962962962963 0.028645833333333332
