0 0.9541666666666667 0.9026041666666667 0.05648148148148149 0.0375
0 0.9601851851851853 0.8395833333333333 0.07592592592592592 0.04895833333333333
0 0.8907407407407407 0.6434895833333333 0.05185185185185186 0.033854166666666664
0 0.962037037037037 0.3770833333333333 0.07592592592592592 0.05520833333333333
0 0.9662037037037038 0.3265625 0.06759259259259259 0.053125
0 0.9472222222222223 0.15911458333333334 0.061111111111111116 0.0546875
0 0.8490740740740741 0.23229166666666667 0.06851851851851852 0.046875
0 0.6111111111111112 0.2799479166666667 0.05925925925925926 0.033854166666666664
0 0.2990740740740741 0.3078125 0.02962962962962963 0.026041666666666668
0 0.962962962962963 0.025260416666666667 0.07407407407407407 0.0484375
0 0.6791666666666667 0.05859375 0.09537037037037037 0.0859375
0 0.6453703703703704 0.15911458333333334 0.10185185185185186 0.07552083333333333
0 0.5611111111111111 0.16875 0.08518518518518518 0.06354166666666666
0 0.4175925925925926 0.07291666666666667 0.08518518518518518 0.075
0 0.33935185185185185 0.05234375 0.1175925925925926 0.09947916666666666
0 0.3013888888888889 0.559375 0.0712962962962963 0.03958333333333333
0 0.19351851851851853 0.8888020833333333 0.05555555555555556 0.024479166666666666
0 0.17916666666666667 0.24088541666666666 0.030555555555555558 0.0140625
0 0.3550925925925926 0.8690104166666667 0.058333333333333334 0.0453125
0 0.4828703703703704 0.9763020833333333 0.075 0.04739583333333333
0 0.6310185185185185 0.9747395833333333 0.08240740740740742 0.0484375
0 0.5462962962962963 0.49765624999999997 0.05 0.024479166666666666
0 0.576388888888889 0.5848958333333333 0.08240740740740742 0.04791666666666666
0 0.6101851851851852 0.7182291666666667 0.07777777777777778 0.04895833333333333
0 0.65 0.6856770833333333 0.0462962962962963 0.0359375
0 0.638425925925926 0.6546875 0.06018518518518519 0.03229166666666666
0 0.9277777777777778 0.97265625 0.07222222222222223 0.0546875
0 0.028703703703703703 0.09348958333333333 0.053703703703703705 0.05364583333333333
0 0.05740740740740741 0.37473958333333335 0.08888888888888889 0.050520833333333334
0 0.10833333333333334 0.47942708333333334 0.07777777777777778 0.033854166666666664
0 0.02962962962962963 0.534375 0.05555555555555556 0.0375
0 0.09027777777777778 0.9252604166666667 0.08796296296296297 0.06510416666666667
0 0.39490740740740743 0.8455729166666667 0.05092592592592593 0.027604166666666666
