0 0.03194444444444445 0.8388020833333333 0.058333333333333334 0.05260416666666667
0 0.07916666666666666 0.646875 0.049074074074074076 0.03333333333333333
0 0.028240740740740743 0.16458333333333333 0.05462962962962963 0.05416666666666667
0 0.12361111111111112 0.23776041666666667 0.06944444444444445 0.04635416666666667
0 0.36574074074074076 0.28125 0.05740740740740741 0.026041666666666668
0 0.02314814814814815 0.028385416666666666 0.044444444444444446 0.0546875
0 0.27546296296296297 0.06692708333333333 0.09351851851851853 0.0828125
0 0.31203703703703706 0.16692708333333334 0.1 0.07447916666666667
0 0.38657407407407407 0.17526041666666667 0.09722222222222222 0.05677083333333333
0 0.5351851851851852 0.08255208333333333 0.08518518518518518 0.0734375
0 0.6069444444444445 0.06276041666666667 0.11203703703703705 0.09947916666666666
0 0.7972222222222223 0.2453125 0.02592592592592593 0.015625
0 0.6768518518518519 0.31171875 0.03518518518518519 0.028645833333333332
0 0.6675925925925926 0.5619791666666667 0.07037037037037037 0.03958333333333333
0 0.6217592592592592 0.87265625 0.05462962962962963 0.0453125
0 0.4861111111111111 0.978125 0.07592592592592592 0.042708333333333334
0 0.33611111111111114 0.9768229166666667 0.08333333333333334 0.044270833333333336
0 0.43333333333333335 0.5010416666666666 0.05 0.025
0 0.39490740740740743 0.58828125 0.08240740740740742 0.04635416666666667
0 0.35879629629629634 0.7203125 0.0712962962962963 0.05416666666666667
0 0.3194444444444445 0.6885416666666666 0.044444444444444446 0.036458333333333336
0 0.33101851851851855 0.6580729166666667 0.058333333333333334 0.03177083333333333
0 0.962037037037037 0.18098958333333334 0.07037037037037037 0.05364583333333333
0 0.9412037037037038 0.10520833333333333 0.08240740740740742 0.04895833333333333
0 0.9050925925925927 0.3796875 0.08796296296296297 0.05
0 0.8560185185185185 0.48333333333333334 0.0712962962962963 0.035416666666666666
0 0.937962962962963 0.5369791666666667 0.07407407407407407 0.035416666666666666
0 0.9712962962962963 0.5234375 0.05740740740740741 0.03958333333333333
0 0.875 0.9283854166666666 0.08518518518518518 0.06614583333333333
0 0.5851851851851853 0.8510416666666667 0.04814814814814815 0.02395833333333333
