0 0.022685185185185187 0.8411458333333334 0.04351851851851852 0.05416666666666667
0 0.06435185185185185 0.6484375 0.049074074074074076 0.03229166666666666
0 0.29212962962962963 0.17135416666666667 0.09351851851851853 0.06979166666666667
0 0.021296296296296296 0.16901041666666666 0.040740740740740744 0.05364583333333333
0 0.11018518518518519 0.240625 0.07037037037037037 0.04583333333333333
0 0.3550925925925926 0.28828125 0.058333333333333334 0.034895833333333334
0 0.25416666666666665 0.07161458333333333 0.09351851851851853 0.08177083333333333
0 0.35879629629629634 0.17942708333333332 0.10277777777777779 0.05677083333333333
0 0.5120370370370371 0.08723958333333333 0.08148148148148149 0.0734375
0 0.2675925925925926 0.6216145833333333 0.05185185185185186 0.0328125
0 0.5791666666666667 0.06666666666666667 0.11574074074074074 0.09895833333333333
0 0.6601851851851852 0.3140625 0.03518518518518519 0.026041666666666668
0 0.650462962962963 0.5638020833333334 0.06944444444444445 0.0390625
0 0.6111111111111112 0.8739583333333333 0.053703703703703705 0.04583333333333333
0 0.4708333333333333 0.9786458333333333 0.07314814814814816 0.041666666666666664
0 0.3199074074074074 0.9770833333333333 0.08240740740740742 0.042708333333333334
0 0.42314814814814816 0.5028645833333333 0.05 0.024479166666666666
0 0.37962962962962965 0.5895833333333333 0.08148148148148149 0.046875
0 0.34351851851851856 0.7221354166666667 0.07777777777777778 0.05260416666666667
0 0.30462962962962964 0.690625 0.044444444444444446 0.0375
0 0.31527777777777777 0.6598958333333333 0.05648148148148149 0.03229166666666666
0 0.9435185185185185 0.18489583333333334 0.07962962962962963 0.05416666666666667
0 0.9189814814814815 0.10989583333333333 0.08240740740740742 0.05
0 0.8851851851851852 0.38255208333333335 0.08888888888888889 0.049479166666666664
0 0.837962962962963 0.48593749999999997 0.07037037037037037 0.035416666666666666
0 0.9175925925925926 0.53828125 0.07407407407407407 0.034895833333333334
0 0.9652777777777778 0.52734375 0.06944444444444445 0.043229166666666666
0 0.8569444444444445 0.9299479166666667 0.08425925925925926 0.06614583333333333
0 0.5777777777777778 0.8546874999999999 0.04259259259259259 0.020833333333333332
