0 0.05185185185185186 0.65 0.04814814814814815 0.030208333333333334
0 0.0976851851851852 0.24348958333333334 0.0712962962962963 0.0453125
0 0.3425925925925926 0.29296875 0.05740740740740741 0.0390625
0 0.23425925925925928 0.0765625 0.09814814814814815 0.08125
0 0.27037037037037037 0.17552083333333332 0.08888888888888889 0.06770833333333333
0 0.33564814814814814 0.18333333333333332 0.09907407407407408 0.05520833333333333
0 0.48842592592592593 0.09140625 0.08425925925925926 0.0734375
0 0.55 0.0703125 0.11481481481481481 0.096875
0 0.6476851851851853 0.31614583333333335 0.03796296296296296 0.026041666666666668
0 0.6356481481481482 0.56484375 0.075 0.0390625
0 0.5995370370370371 0.8752604166666667 0.05462962962962963 0.0453125
0 0.45601851851851855 0.9794270833333333 0.0712962962962963 0.04010416666666666
0 0.3050925925925926 0.97734375 0.08240740740740742 0.0421875
0 0.4175925925925926 0.5044270833333333 0.044444444444444446 0.025520833333333333
0 0.3662037037037037 0.58984375 0.08240740740740742 0.0484375
0 0.3287037037037037 0.7234375 0.08518518518518518 0.04895833333333333
0 0.28935185185185186 0.6911458333333333 0.04537037037037037 0.0375
0 0.30092592592592593 0.6609375 0.053703703703703705 0.03125
0 0.2518518518518519 0.62265625 0.05925925925925926 0.0296875
0 0.6833333333333333 0.2755208333333333 0.03333333333333333 0.01875
0 0.9240740740740742 0.18828125 0.07777777777777778 0.0546875
0 0.8986111111111111 0.1125 0.08240740740740742 0.052083333333333336
0 0.8685185185185186 0.38385416666666666 0.08703703703703704 0.04895833333333333
0 0.8212962962962963 0.48723958333333334 0.06851851851851852 0.034895833333333334
0 0.8986111111111111 0.53828125 0.07314814814814816 0.033854166666666664
0 0.9555555555555556 0.5255208333333333 0.08703703703703704 0.0375
0 0.8384259259259259 0.9307291666666666 0.08240740740740742 0.06666666666666667
