0 0.9606481481481481 0.6528645833333333 0.04537037037037037 0.025520833333333333
0 0.9166666666666667 0.24557291666666667 0.07222222222222223 0.044270833333333336
0 0.6703703703703704 0.2950520833333333 0.05740740740740741 0.04010416666666666
0 0.7833333333333333 0.08020833333333333 0.10370370370370371 0.08125
0 0.7527777777777778 0.178125 0.08333333333333334 0.06666666666666667
0 0.6828703703703703 0.18541666666666667 0.08981481481481482 0.05416666666666667
0 0.5337962962962963 0.09479166666666666 0.08425925925925926 0.071875
0 0.47314814814814815 0.07317708333333334 0.10925925925925926 0.0953125
0 0.36712962962962964 0.3182291666666667 0.04166666666666667 0.027083333333333334
0 0.3824074074074074 0.5653645833333333 0.06851851851851852 0.0390625
0 0.4134259259259259 0.8760416666666666 0.05277777777777778 0.04583333333333333
0 0.5625 0.9791666666666666 0.07314814814814816 0.040625
0 0.7138888888888889 0.9778645833333334 0.08333333333333334 0.04114583333333333
0 0.5958333333333333 0.50546875 0.04537037037037037 0.025520833333333333
0 0.65 0.5911458333333334 0.08148148148148149 0.046875
0 0.6912037037037038 0.72109375 0.08796296296296297 0.05260416666666667
0 0.7282407407407407 0.6919270833333333 0.04537037037037037 0.03802083333333333
0 0.7157407407407408 0.6614583333333334 0.053703703703703705 0.03125
0 0.7657407407407407 0.6231770833333333 0.061111111111111116 0.03177083333333333
0 0.33425925925925926 0.2794270833333333 0.037037037037037035 0.022395833333333334
0 0.0962962962962963 0.190625 0.07592592592592592 0.053125
0 0.12222222222222223 0.11432291666666666 0.08333333333333334 0.05364583333333333
0 0.15185185185185185 0.38515625 0.08703703703703704 0.049479166666666664
0 0.19722222222222224 0.48802083333333335 0.06666666666666667 0.034375
0 0.12222222222222223 0.5388020833333333 0.07037037037037037 0.033854166666666664
0 0.06018518518518519 0.53125 0.09444444444444444 0.04583333333333333
0 0.03981481481481482 0.5690104166666666 0.053703703703703705 0.03697916666666667
0 0.18055555555555555 0.93125 0.08148148148148149 0.06666666666666667
