0 0.9574074074074075 0.24713541666666666 0.07037037037037037 0.0453125
0 0.7046296296296296 0.29583333333333334 0.05925925925925926 0.03854166666666667
0 0.8541666666666667 0.08255208333333333 0.10092592592592593 0.07864583333333333
0 0.8236111111111112 0.17890625 0.0712962962962963 0.06197916666666667
0 0.7601851851851852 0.18697916666666667 0.09074074074074075 0.053125
0 0.6037037037037037 0.09609375 0.07777777777777778 0.07135416666666666
0 0.55 0.07552083333333333 0.10555555555555556 0.09375
0 0.3564814814814815 0.24348958333333334 0.05 0.03697916666666667
0 0.4064814814814815 0.31796875 0.04259259259259259 0.027604166666666666
0 0.4310185185185185 0.5661458333333333 0.06759259259259259 0.03854166666666667
0 0.45231481481481484 0.8776041666666666 0.05277777777777778 0.04583333333333333
0 0.6194444444444445 0.98046875 0.07222222222222223 0.03802083333333333
0 0.7694444444444445 0.9786458333333333 0.08518518518518518 0.041666666666666664
0 0.6310185185185185 0.5052083333333334 0.049074074074074076 0.025
0 0.6972222222222223 0.59296875 0.08148148148148149 0.0453125
0 0.7384259259259259 0.7247395833333333 0.08611111111111111 0.050520833333333334
0 0.7777777777777778 0.6932291666666667 0.04814814814814815 0.03958333333333333
0 0.7652777777777778 0.6622395833333333 0.049074074074074076 0.030729166666666665
0 0.8175925925925926 0.6239583333333333 0.07037037037037037 0.034375
0 0.37592592592592594 0.28411458333333334 0.0462962962962963 0.030729166666666665
0 0.1537037037037037 0.19140625 0.07407407407407407 0.05364583333333333
0 0.1814814814814815 0.11354166666666667 0.07962962962962963 0.057291666666666664
0 0.020833333333333336 0.27317708333333335 0.03796296296296296 0.03802083333333333
0 0.20694444444444446 0.3854166666666667 0.08425925925925926 0.04895833333333333
0 0.3925925925925926 0.4231770833333333 0.02592592592592593 0.021354166666666667
0 0.25 0.4890625 0.06666666666666667 0.034375
0 0.17731481481481481 0.5401041666666666 0.06759259259259259 0.036458333333333336
0 0.11064814814814815 0.5307291666666667 0.08240740740740742 0.042708333333333334
0 0.09351851851851853 0.5690104166666666 0.04259259259259259 0.03177083333333333
0 0.04583333333333334 0.47031249999999997 0.03981481481481482 0.029166666666666667
0 0.020833333333333336 0.56640625 0.036111111111111115 0.0421875
0 0.06018518518518519 0.66484375 0.05740740740740741 0.027604166666666666
0 0.031481481481481485 0.6177083333333333 0.040740740740740744 0.02395833333333333
0 0.2439814814814815 0.9328124999999999 0.09722222222222222 0.06666666666666667
