0 0.031018518518518518 0.24635416666666665 0.06018518518518519 0.04479166666666667
0 0.28240740740740744 0.2955729166666667 0.05925925925925926 0.0390625
0 0.11805555555555557 0.08125 0.09537037037037037 0.078125
0 0.1527777777777778 0.17864583333333334 0.07037037037037037 0.06458333333333333
0 0.2111111111111111 0.18489583333333334 0.0925925925925926 0.05416666666666667
0 0.3699074074074074 0.09375 0.0787037037037037 0.071875
0 0.4217592592592593 0.0734375 0.10648148148148148 0.09479166666666666
0 0.6287037037037038 0.24114583333333334 0.05555555555555556 0.035416666666666666
0 0.5814814814814815 0.3184895833333333 0.04259259259259259 0.027604166666666666
0 0.5555555555555556 0.5658854166666667 0.07037037037037037 0.0390625
0 0.5361111111111111 0.8781249999999999 0.05185185185185186 0.04583333333333333
0 0.36388888888888893 0.9807291666666667 0.06851851851851852 0.0375
0 0.2138888888888889 0.9791666666666666 0.08333333333333334 0.041666666666666664
0 0.35833333333333334 0.5020833333333333 0.05 0.019791666666666666
0 0.28611111111111115 0.5934895833333333 0.08148148148148149 0.0453125
0 0.24814814814814815 0.72421875 0.08518518518518518 0.05260416666666667
0 0.20601851851851852 0.6940104166666666 0.04722222222222222 0.03802083333333333
0 0.2199074074074074 0.6627604166666666 0.04722222222222222 0.030729166666666665
0 0.16666666666666669 0.62421875 0.07037037037037037 0.034895833333333334
0 0.612037037037037 0.28359375 0.0462962962962963 0.0296875
0 0.8268518518518518 0.1890625 0.07222222222222223 0.05416666666666667
0 0.799537037037037 0.1109375 0.07685185185185185 0.059375
0 0.9726851851851852 0.271875 0.05462962962962963 0.03854166666666667
0 0.513425925925926 0.8510416666666667 0.03796296296296296 0.027083333333333334
0 0.775462962962963 0.3848958333333333 0.08240740740740742 0.04895833333333333
0 0.5958333333333333 0.42265625 0.032407407407407406 0.022395833333333334
0 0.7328703703703704 0.48828125 0.0638888888888889 0.033854166666666664
0 0.8069444444444445 0.5432291666666667 0.0712962962962963 0.042708333333333334
0 0.8712962962962963 0.5299479166666666 0.07962962962962963 0.0421875
0 0.8893518518518518 0.5684895833333333 0.03981481481481482 0.03177083333333333
0 0.9370370370370371 0.46875 0.04259259259259259 0.029166666666666667
0 0.9717592592592593 0.5666666666666667 0.05648148148148149 0.03958333333333333
0 0.925462962962963 0.6638020833333333 0.058333333333333334 0.0296875
0 0.9550925925925926 0.6182291666666666 0.04166666666666667 0.02395833333333333
0 0.7425925925925926 0.9322916666666666 0.08888888888888889 0.06770833333333333
