0 0.75 0.29296875 0.053703703703703705 0.03802083333333333
0 0.9439814814814815 0.07604166666666666 0.08981481481481482 0.07604166666666666
0 0.9069444444444444 0.17395833333333333 0.06574074074074074 0.06145833333333333
0 0.8560185185185185 0.18125 0.09537037037037037 0.05625
0 0.6888888888888889 0.08958333333333333 0.07962962962962963 0.071875
0 0.6412037037037037 0.06822916666666666 0.11018518518518519 0.09479166666666666
0 0.40601851851851856 0.24088541666666666 0.04166666666666667 0.0328125
0 0.4481481481481482 0.31640625 0.040740740740740744 0.028645833333333332
0 0.4861111111111111 0.5653645833333333 0.06851851851851852 0.0390625
0 0.4930555555555556 0.8786458333333333 0.05092592592592593 0.04583333333333333
0 0.7134259259259259 0.6979166666666666 0.04722222222222222 0.03229166666666666
0 0.6763888888888889 0.9822916666666667 0.06759259259259259 0.035416666666666666
0 0.8291666666666667 0.9809895833333333 0.08611111111111111 0.03802083333333333
0 0.6671296296296296 0.50546875 0.049074074074074076 0.0265625
0 0.7518518518518519 0.5942708333333333 0.08333333333333334 0.04583333333333333
0 0.7912037037037037 0.725 0.07685185185185185 0.05
0 0.8361111111111111 0.6947916666666667 0.044444444444444446 0.03958333333333333
0 0.8222222222222223 0.6645833333333333 0.044444444444444446 0.030208333333333334
0 0.8689814814814815 0.6247395833333333 0.062037037037037036 0.034895833333333334
0 0.6615740740740741 0.14114583333333333 0.06944444444444445 0.042708333333333334
0 0.4226851851851852 0.28072916666666664 0.04722222222222222 0.028125
0 0.21435185185185185 0.18619791666666666 0.06944444444444445 0.05572916666666666
0 0.24537037037037038 0.10651041666666666 0.07777777777777778 0.0609375
0 0.02314814814814815 0.11223958333333334 0.04259259259259259 0.059895833333333336
0 0.29120370370370374 0.2513020833333333 0.026851851851851852 0.019270833333333334
0 0.05416666666666667 0.26953125 0.0712962962962963 0.04010416666666666
0 0.01712962962962963 0.2859375 0.030555555555555558 0.03958333333333333
0 0.26435185185185184 0.38359375 0.08425925925925926 0.049479166666666664
0 0.4393518518518519 0.4223958333333333 0.03796296296296296 0.022916666666666665
0 0.3037037037037037 0.48854166666666665 0.061111111111111116 0.035416666666666666
0 0.22824074074074074 0.54140625 0.0787037037037037 0.0390625
0 0.16898148148148148 0.5302083333333333 0.0787037037037037 0.04375
0 0.14907407407407408 0.5684895833333333 0.03333333333333333 0.03177083333333333
0 0.09953703703703703 0.46848958333333335 0.04537037037037037 0.030729166666666665
0 0.05648148148148149 0.56640625 0.07407407407407407 0.0390625
0 0.1087962962962963 0.6635416666666667 0.06018518518518519 0.030208333333333334
0 0.07731481481481482 0.61875 0.04351851851851852 0.026041666666666668
0 0.29074074074074074 0.93515625 0.09074074074074075 0.0703125
0 0.5148148148148148 0.8518229166666667 0.031481481481481485 0.030729166666666665
