0 0.21574074074074076 0.2872395833333333 0.06296296296296297 0.04010416666666666
0 0.03888888888888889 0.16510416666666666 0.07592592592592592 0.06145833333333333
0 0.06157407407407408 0.16848958333333333 0.1175925925925926 0.059895833333333336
0 0.2388888888888889 0.07708333333333334 0.08703703703703704 0.07395833333333333
0 0.28101851851851856 0.054427083333333334 0.11574074074074074 0.0984375
0 0.5546296296296297 0.23645833333333333 0.03888888888888889 0.028125
0 0.5203703703703704 0.24010416666666667 0.044444444444444446 0.022916666666666665
0 0.5162037037037037 0.31145833333333334 0.04537037037037037 0.022916666666666665
0 0.4671296296296297 0.5635416666666666 0.06944444444444445 0.03958333333333333
0 0.46990740740740744 0.8786458333333333 0.049074074074074076 0.04583333333333333
0 0.27083333333333337 0.9830729166666666 0.06574074074074074 0.033854166666666664
0 0.11481481481481481 0.9817708333333334 0.08518518518518518 0.036458333333333336
0 0.3023148148148148 0.5026041666666666 0.05648148148148149 0.026041666666666668
0 0.19814814814814816 0.5932291666666667 0.08703703703703704 0.04583333333333333
0 0.2351851851851852 0.6979166666666666 0.05185185185185186 0.03333333333333333
0 0.15601851851851853 0.7244791666666667 0.08240740740740742 0.05520833333333333
0 0.1175925925925926 0.6950520833333333 0.05925925925925926 0.0359375
0 0.12916666666666668 0.6627604166666666 0.04722222222222222 0.03177083333333333
0 0.21805555555555556 0.64296875 0.05462962962962963 0.028645833333333332
0 0.08148148148148149 0.6229166666666667 0.05740740740740741 0.0375
0 0.29814814814814816 0.13359375 0.07222222222222223 0.04010416666666666
0 0.5370370370370371 0.2747395833333333 0.03888888888888889 0.027604166666666666
0 0.737037037037037 0.17734375 0.07037037037037037 0.05677083333333333
0 0.7050925925925926 0.09609375 0.07685185185185185 0.06302083333333333
0 0.9472222222222223 0.10026041666666667 0.08333333333333334 0.06510416666666667
0 0.6856481481481482 0.24583333333333332 0.030555555555555558 0.020833333333333332
0 0.9083333333333333 0.26328125 0.07037037037037037 0.04114583333333333
0 0.9601851851851853 0.2794270833333333 0.061111111111111116 0.03802083333333333
0 0.6898148148148149 0.37916666666666665 0.08148148148148149 0.05
0 0.5217592592592593 0.41901041666666666 0.04722222222222222 0.024479166666666666
0 0.6481481481481481 0.48359375 0.061111111111111116 0.0328125
0 0.7222222222222222 0.5390625 0.07407407407407407 0.03854166666666667
0 0.7842592592592593 0.52734375 0.08333333333333334 0.0453125
0 0.8592592592592593 0.4666666666666667 0.04814814814814815 0.03229166666666666
0 0.9023148148148149 0.5640625 0.075 0.040625
0 0.8490740740740741 0.6638020833333333 0.06296296296296297 0.0296875
0 0.8870370370370371 0.6177083333333333 0.04814814814814815 0.028125
0 0.6606481481481482 0.9359375 0.09907407407407408 0.06979166666666667
0 0.4513888888888889 0.8510416666666667 0.030555555555555558 0.028125
