0 0.14212962962962963 0.27890625 0.062037037037037036 0.04114583333333333
0 0.10185185185185186 0.05755208333333333 0.09814814814814815 0.07239583333333333
0 0.12685185185185185 0.040364583333333336 0.1277777777777778 0.07864583333333333
0 0.4842592592592593 0.22213541666666667 0.05555555555555556 0.04114583333333333
0 0.5430555555555556 0.2786458333333333 0.025 0.026041666666666668
0 0.3814814814814815 0.5622395833333333 0.06851851851851852 0.04114583333333333
0 0.4041666666666667 0.8791666666666667 0.049074074074074076 0.046875
0 0.18101851851851852 0.9838541666666667 0.06574074074074074 0.03229166666666666
0 0.03287037037037037 0.9825520833333333 0.062037037037037036 0.034895833333333334
0 0.24305555555555555 0.49895833333333334 0.05648148148148149 0.026041666666666668
0 0.10694444444444445 0.5924479166666666 0.09351851851851853 0.04635416666666667
0 0.1476851851851852 0.6997395833333333 0.058333333333333334 0.0359375
0 0.0625 0.7252604166666666 0.09166666666666667 0.05677083333333333
0 0.030092592592592594 0.69609375 0.058333333333333334 0.04114583333333333
0 0.04398148148148148 0.6614583333333334 0.05092592592592593 0.03125
0 0.1398148148148148 0.64375 0.05740740740740741 0.029166666666666667
0 0.13611111111111113 0.10026041666666667 0.040740740740740744 0.0203125
0 0.1837962962962963 0.10781249999999999 0.05092592592592593 0.041666666666666664
0 0.2212962962962963 0.12864583333333332 0.07037037037037037 0.05
0 0.475462962962963 0.26171875 0.03981481481481482 0.024479166666666666
0 0.6402777777777778 0.16536458333333334 0.06944444444444445 0.058854166666666666
0 0.6050925925925926 0.08072916666666667 0.07314814814814816 0.065625
0 0.8425925925925927 0.08489583333333334 0.08333333333333334 0.06875
0 0.6361111111111112 0.23880208333333333 0.031481481481481485 0.021354166666666667
0 0.8300925925925926 0.2559895833333333 0.06944444444444445 0.043229166666666666
0 0.8819444444444445 0.2716145833333333 0.062037037037037036 0.03802083333333333
0 0.9407407407407408 0.26536458333333335 0.044444444444444446 0.021354166666666667
0 0.9875 0.3325520833333333 0.025 0.027604166666666666
0 0.9564814814814815 0.3130208333333333 0.031481481481481485 0.019791666666666666
0 0.9768518518518519 0.296875 0.03333333333333333 0.019791666666666666
0 0.5981481481481482 0.3736979166666667 0.08333333333333334 0.0515625
0 0.4587962962962963 0.4140625 0.04722222222222222 0.02395833333333333
0 0.5615740740740741 0.48125 0.062037037037037036 0.03229166666666666
0 0.6347222222222223 0.5369791666666667 0.06759259259259259 0.036458333333333336
0 0.6958333333333334 0.5263020833333333 0.08055555555555556 0.0453125
0 0.7782407407407408 0.46458333333333335 0.05277777777777778 0.034375
0 0.8185185185185185 0.5622395833333333 0.07407407407407407 0.04114583333333333
0 0.7717592592592593 0.6611979166666666 0.06759259259259259 0.0328125
0 0.6097222222222223 0.66171875 0.032407407407407406 0.0328125
0 0.8180555555555555 0.6161458333333333 0.05462962962962963 0.029166666666666667
0 0.976388888888889 0.6903645833333333 0.04722222222222222 0.03697916666666667
0 0.9490740740740741 0.7239583333333334 0.04259259259259259 0.025
0 0.962962962962963 0.7653645833333333 0.053703703703703705 0.04010416666666666
0 0.8740740740740741 0.89921875 0.044444444444444446 0.030729166666666665
0 0.5606481481481481 0.9390625 0.08425925925925926 0.07291666666666667
