0 0.8865740740740741 0.27682291666666664 0.0638888888888889 0.04114583333333333
0 0.575925925925926 0.2328125 0.03888888888888889 0.03229166666666666
0 0.9541666666666667 0.05520833333333333 0.08796296296296297 0.065625
0 0.9319444444444445 0.03828125 0.13240740740740742 0.07447916666666667
0 0.5421296296296296 0.21953124999999998 0.05092592592592593 0.04010416666666666
0 0.6532407407407408 0.5619791666666667 0.0712962962962963 0.040625
0 0.6222222222222222 0.8781249999999999 0.04814814814814815 0.04791666666666666
0 0.8560185185185185 0.9838541666666667 0.06759259259259259 0.03229166666666666
0 0.9814814814814815 0.9833333333333333 0.037037037037037035 0.03333333333333333
0 0.7800925925925927 0.4984375 0.05462962962962963 0.027083333333333334
0 0.9287037037037037 0.5927083333333333 0.0962962962962963 0.04583333333333333
0 0.888425925925926 0.7002604166666666 0.06574074074074074 0.03697916666666667
0 0.9648148148148149 0.7236979166666666 0.07037037037037037 0.06197916666666667
0 0.8916666666666667 0.6440104166666667 0.05555555555555556 0.0296875
0 0.8986111111111111 0.09166666666666666 0.04722222222222222 0.03125
0 0.8462962962962963 0.10390624999999999 0.05 0.043229166666666666
0 0.8078703703703703 0.12552083333333333 0.06944444444444445 0.051041666666666666
0 0.5555555555555556 0.26197916666666665 0.0462962962962963 0.030208333333333334
0 0.39722222222222225 0.1625 0.06851851851851852 0.059375
0 0.4351851851851852 0.0765625 0.07222222222222223 0.06666666666666667
0 0.2013888888888889 0.08072916666666667 0.08240740740740742 0.06979166666666667
0 0.38333333333333336 0.23671875 0.031481481481481485 0.022395833333333334
0 0.20277777777777778 0.25364583333333335 0.06851851851851852 0.041666666666666664
0 0.15046296296296297 0.2700520833333333 0.058333333333333334 0.03697916666666667
0 0.09351851851851853 0.2638020833333333 0.044444444444444446 0.019270833333333334
0 0.03564814814814815 0.33177083333333335 0.049074074074074076 0.028125
0 0.07685185185185185 0.31328125 0.040740740740740744 0.0203125
0 0.05601851851851852 0.2950520833333333 0.03425925925925926 0.0203125
0 0.4393518518518519 0.3723958333333333 0.08240740740740742 0.052083333333333336
0 0.5657407407407408 0.4140625 0.04814814814814815 0.025
0 0.47314814814814815 0.48046875 0.05925925925925926 0.030729166666666665
0 0.40185185185185185 0.5364583333333334 0.06851851851851852 0.036458333333333336
0 0.33981481481481485 0.5260416666666666 0.07962962962962963 0.04583333333333333
0 0.2851851851851852 0.5643229166666667 0.03333333333333333 0.03177083333333333
0 0.25601851851851853 0.46380208333333334 0.05277777777777778 0.034895833333333334
0 0.21574074074074076 0.5614583333333333 0.07222222222222223 0.041666666666666664
0 0.2601851851851852 0.6611979166666666 0.06851851851851852 0.033854166666666664
0 0.42129629629629634 0.6614583333333334 0.03333333333333333 0.03333333333333333
0 0.2101851851851852 0.6158854166666666 0.05555555555555556 0.028645833333333332
0 0.047685185185185185 0.68984375 0.058333333333333334 0.0359375
0 0.08194444444444444 0.7239583333333334 0.04537037037037037 0.026041666666666668
0 0.06898148148148149 0.76640625 0.05648148148148149 0.03802083333333333
0 0.16296296296296298 0.9005208333333333 0.040740740740740744 0.03229166666666666
0 0.4842592592592593 0.9388020833333334 0.08148148148148149 0.07239583333333333
0 0.712962962962963 0.8135416666666666 0.02592592592592593 0.0375
