0 0.08287037037037037 0.27682291666666664 0.06944444444444445 0.04114583333333333
0 0.040740740740740744 0.040364583333333336 0.07962962962962963 0.07864583333333333
0 0.4305555555555556 0.22057291666666667 0.05185185185185186 0.04010416666666666
0 0.39814814814814814 0.23072916666666665 0.04259259259259259 0.03333333333333333
0 0.312962962962963 0.5622395833333333 0.07037037037037037 0.04010416666666666
0 0.3523148148148148 0.8807291666666667 0.04537037037037037 0.04583333333333333
0 0.1125 0.984375 0.06574074074074074 0.030208333333333334
0 0.2 0.4986979166666667 0.05185185185185186 0.027604166666666666
0 0.04398148148148148 0.5942708333333333 0.08425925925925926 0.04583333333333333
0 0.0787037037037037 0.7072916666666667 0.07407407407407407 0.030208333333333334
0 0.07731481481481482 0.6455729166666666 0.058333333333333334 0.028645833333333332
0 0.06898148148148149 0.09036458333333333 0.05277777777777778 0.0328125
0 0.12592592592592594 0.10182291666666667 0.05925925925925926 0.0453125
0 0.16203703703703703 0.12578125 0.07037037037037037 0.0515625
0 0.42314814814814816 0.26588541666666665 0.044444444444444446 0.033854166666666664
0 0.562962962962963 0.16302083333333334 0.06851851851851852 0.059375
0 0.5222222222222223 0.0765625 0.07222222222222223 0.065625
0 0.7513888888888889 0.08151041666666667 0.08055555555555556 0.06927083333333334
0 0.5967592592592593 0.23697916666666666 0.032407407407407406 0.021875
0 0.7615740740740741 0.25416666666666665 0.06759259259259259 0.041666666666666664
0 0.8138888888888889 0.2703125 0.05740740740740741 0.036458333333333336
0 0.8717592592592593 0.26484375 0.03981481481481482 0.021354166666666667
0 0.925462962962963 0.3333333333333333 0.05092592592592593 0.027083333333333334
0 0.8861111111111112 0.3138020833333333 0.02962962962962963 0.019270833333333334
0 0.9087962962962963 0.29635416666666664 0.036111111111111115 0.020833333333333332
0 0.5226851851851853 0.3736979166666667 0.08240740740740742 0.0515625
0 0.40925925925925927 0.41432291666666665 0.04814814814814815 0.024479166666666666
0 0.48935185185185187 0.4809895833333333 0.058333333333333334 0.0296875
0 0.5601851851851852 0.5375 0.07037037037037037 0.0375
0 0.6231481481481481 0.52734375 0.07962962962962963 0.04635416666666667
0 0.6782407407407408 0.5645833333333333 0.036111111111111115 0.03333333333333333
0 0.7106481481481481 0.46458333333333335 0.05462962962962963 0.035416666666666666
0 0.7486111111111111 0.56328125 0.0712962962962963 0.04114583333333333
0 0.7064814814814815 0.6627604166666666 0.06851851851851852 0.034895833333333334
0 0.549074074074074 0.6627604166666666 0.03518518518518519 0.033854166666666664
0 0.7601851851851852 0.61796875 0.05555555555555556 0.0296875
0 0.976388888888889 0.7088541666666667 0.04722222222222222 0.036458333333333336
0 0.9768518518518519 0.6591145833333333 0.0462962962962963 0.044270833333333336
0 0.9212962962962963 0.6908854166666667 0.06296296296296297 0.03697916666666667
0 0.887962962962963 0.72578125 0.04814814814814815 0.0265625
0 0.9013888888888889 0.76796875 0.06018518518518519 0.03802083333333333
0 0.7981481481481482 0.903125 0.040740740740740744 0.03333333333333333
0 0.48750000000000004 0.9406249999999999 0.08796296296296297 0.06666666666666667
0 0.2625 0.8153645833333333 0.030555555555555558 0.0390625
