0 0.13951219512195123 0.47139141742522755 0.1424390243902439 0.1729518855656697
0 0.16390243902439025 0.3328998699609883 0.09365853658536585 0.11703511053315994
0 0.2892682926829268 0.3530559167750325 0.14536585365853658 0.19115734720416125
0 0.08926829268292683 0.6514954486345904 0.07317073170731707 0.11183355006501951
0 0.19853658536585367 0.6371911573472042 0.09853658536585366 0.1378413524057217
0 0.3702439024390244 0.48634590377113135 0.14536585365853658 0.19245773732119636
0 0.5039024390243902 0.5799739921976593 0.14536585365853658 0.19245773732119636
0 0.5063414634146342 0.3842652795838752 0.15609756097560976 0.20156046814044215
0 0.6692682926829269 0.293888166449935 0.15024390243902438 0.2080624187256177
0 0.6429268292682927 0.48049414824447334 0.11707317073170731 0.1729518855656697
0 0.7907317073170732 0.22951885565669702 0.14341463414634145 0.19375812743823148
0 0.8263414634146341 0.43498049414824447 0.13463414634146342 0.16775032509752927
