0 0.17622571692876968 0.3162251655629139 0.19518963922294172 0.3543046357615894
0 0.19380203515263647 0.8261589403973509 0.21554116558741906 0.3443708609271523
0 0.5471785383903793 0.27897350993377484 0.20259019426456984 0.35596026490066224
0 0.6461609620721555 0.4370860927152318 0.18963922294172064 0.3344370860927152
0 0.6688251618871416 0.890728476821192 0.22201665124884368 0.2152317880794702
0 0.9255319148936171 0.5960264900662252 0.14708603145235893 0.2847682119205298
0 0.9773358001850139 0.17301324503311258 0.043478260869565216 0.2996688741721854
0 0.6184088806660499 0.7193708609271523 0.1267345050878816 0.1672185430463576
0 0.4916743755781684 0.9081125827814569 0.14338575393154487 0.1804635761589404
0 0.3515263644773358 0.9014900662251656 0.13135985198889918 0.1771523178807947
0 0.7530064754856615 0.890728476821192 0.12395929694727105 0.2052980132450331
