0 0.21022290545734051 0.5078288100208768 0.0730207532667179 0.08455114822546972
0 0.045349730976172176 0.7823590814196242 0.05841660261337433 0.06993736951983298
0 0.3754803996925442 0.8382045929018789 0.06840891621829362 0.08768267223382045
0 0.4231360491929285 0.7687891440501043 0.06533435818601076 0.08455114822546972
0 0.494619523443505 0.7974947807933194 0.0730207532667179 0.09185803757828809
0 0.5257494235203689 0.8502087682672232 0.04611837048424289 0.057411273486430055
0 0.4269792467332821 0.517223382045929 0.0776325903151422 0.09707724425887264
0 0.5134511913912375 0.5276617954070981 0.08608762490392007 0.12004175365344466
0 0.5657186779400462 0.37734864300626303 0.07378939277478863 0.09707724425887264
0 0.6541122213681784 0.37212943632567846 0.08455034588777863 0.11795407098121084
0 0.7863182167563413 0.34655532359081415 0.07071483474250577 0.08977035490605427
0 0.7229054573405073 0.5636743215031315 0.06379707916986933 0.08768267223382045
0 0.7563412759415834 0.5579331941544885 0.05073020753266718 0.0824634655532359
0 0.7897770945426595 0.7510438413361168 0.06072252113758647 0.08455114822546972
0 0.7843966179861644 0.8559498956158663 0.07148347425057648 0.0939457202505219
0 0.7970791698693312 0.1336116910229645 0.07071483474250577 0.08977035490605427
0 0.8512682551883167 0.17849686847599164 0.06994619523443504 0.11482254697286011
0 0.9661798616448886 0.03653444676409186 0.05995388162951576 0.07098121085594988
