0 0.2245508982035928 0.4684385382059801 0.10978043912175647 0.19933554817275748
0 0.02395209580838323 0.9235880398671097 0.04391217564870259 0.1461794019933555
0 0.18363273453093812 0.9003322259136213 0.10778443113772454 0.15946843853820597
0 0.04590818363273453 0.5348837209302326 0.05988023952095808 0.10631229235880399
0 0.19860279441117762 0.15614617940199335 0.08582834331337325 0.132890365448505
0 0.3493013972055888 0.446843853820598 0.13173652694610777 0.2159468438538206
0 0.46806387225548896 0.46345514950166117 0.14570858283433133 0.20930232558139536
0 0.5648702594810379 0.42358803986710963 0.13972055888223553 0.20930232558139536
0 0.5229540918163672 0.6495016611295681 0.13173652694610777 0.22259136212624586
0 0.36926147704590817 0.9700996677740864 0.11576846307385229 0.053156146179401995
0 0.5928143712574849 0.1461794019933555 0.14770459081836326 0.2857142857142857
0 0.8762475049900199 0.4036544850498339 0.15169660678642713 0.2292358803986711
