0 0.33021223470661676 0.32554517133956384 0.19600499375780275 0.48909657320872274
0 0.2184769038701623 0.8800623052959501 0.19975031210986266 0.2336448598130841
0 0.3651685393258427 0.6962616822429907 0.20599250936329588 0.4953271028037383
0 0.5549313358302123 0.616822429906542 0.18352059925093633 0.4984423676012461
0 0.7478152309612984 0.5077881619937694 0.18476903870162298 0.46105919003115264
0 0.7209737827715356 0.13239875389408098 0.16354556803995007 0.2585669781931464
0 0.888888888888889 0.2523364485981308 0.1523096129837703 0.38006230529595014
0 0.08426966292134831 0.4984423676012461 0.07116104868913858 0.1806853582554517
0 0.2066167290886392 0.45794392523364486 0.066167290886392 0.16199376947040497
0 0.11548064918851436 0.13862928348909656 0.066167290886392 0.16510903426791276
0 0.07428214731585518 0.27102803738317754 0.03870162297128589 0.08722741433021806
0 0.028089887640449437 0.08411214953271028 0.03870162297128589 0.08722741433021806
