0 0.19760479041916165 0.3754152823920266 0.16766467065868262 0.292358803986711
0 0.32834331337325345 0.6777408637873754 0.14570858283433133 0.21926910299003322
0 0.5768463073852295 0.15448504983388706 0.16367265469061876 0.2558139534883721
0 0.717564870259481 0.1478405315614618 0.12175648702594809 0.2159468438538206
0 0.8323353293413173 0.10132890365448505 0.11976047904191615 0.19601328903654486
0 0.590818363273453 0.8205980066445183 0.13572854291417163 0.21262458471760798
0 0.6147704590818363 0.951827242524917 0.11576846307385229 0.08305647840531562
0 0.87125748502994 0.9019933554817275 0.12974051896207583 0.1893687707641196
0 0.7564870259481037 0.9534883720930233 0.11576846307385229 0.08637873754152824
0 0.9361277445109779 0.7591362126245847 0.12375249500998003 0.20930232558139536
0 0.9850299401197604 0.925249169435216 0.02594810379241517 0.14285714285714285
