0 0.34195121951219515 0.09492847854356307 0.12390243902439024 0.1482444733420026
0 0.45463414634146343 0.07282184655396619 0.12682926829268293 0.14304291287386217
0 0.3526829268292683 0.23602080624187258 0.15121951219512195 0.19635890767230169
0 0.4692682926829268 0.3387516254876463 0.16 0.20416124837451236
0 0.5497560975609757 0.276332899869961 0.1375609756097561 0.18335500650195058
0 0.36390243902439023 0.44018205461638493 0.1151219512195122 0.18335500650195058
0 0.43073170731707316 0.5487646293888166 0.1746341463414634 0.24187256176853056
0 0.41121951219512193 0.7301690507152145 0.12585365853658537 0.14434330299089726
0 0.41024390243902437 0.8699609882964889 0.16878048780487806 0.21846553966189858
0 0.5907317073170731 0.7834850455136542 0.11804878048780487 0.17815344603381014
0 0.1648780487804878 0.9401820546163849 0.10536585365853658 0.11703511053315994
0 0.0351219512195122 0.6014304291287387 0.05658536585365854 0.0741222366710013
0 0.07512195121951219 0.6781534460338101 0.05658536585365854 0.0741222366710013
0 0.02829268292682927 0.6703511053315995 0.054634146341463415 0.0741222366710013
0 0.8770731707317073 0.2776332899869961 0.0624390243902439 0.06631989596879063
0 0.7175609756097561 0.4492847854356307 0.06731707317073171 0.08192457737321196
0 0.8302439024390244 0.14889466840052015 0.0624390243902439 0.06631989596879063
0 0.9658536585365853 0.17555266579973994 0.0624390243902439 0.06762028608582575
