0 0.6651131824234354 0.21669106881405564 0.08388814913448736 0.10834553440702782
0 0.7436750998668442 0.2540263543191801 0.10252996005326233 0.11859443631039532
0 0.7922769640479361 0.4685212298682284 0.1118508655126498 0.10834553440702782
0 0.7503328894806924 0.5029282576866765 0.09986684420772304 0.10102489019033675
0 0.7503328894806924 0.5988286969253295 0.09454061251664449 0.09077598828696926
0 0.6684420772303595 0.5468521229868228 0.08788282290279628 0.10395314787701318
0 0.6304926764314248 0.5871156661786238 0.11051930758988017 0.09956076134699854
0 0.5559254327563249 0.4904831625183016 0.12383488681757657 0.10834553440702782
0 0.5166444740346205 0.588579795021962 0.11451398135818909 0.09956076134699854
0 0.5725699067909454 0.6830161054172768 0.11984021304926765 0.10980966325036604
0 0.5659121171770972 0.8448023426061494 0.10918774966711052 0.09370424597364568
0 0.2623169107856192 0.6193265007320644 0.11717709720372838 0.11127379209370425
