0 0.0749063670411985 0.31023720349563044 0.14731585518102372 0.2983770287141074
0 0.06429463171036205 0.548689138576779 0.12609238451935081 0.2858926342072409
0 0.20474406991260924 0.6716604244694132 0.25218476903870163 0.33208489388264667
0 0.3913857677902622 0.45318352059925093 0.3283395755305868 0.32209737827715357
0 0.4681647940074906 0.7933832709113608 0.3570536828963795 0.3732833957553059
0 0.6853932584269663 0.5717852684144819 0.29463171036204744 0.3196004993757803
0 0.686641697877653 0.8277153558052435 0.2571785268414482 0.27965043695380776
0 0.32709113607990015 0.15418227215980024 0.317103620474407 0.2908863920099875
0 0.6367041198501873 0.12609238451935081 0.3046192259675406 0.24968789013732834
0 0.5961298377028714 0.35830212234706615 0.2983770287141074 0.2421972534332085
0 0.8158551810237203 0.1223470661672909 0.27340823970037453 0.2421972534332085
