0 0.7105350614822199 0.6441779110444777 0.261881023595879 0.36881559220389803
0 0.23994682618810234 0.7396301849075462 0.26653373213692255 0.40579710144927533
0 0.06862745098039215 0.5124937531234383 0.1359255566633433 0.31134432783608196
0 0.08457959454968428 0.8643178410794602 0.16849451645064803 0.2633683158420789
0 0.11349285476902625 0.20364817591204398 0.1651711532070455 0.20939530234882558
0 0.597374543037554 0.05722138930534732 0.10933865071452309 0.11344327836081959
0 0.7426055167829844 0.12143928035982009 0.16184778996344298 0.24087956021989004
0 0.5533399800598205 0.568215892053973 0.07178464606181455 0.11894052973513243
0 0.5014955134596211 0.7598700649675162 0.09504818876703224 0.13043478260869565
0 0.37720172814888664 0.30559720139930036 0.2499169159189099 0.3743128435782109
0 0.8705550016616815 0.4795102448775612 0.1113326686606846 0.1714142928535732
0 0.9440013293452973 0.28210894552723637 0.1113326686606846 0.1714142928535732
