0 0.2869718309859155 0.36823529411764705 0.24295774647887325 0.16705882352941176
0 0.7640845070422535 0.12 0.19014084507042253 0.12235294117647058
0 0.5897887323943662 0.2552941176470588 0.22887323943661972 0.1576470588235294
0 0.7676056338028169 0.3811764705882353 0.16901408450704225 0.11294117647058823
0 0.5809859154929577 0.42470588235294116 0.2323943661971831 0.14823529411764705
0 0.2711267605633803 0.5305882352941176 0.2535211267605634 0.17176470588235293
0 0.5158450704225352 0.5717647058823528 0.2359154929577465 0.16470588235294117
0 0.22359154929577466 0.6658823529411764 0.1936619718309859 0.13176470588235292
0 0.471830985915493 0.7047058823529411 0.11267605633802817 0.08235294117647059
0 0.3626760563380282 0.6952941176470587 0.09154929577464789 0.07294117647058823
0 0.0721830985915493 0.9694117647058823 0.13732394366197184 0.05647058823529411
0 0.3714788732394366 0.2741176470588235 0.13028169014084506 0.09176470588235293
0 0.5387323943661972 0.1364705882352941 0.16901408450704225 0.08941176470588234
0 0.13908450704225353 0.4658823529411764 0.15845070422535212 0.10823529411764705
