0 0.033658536585365856 0.06559766763848396 0.06536585365853659 0.1282798833819242
0 0.12536585365853659 0.0794460641399417 0.07512195121951219 0.08892128279883382
0 0.19951219512195123 0.04446064139941691 0.05951219512195122 0.08600583090379009
0 0.05170731707317073 0.37026239067055394 0.0702439024390244 0.10495626822157435
0 0.0175609756097561 0.6064139941690962 0.033170731707317075 0.13119533527696792
0 0.11463414634146342 0.3017492711370262 0.08292682926829269 0.119533527696793
0 0.11951219512195121 0.5313411078717201 0.05365853658536585 0.08309037900874636
0 0.30585365853658536 0.8250728862973761 0.17853658536585365 0.24489795918367346
0 0.47365853658536583 0.7521865889212828 0.1824390243902439 0.2536443148688047
0 0.2995121951219512 0.17055393586005832 0.1404878048780488 0.20699708454810495
0 0.4453658536585366 0.21720116618075802 0.1629268292682927 0.23615160349854228
0 0.36878048780487804 0.32434402332361517 0.11121951219512195 0.1880466472303207
0 0.42048780487804877 0.4336734693877551 0.1678048780487805 0.2434402332361516
0 0.5229268292682927 0.38629737609329445 0.10926829268292683 0.20699708454810495
0 0.7253658536585366 0.2813411078717201 0.1024390243902439 0.13119533527696792
0 0.9078048780487805 0.608600583090379 0.0575609756097561 0.07725947521865889
