0 0.4344262295081967 0.24417249417249418 0.06167056986729118 0.0944055944055944
0 0.40007806401249024 0.1958041958041958 0.05230288836846214 0.08391608391608392
0 0.2724434035909446 0.4627039627039627 0.04996096799375488 0.07925407925407925
0 0.2263856362217018 0.5221445221445221 0.04996096799375488 0.07925407925407925
0 0.27010148321623734 0.5477855477855478 0.04996096799375488 0.07925407925407925
0 0.03044496487119438 0.5483682983682984 0.05152224824355972 0.06643356643356643
0 0.20140515222482436 0.817016317016317 0.0546448087431694 0.08158508158508158
0 0.27634660421545665 0.8706293706293706 0.0546448087431694 0.08158508158508158
0 0.4488680718188915 0.7033799533799534 0.059328649492583915 0.09207459207459208
0 0.5612802498048399 0.5914918414918415 0.059328649492583915 0.09207459207459208
0 0.695160031225605 0.5757575757575758 0.07572209211553474 0.10955710955710955
