0 0.4344262295081967 0.2465034965034965 0.0585480093676815 0.09207459207459208
0 0.3981264637002342 0.1993006993006993 0.05308352849336456 0.08624708624708624
0 0.02107728337236534 0.5524475524475524 0.034348165495706476 0.05827505827505827
0 0.04410616705698673 0.5518648018648019 0.02576112412177986 0.054778554778554776
0 0.22521467603434817 0.5233100233100233 0.047619047619047616 0.07459207459207459
0 0.2720530835284934 0.458041958041958 0.0507416081186573 0.07692307692307693
0 0.2654176424668228 0.5501165501165501 0.05620608899297424 0.08158508158508158
0 0.1990632318501171 0.8158508158508159 0.05620608899297424 0.08158508158508158
0 0.22365339578454332 0.7668997668997669 0.04449648711943794 0.0675990675990676
0 0.27634660421545665 0.8618881118881119 0.05308352849336456 0.08041958041958042
0 0.44691647150663544 0.7033799533799534 0.053864168618266976 0.08275058275058275
0 0.37470725995316156 0.872960372960373 0.0546448087431694 0.07459207459207459
0 0.5644028103044496 0.5932400932400932 0.06401249024199844 0.09090909090909091
0 0.6963309914129586 0.5751748251748252 0.08274785323965651 0.10839160839160839
