0 0.46203796203796205 0.2975609756097561 0.25874125874125875 0.3073170731707317
0 0.35214785214785216 0.4 0.13886113886113885 0.21707317073170732
0 0.471028971028971 0.5286585365853659 0.2707292707292707 0.2865853658536585
0 0.6773226773226774 0.4298780487804878 0.21178821178821178 0.27195121951219514
0 0.37212787212787213 0.6615853658536586 0.19880119880119881 0.2548780487804878
0 0.5829170829170829 0.6280487804878049 0.23676323676323677 0.3
0 0.8506493506493507 0.598780487804878 0.18281718281718282 0.2048780487804878
0 0.6573426573426573 0.8573170731707317 0.23776223776223776 0.22682926829268293
0 0.6328671328671329 0.9426829268292682 0.21078921078921078 0.11219512195121951
0 0.2082917082917083 0.9615853658536585 0.15884115884115885 0.07439024390243902
0 0.0999000999000999 0.7036585365853658 0.06593406593406594 0.08292682926829269
0 0.04695304695304695 0.6195121951219512 0.053946053946053944 0.07317073170731707
0 0.15934065934065933 0.6451219512195122 0.06293706293706294 0.06585365853658537
