0 0.480865224625624 0.057228915662650606 0.09317803660565724 0.09036144578313253
0 0.3976705490848586 0.1016566265060241 0.07986688851913477 0.07981927710843374
0 0.43760399334442596 0.12876506024096387 0.09983361064891848 0.088855421686747
0 0.5307820299500832 0.3125 0.09317803660565724 0.0858433734939759
0 0.4608985024958403 0.24397590361445784 0.1064891846921797 0.09939759036144578
0 0.5049916805324459 0.08358433734939759 0.09151414309484193 0.07981927710843374
0 0.44509151414309484 0.3471385542168675 0.09151414309484193 0.088855421686747
0 0.5391014975041597 0.4164156626506024 0.09317803660565724 0.07981927710843374
0 0.47254575707154745 0.46536144578313254 0.09317803660565724 0.07530120481927711
0 0.5532445923460899 0.454066265060241 0.08153078202995008 0.07379518072289157
