0 0.29475437135720234 0.07990012484394507 0.08159866777685262 0.1373283395755306
0 0.3671940049958368 0.07865168539325842 0.0749375520399667 0.1198501872659176
0 0.13072439633638636 0.3177278401997503 0.08326394671107411 0.10611735330836454
0 0.1935886761032473 0.29213483146067415 0.06910907577019151 0.10736579275905118
0 0.25062447960033307 0.32459425717852686 0.07826810990840966 0.10986267166042447
0 0.3422148209825146 0.47440699126092384 0.07826810990840966 0.10986267166042447
0 0.3039134054954205 0.5443196004993758 0.07826810990840966 0.10986267166042447
0 0.21815154038301415 0.5867665418227216 0.07826810990840966 0.10986267166042447
0 0.20982514571190675 0.7340823970037453 0.07826810990840966 0.10986267166042447
0 0.2456286427976686 0.8433208489388265 0.08492922564529559 0.1136079900124844
0 0.33597002497918405 0.8058676654182272 0.03746877601998335 0.06117353308364545
0 0.3634471273938385 0.8058676654182272 0.03746877601998335 0.06117353308364545
0 0.5815986677768527 0.7290886392009988 0.07743547044129892 0.12983770287141075
0 0.6540383014154871 0.7478152309612984 0.07577019150707744 0.1223470661672909
0 0.8805162364696086 0.7459425717852685 0.03413821815154038 0.05118601747815231
0 0.9075770191507078 0.8558052434456929 0.03663613655287261 0.04369538077403246
0 0.9059117402164862 0.8907615480649188 0.028309741881765195 0.03620474406991261
0 0.7127393838467944 0.39637952559300876 0.06994171523730225 0.10362047440699126
0 0.7148209825145712 0.4893882646691636 0.07410491257285595 0.09737827715355805
0 0.7785179017485429 0.22222222222222224 0.06827643630308076 0.09737827715355805
0 0.7431307243963364 0.30337078651685395 0.06577851790174855 0.09238451935081149
0 0.8097418817651957 0.2940074906367041 0.032472939217318905 0.06117353308364545
0 0.8751040799333889 0.7827715355805244 0.02997502081598668 0.0449438202247191
