0 0.12794948487869723 0.22038980509745126 0.20073113991359254 0.25487256371814093
0 0.5892323030907277 0.05547226386806597 0.11033565968760385 0.10994502748625687
0 0.7459288800265869 0.12168915542228885 0.1751412429378531 0.24237881059470265
0 0.9444998338318378 0.27336331834082955 0.11033565968760385 0.15092453773113443
0 0.3783649052841475 0.3053473263368316 0.2442671984047856 0.37581209395302345
0 0.07427716849451645 0.5104947526236882 0.1478896643403124 0.3233383308345827
0 0.08574277168494515 0.8625687156421789 0.1708208707211698 0.2698650674662669
0 0.23978065802592222 0.7396301849075462 0.26287803256895975 0.39980009995002497
0 0.7072116982386174 0.6431784107946027 0.25324027916251246 0.3658170914542728
0 0.49601196410767695 0.7573713143428286 0.08607510800930541 0.12443778110944527
0 0.5518444666001994 0.5729635182408795 0.06281156530408773 0.10844577711144428
0 0.8708873379860418 0.4727636181909045 0.11532070455300764 0.1829085457271364
