0 0.22379778051787916 0.04254007398273736 0.14180024660912455 0.08261405672009864
0 0.17632552404438964 0.08384710234278668 0.12577065351418001 0.11837237977805179
0 0.2749691738594328 0.1658446362515413 0.1159062885326757 0.10727496917385944
0 0.22934648581997535 0.28668310727496915 0.1159062885326757 0.11960542540073983
0 0.35696670776818745 0.27311960542540076 0.1220715166461159 0.1220715166461159
0 0.35388409371146734 0.3686806411837238 0.1159062885326757 0.09124537607891492
0 0.37361282367447596 0.4469790382244143 0.12330456226880394 0.12700369913686807
0 0.27743526510480887 0.5129469790382244 0.12083847102342787 0.1282367447595561
0 0.4235511713933416 0.7040690505548706 0.12700369913686807 0.13316892725030827
0 0.5906288532675709 0.5900123304562269 0.12577065351418001 0.11960542540073983
0 0.6584463625154131 0.7090012330456227 0.12330456226880394 0.12083847102342787
0 0.6541307028360049 0.4463625154130703 0.11467324290998768 0.11837237977805179
0 0.7466091245376079 0.5129469790382244 0.11467324290998768 0.11837237977805179
0 0.781134401972873 0.4093711467324291 0.11960542540073983 0.11837237977805179
0 0.6664611590628854 0.29469790382244143 0.12453760789149199 0.1282367447595561
0 0.7916152897657214 0.28175092478421704 0.1282367447595561 0.12946979038224415
0 0.7595561035758324 0.15289765721331688 0.12577065351418001 0.12577065351418001
0 0.8094944512946979 0.054870530209617754 0.12946979038224415 0.10727496917385944
