0 0.3090778097982709 0.37525987525987525 0.07636887608069164 0.09771309771309772
0 0.3832853025936599 0.38253638253638256 0.06916426512968299 0.08316008316008316
0 0.3184438040345821 0.4656964656964657 0.06916426512968299 0.08316008316008316
0 0.35806916426512964 0.7182952182952184 0.08501440922190201 0.13097713097713098
0 0.526657060518732 0.4573804573804574 0.08501440922190201 0.12058212058212059
0 0.7384726224783861 0.5374220374220374 0.08213256484149856 0.1101871101871102
0 0.7917867435158501 0.4282744282744283 0.09077809798270893 0.1288981288981289
0 0.7190201729106628 0.5914760914760915 0.08645533141210374 0.11850311850311851
0 0.9005763688760806 0.1392931392931393 0.07780979827089336 0.0997920997920998
0 0.9610951008645533 0.14760914760914762 0.05187319884726224 0.11642411642411643
