0 0.4453978159126365 0.12339181286549708 0.24492979719188768 0.21637426900584797
0 0.7152886115444618 0.3362573099415205 0.28549141965678626 0.23742690058479532
0 0.5397815912636506 0.45087719298245615 0.20280811232449297 0.12514619883040937
0 0.48517940717628705 0.2719298245614035 0.1341653666146646 0.09239766081871345
0 0.47815912636505464 0.3684210526315789 0.1170046801872075 0.08421052631578947
0 0.8673946957878316 0.3894736842105263 0.1497659906396256 0.14502923976608187
0 0.18330733229329174 0.5169590643274854 0.32293291731669266 0.22456140350877193
0 0.3627145085803432 0.5555555555555556 0.13260530421216848 0.11929824561403508
0 0.43213728549141966 0.5923976608187135 0.0998439937597504 0.08070175438596491
0 0.6856474258970359 0.8245614035087719 0.18876755070202808 0.15906432748538013
0 0.25975039001560063 0.9309941520467836 0.1482059282371295 0.10292397660818714
0 0.3923556942277691 0.9649122807017544 0.1794071762870515 0.06783625730994153
