0 0.2192807192807193 0.111185086551265 0.16083916083916083 0.21438082556591212
0 0.16233766233766234 0.4134487350199734 0.13086913086913088 0.15579227696404796
0 0.27672327672327673 0.3655126498002663 0.1258741258741259 0.1637816245006658
0 0.028471528471528472 0.8328894806924102 0.054945054945054944 0.1930758988015979
0 0.1028971028971029 0.35219707057256994 0.07392607392607392 0.1211717709720373
0 0.42657342657342656 0.5958721704394142 0.23176823176823177 0.3262316910785619
0 0.6668331668331668 0.6404793608521971 0.25674325674325676 0.37017310252996005
0 0.7577422577422578 0.37483355525965384 0.23676323676323677 0.25432756324900135
0 0.3961038961038961 0.1930758988015979 0.13286713286713286 0.16245006657789615
0 0.5469530469530469 0.45672436750998674 0.13286713286713286 0.16245006657789615
0 0.5244755244755245 0.05193075898801598 0.06793206793206794 0.10119840213049268
