0 0.5599538816295158 0.5720250521920668 0.033051498847040735 0.039665970772442584
0 0.691391237509608 0.539144050104384 0.03151421983089931 0.04697286012526095
0 0.7175249807840123 0.5328810020876826 0.02843966179861645 0.044885177453027135
0 0.541890853189854 0.4493736951983298 0.036894696387394316 0.04697286012526095
0 0.5080707148347425 0.48695198329853856 0.035357417371252885 0.051148225469728595
0 0.48424289008455035 0.521920668058455 0.029208301306687164 0.03549060542797494
0 0.4684857801691007 0.48016701461377864 0.02997694081475788 0.033402922755741124
0 0.5541890853189854 0.38256784968684754 0.035357417371252885 0.04279749478079332
0 0.6233666410453498 0.505741127348643 0.035357417371252885 0.038622129436325675
0 0.6691006917755573 0.5255741127348642 0.02997694081475788 0.038622129436325675
