0 0.288194 0.298047 0.076389 0.046094
0 0.450694 0.357422 0.070833 0.046094
0 0.410417 0.378906 0.045833 0.028125
0 0.613194 0.326172 0.040278 0.013281
0 0.74375 0.345703 0.0875 0.038281
0 0.2375 0.429688 0.05 0.039062
0 0.299306 0.442188 0.056944 0.032813
0 0.414583 0.426172 0.043056 0.025781
0 0.434722 0.476953 0.055556 0.033594
0 0.2125 0.530469 0.052778 0.034375
0 0.25625 0.533984 0.0625 0.033594
0 0.119444 0.75 0.044444 0.032813
0 0.110417 0.778516 0.043056 0.022656
0 0.981944 0.913672 0.033333 0.021094
0 0.939583 0.846094 0.051389 0.01875
0 0.98125 0.863281 0.034722 0.020313
0 0.985417 0.728125 0.023611 0.021875
0 0.786111 0.579688 0.025 0.010938
0 0.560417 0.581641 0.031944 0.013281
0 0.645833 0.575781 0.044444 0.009375
0 0.738194 0.465625 0.040278 0.014063
0 0.811806 0.409766 0.084722 0.039844
0 0.840278 0.364844 0.063889 0.028125
