0 0.760417 0.738672 0.068056 0.039844
0 0.363889 0.792578 0.052778 0.027344
0 0.300694 0.789062 0.059722 0.0375
0 0.26875 0.685938 0.059722 0.035938
0 0.222222 0.706641 0.025 0.019531
0 0.115278 0.671094 0.05 0.01875
0 0.548611 0.687891 0.030556 0.017969
0 0.665278 0.664453 0.033333 0.017969
0 0.732639 0.670703 0.023611 0.022656
0 0.872222 0.661719 0.061111 0.029688
0 0.840972 0.678125 0.029167 0.020313
0 0.991667 0.640625 0.013889 0.029688
0 0.840972 0.592578 0.054167 0.039844
0 0.888889 0.578125 0.069444 0.039062
0 0.948611 0.570703 0.055556 0.013281
0 0.813194 0.535547 0.045833 0.028906
0 0.976389 0.525781 0.022222 0.015625
0 0.879167 0.40625 0.038889 0.010938
0 0.974306 0.346484 0.048611 0.044531
0 0.033333 0.478125 0.036111 0.032813
0 0.104861 0.469531 0.040278 0.029688
0 0.303472 0.696875 0.040278 0.023438
0 0.148611 0.711719 0.038889 0.026563
0 0.192361 0.707813 0.034722 0.014063
0 0.386111 0.820312 0.058333 0.020313
0 0.791667 0.715625 0.044444 0.020313
