0 0.986111 0.928906 0.025 0.028125
0 0.764583 0.779688 0.051389 0.032813
0 0.758333 0.758203 0.022222 0.017969
0 0.342361 0.749609 0.056944 0.035156
0 0.50625 0.722656 0.043056 0.028125
0 0.492361 0.677734 0.0375 0.030469
0 0.45625 0.6625 0.040278 0.014063
0 0.43125 0.685938 0.023611 0.010938
0 0.356944 0.667188 0.044444 0.010938
0 0.368056 0.694141 0.019444 0.007031
0 0.554861 0.671875 0.048611 0.017188
0 0.245139 0.698047 0.029167 0.011719
0 0.670139 0.642188 0.073611 0.04375
0 0.615278 0.639844 0.055556 0.021875
0 0.84375 0.648828 0.031944 0.013281
0 0.4125 0.602734 0.05 0.039844
0 0.454861 0.590625 0.068056 0.039062
0 0.764583 0.6 0.070833 0.032813
0 0.661111 0.581641 0.036111 0.025781
0 0.708333 0.599219 0.013889 0.009375
0 0.431944 0.554688 0.072222 0.034375
0 0.75 0.550781 0.066667 0.03125
0 0.684722 0.5375 0.061111 0.035938
0 0.532639 0.469531 0.018056 0.023438
0 0.525 0.436328 0.030556 0.036719
0 0.488889 0.390625 0.038889 0.010938
0 0.498611 0.370313 0.072222 0.029688
0 0.631944 0.372656 0.027778 0.025
0 0.643056 0.394531 0.05 0.01875
0 0.561806 0.157031 0.081944 0.048438
