0 0.920139 0.285938 0.0625 0.032813
0 0.598611 0.141797 0.047222 0.038281
0 0.711806 0.307031 0.0625 0.040625
0 0.620139 0.281641 0.073611 0.032031
0 0.851389 0.403906 0.066667 0.034375
0 0.502083 0.657422 0.059722 0.033594
0 0.536111 0.669922 0.038889 0.028906
0 0.390972 0.842969 0.059722 0.0375
0 0.34375 0.844922 0.054167 0.039844
0 0.884028 0.530859 0.0625 0.033594
0 0.373611 0.489453 0.075 0.044531
0 0.3625 0.427344 0.066667 0.0375
0 0.509722 0.454688 0.061111 0.029688
0 0.259028 0.494141 0.068056 0.027344
0 0.265972 0.567969 0.048611 0.021875
0 0.179167 0.559375 0.072222 0.035938
0 0.173611 0.491016 0.063889 0.024219
0 0.321528 0.601172 0.048611 0.024219
0 0.771528 0.326953 0.040278 0.022656
0 0.454861 0.343359 0.051389 0.024219
0 0.652778 0.379688 0.047222 0.026563
0 0.747917 0.351562 0.031944 0.025
0 0.505556 0.364844 0.052778 0.03125
0 0.529167 0.347656 0.055556 0.01875
0 0.832639 0.119141 0.068056 0.035156
0 0.665278 0.1875 0.066667 0.0375
0 0.5875 0.169141 0.027778 0.022656
0 0.661111 0.229297 0.063889 0.035156
0 0.831944 0.274609 0.061111 0.025781
0 0.149306 0.792188 0.054167 0.026563
0 0.016667 0.632422 0.030556 0.025781
0 0.663194 0.309766 0.040278 0.027344
0 0.684028 0.332813 0.070833 0.026563
0 0.630556 0.364063 0.030556 0.014063
0 0.704167 0.128906 0.027778 0.025
0 0.778472 0.397656 0.076389 0.04375
0 0.361806 0.669922 0.079167 0.039844
0 0.51875 0.605078 0.0625 0.030469
0 0.519444 0.5875 0.063889 0.010938
0 0.404861 0.589063 0.059722 0.026563
0 0.130556 0.612891 0.030556 0.014844
0 0.075 0.5875 0.030556 0.023438
0 0.91875 0.457813 0.031944 0.010938
0 0.609028 0.505469 0.009722 0.0125
0 0.614583 0.529687 0.015278 0.023438
0 0.622917 0.591406 0.023611 0.025
0 0.094444 0.680859 0.038889 0.013281
0 0.048611 0.676563 0.05 0.020313
