0 0.954861 0.833594 0.081944 0.040625
0 0.991667 0.844141 0.013889 0.025781
0 0.147917 0.773047 0.084722 0.036719
0 0.580556 0.702344 0.063889 0.034375
0 0.564583 0.679688 0.090278 0.042188
0 0.652778 0.627734 0.025 0.014844
0 0.790278 0.5625 0.133333 0.076563
0 0.922222 0.567578 0.144444 0.091406
0 0.702083 0.547656 0.034722 0.010938
0 0.675694 0.441016 0.018056 0.016406
0 0.870139 0.330859 0.090278 0.036719
0 0.890278 0.385938 0.066667 0.009375
0 0.825 0.378906 0.047222 0.0125
0 0.575 0.383984 0.041667 0.035156
0 0.716667 0.360938 0.069444 0.028125
0 0.729861 0.298438 0.0875 0.054688
0 0.661806 0.30625 0.065278 0.046875
0 0.688889 0.219141 0.066667 0.046094
0 0.695139 0.244141 0.070833 0.022656
0 0.642361 0.229688 0.0375 0.028125
0 0.763194 0.176953 0.070833 0.044531
0 0.579167 0.154688 0.083333 0.054688
0 0.924306 0.197656 0.0625 0.025
0 0.173611 0.746875 0.022222 0.021875
