0 0.6625 0.916797 0.033333 0.030469
0 0.7375 0.912891 0.05 0.035156
0 0.726389 0.88125 0.077778 0.035938
0 0.713194 0.793359 0.070833 0.041406
0 0.678472 0.801563 0.054167 0.042188
0 0.705556 0.8375 0.025 0.007812
0 0.636111 0.883203 0.008333 0.013281
0 0.793056 0.755078 0.05 0.038281
0 0.73125 0.738281 0.040278 0.021875
0 0.68125 0.730078 0.020833 0.022656
0 0.919444 0.722266 0.058333 0.025781
0 0.9 0.704688 0.027778 0.020313
0 0.950694 0.682422 0.045833 0.016406
0 0.933333 0.653516 0.013889 0.007031
0 0.894444 0.647656 0.008333 0.014063
0 0.795139 0.607813 0.070833 0.032813
0 0.652778 0.609375 0.052778 0.020313
0 0.8375 0.548828 0.027778 0.019531
0 0.80625 0.517188 0.034722 0.029688
0 0.89375 0.511719 0.045833 0.015625
0 0.85625 0.509375 0.0375 0.010938
0 0.825 0.478516 0.008333 0.005469
0 0.779861 0.476172 0.0625 0.036719
0 0.672222 0.478125 0.052778 0.028125
0 0.65 0.536328 0.041667 0.016406
0 0.614583 0.513281 0.065278 0.039062
0 0.575694 0.515625 0.020833 0.032813
0 0.534722 0.51875 0.033333 0.020313
0 0.625694 0.705859 0.0125 0.017969
0 0.636111 0.670703 0.025 0.013281
0 0.427083 0.587109 0.0125 0.010156
0 0.267361 0.713281 0.051389 0.0375
0 0.341667 0.715625 0.066667 0.045313
0 0.359722 0.687891 0.038889 0.021094
0 0.382639 0.667578 0.034722 0.010156
0 0.331944 0.615625 0.036111 0.020313
0 0.285417 0.632812 0.068056 0.0375
0 0.39375 0.535156 0.0125 0.009375
0 0.225 0.424609 0.052778 0.035156
0 0.316667 0.421484 0.069444 0.030469
0 0.370833 0.436328 0.016667 0.019531
0 0.452083 0.430078 0.048611 0.032031
0 0.497917 0.434375 0.059722 0.029688
0 0.547222 0.384375 0.091667 0.045313
0 0.518056 0.319141 0.077778 0.039844
0 0.475 0.292969 0.047222 0.015625
0 0.595139 0.243359 0.020833 0.010156
0 0.589583 0.266797 0.048611 0.041406
0 0.445833 0.224609 0.038889 0.016406
0 0.302778 0.235938 0.025 0.032813
0 0.265972 0.230469 0.084722 0.05
0 0.775694 0.811328 0.026389 0.013281
