0 0.854167 0.252734 0.047222 0.022656
0 0.815972 0.260937 0.054167 0.029688
0 0.838889 0.265234 0.069444 0.025781
0 0.970833 0.296094 0.044444 0.028125
0 0.808333 0.305469 0.058333 0.034375
0 0.894444 0.452344 0.088889 0.0375
0 0.94375 0.526172 0.0625 0.033594
0 0.751389 0.537109 0.033333 0.027344
0 0.693056 0.530469 0.027778 0.025
0 0.707639 0.556641 0.0375 0.021094
0 0.652778 0.453906 0.072222 0.040625
0 0.574306 0.457813 0.0875 0.048438
0 0.982639 0.945703 0.031944 0.035156
0 0.911111 0.851172 0.041667 0.027344
0 0.546528 0.842188 0.070833 0.04375
0 0.486111 0.829297 0.066667 0.035156
0 0.478472 0.857422 0.073611 0.035156
0 0.275 0.987109 0.083333 0.024219
