0 0.620833 0.232813 0.05 0.028125
0 0.743056 0.325781 0.041667 0.025
0 0.706944 0.337891 0.044444 0.025781
0 0.534028 0.423047 0.056944 0.032031
0 0.650694 0.417578 0.040278 0.022656
0 0.681944 0.410156 0.036111 0.01875
0 0.617361 0.51875 0.045833 0.026563
0 0.244444 0.403125 0.022222 0.009375
0 0.380556 0.672266 0.044444 0.025781
0 0.61875 0.710938 0.054167 0.029688
0 0.417361 0.7125 0.026389 0.017188
0 0.681944 0.780078 0.05 0.033594
0 0.340278 0.195703 0.027778 0.014844
0 0.401389 0.255859 0.011111 0.010156
0 0.38125 0.252734 0.026389 0.011719
0 0.295139 0.282813 0.045833 0.017188
0 0.493056 0.309375 0.036111 0.020313
0 0.516667 0.328906 0.047222 0.026563
0 0.510417 0.35625 0.0375 0.026563
0 0.68125 0.371094 0.045833 0.03125
0 0.633333 0.376953 0.033333 0.027344
0 0.5125 0.408594 0.047222 0.028125
0 0.396528 0.377734 0.0625 0.025781
0 0.345139 0.441016 0.045833 0.025781
0 0.270833 0.428906 0.022222 0.0125
0 0.221528 0.463672 0.0375 0.019531
0 0.177083 0.467188 0.020833 0.017188
0 0.079861 0.472656 0.0625 0.021875
0 0.052778 0.563281 0.047222 0.0125
0 0.046528 0.546875 0.0375 0.010938
0 0.979167 0.567188 0.038889 0.029688
0 0.989583 0.55 0.018056 0.007812
0 0.950694 0.589844 0.043056 0.020313
0 0.727083 0.617188 0.034722 0.020313
0 0.629167 0.614063 0.047222 0.023438
0 0.497917 0.553906 0.0625 0.026563
0 0.63125 0.683594 0.045833 0.025
0 0.731944 0.748828 0.05 0.030469
0 0.595139 0.786328 0.043056 0.027344
0 0.547222 0.790625 0.047222 0.029688
0 0.275 0.753125 0.025 0.010938
0 0.245833 0.739063 0.033333 0.023438
0 0.032639 0.676172 0.045833 0.027344
0 0.402083 0.692188 0.040278 0.029688
0 0.200694 0.576172 0.034722 0.017969
0 0.618056 0.791797 0.025 0.017969
0 0.910417 0.822656 0.0375 0.017188
0 0.294444 0.797656 0.052778 0.040625
0 0.031944 0.773047 0.05 0.032031
