0 0.584722 0.237891 0.044444 0.021094
0 0.6 0.220313 0.027778 0.015625
0 0.634028 0.261719 0.0375 0.01875
0 0.486806 0.277734 0.026389 0.017969
0 0.488194 0.307031 0.040278 0.025
0 0.693056 0.342969 0.038889 0.023438
0 0.484722 0.324219 0.033333 0.020313
0 0.479167 0.342969 0.038889 0.01875
0 0.430556 0.341016 0.030556 0.021094
0 0.397222 0.361719 0.041667 0.025
0 0.6875 0.368359 0.038889 0.022656
0 0.786111 0.391406 0.044444 0.021875
0 0.717361 0.385938 0.023611 0.015625
0 0.730556 0.426953 0.044444 0.025781
0 0.625694 0.378906 0.040278 0.021875
0 0.484028 0.382422 0.0375 0.017969
0 0.636111 0.458594 0.041667 0.023438
0 0.431944 0.45 0.036111 0.020313
0 0.361111 0.430469 0.036111 0.01875
0 0.293056 0.416016 0.033333 0.017969
0 0.334722 0.430469 0.016667 0.015625
0 0.8625 0.75625 0.038889 0.023438
0 0.893056 0.723438 0.022222 0.010938
0 0.932639 0.641016 0.0375 0.017969
0 0.957639 0.630469 0.026389 0.01875
0 0.763194 0.618359 0.031944 0.014844
0 0.738194 0.675 0.026389 0.014063
0 0.720139 0.608984 0.031944 0.017969
0 0.895833 0.589063 0.033333 0.01875
0 0.885417 0.602344 0.020833 0.015625
0 0.6625 0.610938 0.027778 0.014063
0 0.690278 0.610156 0.027778 0.015625
0 0.418056 0.641797 0.038889 0.021094
0 0.472917 0.607813 0.040278 0.020313
0 0.409028 0.619141 0.029167 0.013281
0 0.486806 0.5625 0.040278 0.020313
0 0.534722 0.449609 0.033333 0.014844
0 0.511806 0.467969 0.031944 0.021875
0 0.331944 0.378125 0.033333 0.017188
0 0.55 0.344531 0.019444 0.009375
0 0.590278 0.394922 0.027778 0.013281
0 0.579861 0.408594 0.026389 0.017188
0 0.552778 0.496484 0.025 0.014844
0 0.529167 0.487891 0.027778 0.014844
0 0.433333 0.475 0.025 0.014063
0 0.313194 0.45625 0.020833 0.007812
0 0.748611 0.573438 0.027778 0.015625
0 0.692361 0.592969 0.029167 0.014063
0 0.616667 0.684375 0.025 0.020313
0 0.66875 0.383594 0.020833 0.014063
0 0.690278 0.401172 0.019444 0.007031
0 0.763194 0.482031 0.023611 0.015625
0 0.646528 0.513281 0.029167 0.015625
0 0.690972 0.414062 0.029167 0.015625
0 0.706944 0.435156 0.022222 0.01875
0 0.234028 0.430078 0.023611 0.022656
0 0.594444 0.375781 0.030556 0.01875
0 0.719444 0.469141 0.036111 0.016406
0 0.560417 0.328125 0.034722 0.014063
0 0.461111 0.310938 0.019444 0.020313
0 0.377083 0.370313 0.026389 0.017188
0 0.346528 0.485156 0.031944 0.01875
0 0.323611 0.486328 0.011111 0.010156
0 0.614583 0.544531 0.020833 0.009375
0 0.597222 0.535938 0.013889 0.020313
0 0.609722 0.508984 0.022222 0.025781
0 0.640972 0.483984 0.018056 0.007031
0 0.658333 0.550391 0.041667 0.019531
0 0.666667 0.5625 0.019444 0.014063
0 0.616667 0.585156 0.036111 0.015625
0 0.459028 0.59375 0.029167 0.010938
0 0.424306 0.589844 0.023611 0.009375
0 0.511111 0.670313 0.025 0.017188
0 0.4875 0.664844 0.036111 0.021875
0 0.472222 0.662891 0.025 0.024219
0 0.991667 0.625781 0.013889 0.01875
0 0.925694 0.629297 0.026389 0.011719
0 0.861806 0.737891 0.0375 0.016406
0 0.877778 0.736328 0.030556 0.021094
0 0.984028 0.760547 0.029167 0.022656
0 0.988889 0.722656 0.019444 0.009375
0 0.936806 0.714063 0.020833 0.007812
0 0.958333 0.740234 0.016667 0.019531
0 0.977778 0.744141 0.030556 0.019531
0 0.886806 0.574609 0.031944 0.021094
0 0.863889 0.572266 0.019444 0.011719
0 0.0125 0.686719 0.022222 0.0125
0 0.028472 0.669531 0.020833 0.0125
