0 0.745833 0.803125 0.05 0.035938
0 0.642361 0.736328 0.056944 0.030469
0 0.631944 0.699219 0.022222 0.015625
0 0.499306 0.626563 0.048611 0.017188
0 0.5625 0.645313 0.058333 0.039062
0 0.593056 0.626563 0.044444 0.032813
0 0.440972 0.607422 0.029167 0.027344
0 0.352083 0.599609 0.0375 0.016406
0 0.224306 0.573047 0.026389 0.021094
0 0.198611 0.553516 0.075 0.027344
0 0.043056 0.458203 0.080556 0.033594
0 0.120139 0.394922 0.054167 0.027344
0 0.688889 0.457813 0.044444 0.021875
0 0.771528 0.453125 0.051389 0.026563
0 0.791667 0.478906 0.041667 0.025
0 0.615972 0.366406 0.070833 0.03125
0 0.481944 0.366797 0.019444 0.007031
0 0.59375 0.323438 0.073611 0.04375
0 0.595833 0.3 0.061111 0.020313
0 0.993056 0.738672 0.011111 0.017969
0 0.975 0.735938 0.025 0.015625
0 0.741667 0.943359 0.063889 0.035156
