0 0.705556 0.070703 0.047222 0.030469
0 0.665972 0.077344 0.0375 0.021875
0 0.678472 0.119922 0.040278 0.024219
0 0.627083 0.099609 0.059722 0.039844
0 0.60625 0.144922 0.023611 0.013281
0 0.654167 0.192578 0.05 0.032031
0 0.663889 0.258984 0.052778 0.028906
0 0.733333 0.29375 0.055556 0.020313
0 0.776389 0.296875 0.055556 0.029688
0 0.683333 0.311328 0.058333 0.024219
0 0.517361 0.322656 0.059722 0.0375
0 0.434722 0.042188 0.061111 0.032813
0 0.419444 0.157031 0.052778 0.032813
0 0.388889 0.178906 0.055556 0.03125
0 0.394444 0.239063 0.047222 0.028125
0 0.400694 0.280469 0.048611 0.021875
0 0.854861 0.364453 0.045833 0.025781
0 0.770139 0.423438 0.054167 0.026563
0 0.75 0.501172 0.047222 0.027344
0 0.788889 0.524609 0.047222 0.028906
0 0.809722 0.592187 0.055556 0.026563
0 0.66875 0.639844 0.020833 0.01875
0 0.882639 0.697656 0.020833 0.00625
0 0.642361 0.416797 0.048611 0.019531
0 0.595139 0.400781 0.045833 0.025
0 0.586111 0.388672 0.058333 0.019531
0 0.547917 0.345313 0.018056 0.014063
0 0.358333 0.394922 0.033333 0.025781
0 0.402778 0.390625 0.069444 0.034375
0 0.506944 0.528906 0.061111 0.035938
0 0.461111 0.626172 0.025 0.019531
0 0.392361 0.600781 0.034722 0.0125
0 0.308333 0.551172 0.058333 0.030469
0 0.261111 0.608984 0.05 0.025781
0 0.311806 0.640234 0.031944 0.024219
0 0.525694 0.809766 0.068056 0.041406
0 0.482639 0.783203 0.040278 0.022656
0 0.452778 0.796094 0.027778 0.021875
0 0.23125 0.576953 0.0375 0.019531
0 0.145139 0.599219 0.018056 0.021875
0 0.3 0.473047 0.030556 0.019531
0 0.197917 0.678516 0.023611 0.008594
0 0.160417 0.673828 0.048611 0.032031
0 0.872222 0.4625 0.027778 0.017188
0 0.794444 0.686719 0.013889 0.00625
0 0.755556 0.718359 0.008333 0.005469
0 0.023611 0.469141 0.044444 0.025781
