0 0.538889 0.180859 0.041667 0.025781
0 0.427778 0.244922 0.047222 0.025781
0 0.704167 0.317188 0.038889 0.01875
0 0.598611 0.389453 0.038889 0.022656
0 0.702083 0.610156 0.051389 0.028125
0 0.568056 0.61875 0.025 0.014063
0 0.484028 0.689844 0.043056 0.021875
0 0.429167 0.712891 0.036111 0.022656
0 0.48125 0.709766 0.020833 0.014844
0 0.423611 0.76875 0.05 0.021875
0 0.284722 0.757812 0.027778 0.026563
0 0.236806 0.75625 0.040278 0.023438
0 0.183333 0.642969 0.033333 0.028125
0 0.228472 0.634766 0.0375 0.017969
0 0.247222 0.689453 0.030556 0.017969
0 0.783333 0.54375 0.041667 0.021875
0 0.601389 0.497266 0.038889 0.025781
0 0.575 0.508203 0.05 0.027344
0 0.791667 0.446094 0.055556 0.03125
0 0.8375 0.380469 0.033333 0.025
0 0.324306 0.596875 0.045833 0.025
0 0.384028 0.586328 0.034722 0.024219
0 0.465278 0.585547 0.038889 0.025781
0 0.438889 0.550781 0.036111 0.03125
0 0.804167 0.400781 0.041667 0.01875
0 0.488194 0.483203 0.0375 0.019531
0 0.484722 0.453906 0.052778 0.03125
0 0.454861 0.470313 0.059722 0.03125
0 0.407639 0.322656 0.031944 0.025
0 0.609028 0.322266 0.026389 0.021094
0 0.58125 0.330469 0.040278 0.023438
0 0.470833 0.388281 0.05 0.026563
0 0.693056 0.375781 0.016667 0.01875
0 0.828472 0.444141 0.034722 0.028906
0 0.638194 0.484375 0.0375 0.023438
0 0.215278 0.474219 0.044444 0.023438
0 0.64375 0.514844 0.034722 0.015625
0 0.730556 0.540234 0.041667 0.021094
0 0.565278 0.534766 0.016667 0.019531
0 0.745833 0.656641 0.025 0.017969
0 0.534722 0.609375 0.022222 0.020313
0 0.521528 0.582422 0.048611 0.027344
0 0.494444 0.671094 0.036111 0.0125
0 0.270833 0.678125 0.044444 0.026563
0 0.347222 0.8125 0.038889 0.014063
0 0.439583 0.259766 0.048611 0.011719
0 0.640278 0.344531 0.058333 0.015625
0 0.749306 0.621094 0.040278 0.021875
0 0.434722 0.424219 0.033333 0.015625
0 0.479861 0.362109 0.023611 0.017969
0 0.488194 0.187891 0.056944 0.027344
