0 0.704861 0.241016 0.0875 0.047656
0 0.823611 0.345313 0.080556 0.045313
0 0.564583 0.377344 0.031944 0.028125
0 0.513889 0.365625 0.041667 0.025
0 0.448611 0.407813 0.061111 0.035938
0 0.923611 0.409766 0.058333 0.032031
0 0.556944 0.55625 0.088889 0.032813
0 0.523611 0.691797 0.044444 0.030469
0 0.209722 0.680859 0.047222 0.030469
0 0.800694 0.692188 0.068056 0.03125
0 0.744444 0.653516 0.052778 0.033594
0 0.926389 0.439063 0.027778 0.023438
0 0.884028 0.442969 0.040278 0.0375
0 0.597222 0.747656 0.047222 0.03125
0 0.620833 0.774609 0.066667 0.038281
0 0.556944 0.796094 0.044444 0.03125
0 0.436111 0.797656 0.086111 0.05
0 0.723611 0.948438 0.061111 0.04375
0 0.768056 0.664453 0.072222 0.032031
