0 0.868056 0.889063 0.083333 0.035938
0 0.956944 0.901953 0.083333 0.032031
0 0.727083 0.763672 0.065278 0.041406
0 0.668056 0.784766 0.027778 0.022656
0 0.770833 0.774219 0.027778 0.025
0 0.459722 0.836719 0.044444 0.028125
0 0.613194 0.844531 0.029167 0.01875
0 0.660417 0.853125 0.026389 0.017188
0 0.729167 0.854688 0.027778 0.007812
0 0.477083 0.775781 0.040278 0.028125
0 0.519444 0.771484 0.033333 0.024219
0 0.960417 0.757031 0.026389 0.01875
0 0.4625 0.728906 0.05 0.028125
0 0.29375 0.678125 0.048611 0.035938
0 0.235417 0.659766 0.0375 0.021094
0 0.333333 0.650391 0.047222 0.017969
0 0.108333 0.580078 0.036111 0.014844
0 0.345833 0.538281 0.027778 0.034375
0 0.411111 0.519922 0.036111 0.024219
0 0.464583 0.491016 0.048611 0.022656
0 0.495833 0.514062 0.061111 0.023438
0 0.4125 0.499219 0.019444 0.014063
0 0.403472 0.541016 0.018056 0.013281
0 0.239583 0.415234 0.048611 0.028906
0 0.071528 0.423047 0.034722 0.010156
0 0.344444 0.310156 0.027778 0.017188
0 0.224306 0.385156 0.043056 0.009375
0 0.406944 0.401953 0.027778 0.013281
0 0.304861 0.395313 0.023611 0.010938
0 0.608333 0.407813 0.036111 0.014063
0 0.972917 0.937109 0.051389 0.030469
