0 0.929861 0.74375 0.059722 0.039062
0 0.966667 0.753516 0.030556 0.017969
0 0.865278 0.764453 0.033333 0.021094
0 0.6375 0.816016 0.038889 0.035156
0 0.598611 0.755859 0.038889 0.022656
0 0.639583 0.748438 0.034722 0.023438
0 0.338889 0.607422 0.036111 0.016406
0 0.578472 0.502344 0.018056 0.034375
0 0.658333 0.476172 0.041667 0.025781
0 0.672222 0.5 0.025 0.01875
0 0.627083 0.479297 0.026389 0.022656
0 0.472917 0.396484 0.0625 0.028906
0 0.446528 0.352734 0.043056 0.039844
0 0.601389 0.379688 0.016667 0.015625
0 0.052083 0.471484 0.040278 0.017969
0 0.008333 0.462891 0.013889 0.016406
0 0.100694 0.398047 0.023611 0.014844
0 0.055556 0.414062 0.041667 0.026563
0 0.072222 0.4 0.030556 0.017188
0 0.351389 0.336719 0.022222 0.009375
0 0.417361 0.639844 0.056944 0.028125
0 0.46875 0.653125 0.059722 0.035938
0 0.499306 0.6375 0.034722 0.035938
0 0.588889 0.710547 0.041667 0.022656
