0 0.657639 0.782813 0.054167 0.032813
0 0.572917 0.745703 0.0375 0.032031
0 0.575694 0.698047 0.034722 0.011719
0 0.516667 0.671484 0.019444 0.014844
0 0.513194 0.648828 0.051389 0.032031
0 0.468056 0.629297 0.047222 0.025781
0 0.515278 0.625 0.030556 0.023438
0 0.491667 0.562109 0.044444 0.022656
0 0.545833 0.539844 0.033333 0.01875
0 0.605556 0.571875 0.013889 0.0125
0 0.619444 0.541797 0.025 0.019531
0 0.623611 0.441016 0.052778 0.030469
0 0.594444 0.408203 0.022222 0.014844
0 0.629167 0.351562 0.027778 0.014063
0 0.561806 0.375391 0.051389 0.036719
0 0.538194 0.362109 0.056944 0.030469
0 0.529861 0.388672 0.034722 0.024219
0 0.451389 0.385938 0.044444 0.03125
0 0.54375 0.290234 0.034722 0.030469
0 0.5625 0.251172 0.05 0.027344
0 0.518056 0.225 0.044444 0.028125
0 0.4875 0.197656 0.061111 0.03125
0 0.386111 0.143359 0.055556 0.028906
0 0.436806 0.073828 0.026389 0.024219
0 0.405556 0.092188 0.063889 0.035938
0 0.397222 0.039062 0.052778 0.035938
0 0.336806 0.049609 0.059722 0.033594
0 0.297222 0.073047 0.069444 0.042969
0 0.26875 0.110938 0.018056 0.014063
0 0.377778 0.2 0.052778 0.026563
0 0.395833 0.251563 0.038889 0.03125
0 0.493056 0.269141 0.033333 0.027344
0 0.4625 0.277734 0.055556 0.030469
0 0.353472 0.296094 0.018056 0.025
0 0.343056 0.153906 0.05 0.0375
0 0.190972 0.213672 0.068056 0.041406
0 0.1875 0.269141 0.038889 0.036719
0 0.279167 0.287109 0.038889 0.013281
0 0.210417 0.310547 0.0375 0.025781
0 0.203472 0.089063 0.040278 0.032813
0 0.138194 0.1625 0.023611 0.021875
0 0.093056 0.158984 0.05 0.035156
0 0.041667 0.155469 0.036111 0.028125
0 0.211111 0.190625 0.013889 0.007812
0 0.084722 0.286328 0.05 0.022656
0 0.158333 0.371875 0.025 0.020313
0 0.153472 0.43125 0.0625 0.039062
0 0.259722 0.378516 0.061111 0.022656
0 0.211111 0.421094 0.069444 0.029688
0 0.322222 0.436328 0.055556 0.024219
0 0.520833 0.432813 0.027778 0.010938
0 0.459722 0.433594 0.022222 0.025
0 0.552778 0.461328 0.044444 0.016406
0 0.448611 0.473438 0.044444 0.023438
0 0.564583 0.476953 0.031944 0.017969
0 0.354861 0.492578 0.056944 0.027344
0 0.283333 0.502734 0.011111 0.008594
0 0.294444 0.525781 0.019444 0.0125
0 0.290278 0.552344 0.022222 0.01875
0 0.149306 0.511719 0.023611 0.015625
0 0.109722 0.523438 0.027778 0.017188
0 0.144444 0.537891 0.058333 0.027344
0 0.138889 0.587891 0.033333 0.019531
0 0.298611 0.692578 0.05 0.014844
0 0.225694 0.698047 0.045833 0.028906
0 0.186806 0.711719 0.018056 0.00625
0 0.309722 0.645703 0.011111 0.010156
0 0.669444 0.529687 0.025 0.023438
0 0.45625 0.231641 0.051389 0.033594
0 0.354167 0.254297 0.058333 0.033594
0 0.111111 0.257422 0.022222 0.019531
0 0.031944 0.254688 0.011111 0.00625
0 0.018056 0.396094 0.033333 0.021875
0 0.173611 0.385938 0.016667 0.007812
0 0.086111 0.621094 0.019444 0.015625
0 0.0625 0.637109 0.047222 0.016406
0 0.39375 0.745313 0.0125 0.010938
0 0.440278 0.706641 0.022222 0.014844
0 0.375694 0.314844 0.051389 0.01875
0 0.554167 0.320312 0.027778 0.017188
0 0.627778 0.815625 0.041667 0.01875
