0 0.026389 0.798828 0.05 0.041406
0 0.04375 0.755859 0.059722 0.030469
0 0.140972 0.761719 0.043056 0.034375
0 0.181944 0.737891 0.083333 0.041406
0 0.193056 0.712109 0.061111 0.024219
0 0.159722 0.694922 0.033333 0.014844
0 0.229167 0.648047 0.022222 0.014844
0 0.401389 0.679297 0.066667 0.017969
0 0.644444 0.721484 0.052778 0.033594
0 0.598611 0.739063 0.066667 0.032813
0 0.475 0.554297 0.044444 0.025781
0 0.270833 0.438281 0.063889 0.039062
0 0.304861 0.432031 0.0625 0.040625
0 0.522917 0.489844 0.034722 0.021875
0 0.704861 0.482031 0.0625 0.034375
0 0.760417 0.476562 0.054167 0.035938
0 0.484722 0.445703 0.047222 0.039844
0 0.520139 0.446094 0.065278 0.040625
0 0.444444 0.420313 0.072222 0.035938
0 0.197917 0.25 0.045833 0.017188
0 0.220139 0.242188 0.0625 0.039062
0 0.022917 0.321484 0.043056 0.038281
0 0.236111 0.380859 0.063889 0.039844
0 0.302083 0.388672 0.065278 0.039844
0 0.864583 0.647656 0.020833 0.0125
0 0.446528 0.447656 0.026389 0.01875
0 0.357639 0.480469 0.029167 0.01875
0 0.55 0.467969 0.058333 0.0125
0 0.124306 0.618359 0.045833 0.017969
0 0.783333 0.739453 0.041667 0.025781
0 0.750694 0.68125 0.0375 0.014063
0 0.786806 0.682422 0.031944 0.010156
