0 0.757639 0.005859 0.045833 0.008594
0 0.718056 0.015234 0.061111 0.030469
0 0.630556 0.021875 0.041667 0.026563
0 0.603472 0.008594 0.043056 0.015625
0 0.545833 0.013672 0.052778 0.025781
0 0.552778 0.036719 0.044444 0.021875
0 0.925 0.044531 0.066667 0.0375
0 0.735417 0.097656 0.054167 0.028125
0 0.866667 0.058203 0.030556 0.028906
0 0.535417 0.124219 0.048611 0.03125
0 0.491667 0.121094 0.041667 0.021875
0 0.586806 0.11875 0.056944 0.03125
0 0.890278 0.119141 0.047222 0.028906
0 0.950694 0.069531 0.076389 0.032813
0 0.984028 0.145313 0.029167 0.029688
0 0.9125 0.169531 0.05 0.025
0 0.808333 0.192578 0.063889 0.035156
0 0.471528 0.185156 0.059722 0.028125
0 0.442361 0.161328 0.040278 0.013281
0 0.977778 0.205469 0.041667 0.040625
0 0.91875 0.211719 0.043056 0.034375
0 0.840278 0.180469 0.033333 0.015625
0 0.784722 0.178516 0.027778 0.013281
0 0.584028 0.275391 0.070833 0.039844
0 0.423611 0.270313 0.038889 0.023438
0 0.478472 0.269141 0.034722 0.014844
0 0.980556 0.294922 0.036111 0.028906
0 0.439583 0.318359 0.045833 0.019531
0 0.664583 0.253906 0.029167 0.025
0 0.468056 0.335547 0.05 0.032031
0 0.423611 0.342188 0.038889 0.029688
0 0.698611 0.369531 0.061111 0.034375
0 0.533333 0.338281 0.086111 0.025
0 0.50625 0.326172 0.0375 0.016406
0 0.398611 0.376563 0.055556 0.026563
0 0.470139 0.382422 0.048611 0.022656
0 0.533333 0.445312 0.058333 0.029688
0 0.371528 0.475781 0.043056 0.028125
0 0.886111 0.445312 0.063889 0.0375
0 0.833333 0.450781 0.05 0.028125
0 0.820139 0.487109 0.045833 0.030469
0 0.774306 0.483203 0.048611 0.019531
0 0.821528 0.4625 0.045833 0.01875
0 0.9625 0.517188 0.055556 0.028125
0 0.872222 0.526563 0.047222 0.026563
0 0.590278 0.515625 0.061111 0.029688
0 0.730556 0.530078 0.030556 0.011719
0 0.520833 0.519922 0.05 0.025781
0 0.418056 0.485547 0.025 0.021094
0 0.590972 0.576562 0.051389 0.020313
0 0.386111 0.560937 0.041667 0.020313
0 0.049306 0.5125 0.040278 0.025
0 0.55625 0.658594 0.054167 0.028125
0 0.44375 0.607031 0.026389 0.015625
0 0.778472 0.657813 0.040278 0.023438
0 0.659028 0.391406 0.026389 0.025
0 0.826389 0.132812 0.022222 0.023438
0 0.758333 0.154297 0.030556 0.013281
0 0.479167 0.148438 0.038889 0.01875
0 0.466667 0.358984 0.036111 0.022656
0 0.940972 0.535156 0.0375 0.021875
