0 0.539583 0.193359 0.045833 0.027344
0 0.4875 0.203125 0.055556 0.029688
0 0.425 0.262109 0.055556 0.027344
0 0.727083 0.619141 0.051389 0.028906
0 0.761806 0.547266 0.040278 0.021094
0 0.589583 0.521484 0.048611 0.027344
0 0.533333 0.592187 0.044444 0.026563
0 0.506944 0.610938 0.022222 0.021875
0 0.326389 0.832813 0.027778 0.01875
0 0.329167 0.777344 0.044444 0.021875
0 0.301389 0.694922 0.05 0.027344
0 0.2125 0.662109 0.030556 0.021094
0 0.269444 0.775391 0.030556 0.019531
0 0.274306 0.70625 0.029167 0.017188
0 0.461806 0.730078 0.040278 0.021094
0 0.528472 0.685156 0.034722 0.01875
0 0.352778 0.615625 0.038889 0.023438
0 0.413889 0.598828 0.041667 0.022656
0 0.234722 0.490234 0.05 0.021094
0 0.495139 0.465625 0.054167 0.028125
0 0.470139 0.482422 0.048611 0.030469
0 0.611806 0.398828 0.043056 0.019531
0 0.719444 0.323047 0.038889 0.019531
0 0.815278 0.451172 0.052778 0.028906
0 0.849306 0.442578 0.043056 0.022656
0 0.864583 0.382812 0.0375 0.023438
0 0.70625 0.383984 0.029167 0.019531
0 0.617361 0.508203 0.043056 0.027344
0 0.418056 0.566016 0.033333 0.013281
0 0.439583 0.451563 0.045833 0.020313
0 0.413194 0.336328 0.043056 0.025781
0 0.623611 0.331641 0.030556 0.021094
0 0.595833 0.341406 0.038889 0.021875
0 0.477778 0.398438 0.05 0.023438
0 0.654167 0.489453 0.033333 0.016406
0 0.794444 0.666016 0.025 0.014844
0 0.884722 0.426563 0.036111 0.014063
0 0.577778 0.546875 0.027778 0.023438
0 0.497222 0.592969 0.019444 0.0125
0 0.595833 0.629297 0.044444 0.024219
0 0.517361 0.706641 0.045833 0.027344
0 0.830556 0.403516 0.038889 0.025781
0 0.644444 0.351953 0.047222 0.021094
0 0.498611 0.381641 0.027778 0.024219
0 0.48125 0.375 0.020833 0.017188
0 0.449306 0.367969 0.026389 0.017188
0 0.557639 0.357813 0.029167 0.017188
0 0.705556 0.46875 0.013889 0.021875
0 0.824306 0.547266 0.026389 0.021094
0 0.670139 0.526563 0.034722 0.017188
0 0.683333 0.524219 0.030556 0.015625
0 0.729861 0.689453 0.034722 0.019531
0 0.400694 0.828906 0.031944 0.021875
0 0.254167 0.653125 0.033333 0.014063
0 0.619444 0.300781 0.036111 0.0125
0 0.441667 0.275781 0.036111 0.0125
0 0.39375 0.489844 0.020833 0.014063
0 0.458333 0.536719 0.022222 0.0125
0 0.668056 0.596875 0.016667 0.017188
0 0.661111 0.550781 0.025 0.021875
