0 0.805556 0.039062 0.058333 0.034375
0 0.854167 0.029688 0.05 0.029688
0 0.867361 0.078906 0.051389 0.025
0 0.842361 0.128125 0.043056 0.029688
0 0.798611 0.134375 0.055556 0.026563
0 0.808333 0.1875 0.052778 0.017188
0 0.923611 0.178906 0.061111 0.025
0 0.959028 0.232031 0.040278 0.021875
0 0.921528 0.247656 0.0375 0.023438
0 0.896528 0.25625 0.051389 0.029688
0 0.972222 0.266406 0.052778 0.028125
0 0.979167 0.288281 0.030556 0.01875
0 0.831944 0.232031 0.019444 0.021875
0 0.805556 0.235547 0.047222 0.033594
0 0.980556 0.34375 0.036111 0.021875
0 0.970833 0.333594 0.05 0.029688
0 0.915278 0.33125 0.011111 0.007812
0 0.895833 0.358984 0.058333 0.032031
0 0.918056 0.407031 0.041667 0.01875
0 0.876389 0.4375 0.05 0.026563
0 0.84375 0.403906 0.045833 0.029688
0 0.741667 0.4 0.058333 0.032813
0 0.938889 0.504297 0.036111 0.019531
0 0.68125 0.408203 0.0625 0.038281
0 0.710417 0.414844 0.031944 0.021875
0 0.713889 0.463281 0.025 0.014063
0 0.7375 0.46875 0.027778 0.010938
0 0.819444 0.548047 0.030556 0.013281
0 0.859028 0.528125 0.040278 0.026563
0 0.951389 0.582031 0.025 0.0125
0 0.951389 0.601562 0.05 0.029688
0 0.947917 0.646094 0.020833 0.009375
0 0.925694 0.625391 0.034722 0.021094
0 0.902083 0.587891 0.048611 0.025781
0 0.672222 0.555469 0.052778 0.028125
0 0.709028 0.514453 0.059722 0.027344
0 0.660417 0.501172 0.051389 0.019531
0 0.541667 0.771484 0.036111 0.027344
0 0.6 0.532813 0.008333 0.010938
0 0.588194 0.439063 0.026389 0.026563
0 0.543056 0.436328 0.019444 0.021094
0 0.688194 0.256641 0.059722 0.030469
0 0.664583 0.269922 0.015278 0.013281
0 0.71875 0.198438 0.065278 0.040625
0 0.65 0.174609 0.041667 0.021094
0 0.768056 0.063281 0.066667 0.039062
0 0.645833 0.0875 0.027778 0.026563
0 0.609028 0.069922 0.034722 0.030469
0 0.504167 0.141406 0.05 0.025
0 0.436806 0.145703 0.015278 0.013281
0 0.430556 0.188281 0.058333 0.034375
0 0.379167 0.199219 0.061111 0.03125
0 0.390972 0.401172 0.051389 0.028906
0 0.455556 0.323438 0.041667 0.026563
0 0.33125 0.341406 0.045833 0.034375
0 0.4875 0.522266 0.055556 0.030469
0 0.497222 0.707031 0.027778 0.009375
0 0.441667 0.710156 0.038889 0.025
0 0.495139 0.239063 0.029167 0.010938
0 0.535417 0.269531 0.051389 0.028125
0 0.016667 0.253125 0.030556 0.023438
0 0.055556 0.258594 0.055556 0.03125
0 0.138889 0.326563 0.052778 0.026563
0 0.193056 0.369141 0.016667 0.021094
0 0.158333 0.387891 0.013889 0.019531
0 0.011806 0.378906 0.023611 0.03125
0 0.177083 0.422656 0.040278 0.023438
0 0.177083 0.46875 0.015278 0.004688
0 0.044444 0.49375 0.036111 0.020313
0 0.027778 0.546484 0.055556 0.021094
0 0.173611 0.645313 0.027778 0.026563
0 0.395139 0.663281 0.015278 0.025
0 0.047917 0.648828 0.020833 0.016406
0 0.378472 0.239063 0.018056 0.014063
0 0.589583 0.546094 0.009722 0.004688
0 0.720833 0.661328 0.030556 0.021094
