0 0.423611 0.178125 0.066667 0.034375
0 0.259722 0.184766 0.033333 0.030469
0 0.172917 0.207031 0.043056 0.045313
0 0.229861 0.242188 0.059722 0.03125
0 0.313194 0.279688 0.0625 0.029688
0 0.420139 0.328125 0.045833 0.026563
0 0.48125 0.338281 0.059722 0.03125
0 0.297222 0.378516 0.041667 0.025781
0 0.197917 0.359766 0.070833 0.038281
0 0.134722 0.331641 0.055556 0.025781
0 0.163194 0.342188 0.026389 0.017188
0 0.214583 0.3875 0.045833 0.025
0 0.169444 0.369531 0.041667 0.028125
0 0.101389 0.407813 0.058333 0.029688
0 0.080556 0.385547 0.047222 0.022656
0 0.136806 0.387891 0.029167 0.011719
0 0.298611 0.399609 0.047222 0.021094
0 0.486806 0.447266 0.048611 0.022656
0 0.325 0.449609 0.058333 0.030469
0 0.236806 0.444531 0.068056 0.039062
0 0.054861 0.494531 0.051389 0.028125
0 0.213194 0.526953 0.0125 0.013281
0 0.313889 0.54375 0.041667 0.026563
0 0.427083 0.566406 0.056944 0.026563
0 0.463194 0.509766 0.040278 0.033594
0 0.290278 0.624609 0.027778 0.021094
0 0.061111 0.688672 0.058333 0.035156
0 0.258333 0.672266 0.019444 0.014844
0 0.851389 0.635938 0.055556 0.035938
0 0.947222 0.667188 0.036111 0.029688
0 0.295833 0.359375 0.027778 0.010938
0 0.101389 0.709766 0.041667 0.011719
