0 0.573611 0.097266 0.063889 0.038281
0 0.145139 0.930859 0.073611 0.039844
0 0.069444 0.873047 0.013889 0.011719
0 0.354167 0.810156 0.038889 0.026563
0 0.311806 0.746875 0.048611 0.028125
0 0.103472 0.638672 0.068056 0.035156
0 0.085417 0.663672 0.056944 0.024219
0 0.218056 0.65625 0.038889 0.025
0 0.255556 0.65625 0.047222 0.026563
0 0.2625 0.640625 0.030556 0.007812
0 0.325 0.642188 0.011111 0.007812
0 0.327083 0.686328 0.020833 0.005469
0 0.749306 0.738281 0.051389 0.0375
0 0.811111 0.740234 0.052778 0.036719
0 0.803472 0.701953 0.043056 0.025781
0 0.870833 0.677734 0.058333 0.024219
0 0.723611 0.678125 0.077778 0.034375
0 0.881944 0.417188 0.055556 0.017188
0 0.8 0.471094 0.036111 0.021875
0 0.7375 0.553516 0.044444 0.022656
0 0.734722 0.514453 0.044444 0.024219
0 0.775694 0.530078 0.0375 0.036719
0 0.309028 0.491406 0.043056 0.028125
0 0.344444 0.486719 0.047222 0.034375
0 0.247917 0.316406 0.051389 0.03125
0 0.695833 0.423438 0.072222 0.039062
0 0.653472 0.404297 0.040278 0.030469
0 0.800694 0.346094 0.054167 0.025
0 0.357639 0.214453 0.045833 0.025781
0 0.5 0.260937 0.069444 0.034375
0 0.532639 0.222656 0.040278 0.01875
0 0.527778 0.473438 0.063889 0.035938
