0 0.84375 0.069531 0.073611 0.040625
0 0.017361 0.837109 0.034722 0.041406
0 0.2125 0.827734 0.030556 0.028906
0 0.963194 0.860156 0.068056 0.046875
0 0.228472 0.717188 0.059722 0.029688
0 0.301389 0.714063 0.038889 0.028125
0 0.145833 0.675781 0.044444 0.014063
0 0.128472 0.665234 0.040278 0.014844
0 0.84375 0.691016 0.054167 0.036719
0 0.841667 0.716016 0.041667 0.019531
0 0.176389 0.625 0.038889 0.023438
0 0.340278 0.588672 0.033333 0.030469
0 0.313194 0.574609 0.0375 0.022656
0 0.13125 0.520313 0.070833 0.039062
0 0.165278 0.528516 0.061111 0.036719
0 0.240972 0.515234 0.0625 0.024219
0 0.3 0.504297 0.075 0.041406
0 0.3 0.544922 0.063889 0.038281
0 0.360417 0.543359 0.054167 0.035156
0 0.457639 0.519531 0.073611 0.04375
0 0.709028 0.536719 0.031944 0.021875
0 0.788194 0.544922 0.020833 0.021094
0 0.54375 0.430078 0.073611 0.039844
0 0.232639 0.424219 0.0625 0.03125
0 0.179167 0.448828 0.022222 0.014844
0 0.160417 0.442578 0.018056 0.011719
0 0.059028 0.291797 0.1125 0.061719
0 0.216667 0.347656 0.055556 0.0375
0 0.370833 0.357813 0.016667 0.017188
0 0.498611 0.192188 0.044444 0.023438
0 0.504861 0.157422 0.034722 0.028906
0 0.690278 0.242578 0.044444 0.025781
0 0.050694 0.86875 0.029167 0.026563
