0 0.125 0.623047 0.066667 0.038281
0 0.15625 0.641406 0.0625 0.034375
0 0.213889 0.7125 0.05 0.035938
0 0.268056 0.713281 0.055556 0.03125
0 0.3375 0.695312 0.091667 0.05
0 0.479167 0.516797 0.066667 0.038281
0 0.444444 0.648438 0.025 0.026563
0 0.398611 0.585547 0.033333 0.025781
0 0.045139 0.459375 0.045833 0.026563
0 0.114583 0.491016 0.051389 0.024219
0 0.592361 0.608594 0.045833 0.028125
0 0.634722 0.608594 0.027778 0.01875
0 0.526389 0.593359 0.038889 0.024219
0 0.561111 0.609375 0.030556 0.01875
0 0.534722 0.510156 0.055556 0.026563
0 0.565278 0.529297 0.05 0.030469
0 0.513194 0.561328 0.015278 0.014844
0 0.529167 0.550391 0.033333 0.017969
0 0.622917 0.430078 0.051389 0.028906
0 0.913194 0.950781 0.073611 0.028125
0 0.938194 0.631641 0.040278 0.019531
0 0.584722 0.435156 0.038889 0.01875
0 0.158333 0.264063 0.075 0.039062
0 0.538889 0.298047 0.063889 0.035156
0 0.527083 0.319922 0.045833 0.017969
0 0.552778 0.317578 0.041667 0.021094
0 0.609028 0.256641 0.048611 0.030469
0 0.826389 0.648438 0.030556 0.020313
0 0.36875 0.657813 0.009722 0.007812
0 0.890972 0.992188 0.068056 0.014063
