0 0.075694 0.726562 0.084722 0.04375
0 0.103472 0.643359 0.084722 0.047656
0 0.142361 0.671875 0.104167 0.045313
0 0.404861 0.594531 0.056944 0.0375
0 0.4625 0.597266 0.058333 0.030469
0 0.381944 0.499219 0.075 0.040625
0 0.406944 0.520703 0.055556 0.035156
0 0.597917 0.464063 0.070833 0.035938
0 0.609722 0.480469 0.041667 0.0125
0 0.65625 0.495703 0.045833 0.024219
0 0.715972 0.582031 0.0875 0.053125
0 0.784028 0.546094 0.048611 0.0125
0 0.876389 0.511328 0.047222 0.024219
0 0.8125 0.490234 0.033333 0.016406
0 0.776389 0.380469 0.05 0.028125
0 0.75625 0.403516 0.068056 0.025781
0 0.185417 0.314063 0.054167 0.029688
0 0.242361 0.352344 0.056944 0.028125
0 0.460417 0.332422 0.040278 0.016406
0 0.74375 0.303906 0.026389 0.020313
0 0.648611 0.268359 0.061111 0.033594
0 0.680556 0.226953 0.025 0.016406
0 0.465972 0.307422 0.023611 0.017969
0 0.510417 0.332031 0.020833 0.007812
0 0.660417 0.415625 0.023611 0.014063
0 0.884028 0.292969 0.065278 0.0375
0 0.763889 0.247266 0.030556 0.024219
0 0.820139 0.139844 0.073611 0.040625
0 0.783333 0.152734 0.069444 0.042969
0 0.466667 0.073828 0.086111 0.049219
0 0.895139 0.087891 0.070833 0.042969
0 0.747917 0.117969 0.020833 0.034375
0 0.680556 0.302344 0.008333 0.009375
