0 0.011806 0.118359 0.020833 0.021094
0 0.161806 0.094141 0.0625 0.038281
0 0.161111 0.209375 0.036111 0.026563
0 0.170833 0.175781 0.05 0.0375
0 0.215278 0.18125 0.041667 0.029688
0 0.250694 0.198047 0.054167 0.035156
0 0.28125 0.20625 0.0375 0.023438
0 0.388194 0.217188 0.045833 0.03125
0 0.34375 0.222656 0.056944 0.035938
0 0.356944 0.287109 0.05 0.027344
0 0.045833 0.246094 0.033333 0.026563
0 0.081944 0.259375 0.069444 0.039062
0 0.369444 0.322266 0.036111 0.007031
0 0.35 0.345313 0.061111 0.034375
0 0.343056 0.388281 0.033333 0.021875
0 0.397917 0.375781 0.040278 0.026563
0 0.172917 0.298438 0.040278 0.025
0 0.08125 0.353125 0.029167 0.023438
0 0.015278 0.376953 0.027778 0.025781
0 0.04375 0.424609 0.034722 0.013281
0 0.101389 0.397266 0.013889 0.005469
0 0.0875 0.439453 0.022222 0.019531
0 0.122222 0.433594 0.011111 0.007812
0 0.098611 0.460156 0.05 0.021875
0 0.129861 0.513672 0.009722 0.007031
0 0.025 0.447656 0.047222 0.026563
0 0.057639 0.650391 0.018056 0.005469
0 0.086806 0.636719 0.045833 0.028125
0 0.048611 0.625391 0.044444 0.021094
0 0.308333 0.489063 0.022222 0.020313
0 0.013889 0.705469 0.027778 0.023438
0 0.044444 0.546484 0.041667 0.014844
0 0.147222 0.56875 0.016667 0.00625
0 0.284028 0.673438 0.040278 0.020313
0 0.245833 0.705469 0.038889 0.025
0 0.286806 0.705078 0.043056 0.024219
0 0.464583 0.789453 0.045833 0.032031
0 0.513194 0.789453 0.051389 0.028906
0 0.531944 0.756641 0.033333 0.021094
0 0.526389 0.721094 0.038889 0.015625
0 0.61875 0.709766 0.029167 0.014844
0 0.499306 0.694531 0.054167 0.028125
0 0.983333 0.253125 0.030556 0.023438
0 0.981944 0.290625 0.033333 0.020313
0 0.9875 0.392578 0.022222 0.025781
0 0.996528 0.532813 0.004167 0.015625
0 0.990972 0.586719 0.015278 0.0125
0 0.917361 0.642578 0.048611 0.027344
0 0.951389 0.550781 0.038889 0.026563
0 0.922917 0.553125 0.006944 0.007812
0 0.893056 0.575391 0.027778 0.008594
0 0.457639 0.412891 0.048611 0.027344
0 0.549306 0.451172 0.043056 0.022656
0 0.511111 0.455078 0.033333 0.022656
0 0.469444 0.480469 0.013889 0.0125
0 0.422222 0.489844 0.047222 0.015625
0 0.370833 0.452734 0.036111 0.024219
0 0.677778 0.570312 0.025 0.017188
0 0.627778 0.625391 0.030556 0.016406
0 0.554167 0.600391 0.044444 0.010156
0 0.555556 0.614453 0.038889 0.016406
0 0.548611 0.628906 0.041667 0.025
0 0.519444 0.621094 0.041667 0.025
0 0.84375 0.661328 0.026389 0.010156
0 0.125 0.689453 0.036111 0.016406
0 0.398611 0.874219 0.033333 0.015625
