0 0.586111 0.102734 0.058333 0.038281
0 0.552778 0.120313 0.058333 0.035938
0 0.394444 0.115625 0.052778 0.03125
0 0.413194 0.092969 0.031944 0.021875
0 0.458333 0.106641 0.038889 0.030469
0 0.472222 0.126172 0.022222 0.025781
0 0.404861 0.141016 0.048611 0.024219
0 0.365278 0.224609 0.05 0.032031
0 0.340278 0.217188 0.038889 0.020313
0 0.563194 0.203906 0.051389 0.023438
0 0.433333 0.213672 0.047222 0.016406
0 0.730556 0.157813 0.063889 0.035938
0 0.689583 0.160156 0.018056 0.015625
0 0.719444 0.223828 0.041667 0.024219
0 0.834722 0.205469 0.033333 0.025
0 0.8125 0.253516 0.052778 0.028906
0 0.519444 0.266016 0.063889 0.033594
0 0.305556 0.279688 0.058333 0.026563
0 0.320139 0.241797 0.026389 0.011719
0 0.530556 0.292969 0.069444 0.034375
0 0.598611 0.298047 0.061111 0.032031
0 0.768056 0.310547 0.061111 0.033594
0 0.793056 0.367578 0.077778 0.041406
0 0.808333 0.397656 0.05 0.01875
0 0.395139 0.370703 0.065278 0.035156
0 0.256944 0.355859 0.038889 0.019531
0 0.252778 0.405859 0.05 0.019531
0 0.28125 0.424609 0.045833 0.030469
0 0.2375 0.429688 0.044444 0.029688
0 0.359722 0.423438 0.083333 0.03125
0 0.215972 0.460938 0.054167 0.026563
0 0.293056 0.466797 0.05 0.025781
0 0.476389 0.464844 0.061111 0.032813
0 0.340278 0.533594 0.055556 0.028125
0 0.177778 0.558984 0.041667 0.027344
0 0.227778 0.570312 0.030556 0.023438
0 0.369444 0.605859 0.052778 0.032031
0 0.305556 0.607031 0.055556 0.025
0 0.172917 0.644531 0.031944 0.01875
0 0.365278 0.685156 0.044444 0.025
0 0.411806 0.663672 0.048611 0.021094
0 0.314583 0.755469 0.054167 0.028125
0 0.699306 0.521875 0.070833 0.014063
0 0.65 0.546094 0.063889 0.0375
0 0.598611 0.548438 0.038889 0.026563
0 0.608333 0.575391 0.030556 0.025781
0 0.566667 0.58125 0.044444 0.026563
0 0.745833 0.576562 0.033333 0.023438
0 0.706944 0.626172 0.05 0.036719
0 0.676389 0.639063 0.027778 0.023438
0 0.623611 0.625781 0.038889 0.028125
0 0.874306 0.793359 0.043056 0.030469
0 0.816667 0.805469 0.052778 0.034375
0 0.651389 0.239453 0.019444 0.017969
0 0.276389 0.252734 0.025 0.008594
0 0.699306 0.317969 0.043056 0.03125
0 0.490278 0.407422 0.027778 0.019531
0 0.492361 0.626563 0.020833 0.014063
0 0.088194 0.801563 0.026389 0.017188
0 0.545139 0.758594 0.031944 0.01875
