0 0.121528 0.207031 0.076389 0.04375
0 0.991667 0.280859 0.013889 0.038281
0 0.784028 0.775781 0.043056 0.034375
0 0.730556 0.7875 0.030556 0.026563
0 0.439583 0.769141 0.040278 0.033594
0 0.753472 0.880469 0.020833 0.015625
0 0.340278 0.740625 0.019444 0.010938
0 0.465278 0.677344 0.05 0.020313
0 0.255556 0.663281 0.055556 0.040625
0 0.206944 0.669922 0.044444 0.041406
0 0.111111 0.680469 0.025 0.0125
0 0.03125 0.611328 0.0625 0.038281
0 0.008333 0.633984 0.016667 0.016406
0 0.419444 0.623047 0.058333 0.032031
0 0.375 0.623047 0.019444 0.016406
0 0.391667 0.598828 0.030556 0.013281
0 0.064583 0.574219 0.0375 0.034375
0 0.192361 0.56875 0.040278 0.023438
0 0.236806 0.58125 0.029167 0.014063
0 0.460417 0.569922 0.0375 0.021094
0 0.470833 0.560156 0.044444 0.01875
0 0.422222 0.554688 0.036111 0.009375
0 0.342361 0.522266 0.0375 0.022656
0 0.222222 0.489453 0.038889 0.021094
0 0.202083 0.477344 0.023611 0.017188
0 0.914583 0.542969 0.065278 0.034375
0 0.859722 0.534766 0.055556 0.039844
0 0.907639 0.429297 0.059722 0.044531
0 0.975 0.441016 0.047222 0.038281
0 0.034722 0.4 0.069444 0.032813
0 0.203472 0.403516 0.023611 0.016406
0 0.560417 0.911719 0.068056 0.04375
0 0.452083 0.944922 0.059722 0.027344
