0 0.5375 0.081641 0.066667 0.039844
0 0.321528 0.203906 0.051389 0.029688
0 0.449306 0.252344 0.070833 0.040625
0 0.48125 0.213672 0.059722 0.022656
0 0.182639 0.310547 0.056944 0.030469
0 0.791667 0.342578 0.052778 0.025781
0 0.616667 0.403516 0.044444 0.033594
0 0.659028 0.424219 0.076389 0.040625
0 0.85 0.425391 0.080556 0.030469
0 0.772917 0.472266 0.045833 0.025781
0 0.70625 0.515625 0.043056 0.023438
0 0.75 0.527344 0.041667 0.025
0 0.708333 0.557031 0.052778 0.028125
0 0.659028 0.5625 0.045833 0.035938
0 0.50625 0.464063 0.029167 0.014063
0 0.502083 0.485547 0.031944 0.014844
0 0.817361 0.523438 0.0375 0.020313
0 0.690278 0.690625 0.072222 0.0375
0 0.843056 0.686328 0.061111 0.028906
0 0.771528 0.715625 0.045833 0.029688
0 0.721528 0.751172 0.051389 0.039844
0 0.789583 0.754688 0.043056 0.034375
0 0.077083 0.952734 0.054167 0.035156
0 0.320139 0.816016 0.040278 0.021094
0 0.28125 0.754297 0.048611 0.022656
0 0.034028 0.649219 0.065278 0.0375
0 0.022222 0.671484 0.041667 0.025781
0 0.197917 0.664844 0.051389 0.028125
0 0.206944 0.648828 0.033333 0.008594
0 0.155556 0.664844 0.041667 0.026563
0 0.269444 0.491406 0.041667 0.029688
0 0.311111 0.482813 0.055556 0.026563
0 0.244444 0.450391 0.030556 0.011719
0 0.245833 0.414844 0.022222 0.015625
