0 0.61875 0.167969 0.059722 0.0375
0 0.877083 0.3625 0.065278 0.032813
0 0.764583 0.428125 0.048611 0.026563
0 0.869444 0.483203 0.075 0.042969
0 0.922917 0.478125 0.0375 0.026563
0 0.652083 0.451953 0.054167 0.032031
0 0.643056 0.429297 0.022222 0.011719
0 0.323611 0.546875 0.044444 0.026563
0 0.727083 0.494531 0.043056 0.01875
0 0.741667 0.511328 0.038889 0.017969
0 0.730556 0.532422 0.044444 0.021094
0 0.952778 0.722266 0.036111 0.021094
0 0.976389 0.672656 0.044444 0.034375
0 0.867361 0.707813 0.048611 0.029688
0 0.261806 0.751953 0.054167 0.033594
0 0.715278 0.709375 0.041667 0.023438
0 0.140278 0.753125 0.05 0.023438
0 0.727778 0.733594 0.047222 0.025
0 0.682639 0.747266 0.031944 0.021094
0 0.534722 0.169922 0.027778 0.016406
0 0.501389 0.151172 0.061111 0.033594
0 0.734722 0.379297 0.072222 0.039844
0 0.869444 0.416406 0.080556 0.045313
0 0.418056 0.383594 0.027778 0.017188
0 0.821528 0.470703 0.048611 0.039844
0 0.676389 0.569141 0.055556 0.028906
0 0.601389 0.485156 0.055556 0.021875
0 0.4 0.501563 0.052778 0.029688
0 0.372222 0.486328 0.041667 0.035156
0 0.361806 0.394531 0.020833 0.009375
0 0.357639 0.375 0.020833 0.007812
0 0.240278 0.464844 0.05 0.03125
0 0.1 0.638281 0.036111 0.01875
0 0.148611 0.660547 0.033333 0.019531
0 0.230556 0.674609 0.036111 0.022656
0 0.396528 0.694531 0.029167 0.015625
0 0.325694 0.721875 0.029167 0.017188
0 0.303472 0.728906 0.031944 0.015625
0 0.008333 0.692188 0.013889 0.017188
0 0.008333 0.719141 0.013889 0.017969
0 0.013889 0.816797 0.025 0.022656
0 0.993056 0.627344 0.011111 0.025
0 0.838889 0.722656 0.025 0.01875
0 0.907639 0.726172 0.056944 0.032031
0 0.720139 0.757812 0.029167 0.023438
0 0.715278 0.351562 0.038889 0.025
0 0.484028 0.437109 0.034722 0.013281
0 0.288889 0.453906 0.052778 0.015625
0 0.190278 0.457813 0.016667 0.010938
0 0.288194 0.473438 0.0625 0.029688
0 0.329167 0.469531 0.036111 0.025
0 0.225 0.588672 0.025 0.017969
0 0.13125 0.496875 0.031944 0.014063
0 0.927083 0.685156 0.045833 0.0375
0 0.980556 0.734766 0.036111 0.035156
0 0.241667 0.615234 0.036111 0.024219
0 0.151389 0.51875 0.055556 0.020313
