0 0.677778 0.245313 0.052778 0.026563
0 0.667361 0.266406 0.048611 0.028125
0 0.613889 0.266797 0.044444 0.025781
0 0.527778 0.285938 0.047222 0.023438
0 0.53125 0.308984 0.043056 0.025781
0 0.253472 0.316016 0.054167 0.030469
0 0.097222 0.301563 0.033333 0.020313
0 0.058333 0.314063 0.030556 0.017188
0 0.264583 0.339844 0.040278 0.01875
0 0.302083 0.366797 0.048611 0.028906
0 0.755556 0.291406 0.025 0.015625
0 0.738194 0.317578 0.031944 0.019531
0 0.76875 0.360156 0.0375 0.021875
0 0.779861 0.374609 0.043056 0.024219
0 0.49375 0.398438 0.026389 0.017188
0 0.350694 0.420313 0.045833 0.020313
0 0.029167 0.372266 0.022222 0.016406
0 0.007639 0.339453 0.009722 0.014844
0 0.771528 0.453125 0.018056 0.014063
0 0.350694 0.564063 0.056944 0.020313
0 0.195833 0.546484 0.061111 0.030469
0 0.235417 0.562891 0.043056 0.017969
0 0.249306 0.575391 0.043056 0.021094
0 0.449306 0.574219 0.0375 0.021875
0 0.475694 0.619922 0.040278 0.021094
0 0.538889 0.692969 0.041667 0.028125
0 0.49375 0.648438 0.0375 0.025
0 0.247222 0.673047 0.044444 0.025781
0 0.215278 0.669922 0.047222 0.030469
0 0.538889 0.717969 0.052778 0.028125
0 0.864583 0.805469 0.040278 0.035938
0 0.158333 0.646094 0.025 0.0125
0 0.125694 0.651563 0.026389 0.010938
0 0.152778 0.694922 0.041667 0.024219
0 0.184722 0.692188 0.027778 0.015625
0 0.092361 0.491406 0.015278 0.009375
0 0.361111 0.436328 0.041667 0.011719
0 0.6 0.284375 0.019444 0.010938
0 0.563889 0.306641 0.025 0.013281
0 0.44375 0.145703 0.043056 0.021094
0 0.459722 0.326953 0.05 0.033594
0 0.817361 0.377344 0.023611 0.009375
