0 0.879167 0.804688 0.030556 0.014063
0 0.893056 0.822656 0.063889 0.040625
0 0.845139 0.701563 0.020833 0.004688
0 0.8375 0.762109 0.033333 0.036719
0 0.825 0.724609 0.047222 0.025781
0 0.772222 0.731641 0.033333 0.019531
0 0.727778 0.804297 0.069444 0.036719
0 0.621528 0.810938 0.048611 0.035938
0 0.554861 0.745703 0.0375 0.030469
0 0.533333 0.709375 0.063889 0.026563
0 0.579167 0.685156 0.066667 0.032813
0 0.559028 0.586719 0.048611 0.028125
0 0.680556 0.546484 0.047222 0.030469
0 0.661111 0.518359 0.058333 0.028906
0 0.641667 0.534766 0.030556 0.014844
0 0.777083 0.5 0.076389 0.032813
0 0.779167 0.485938 0.066667 0.035938
0 0.878472 0.518359 0.034722 0.013281
0 0.925694 0.567188 0.031944 0.014063
0 0.900694 0.594531 0.045833 0.023438
0 0.860417 0.546484 0.020833 0.011719
0 0.814583 0.541797 0.076389 0.041406
0 0.840278 0.446094 0.069444 0.04375
0 0.894444 0.392578 0.066667 0.030469
0 0.854861 0.359375 0.040278 0.020313
0 0.870833 0.315234 0.05 0.027344
0 0.736111 0.359375 0.063889 0.029688
0 0.666667 0.317578 0.052778 0.035156
0 0.683333 0.4625 0.061111 0.034375
0 0.6375 0.450391 0.033333 0.032031
0 0.602083 0.419922 0.045833 0.019531
0 0.564583 0.439453 0.029167 0.025781
0 0.569444 0.427344 0.019444 0.00625
0 0.548611 0.43125 0.022222 0.010938
0 0.53125 0.4625 0.020833 0.010938
0 0.116667 0.551563 0.019444 0.010938
0 0.019444 0.579297 0.036111 0.024219
0 0.013194 0.607813 0.023611 0.017188
0 0.111111 0.573438 0.025 0.017188
0 0.133333 0.620703 0.047222 0.021094
0 0.9125 0.686719 0.022222 0.0125
0 0.76875 0.772266 0.015278 0.014844
0 0.6375 0.684766 0.013889 0.011719
0 0.868056 0.466016 0.016667 0.016406
0 0.052083 0.814844 0.0625 0.034375
