0 0.449306 0.63125 0.070833 0.042188
0 0.3875 0.635156 0.052778 0.034375
0 0.9375 0.767188 0.013889 0.023438
0 0.977083 0.748047 0.040278 0.008594
0 0.524306 0.776172 0.031944 0.011719
0 0.625694 0.725391 0.026389 0.010156
0 0.527778 0.711328 0.025 0.008594
0 0.11875 0.736328 0.070833 0.024219
0 0.285417 0.70625 0.054167 0.026563
0 0.147222 0.683203 0.058333 0.019531
0 0.279167 0.657813 0.038889 0.017188
0 0.240972 0.646484 0.045833 0.016406
0 0.15 0.644922 0.033333 0.010156
0 0.211806 0.671094 0.043056 0.015625
0 0.632639 0.644922 0.034722 0.017969
0 0.190278 0.590234 0.044444 0.038281
0 0.225694 0.575781 0.065278 0.0375
0 0.522917 0.590234 0.034722 0.016406
0 0.573611 0.589063 0.044444 0.029688
0 0.493056 0.545703 0.055556 0.028906
0 0.440278 0.530469 0.052778 0.032813
0 0.214583 0.544922 0.045833 0.022656
0 0.430556 0.390234 0.030556 0.021094
0 0.419444 0.365625 0.027778 0.017188
0 0.275694 0.360938 0.084722 0.035938
0 0.356944 0.155469 0.083333 0.046875
0 0.335417 0.428125 0.015278 0.020313
0 0.592361 0.532031 0.045833 0.023438
0 0.698611 0.916797 0.055556 0.033594
0 0.788889 0.88125 0.069444 0.040625
0 0.739583 0.867578 0.034722 0.014844
