0 0.101389 0.439844 0.063889 0.034375
0 0.099306 0.409766 0.059722 0.028906
0 0.051389 0.444922 0.038889 0.027344
0 0.027083 0.409766 0.051389 0.021094
0 0.222222 0.475781 0.052778 0.029688
0 0.188889 0.463281 0.036111 0.028125
0 0.629167 0.621094 0.055556 0.028125
0 0.075 0.691797 0.030556 0.014844
0 0.195833 0.645313 0.033333 0.026563
0 0.18125 0.667969 0.054167 0.01875
0 0.154861 0.518359 0.029167 0.019531
0 0.166667 0.506641 0.038889 0.025781
0 0.377083 0.284766 0.056944 0.033594
0 0.345833 0.258984 0.044444 0.022656
0 0.229861 0.248828 0.043056 0.017969
0 0.286806 0.353516 0.045833 0.019531
0 0.353472 0.418359 0.040278 0.027344
0 0.10625 0.46875 0.0625 0.029688
0 0.032639 0.580469 0.0375 0.01875
0 0.741667 0.276172 0.036111 0.024219
0 0.773611 0.266797 0.016667 0.016406
0 0.879861 0.413281 0.054167 0.020313
0 0.788889 0.395703 0.025 0.027344
0 0.85 0.66875 0.036111 0.029688
0 0.75625 0.295703 0.023611 0.016406
0 0.849306 0.501953 0.045833 0.025781
0 0.05 0.632812 0.069444 0.035938
0 0.088889 0.613281 0.052778 0.028125
0 0.342361 0.278516 0.026389 0.011719
0 0.309028 0.403906 0.031944 0.015625
0 0.264583 0.368359 0.020833 0.013281
0 0.106944 0.316797 0.022222 0.016406
0 0.144444 0.439844 0.019444 0.0125
0 0.543056 0.597656 0.016667 0.020313
