0 0.474306 0.247656 0.059722 0.034375
0 0.250694 0.315625 0.0375 0.023438
0 0.30625 0.328125 0.056944 0.039062
0 0.60625 0.394141 0.0625 0.036719
0 0.550694 0.387891 0.068056 0.041406
0 0.700694 0.435938 0.043056 0.025
0 0.784722 0.451563 0.05 0.028125
0 0.828472 0.447656 0.065278 0.0375
0 0.815972 0.485938 0.051389 0.034375
0 0.899306 0.477734 0.059722 0.033594
0 0.702083 0.557031 0.048611 0.01875
0 0.88125 0.710938 0.059722 0.029688
0 0.848611 0.728125 0.066667 0.032813
0 0.468056 0.712891 0.066667 0.024219
0 0.486111 0.744141 0.075 0.044531
0 0.436806 0.764844 0.065278 0.03125
0 0.575694 0.442188 0.0625 0.035938
0 0.619444 0.434766 0.061111 0.038281
0 0.664583 0.425 0.065278 0.042188
0 0.544444 0.484766 0.041667 0.025781
0 0.391667 0.595313 0.052778 0.035938
0 0.505556 0.647656 0.044444 0.021875
0 0.547917 0.644141 0.020833 0.016406
0 0.353472 0.801172 0.048611 0.028906
0 0.293056 0.812891 0.066667 0.035156
0 0.151389 0.814063 0.077778 0.045313
0 0.138889 0.788281 0.025 0.015625
0 0.238194 0.803906 0.065278 0.040625
0 0.306944 0.764063 0.061111 0.039062
0 0.15625 0.635547 0.048611 0.033594
0 0.017361 0.749609 0.031944 0.021094
