0 0.790278 0.377344 0.061111 0.03125
0 0.781944 0.431641 0.072222 0.046094
0 0.581944 0.469922 0.05 0.027344
0 0.673611 0.548047 0.052778 0.024219
0 0.68125 0.526172 0.040278 0.022656
0 0.659028 0.510156 0.043056 0.01875
0 0.656944 0.494531 0.038889 0.01875
0 0.749306 0.5375 0.034722 0.017188
0 0.615972 0.585547 0.054167 0.025781
0 0.516667 0.501563 0.030556 0.020313
0 0.252083 0.561328 0.045833 0.025781
0 0.155556 0.480469 0.044444 0.028125
0 0.1625 0.633984 0.030556 0.017969
0 0.068056 0.679297 0.038889 0.021094
0 0.179167 0.775781 0.055556 0.0375
0 0.159028 0.728125 0.0375 0.020313
0 0.145139 0.755078 0.029167 0.013281
0 0.256944 0.740234 0.027778 0.019531
0 0.2375 0.751172 0.033333 0.014844
0 0.209028 0.749219 0.015278 0.009375
0 0.946528 0.651172 0.081944 0.039844
0 0.909722 0.696875 0.061111 0.042188
0 0.797917 0.729688 0.059722 0.032813
0 0.853472 0.703906 0.054167 0.032813
0 0.833333 0.749219 0.058333 0.03125
0 0.873611 0.742188 0.044444 0.023438
0 0.934722 0.755859 0.055556 0.035156
0 0.971528 0.860547 0.054167 0.033594
0 0.654167 0.732031 0.036111 0.023438
0 0.666667 0.753906 0.036111 0.025
0 0.625 0.769531 0.027778 0.021875
0 0.54375 0.177344 0.051389 0.0375
0 0.456944 0.182422 0.027778 0.010156
0 0.41875 0.161328 0.065278 0.039844
0 0.345833 0.166406 0.011111 0.0125
0 0.634722 0.394141 0.072222 0.044531
0 0.834722 0.494531 0.041667 0.028125
0 0.788889 0.501172 0.080556 0.047656
0 0.745139 0.488672 0.0625 0.035156
0 0.334722 0.502344 0.016667 0.0125
0 0.315972 0.519531 0.054167 0.026563
0 0.3 0.500781 0.052778 0.03125
0 0.205556 0.488672 0.063889 0.030469
0 0.248611 0.484766 0.038889 0.022656
0 0.213194 0.466016 0.045833 0.016406
0 0.0375 0.515234 0.033333 0.011719
0 0.344444 0.397656 0.033333 0.015625
0 0.320139 0.715234 0.029167 0.014844
0 0.154167 0.692969 0.041667 0.023438
0 0.144444 0.608594 0.041667 0.025
0 0.657639 0.779297 0.029167 0.024219
0 0.054861 0.532813 0.034722 0.017188
0 0.085417 0.541016 0.026389 0.014844
0 0.01875 0.660156 0.034722 0.01875
0 0.044444 0.777344 0.052778 0.025
0 0.770833 0.744922 0.027778 0.017969
0 0.936806 0.873047 0.0375 0.019531
0 0.977083 0.886719 0.043056 0.01875
0 0.900694 0.882031 0.040278 0.028125
