0 0.513889 0.130859 0.05 0.032031
0 0.333333 0.134766 0.033333 0.017969
0 0.354861 0.147266 0.0375 0.022656
0 0.3125 0.169141 0.047222 0.016406
0 0.308333 0.188281 0.030556 0.01875
0 0.479167 0.188281 0.022222 0.015625
0 0.514583 0.201172 0.043056 0.030469
0 0.55 0.203906 0.033333 0.021875
0 0.511806 0.229688 0.020833 0.023438
0 0.570139 0.21875 0.040278 0.029688
0 0.5875 0.226953 0.038889 0.022656
0 0.640278 0.241406 0.05 0.03125
0 0.682639 0.237891 0.0375 0.027344
0 0.654167 0.296875 0.038889 0.020313
0 0.665278 0.328516 0.036111 0.008594
0 0.648611 0.347656 0.05 0.03125
0 0.635417 0.385938 0.029167 0.01875
0 0.688194 0.375 0.029167 0.017188
0 0.720139 0.410156 0.043056 0.023438
0 0.600694 0.474219 0.026389 0.01875
0 0.670139 0.470703 0.015278 0.010156
0 0.706944 0.473828 0.038889 0.013281
0 0.765972 0.45 0.029167 0.010938
0 0.790972 0.446484 0.018056 0.021094
0 0.609028 0.346875 0.006944 0.010938
0 0.4375 0.272656 0.055556 0.032813
0 0.491667 0.302344 0.025 0.015625
0 0.486111 0.314453 0.016667 0.005469
0 0.411111 0.351562 0.022222 0.021875
0 0.349306 0.372266 0.034722 0.022656
0 0.315972 0.401172 0.040278 0.021094
0 0.38125 0.411719 0.029167 0.009375
0 0.368056 0.431641 0.033333 0.016406
0 0.415278 0.427734 0.025 0.014844
0 0.406944 0.447266 0.033333 0.016406
0 0.38125 0.6 0.0375 0.023438
0 0.279861 0.661328 0.034722 0.024219
0 0.304861 0.651953 0.034722 0.022656
0 0.904861 0.560937 0.018056 0.017188
0 0.855556 0.608203 0.019444 0.013281
0 0.784028 0.603906 0.0375 0.017188
0 0.758333 0.598047 0.041667 0.019531
0 0.749306 0.659766 0.048611 0.027344
0 0.759722 0.6875 0.033333 0.015625
0 0.775 0.714063 0.030556 0.017188
0 0.760417 0.739844 0.043056 0.023438
0 0.715972 0.741016 0.040278 0.028906
0 0.551389 0.634766 0.033333 0.019531
0 0.513889 0.664062 0.036111 0.021875
0 0.55 0.664844 0.038889 0.021875
0 0.358333 0.611328 0.008333 0.003906
0 0.160417 0.593359 0.034722 0.017969
0 0.023611 0.405469 0.027778 0.015625
0 0.038889 0.460156 0.025 0.014063
0 0.399306 0.65 0.020833 0.014063
0 0.439583 0.489063 0.026389 0.009375
0 0.323611 0.483594 0.011111 0.015625
0 0.321528 0.523438 0.0375 0.014063
0 0.708333 0.778516 0.036111 0.017969
