0 0.736111 0.075781 0.047222 0.028125
0 0.93125 0.012109 0.070833 0.024219
0 0.9625 0.039453 0.044444 0.016406
0 0.797222 0.144922 0.041667 0.027344
0 0.513889 0.148438 0.038889 0.020313
0 0.490278 0.155078 0.022222 0.022656
0 0.761806 0.296875 0.0625 0.032813
0 0.898611 0.278906 0.058333 0.025
0 0.840278 0.261328 0.061111 0.025781
0 0.961806 0.324219 0.065278 0.054688
0 0.831944 0.342578 0.05 0.019531
0 0.532639 0.340625 0.056944 0.026563
0 0.516667 0.325 0.086111 0.035938
0 0.571528 0.410547 0.045833 0.024219
0 0.538194 0.432031 0.045833 0.028125
0 0.482639 0.442969 0.043056 0.01875
0 0.447222 0.38125 0.047222 0.017188
0 0.927778 0.530859 0.047222 0.033594
0 0.689583 0.4 0.0625 0.023438
0 0.418056 0.459375 0.044444 0.023438
0 0.325 0.476953 0.044444 0.014844
0 0.218056 0.539844 0.05 0.03125
0 0.490972 0.21875 0.023611 0.010938
0 0.955556 0.619531 0.063889 0.03125
0 0.983333 0.66875 0.027778 0.029688
0 0.750694 0.653125 0.043056 0.017188
0 0.890972 0.595703 0.0375 0.010156
0 0.819444 0.610156 0.030556 0.01875
0 0.352778 0.707031 0.036111 0.028125
0 0.210417 0.730469 0.0375 0.028125
0 0.247222 0.723047 0.038889 0.027344
0 0.079861 0.74375 0.048611 0.026563
0 0.447917 0.414844 0.043056 0.017188
0 0.370139 0.45 0.015278 0.017188
0 0.429861 0.836328 0.054167 0.032031
0 0.774306 0.197266 0.048611 0.039844
0 0.985417 0.067969 0.026389 0.025
0 0.413889 0.287109 0.013889 0.016406
0 0.865972 0.335547 0.031944 0.019531
0 0.594444 0.426172 0.047222 0.024219
0 0.475694 0.823047 0.043056 0.021094
0 0.566667 0.824609 0.030556 0.017969
0 0.761806 0.076563 0.020833 0.026563
