0 0.740278 0.271875 0.05 0.026563
0 0.855556 0.307031 0.041667 0.028125
0 0.747222 0.307813 0.030556 0.017188
0 0.658333 0.305859 0.05 0.024219
0 0.94375 0.356641 0.040278 0.019531
0 0.946528 0.321875 0.018056 0.0125
0 0.894444 0.339063 0.036111 0.017188
0 0.897917 0.366797 0.031944 0.017969
0 0.8 0.341406 0.030556 0.015625
0 0.813194 0.317578 0.034722 0.017969
0 0.738889 0.386719 0.041667 0.023438
0 0.615278 0.421094 0.05 0.025
0 0.633333 0.426953 0.030556 0.021094
0 0.522917 0.416016 0.048611 0.021094
0 0.884028 0.375 0.031944 0.017188
0 0.578472 0.459375 0.026389 0.010938
0 0.631944 0.506641 0.05 0.025781
0 0.586111 0.521484 0.041667 0.024219
0 0.513194 0.531641 0.031944 0.016406
0 0.492361 0.478125 0.045833 0.023438
0 0.788889 0.482422 0.036111 0.016406
0 0.858333 0.494141 0.041667 0.016406
0 0.868056 0.516406 0.044444 0.023438
0 0.906944 0.514844 0.033333 0.015625
0 0.913889 0.535938 0.047222 0.01875
0 0.784722 0.515625 0.022222 0.015625
0 0.722222 0.469922 0.044444 0.017969
0 0.715278 0.725391 0.044444 0.021094
0 0.89375 0.701953 0.0375 0.022656
0 0.86875 0.689063 0.045833 0.023438
0 0.929167 0.636328 0.044444 0.024219
0 0.813194 0.559766 0.065278 0.014844
0 0.838889 0.59375 0.041667 0.020313
0 0.75625 0.684766 0.034722 0.022656
0 0.5625 0.565625 0.036111 0.023438
0 0.199306 0.363672 0.043056 0.021094
0 0.434722 0.423047 0.025 0.014844
0 0.0375 0.675391 0.05 0.022656
0 0.029861 0.655469 0.031944 0.017188
0 0.010417 0.617969 0.015278 0.01875
0 0.013889 0.64375 0.025 0.023438
0 0.103472 0.267969 0.045833 0.025
0 0.117361 0.246094 0.045833 0.021875
0 0.728472 0.322266 0.031944 0.021094
0 0.908333 0.61875 0.038889 0.020313
0 0.198611 0.346094 0.027778 0.014063
0 0.720833 0.577344 0.033333 0.014063
0 0.58125 0.716797 0.026389 0.022656
