0 0.15 0.6125 0.030556 0.023438
0 0.149306 0.578516 0.034722 0.025781
0 0.086111 0.594531 0.063889 0.028125
0 0.879861 0.55625 0.045833 0.020313
0 0.709722 0.477344 0.038889 0.0375
0 0.956944 0.499609 0.066667 0.030469
0 0.902083 0.48125 0.048611 0.039062
0 0.934722 0.44375 0.044444 0.0125
0 0.820833 0.375391 0.061111 0.033594
0 0.877083 0.283203 0.040278 0.021094
0 0.8625 0.304688 0.030556 0.026563
0 0.898611 0.307031 0.052778 0.03125
0 0.953472 0.301563 0.056944 0.035938
0 0.790972 0.023828 0.034722 0.028906
0 0.836111 0.010547 0.069444 0.021094
0 0.969444 0.090234 0.052778 0.036719
0 0.834722 0.477734 0.061111 0.033594
0 0.813889 0.451953 0.052778 0.016406
0 0.780556 0.484766 0.019444 0.008594
0 0.786111 0.072656 0.041667 0.021875
