0 0.522917 0.015625 0.059722 0.029688
0 0.684722 0.221484 0.061111 0.035156
0 0.508333 0.326172 0.041667 0.016406
0 0.611806 0.348438 0.059722 0.032813
0 0.56875 0.382422 0.065278 0.027344
0 0.739583 0.516016 0.043056 0.033594
0 0.779861 0.535938 0.073611 0.039062
0 0.977778 0.452734 0.041667 0.025781
0 0.970139 0.541797 0.056944 0.035156
0 0.9 0.585156 0.044444 0.021875
0 0.850694 0.626953 0.048611 0.022656
0 0.9 0.639453 0.044444 0.025781
0 0.809722 0.671875 0.044444 0.035938
0 0.85625 0.672266 0.056944 0.025781
0 0.808333 0.803125 0.075 0.0375
0 0.893056 0.832422 0.05 0.030469
0 0.929861 0.874609 0.051389 0.042969
0 0.863889 0.869141 0.05 0.036719
0 0.502778 0.916016 0.047222 0.025781
0 0.444444 0.589844 0.038889 0.025
0 0.329861 0.753516 0.043056 0.027344
0 0.341667 0.739844 0.030556 0.009375
0 0.171528 0.730859 0.068056 0.035156
0 0.238194 0.744531 0.045833 0.028125
0 0.263194 0.753125 0.034722 0.023438
0 0.295833 0.752734 0.036111 0.025781
0 0.15625 0.754688 0.059722 0.020313
0 0.104167 0.6625 0.041667 0.029688
0 0.154861 0.643359 0.043056 0.021094
0 0.020139 0.469141 0.0375 0.025781
0 0.024306 0.460156 0.045833 0.021875
0 0.00625 0.494922 0.0125 0.016406
0 0.329167 0.428906 0.044444 0.028125
0 0.463194 0.849609 0.031944 0.022656
0 0.65 0.58125 0.058333 0.032813
0 0.211806 0.525 0.023611 0.007812
0 0.967361 0.805078 0.026389 0.030469
