0 0.980556 0.020703 0.036111 0.032031
0 0.831944 0.091016 0.080556 0.036719
0 0.745139 0.078125 0.0875 0.03125
0 0.73125 0.041016 0.076389 0.044531
0 0.784028 0.191016 0.079167 0.046094
0 0.254861 0.20625 0.059722 0.035938
0 0.184722 0.2 0.055556 0.032813
0 0.142361 0.192969 0.040278 0.020313
0 0.006944 0.174219 0.011111 0.028125
0 0.046528 0.231641 0.048611 0.024219
0 0.790972 0.226562 0.048611 0.025
0 0.798611 0.245703 0.066667 0.027344
0 0.88125 0.223438 0.068056 0.035938
0 0.929861 0.298438 0.079167 0.042188
0 0.854861 0.317969 0.068056 0.03125
0 0.796528 0.316797 0.065278 0.033594
0 0.570139 0.324609 0.059722 0.033594
0 0.525 0.352344 0.063889 0.034375
0 0.277778 0.240625 0.066667 0.0375
0 0.036111 0.380859 0.069444 0.041406
0 0.475 0.330469 0.013889 0.015625
0 0.429861 0.440234 0.043056 0.028906
0 0.984028 0.357813 0.029167 0.029688
0 0.897222 0.416016 0.025 0.013281
0 0.876389 0.394141 0.022222 0.013281
0 0.883333 0.444922 0.086111 0.044531
0 0.38125 0.483984 0.040278 0.016406
0 0.271528 0.472656 0.048611 0.034375
0 0.23125 0.472656 0.023611 0.028125
0 0.209028 0.4625 0.023611 0.009375
0 0.094444 0.457813 0.041667 0.023438
0 0.185417 0.473047 0.051389 0.027344
0 0.847222 0.48125 0.066667 0.020313
0 0.214583 0.501563 0.101389 0.035938
0 0.077083 0.487109 0.054167 0.036719
0 0.046528 0.492578 0.0375 0.035156
0 0.220833 0.548828 0.027778 0.021094
0 0.375694 0.632812 0.029167 0.026563
0 0.590972 0.548438 0.059722 0.029688
0 0.502778 0.53125 0.016667 0.007812
0 0.539583 0.564844 0.034722 0.017188
0 0.6625 0.571875 0.063889 0.035938
0 0.719444 0.548828 0.041667 0.019531
0 0.880556 0.528906 0.061111 0.03125
0 0.945833 0.558594 0.061111 0.05
0 0.879861 0.563281 0.073611 0.040625
0 0.820139 0.532813 0.0625 0.017188
0 0.809722 0.557813 0.055556 0.035938
0 0.78125 0.569531 0.029167 0.014063
0 0.8875 0.621875 0.05 0.039062
