0 0.502778 0.675 0.058333 0.032813
0 0.678472 0.519531 0.065278 0.039062
0 0.031944 0.248828 0.058333 0.035156
0 0.090278 0.268359 0.030556 0.021094
0 0.429167 0.238281 0.061111 0.03125
0 0.475 0.395313 0.058333 0.026563
0 0.809028 0.408984 0.056944 0.038281
0 0.891667 0.269922 0.069444 0.042969
0 0.897917 0.182813 0.059722 0.035938
0 0.819444 0.322656 0.069444 0.039062
0 0.875694 0.326172 0.051389 0.038281
0 0.1125 0.276953 0.022222 0.021094
0 0.3625 0.43125 0.033333 0.017188
0 0.665278 0.193359 0.041667 0.025781
0 0.5375 0.374219 0.027778 0.026563
0 0.363194 0.614063 0.051389 0.026563
0 0.300694 0.630859 0.031944 0.019531
0 0.240972 0.589063 0.040278 0.023438
0 0.491667 0.514453 0.030556 0.010156
0 0.875 0.603125 0.052778 0.03125
0 0.922917 0.598438 0.0125 0.007812
0 0.709028 0.710938 0.045833 0.034375
