0 0.98125 0.060938 0.034722 0.042188
0 0.864583 0.092578 0.065278 0.027344
0 0.810417 0.06875 0.048611 0.032813
0 0.997222 0.141016 0.002778 0.021094
0 0.972917 0.195703 0.051389 0.027344
0 0.702083 0.148047 0.051389 0.028906
0 0.856944 0.184375 0.044444 0.023438
0 0.643056 0.146875 0.05 0.026563
0 0.629167 0.199609 0.058333 0.033594
0 0.563889 0.208203 0.052778 0.036719
0 0.679167 0.26875 0.016667 0.020313
0 0.715278 0.252734 0.016667 0.016406
0 0.766667 0.246875 0.038889 0.017188
0 0.7875 0.259375 0.013889 0.007812
0 0.84375 0.278516 0.051389 0.025781
0 0.93125 0.262109 0.068056 0.036719
0 0.990278 0.420703 0.016667 0.024219
0 0.947222 0.425781 0.075 0.040625
0 0.893056 0.478516 0.016667 0.011719
0 0.927083 0.526953 0.059722 0.019531
0 0.979167 0.539453 0.038889 0.030469
0 0.943056 0.580859 0.055556 0.027344
0 0.773611 0.556641 0.011111 0.008594
0 0.636806 0.542578 0.0375 0.024219
0 0.670139 0.546875 0.051389 0.025
0 0.589583 0.423438 0.054167 0.03125
0 0.65 0.491016 0.025 0.010156
0 0.670833 0.458594 0.016667 0.009375
0 0.551389 0.366016 0.055556 0.030469
0 0.578472 0.328125 0.040278 0.007812
0 0.565278 0.251563 0.022222 0.017188
0 0.824306 0.820312 0.043056 0.035938
0 0.695139 0.493359 0.0125 0.002344
0 0.751389 0.51875 0.030556 0.014063
0 0.735417 0.753906 0.031944 0.021875
0 0.664583 0.757812 0.026389 0.020313
0 0.518056 0.666797 0.05 0.027344
0 0.3625 0.682422 0.027778 0.014844
0 0.054861 0.637109 0.031944 0.021094
0 0.202778 0.586719 0.058333 0.025
0 0.163889 0.515625 0.044444 0.026563
0 0.138194 0.493359 0.034722 0.025781
0 0.119444 0.491797 0.008333 0.010156
0 0.325 0.449219 0.041667 0.026563
0 0.163194 0.409375 0.051389 0.029688
0 0.2875 0.347656 0.055556 0.028125
0 0.072917 0.404688 0.018056 0.010938
0 0.027778 0.385938 0.022222 0.014063
0 0.016667 0.373828 0.033333 0.022656
0 0.200694 0.277344 0.056944 0.03125
0 0.14375 0.273828 0.056944 0.022656
0 0.030556 0.284766 0.058333 0.036719
0 0.043056 0.2375 0.055556 0.032813
0 0.079167 0.236719 0.016667 0.03125
0 0.03125 0.162109 0.048611 0.025781
0 0.004167 0.070703 0.005556 0.017969
0 0.015972 0.089453 0.029167 0.030469
0 0.053472 0.090234 0.051389 0.021094
0 0.05 0.044922 0.041667 0.025781
0 0.09375 0.040234 0.051389 0.032031
