0 0.309028 0.014844 0.059722 0.028125
0 0.343056 0.346484 0.061111 0.035156
0 0.386806 0.351953 0.048611 0.025781
0 0.335417 0.368359 0.040278 0.014844
0 0.14375 0.482813 0.045833 0.01875
0 0.427778 0.476562 0.058333 0.03125
0 0.397222 0.444141 0.027778 0.011719
0 0.496528 0.477344 0.065278 0.03125
0 0.061806 0.763672 0.054167 0.017969
0 0.063889 0.721875 0.036111 0.040625
0 0.021528 0.748047 0.040278 0.019531
0 0.188194 0.631641 0.051389 0.033594
0 0.9125 0.984375 0.052778 0.029688
0 0.9125 0.919531 0.066667 0.0375
0 0.945833 0.904688 0.069444 0.039062
0 0.945139 0.846875 0.043056 0.026563
0 0.815972 0.9375 0.054167 0.032813
0 0.270833 0.694922 0.044444 0.032031
0 0.889583 0.786328 0.056944 0.028906
0 0.249306 0.563672 0.073611 0.035156
0 0.320139 0.319141 0.031944 0.019531
0 0.377083 0.552344 0.048611 0.021875
0 0.404167 0.577734 0.05 0.025781
0 0.411806 0.653906 0.0375 0.021875
0 0.398611 0.598438 0.041667 0.020313
0 0.444444 0.578125 0.030556 0.025
0 0.535417 0.612891 0.0375 0.022656
0 0.548611 0.594141 0.019444 0.010156
0 0.757639 0.685156 0.029167 0.020313
0 0.423611 0.630078 0.022222 0.016406
0 0.980556 0.692969 0.036111 0.017188
0 0.422222 0.295703 0.047222 0.024219
