0 0.321528 0.767578 0.054167 0.033594
0 0.26875 0.769141 0.029167 0.014844
0 0.335417 0.673438 0.054167 0.026563
0 0.122917 0.550391 0.048611 0.025781
0 0.313194 0.589063 0.043056 0.017188
0 0.341667 0.478516 0.058333 0.035156
0 0.529861 0.537109 0.045833 0.021094
0 0.580556 0.498047 0.047222 0.024219
0 0.547917 0.512109 0.059722 0.027344
0 0.466667 0.533203 0.013889 0.013281
0 0.475694 0.5 0.031944 0.020313
0 0.45625 0.475781 0.040278 0.026563
0 0.423611 0.4875 0.038889 0.026563
0 0.861111 0.698828 0.080556 0.041406
0 0.902778 0.614844 0.083333 0.046875
0 0.935417 0.645313 0.068056 0.042188
0 0.861111 0.631641 0.05 0.042969
0 0.40625 0.419922 0.0625 0.036719
0 0.355556 0.39375 0.052778 0.03125
0 0.290278 0.409766 0.016667 0.011719
0 0.327778 0.410156 0.013889 0.009375
0 0.819444 0.325391 0.055556 0.028906
0 0.370139 0.187109 0.0375 0.022656
