0 0.615278 0.145703 0.063889 0.036719
0 0.505556 0.314844 0.069444 0.028125
0 0.543056 0.280078 0.061111 0.036719
0 0.438194 0.254297 0.020833 0.011719
0 0.902778 0.390625 0.052778 0.026563
0 0.858333 0.391406 0.019444 0.015625
0 0.919444 0.477734 0.069444 0.033594
0 0.679167 0.455078 0.047222 0.033594
0 0.71875 0.474609 0.073611 0.039844
0 0.835417 0.523438 0.045833 0.023438
0 0.829167 0.578125 0.044444 0.025
0 0.780556 0.567578 0.047222 0.021094
0 0.742361 0.610938 0.040278 0.034375
0 0.795139 0.609766 0.0375 0.025781
0 0.904167 0.742969 0.033333 0.025
0 0.830556 0.76875 0.047222 0.029688
0 0.861806 0.807813 0.048611 0.039062
0 0.746528 0.740625 0.073611 0.034375
0 0.784028 0.790625 0.029167 0.0125
0 0.113194 0.976562 0.065278 0.035938
0 0.094444 0.681641 0.069444 0.033594
0 0.079167 0.705078 0.061111 0.022656
0 0.261111 0.701563 0.044444 0.026563
0 0.382639 0.794531 0.0375 0.01875
0 0.1625 0.685156 0.016667 0.010938
0 0.223611 0.700781 0.038889 0.025
0 0.275 0.692969 0.030556 0.020313
0 0.175694 0.701172 0.040278 0.022656
0 0.054167 0.594531 0.05 0.025
0 0.014583 0.614844 0.026389 0.028125
0 0.036806 0.571094 0.029167 0.0125
0 0.254861 0.366016 0.054167 0.030469
0 0.359028 0.533594 0.0375 0.028125
0 0.382639 0.526953 0.020833 0.021094
0 0.579167 0.522266 0.058333 0.032031
0 0.810417 0.939063 0.029167 0.023438
