0 0.331944 0.018359 0.072222 0.036719
0 0.540278 0.194141 0.072222 0.033594
0 0.5375 0.231641 0.061111 0.036719
0 0.624306 0.192578 0.020833 0.007031
0 0.645833 0.212891 0.033333 0.019531
0 0.566667 0.266016 0.063889 0.035156
0 0.727778 0.269141 0.047222 0.028906
0 0.567361 0.319531 0.068056 0.04375
0 0.613194 0.30625 0.0375 0.015625
0 0.636806 0.319531 0.059722 0.026563
0 0.688194 0.310547 0.065278 0.038281
0 0.733333 0.312891 0.047222 0.032031
0 0.799306 0.312109 0.054167 0.028906
0 0.770833 0.334375 0.061111 0.035938
0 0.71875 0.369531 0.051389 0.0375
0 0.561806 0.388672 0.0625 0.025781
0 0.397222 0.376563 0.058333 0.028125
0 0.395139 0.4 0.031944 0.032813
0 0.421528 0.429688 0.043056 0.034375
0 0.539583 0.441797 0.023611 0.014844
0 0.514583 0.449219 0.065278 0.034375
0 0.520833 0.481641 0.066667 0.047656
0 0.719444 0.521094 0.013889 0.015625
0 0.738889 0.457813 0.019444 0.020313
0 0.797222 0.458984 0.041667 0.024219
0 0.692361 0.542188 0.068056 0.035938
0 0.46875 0.579688 0.076389 0.035938
0 0.399306 0.572266 0.018056 0.011719
0 0.754861 0.634766 0.018056 0.011719
0 0.876389 0.710156 0.011111 0.01875
0 0.928472 0.730469 0.045833 0.021875
0 0.939583 0.7375 0.034722 0.007812
0 0.85625 0.705859 0.054167 0.035156
0 0.822917 0.670703 0.029167 0.007031
0 0.799306 0.688672 0.045833 0.013281
0 0.702778 0.679297 0.030556 0.027344
0 0.671528 0.664062 0.031944 0.026563
0 0.653472 0.719531 0.073611 0.040625
0 0.55 0.703906 0.044444 0.03125
0 0.479861 0.692969 0.056944 0.0375
0 0.459028 0.665625 0.015278 0.0125
0 0.436111 0.687891 0.030556 0.019531
0 0.401389 0.709375 0.061111 0.035938
0 0.361111 0.717969 0.047222 0.028125
0 0.515278 0.776563 0.052778 0.028125
0 0.430556 0.759375 0.063889 0.032813
0 0.281944 0.734375 0.055556 0.032813
0 0.599306 0.982813 0.065278 0.032813
0 0.501389 0.966016 0.05 0.024219
0 0.476389 0.953516 0.038889 0.027344
0 0.399306 0.884375 0.045833 0.023438
0 0.363889 0.867188 0.044444 0.039062
0 0.327083 0.89375 0.031944 0.035938
0 0.278472 0.872656 0.026389 0.028125
0 0.251389 0.878125 0.036111 0.017188
0 0.311806 0.821094 0.0375 0.015625
0 0.245833 0.819141 0.022222 0.017969
0 0.167361 0.818359 0.056944 0.032031
0 0.333333 0.740625 0.030556 0.020313
0 0.067361 0.916797 0.018056 0.017969
0 0.049306 0.917188 0.026389 0.020313
0 0.040278 0.908203 0.022222 0.016406
0 0.359028 0.804688 0.009722 0.017188
0 0.377083 0.821094 0.0375 0.025
0 0.121528 0.650781 0.045833 0.020313
0 0.090278 0.636328 0.019444 0.019531
0 0.336111 0.492188 0.038889 0.029688
0 0.298611 0.490234 0.036111 0.025781
0 0.221528 0.496094 0.031944 0.025
0 0.219444 0.520313 0.041667 0.029688
0 0.186111 0.49375 0.041667 0.029688
0 0.177778 0.461719 0.047222 0.032813
0 0.111806 0.485547 0.006944 0.013281
0 0.083333 0.49375 0.041667 0.023438
0 0.102083 0.441016 0.043056 0.016406
0 0.05625 0.444922 0.023611 0.016406
0 0.051389 0.387109 0.033333 0.013281
0 0.344444 0.608203 0.025 0.011719
0 0.129167 0.566797 0.044444 0.022656
0 0.33125 0.657813 0.009722 0.017188
0 0.055556 0.838672 0.041667 0.017969
0 0.586806 0.644531 0.040278 0.028125
0 0.298611 0.989063 0.036111 0.01875
0 0.170833 0.976562 0.055556 0.029688
0 0.016667 0.792969 0.027778 0.015625
0 0.075 0.811328 0.025 0.019531
