0 0.240972 0.031641 0.081944 0.052344
0 0.2125 0.053516 0.022222 0.025781
0 0.375 0.112891 0.041667 0.021094
0 0.491667 0.132031 0.063889 0.040625
0 0.565972 0.142969 0.0625 0.03125
0 0.444444 0.262891 0.052778 0.027344
0 0.547222 0.269922 0.063889 0.042969
0 0.558333 0.229688 0.052778 0.045313
0 0.51875 0.295313 0.040278 0.040625
0 0.415972 0.344141 0.045833 0.041406
0 0.461806 0.424219 0.059722 0.034375
0 0.884028 0.329688 0.054167 0.035938
0 0.926389 0.321875 0.066667 0.040625
0 0.80625 0.387109 0.048611 0.033594
0 0.979167 0.453516 0.038889 0.030469
0 0.991667 0.660156 0.013889 0.0375
0 0.9875 0.712891 0.022222 0.027344
0 0.913889 0.669141 0.080556 0.036719
0 0.95625 0.658203 0.056944 0.035156
0 0.526389 0.591406 0.055556 0.021875
0 0.879861 0.610938 0.043056 0.029688
0 0.852778 0.570312 0.075 0.032813
0 0.819444 0.55 0.069444 0.032813
0 0.761806 0.516797 0.070833 0.036719
0 0.692361 0.526953 0.043056 0.032031
0 0.597222 0.480078 0.036111 0.017969
0 0.5875 0.508594 0.044444 0.028125
0 0.4875 0.537109 0.033333 0.019531
0 0.477778 0.560547 0.069444 0.025781
0 0.191667 0.533594 0.058333 0.025
0 0.446528 0.533594 0.031944 0.023438
0 0.447222 0.514062 0.052778 0.026563
0 0.406944 0.532813 0.05 0.032813
0 0.374306 0.536719 0.026389 0.026563
0 0.123611 0.437109 0.033333 0.017969
0 0.56875 0.521875 0.029167 0.023438
0 0.509722 0.349609 0.016667 0.016406
0 0.507639 0.660156 0.031944 0.028125
0 0.926389 0.564063 0.027778 0.007812
