0 0.869444 0.911719 0.075 0.046875
0 0.117361 0.871484 0.054167 0.041406
0 0.769444 0.745703 0.061111 0.053906
0 0.236806 0.757812 0.048611 0.042188
0 0.169444 0.750391 0.052778 0.025781
0 0.069444 0.713672 0.047222 0.024219
0 0.053472 0.560547 0.068056 0.039844
0 0.086806 0.567969 0.065278 0.035938
0 0.120139 0.661719 0.026389 0.01875
0 0.292361 0.628906 0.045833 0.025
0 0.261111 0.6125 0.036111 0.020313
0 0.219444 0.583594 0.058333 0.0375
0 0.2875 0.582813 0.055556 0.032813
0 0.224306 0.544922 0.070833 0.039844
0 0.166667 0.554297 0.055556 0.025781
0 0.389583 0.565625 0.076389 0.032813
0 0.884722 0.488672 0.122222 0.071094
0 0.159028 0.467969 0.056944 0.025
0 0.301389 0.402734 0.044444 0.021094
0 0.453472 0.242578 0.051389 0.030469
0 0.444444 0.207813 0.052778 0.026563
0 0.727778 0.120313 0.072222 0.039062
0 0.36875 0.037109 0.018056 0.028906
0 0.466667 0.470313 0.072222 0.039062
