0 0.291667 0.827344 0.038889 0.028125
0 0.244444 0.826953 0.069444 0.042969
0 0.021528 0.757031 0.023611 0.01875
0 0.247917 0.655469 0.020833 0.025
0 0.470139 0.503516 0.031944 0.039844
0 0.640972 0.380078 0.015278 0.024219
0 0.170833 0.526563 0.072222 0.026563
0 0.102083 0.130469 0.073611 0.028125
0 0.115278 0.432422 0.055556 0.030469
0 0.019444 0.490234 0.033333 0.036719
0 0.223611 0.485156 0.066667 0.01875
0 0.006944 0.242578 0.011111 0.024219
0 0.215278 0.851562 0.027778 0.014063
0 0.015278 0.595313 0.027778 0.029688
0 0.932639 0.496484 0.029167 0.027344
