0 0.972222 0.179297 0.052778 0.041406
0 0.945833 0.205859 0.066667 0.044531
0 0.877778 0.501172 0.030556 0.014844
0 0.819444 0.479688 0.072222 0.029688
0 0.79375 0.474219 0.020833 0.0125
0 0.783333 0.453516 0.047222 0.035156
0 0.808333 0.403906 0.019444 0.0125
0 0.822222 0.421875 0.041667 0.014063
0 0.770833 0.274219 0.047222 0.0375
0 0.825 0.269531 0.058333 0.040625
0 0.724306 0.26875 0.056944 0.032813
0 0.734722 0.245313 0.033333 0.007812
0 0.840278 0.059766 0.066667 0.021094
0 0.830556 0.036719 0.063889 0.01875
0 0.640278 0.024219 0.033333 0.021875
0 0.704167 0.347656 0.066667 0.0375
0 0.5625 0.457813 0.05 0.029688
0 0.732639 0.458594 0.031944 0.025
0 0.744444 0.533594 0.030556 0.01875
0 0.679167 0.451172 0.038889 0.013281
0 0.703472 0.430859 0.034722 0.017969
