0 0.893056 0.230859 0.044444 0.022656
0 0.177083 0.288672 0.031944 0.022656
0 0.270833 0.264453 0.055556 0.022656
0 0.190972 0.311719 0.059722 0.028125
0 0.229167 0.319141 0.033333 0.021094
0 0.191667 0.336328 0.036111 0.008594
0 0.272222 0.443359 0.055556 0.028906
0 0.036806 0.590234 0.048611 0.030469
0 0.459722 0.960547 0.075 0.041406
0 0.420139 0.992969 0.043056 0.0125
0 0.666667 0.917188 0.055556 0.029688
0 0.884028 0.901953 0.040278 0.028906
0 0.675694 0.85625 0.056944 0.029688
0 0.702083 0.841406 0.065278 0.034375
0 0.618056 0.868359 0.033333 0.016406
0 0.088889 0.526172 0.069444 0.038281
0 0.121528 0.653516 0.031944 0.027344
0 0.25625 0.540234 0.048611 0.028906
0 0.231944 0.515625 0.05 0.020313
0 0.767361 0.801172 0.029167 0.025781
0 0.6625 0.732813 0.052778 0.026563
0 0.741667 0.742578 0.047222 0.021094
0 0.9 0.645703 0.047222 0.022656
0 0.89375 0.631641 0.0375 0.008594
0 0.856944 0.644922 0.038889 0.024219
0 0.809722 0.625 0.061111 0.032813
0 0.764583 0.648438 0.034722 0.014063
0 0.598611 0.642188 0.038889 0.014063
0 0.3875 0.572656 0.044444 0.026563
0 0.890278 0.484766 0.05 0.025781
0 0.847222 0.492188 0.044444 0.026563
0 0.885417 0.502344 0.045833 0.017188
0 0.958333 0.326172 0.05 0.030469
0 0.25625 0.611328 0.029167 0.024219
0 0.308333 0.612891 0.033333 0.011719
0 0.263194 0.560937 0.026389 0.017188
0 0.302778 0.536328 0.05 0.017969
0 0.308333 0.551563 0.013889 0.007812
0 0.338194 0.440625 0.018056 0.01875
0 0.193056 0.428516 0.016667 0.007031
0 0.013194 0.446484 0.026389 0.017969
0 0.24375 0.394141 0.0125 0.008594
