0 0.500694 0.226172 0.048611 0.030469
0 0.059722 0.934766 0.077778 0.024219
0 0.161806 0.563672 0.076389 0.044531
0 0.191667 0.571094 0.061111 0.040625
0 0.030556 0.903516 0.058333 0.049219
0 0.23125 0.899609 0.076389 0.033594
0 0.954167 0.779688 0.044444 0.026563
0 0.895139 0.753125 0.043056 0.017188
0 0.852778 0.75 0.041667 0.010938
0 0.89375 0.728125 0.059722 0.042188
0 0.311111 0.765625 0.063889 0.026563
0 0.249306 0.773828 0.051389 0.024219
0 0.154861 0.721484 0.068056 0.025781
0 0.326389 0.614844 0.038889 0.01875
0 0.328472 0.584766 0.068056 0.039844
0 0.390278 0.583594 0.058333 0.034375
0 0.329861 0.54375 0.073611 0.042188
0 0.267361 0.557031 0.065278 0.026563
0 0.480556 0.556641 0.069444 0.044531
0 0.763194 0.578516 0.023611 0.021094
0 0.729861 0.563672 0.054167 0.028906
0 0.251389 0.461719 0.066667 0.03125
0 0.285417 0.473828 0.018056 0.013281
0 0.577083 0.464453 0.076389 0.041406
0 0.8 0.484375 0.063889 0.017188
0 0.75 0.5125 0.019444 0.010938
0 0.236806 0.383594 0.068056 0.04375
0 0.165278 0.333203 0.141667 0.063281
0 0.484722 0.015234 0.047222 0.028906
0 0.891667 0.100391 0.075 0.042969
0 0.6875 0.273828 0.05 0.024219
0 0.190972 0.671484 0.020833 0.021094
