0 0.848611 0.011719 0.066667 0.021875
0 0.590972 0.066797 0.059722 0.036719
0 0.447917 0.054297 0.054167 0.035156
0 0.402083 0.019531 0.084722 0.0375
0 0.528472 0.175 0.0875 0.051563
0 0.638194 0.214063 0.065278 0.029688
0 0.590278 0.228906 0.058333 0.03125
0 0.015278 0.177344 0.027778 0.0375
0 0.027083 0.214844 0.051389 0.039062
0 0.674306 0.29375 0.079167 0.048438
0 0.615972 0.364453 0.059722 0.030469
0 0.575 0.319141 0.063889 0.042969
0 0.521528 0.310938 0.065278 0.035938
0 0.344444 0.310156 0.052778 0.03125
0 0.308333 0.335938 0.063889 0.034375
0 0.253472 0.316797 0.023611 0.027344
0 0.879167 0.472266 0.036111 0.016406
0 0.557639 0.452344 0.098611 0.046875
0 0.45 0.442188 0.030556 0.014063
0 0.608333 0.480469 0.047222 0.021875
0 0.197222 0.425781 0.05 0.025
0 0.145139 0.464453 0.059722 0.035156
0 0.635417 0.550781 0.048611 0.04375
0 0.579861 0.540625 0.018056 0.029688
0 0.504167 0.557813 0.044444 0.026563
0 0.398611 0.554688 0.055556 0.023438
0 0.451389 0.572656 0.055556 0.034375
0 0.716667 0.624219 0.052778 0.028125
0 0.6625 0.614063 0.027778 0.010938
0 0.548611 0.577734 0.013889 0.010156
0 0.548611 0.626563 0.022222 0.007812
0 0.305556 0.575391 0.063889 0.042969
0 0.290972 0.542969 0.059722 0.023438
0 0.294444 0.525391 0.041667 0.013281
0 0.016667 0.450391 0.030556 0.024219
0 0.978472 0.703516 0.026389 0.022656
0 0.022917 0.859766 0.043056 0.030469
