0 0.859722 0.241406 0.038889 0.021875
0 0.872917 0.223438 0.031944 0.014063
0 0.904861 0.265625 0.034722 0.020313
0 0.751389 0.310938 0.044444 0.028125
0 0.975 0.348828 0.047222 0.027344
0 0.974306 0.375391 0.045833 0.025781
0 0.738889 0.28125 0.027778 0.015625
0 0.683333 0.345703 0.036111 0.019531
0 0.659722 0.364844 0.044444 0.025
0 0.826389 0.336719 0.038889 0.021875
0 0.8875 0.386719 0.038889 0.020313
0 0.859722 0.379688 0.036111 0.023438
0 0.838194 0.400391 0.031944 0.011719
0 0.745139 0.388281 0.034722 0.01875
0 0.554167 0.420703 0.033333 0.021094
0 0.632639 0.434375 0.031944 0.020313
0 0.605556 0.434375 0.025 0.017188
0 0.590278 0.38125 0.033333 0.020313
0 0.785417 0.458594 0.034722 0.015625
0 0.764583 0.474219 0.034722 0.01875
0 0.682639 0.455469 0.0375 0.021875
0 0.893056 0.46875 0.038889 0.023438
0 0.953472 0.393359 0.023611 0.019531
0 0.945833 0.423438 0.027778 0.017188
0 0.977083 0.474609 0.031944 0.021094
0 0.868056 0.518359 0.027778 0.024219
0 0.900694 0.521094 0.026389 0.015625
0 0.847917 0.546484 0.026389 0.019531
0 0.902083 0.563281 0.029167 0.014063
0 0.611806 0.491016 0.043056 0.019531
0 0.488889 0.430859 0.030556 0.017969
0 0.73125 0.673047 0.031944 0.024219
0 0.75625 0.676172 0.023611 0.014844
0 0.723611 0.613281 0.044444 0.01875
0 0.659028 0.649609 0.034722 0.019531
0 0.963194 0.621484 0.029167 0.016406
0 0.934722 0.622266 0.033333 0.016406
0 0.902778 0.622656 0.030556 0.01875
0 0.980556 0.688281 0.036111 0.015625
0 0.851389 0.59375 0.038889 0.017188
0 0.929861 0.605469 0.031944 0.0125
0 0.729861 0.567578 0.040278 0.021094
0 0.778472 0.494531 0.023611 0.010938
0 0.797917 0.501953 0.026389 0.014844
0 0.742361 0.328516 0.0375 0.017969
0 0.734722 0.346094 0.044444 0.01875
0 0.210417 0.711328 0.040278 0.024219
0 0.213194 0.662109 0.0375 0.021094
0 0.194444 0.642188 0.025 0.020313
0 0.113194 0.622656 0.029167 0.015625
0 0.026389 0.60625 0.036111 0.021875
0 0.020833 0.778125 0.033333 0.023438
0 0.021528 0.703125 0.029167 0.01875
0 0.232639 0.694141 0.0375 0.021094
0 0.161111 0.501563 0.047222 0.021875
0 0.092361 0.498828 0.026389 0.011719
0 0.154167 0.433203 0.030556 0.021094
0 0.0125 0.422656 0.025 0.01875
0 0.020833 0.451953 0.038889 0.024219
0 0.143056 0.387891 0.038889 0.022656
0 0.038889 0.339063 0.030556 0.015625
0 0.709722 0.598047 0.038889 0.022656
0 0.680556 0.482422 0.030556 0.021094
0 0.986111 0.582813 0.025 0.017188
0 0.84375 0.697656 0.031944 0.021875
0 0.99375 0.63125 0.009722 0.014063
0 0.108333 0.664844 0.030556 0.015625
0 0.052083 0.488281 0.0125 0.014063
0 0.988889 0.438281 0.019444 0.025
0 0.647917 0.624609 0.034722 0.017969
0 0.715972 0.671094 0.023611 0.025
0 0.663889 0.594922 0.025 0.008594
0 0.061111 0.355469 0.025 0.015625
0 0.284028 0.785938 0.040278 0.023438
0 0.704861 0.310547 0.023611 0.010156
