0 0.870139 0.689063 0.034722 0.020313
0 0.621528 0.722266 0.056944 0.027344
0 0.879167 0.667578 0.055556 0.028906
0 0.829167 0.648438 0.05 0.026563
0 0.877778 0.642578 0.036111 0.019531
0 0.756944 0.601562 0.016667 0.007812
0 0.814583 0.585938 0.043056 0.026563
0 0.8375 0.564453 0.011111 0.019531
0 0.921528 0.560937 0.034722 0.023438
0 0.96875 0.541406 0.018056 0.009375
0 0.950694 0.460547 0.056944 0.028906
0 0.901389 0.398047 0.05 0.027344
0 0.88125 0.3875 0.054167 0.029688
0 0.803472 0.414062 0.059722 0.032813
0 0.942361 0.371094 0.045833 0.025
0 0.73125 0.387109 0.034722 0.027344
0 0.896528 0.342969 0.029167 0.021875
0 0.888194 0.319141 0.054167 0.025781
0 0.880556 0.282422 0.047222 0.027344
0 0.822917 0.232813 0.056944 0.028125
0 0.825 0.299219 0.041667 0.021875
0 0.800694 0.309766 0.051389 0.028906
0 0.732639 0.290234 0.026389 0.019531
0 0.696528 0.291797 0.054167 0.033594
0 0.711111 0.241797 0.052778 0.028906
0 0.725 0.185547 0.041667 0.028906
0 0.686111 0.197266 0.052778 0.035156
0 0.745833 0.135156 0.055556 0.025
0 0.771528 0.120703 0.0125 0.013281
0 0.7375 0.087891 0.044444 0.035156
0 0.697222 0.104688 0.036111 0.026563
0 0.666667 0.096875 0.030556 0.026563
0 0.64375 0.122656 0.068056 0.039062
0 0.534028 0.138672 0.059722 0.035156
0 0.554861 0.233594 0.020833 0.03125
0 0.575 0.259375 0.063889 0.039062
0 0.668056 0.321875 0.038889 0.032813
0 0.560417 0.317578 0.045833 0.024219
0 0.440972 0.329297 0.031944 0.025781
0 0.616667 0.409766 0.047222 0.014844
0 0.547222 0.416016 0.013889 0.014844
0 0.548611 0.465625 0.061111 0.035938
0 0.60625 0.455859 0.0625 0.032031
0 0.663889 0.465234 0.047222 0.019531
0 0.779167 0.45625 0.030556 0.026563
0 0.865278 0.458594 0.022222 0.009375
0 0.843056 0.462109 0.011111 0.010156
0 0.796528 0.495313 0.048611 0.023438
0 0.8875 0.490625 0.027778 0.026563
0 0.927778 0.707031 0.030556 0.023438
0 0.950694 0.644531 0.040278 0.023438
0 0.941667 0.765625 0.019444 0.020313
0 0.941667 0.778516 0.013889 0.008594
0 0.939583 0.753906 0.020833 0.01875
0 0.767361 0.765625 0.023611 0.017188
0 0.775 0.724609 0.013889 0.017969
0 0.550694 0.616016 0.059722 0.021094
0 0.536111 0.589844 0.013889 0.0125
0 0.5625 0.567969 0.052778 0.028125
0 0.51875 0.557813 0.043056 0.017188
0 0.454861 0.578906 0.029167 0.020313
0 0.669444 0.520703 0.044444 0.016406
0 0.375 0.203125 0.025 0.015625
0 0.417361 0.209766 0.048611 0.032031
0 0.339583 0.25 0.051389 0.023438
0 0.289583 0.263672 0.029167 0.019531
0 0.305556 0.302344 0.013889 0.014063
0 0.318056 0.45625 0.05 0.029688
0 0.226389 0.401563 0.044444 0.028125
0 0.00625 0.320312 0.009722 0.017188
0 0.038889 0.322656 0.052778 0.028125
0 0.114583 0.386328 0.051389 0.024219
0 0.122917 0.444531 0.031944 0.021875
0 0.142361 0.475781 0.031944 0.021875
0 0.154167 0.521875 0.027778 0.010938
0 0.320833 0.686719 0.016667 0.0125
0 0.125 0.690625 0.041667 0.017188
0 0.118056 0.763281 0.011111 0.00625
0 0.402778 0.830078 0.030556 0.027344
0 0.004861 0.691016 0.009722 0.014844
0 0.057639 0.535547 0.0125 0.003906
0 0.485417 0.343359 0.0375 0.011719
