0 0.321528 0.306641 0.043056 0.025781
0 0.305556 0.338281 0.030556 0.01875
0 0.239583 0.335938 0.043056 0.023438
0 0.436806 0.339844 0.034722 0.021875
0 0.383333 0.347656 0.030556 0.015625
0 0.367361 0.367969 0.026389 0.014063
0 0.400694 0.401172 0.020833 0.011719
0 0.210417 0.440625 0.0375 0.023438
0 0.163889 0.433984 0.036111 0.021094
0 0.109028 0.492969 0.0375 0.021875
0 0.190972 0.533594 0.034722 0.021875
0 0.15625 0.543359 0.026389 0.013281
0 0.179861 0.571094 0.0375 0.015625
0 0.211806 0.605469 0.029167 0.015625
0 0.421528 0.625 0.029167 0.017188
0 0.403472 0.574609 0.043056 0.019531
0 0.383333 0.526563 0.036111 0.020313
0 0.300694 0.585938 0.026389 0.014063
0 0.35625 0.582422 0.031944 0.017969
0 0.4875 0.530469 0.033333 0.017188
0 0.479167 0.5125 0.027778 0.017188
0 0.526389 0.525 0.027778 0.014063
0 0.527778 0.543359 0.036111 0.017969
0 0.869444 0.324219 0.036111 0.020313
0 0.817361 0.361328 0.023611 0.014844
0 0.708333 0.375781 0.036111 0.01875
0 0.984722 0.413281 0.027778 0.021875
0 0.840972 0.432422 0.034722 0.017969
0 0.523611 0.384766 0.027778 0.016406
0 0.495833 0.395703 0.038889 0.019531
0 0.4875 0.366016 0.033333 0.017969
0 0.238889 0.444531 0.036111 0.021875
0 0.359028 0.407813 0.029167 0.017188
0 0.413194 0.497266 0.034722 0.019531
0 0.258333 0.519531 0.036111 0.01875
0 0.328472 0.550391 0.0375 0.022656
0 0.448611 0.601172 0.038889 0.019531
0 0.917361 0.539453 0.043056 0.027344
0 0.947917 0.471484 0.040278 0.019531
0 0.929861 0.490234 0.034722 0.017969
0 0.797917 0.492969 0.045833 0.025
0 0.805556 0.551563 0.025 0.014063
0 0.763194 0.586719 0.040278 0.021875
0 0.975 0.547266 0.030556 0.019531
0 0.941667 0.565234 0.036111 0.022656
0 0.977778 0.582813 0.041667 0.026563
0 0.960417 0.601172 0.034722 0.021094
0 0.844444 0.589844 0.033333 0.01875
0 0.917361 0.670703 0.034722 0.021094
0 0.947917 0.678125 0.034722 0.017188
0 0.759722 0.653906 0.038889 0.021875
0 0.709028 0.703906 0.0375 0.021875
0 0.958333 0.714844 0.036111 0.020313
0 0.838889 0.604688 0.030556 0.014063
0 0.963889 0.766797 0.036111 0.017969
0 0.598611 0.653516 0.033333 0.021094
0 0.647222 0.642188 0.036111 0.020313
0 0.515278 0.639844 0.038889 0.021875
0 0.464583 0.689844 0.0375 0.021875
0 0.491667 0.703516 0.036111 0.017969
0 0.296528 0.721094 0.040278 0.023438
0 0.322222 0.682813 0.030556 0.020313
0 0.185417 0.717578 0.029167 0.019531
0 0.352778 0.482422 0.058333 0.021094
0 0.984028 0.3125 0.029167 0.017188
0 0.932639 0.512109 0.031944 0.025781
0 0.814583 0.571875 0.034722 0.015625
0 0.829167 0.542969 0.027778 0.015625
0 0.9875 0.754688 0.022222 0.017188
0 0.430556 0.566406 0.019444 0.01875
0 0.415278 0.526172 0.025 0.010156
