0 0.615278 0.829688 0.072222 0.029688
0 0.54375 0.822656 0.073611 0.0375
0 0.628472 0.861719 0.081944 0.03125
0 0.990278 0.769922 0.016667 0.028906
0 0.981944 0.692578 0.030556 0.039844
0 0.898611 0.682422 0.033333 0.022656
0 0.476389 0.796094 0.025 0.010938
0 0.754861 0.712891 0.023611 0.017969
0 0.520139 0.719141 0.0375 0.027344
0 0.480556 0.708594 0.061111 0.0375
0 0.432639 0.730469 0.018056 0.01875
0 0.325 0.728125 0.036111 0.023438
0 0.369444 0.725 0.036111 0.020313
0 0.297222 0.686719 0.041667 0.020313
0 0.051389 0.615625 0.044444 0.01875
0 0.102083 0.632031 0.051389 0.035938
0 0.149306 0.608594 0.040278 0.017188
0 0.15 0.500781 0.047222 0.028125
0 0.225 0.488281 0.025 0.028125
0 0.30625 0.478516 0.0375 0.025781
0 0.255556 0.455469 0.052778 0.021875
0 0.044444 0.374219 0.030556 0.021875
0 0.086806 0.363281 0.040278 0.0125
0 0.217361 0.915234 0.048611 0.027344
0 0.703472 0.709375 0.009722 0.014063
0 0.258333 0.783594 0.041667 0.03125
