0 0.350694 0.653906 0.068056 0.021875
0 0.1125 0.536719 0.105556 0.053125
0 0.044444 0.519531 0.052778 0.029688
0 0.120833 0.482813 0.077778 0.039062
0 0.05 0.428125 0.036111 0.014063
0 0.014583 0.398438 0.026389 0.014063
0 0.180556 0.095703 0.075 0.030469
0 0.333333 0.475 0.069444 0.029688
0 0.321528 0.526563 0.043056 0.026563
0 0.166667 0.585938 0.036111 0.017188
0 0.764583 0.355859 0.031944 0.036719
0 0.376389 0.832422 0.027778 0.027344
0 0.3375 0.832031 0.061111 0.0375
0 0.103472 0.765234 0.054167 0.027344
0 0.079167 0.655859 0.019444 0.021094
0 0.113194 0.675781 0.029167 0.0125
0 0.098611 0.605078 0.05 0.017969
0 0.296528 0.857813 0.054167 0.028125
0 0.779167 0.496484 0.013889 0.008594
