0 0.6 0.017188 0.058333 0.032813
0 0.552778 0.31875 0.030556 0.025
0 0.484028 0.414844 0.045833 0.026563
0 0.019444 0.457813 0.036111 0.034375
0 0.1125 0.653125 0.05 0.029688
0 0.138889 0.633594 0.052778 0.021875
0 0.16875 0.816016 0.056944 0.025781
0 0.164583 0.924609 0.0625 0.033594
0 0.117361 0.991797 0.054167 0.013281
0 0.159028 0.946094 0.048611 0.01875
0 0.519444 0.882031 0.041667 0.026563
0 0.483333 0.816797 0.047222 0.028906
0 0.919444 0.751953 0.069444 0.028906
0 0.9875 0.776172 0.022222 0.022656
0 0.841667 0.489063 0.036111 0.026563
0 0.879861 0.508594 0.073611 0.0375
0 0.348611 0.707031 0.061111 0.034375
0 0.332639 0.729688 0.043056 0.023438
0 0.38125 0.984766 0.051389 0.025781
0 0.294444 0.934766 0.025 0.008594
0 0.477778 0.725 0.047222 0.025
0 0.506944 0.755469 0.033333 0.014063
0 0.439583 0.724219 0.040278 0.025
0 0.479861 0.710938 0.026389 0.007812
0 0.144444 0.692578 0.036111 0.019531
0 0.015972 0.639453 0.031944 0.010156
0 0.759722 0.217969 0.055556 0.03125
0 0.709722 0.364453 0.061111 0.030469
0 0.502083 0.570703 0.0375 0.027344
0 0.544444 0.561719 0.052778 0.025
0 0.535417 0.578906 0.029167 0.01875
0 0.913889 0.592969 0.030556 0.021875
0 0.950694 0.601953 0.029167 0.022656
0 0.920833 0.625 0.030556 0.017188
0 0.950694 0.433984 0.051389 0.022656
0 0.710417 0.555078 0.0375 0.017969
0 0.710417 0.397656 0.026389 0.009375
0 0.345833 0.985547 0.033333 0.025781
0 0.080556 0.927734 0.030556 0.024219
0 0.091667 0.620703 0.033333 0.024219
0 0.982639 0.799609 0.031944 0.021094
0 0.980556 0.553906 0.025 0.01875
