0 0.720139 0.361328 0.051389 0.038281
0 0.659028 0.35625 0.079167 0.04375
0 0.561111 0.208203 0.052778 0.035156
0 0.795833 0.40625 0.044444 0.026563
0 0.682639 0.416016 0.059722 0.038281
0 0.573611 0.701172 0.061111 0.033594
0 0.451389 0.793359 0.05 0.024219
0 0.984722 0.694922 0.022222 0.030469
0 0.954861 0.710938 0.068056 0.028125
0 0.759028 0.390625 0.0625 0.039062
0 0.7375 0.409375 0.072222 0.042188
0 0.992361 0.437109 0.0125 0.019531
0 0.933333 0.457422 0.058333 0.033594
0 0.900694 0.427344 0.059722 0.03125
0 0.953472 0.417969 0.070833 0.039062
0 0.411111 0.286328 0.036111 0.017969
0 0.344444 0.284375 0.041667 0.025
0 0.241667 0.61875 0.058333 0.039062
0 0.400694 0.748828 0.054167 0.036719
0 0.336111 0.793359 0.069444 0.041406
0 0.400694 0.800391 0.068056 0.041406
0 0.246528 0.798438 0.076389 0.045313
0 0.03125 0.59375 0.048611 0.034375
0 0.018056 0.639844 0.033333 0.01875
0 0.027778 0.680469 0.052778 0.040625
0 0.590972 0.727344 0.079167 0.046875
0 0.542361 0.750781 0.065278 0.028125
0 0.813194 0.534766 0.040278 0.017969
0 0.720833 0.654297 0.047222 0.027344
0 0.647222 0.623828 0.038889 0.017969
0 0.597222 0.626953 0.063889 0.033594
0 0.627083 0.457031 0.0375 0.01875
0 0.470139 0.573438 0.059722 0.034375
