0 0.086806 0.435156 0.070833 0.040625
0 0.050694 0.443359 0.040278 0.027344
0 0.123611 0.475 0.080556 0.040625
0 0.340278 0.468359 0.066667 0.033594
0 0.390278 0.460938 0.069444 0.035938
0 0.090278 0.550781 0.055556 0.028125
0 0.220139 0.732813 0.070833 0.032813
0 0.266667 0.712109 0.058333 0.035156
0 0.020833 0.683594 0.036111 0.023438
0 0.038194 0.410156 0.073611 0.034375
0 0.459722 0.666016 0.033333 0.010156
0 0.419444 0.669531 0.033333 0.01875
0 0.452778 0.721875 0.036111 0.023438
0 0.50625 0.728516 0.009722 0.014844
