0 0.384028 0.667578 0.081944 0.046094
0 0.104167 0.464844 0.044444 0.023438
0 0.113889 0.487891 0.047222 0.024219
0 0.490278 0.271484 0.033333 0.017969
0 0.635417 0.598438 0.040278 0.014063
0 0.385417 0.547656 0.0375 0.021875
0 0.25625 0.185547 0.043056 0.022656
0 0.198611 0.189844 0.033333 0.021875
0 0.225 0.555078 0.052778 0.028906
0 0.602778 0.512891 0.058333 0.017969
0 0.186806 0.514453 0.040278 0.036719
0 0.140278 0.549609 0.038889 0.014844
0 0.04375 0.248047 0.054167 0.028906
0 0.034722 0.288672 0.066667 0.038281
0 0.008333 0.1375 0.013889 0.023438
0 0.438889 0.591406 0.052778 0.01875
0 0.383333 0.571094 0.05 0.021875
0 0.110417 0.53125 0.029167 0.023438
0 0.598611 0.616797 0.033333 0.017969
0 0.120833 0.914062 0.033333 0.020313
