0 0.006944 0.536719 0.011111 0.00625
0 0.047917 0.453906 0.048611 0.015625
0 0.033333 0.403516 0.011111 0.005469
0 0.044444 0.334766 0.063889 0.028906
0 0.0125 0.300391 0.022222 0.032031
0 0.020139 0.276172 0.020833 0.007031
0 0.020139 0.241016 0.0375 0.032031
0 0.019444 0.175391 0.038889 0.028906
0 0.05625 0.166016 0.056944 0.030469
0 0.082639 0.298438 0.045833 0.026563
0 0.148611 0.271875 0.016667 0.023438
0 0.156944 0.373828 0.052778 0.027344
0 0.159028 0.386719 0.048611 0.01875
0 0.215278 0.416797 0.038889 0.019531
0 0.259028 0.414844 0.045833 0.021875
0 0.229167 0.591406 0.036111 0.020313
0 0.263889 0.596484 0.036111 0.024219
0 0.177083 0.664844 0.048611 0.028125
0 0.211111 0.730469 0.041667 0.01875
0 0.130556 0.7625 0.044444 0.032813
0 0.178472 0.763281 0.056944 0.032813
0 0.247917 0.691406 0.0375 0.009375
0 0.824306 0.025781 0.0625 0.034375
0 0.85625 0.109375 0.040278 0.020313
0 0.981944 0.077734 0.033333 0.038281
0 0.951389 0.113672 0.038889 0.025781
0 0.802778 0.129688 0.05 0.029688
0 0.9875 0.159375 0.022222 0.026563
0 0.768056 0.153516 0.052778 0.024219
0 0.7125 0.207031 0.05 0.025
0 0.711111 0.248438 0.041667 0.026563
0 0.914583 0.340234 0.029167 0.019531
0 0.906944 0.291406 0.036111 0.023438
0 0.896528 0.300391 0.020833 0.017969
0 0.955556 0.280469 0.069444 0.0375
0 0.81875 0.344531 0.059722 0.032813
0 0.714583 0.353516 0.048611 0.027344
0 0.915278 0.458203 0.027778 0.011719
0 0.929861 0.477734 0.056944 0.024219
0 0.9 0.516406 0.027778 0.025
0 0.890278 0.541016 0.061111 0.033594
0 0.959028 0.539062 0.0125 0.010938
0 0.73125 0.50625 0.0375 0.020313
0 0.708333 0.496484 0.058333 0.032031
0 0.639583 0.515234 0.0375 0.025781
0 0.570833 0.544531 0.027778 0.014063
0 0.677778 0.551563 0.025 0.017188
0 0.705556 0.578125 0.036111 0.020313
0 0.595139 0.608984 0.048611 0.028906
0 0.927778 0.704297 0.030556 0.014844
0 0.870139 0.776953 0.020833 0.010156
0 0.151389 0.808984 0.022222 0.013281
0 0.085417 0.860938 0.031944 0.020313
0 0.388889 0.533594 0.019444 0.009375
0 0.3125 0.433984 0.038889 0.024219
0 0.289583 0.447266 0.034722 0.022656
0 0.253472 0.538281 0.0125 0.009375
0 0.18125 0.566797 0.020833 0.011719
0 0.35625 0.59375 0.018056 0.015625
