0 0.070833 0.648438 0.061111 0.032813
0 0.019444 0.669141 0.038889 0.039844
0 0.441667 0.614063 0.036111 0.023438
0 0.401389 0.604688 0.022222 0.020313
0 0.597222 0.512109 0.041667 0.017969
0 0.552778 0.471094 0.036111 0.01875
0 0.15625 0.498047 0.040278 0.021094
0 0.136111 0.492188 0.047222 0.026563
0 0.182639 0.476172 0.051389 0.028906
0 0.232639 0.464844 0.048611 0.028125
0 0.459028 0.464063 0.0375 0.017188
0 0.479167 0.435156 0.036111 0.017188
0 0.4375 0.430859 0.038889 0.014844
0 0.747917 0.614063 0.040278 0.020313
0 0.910417 0.614844 0.040278 0.021875
0 0.759028 0.544531 0.040278 0.01875
0 0.897917 0.45 0.031944 0.023438
0 0.877778 0.366797 0.036111 0.027344
0 0.925 0.367578 0.052778 0.016406
0 0.767361 0.329297 0.048611 0.024219
0 0.79375 0.312109 0.0375 0.017969
0 0.9875 0.383984 0.022222 0.021094
0 0.023611 0.380859 0.044444 0.028906
0 0.017361 0.446484 0.034722 0.013281
0 0.928472 0.195312 0.051389 0.023438
0 0.946528 0.171484 0.034722 0.016406
0 0.045139 0.323828 0.048611 0.032031
0 0.552778 0.453906 0.008333 0.00625
0 0.171528 0.315625 0.031944 0.017188
0 0.168056 0.394922 0.036111 0.025781
