0 0.597222 0.496875 0.097222 0.048438
0 0.045833 0.502734 0.086111 0.042969
0 0.430556 0.577734 0.044444 0.028906
0 0.390972 0.567578 0.0375 0.024219
0 0.552083 0.800391 0.081944 0.044531
0 0.638194 0.298047 0.043056 0.022656
0 0.591667 0.569141 0.058333 0.032031
0 0.934722 0.606641 0.077778 0.044531
0 0.781944 0.133594 0.044444 0.0375
0 0.743056 0.114844 0.072222 0.032813
0 0.477083 0.5 0.048611 0.032813
0 0.055556 0.86875 0.086111 0.042188
0 0.231944 0.894141 0.061111 0.030469
0 0.495833 0.385547 0.061111 0.038281
0 0.936806 0.196484 0.070833 0.030469
0 0.610417 0.205859 0.029167 0.017969
0 0.440972 0.379688 0.051389 0.029688
0 0.538889 0.338672 0.019444 0.030469
0 0.985417 0.185156 0.026389 0.0125
0 0.704861 0.263281 0.051389 0.04375
0 0.634722 0.268359 0.033333 0.033594
0 0.684722 0.311328 0.011111 0.024219
0 0.473611 0.357422 0.052778 0.017969
0 0.733333 0.488281 0.025 0.01875
0 0.741667 0.519922 0.030556 0.028906
0 0.175 0.487891 0.044444 0.042969
0 0.120139 0.499609 0.073611 0.036719
0 0.296528 0.599609 0.0375 0.021094
0 0.833333 0.575 0.083333 0.04375
0 0.772222 0.558594 0.058333 0.04375
0 0.747222 0.539062 0.030556 0.023438
0 0.015972 0.865234 0.029167 0.057031
