0 0.85 0.035547 0.055556 0.021094
0 0.890972 0.058984 0.034722 0.014844
0 0.927778 0.078906 0.025 0.017188
0 0.667361 0.104688 0.056944 0.023438
0 0.690278 0.105469 0.027778 0.01875
0 0.734722 0.171094 0.044444 0.01875
0 0.490278 0.178125 0.033333 0.023438
0 0.513889 0.1875 0.025 0.010938
0 0.70625 0.316406 0.054167 0.029688
0 0.75625 0.271484 0.054167 0.024219
0 0.784722 0.241406 0.025 0.009375
0 0.802083 0.21875 0.023611 0.010938
0 0.852778 0.286328 0.058333 0.014844
0 0.861806 0.323828 0.054167 0.028906
0 0.79375 0.355859 0.031944 0.017969
0 0.45 0.351172 0.080556 0.044531
0 0.418056 0.333984 0.044444 0.010156
0 0.631944 0.411719 0.05 0.021875
0 0.534028 0.443359 0.031944 0.022656
0 0.470139 0.457813 0.034722 0.021875
0 0.425 0.400781 0.036111 0.0125
0 0.392361 0.474219 0.040278 0.025
0 0.309028 0.503516 0.059722 0.027344
0 0.559722 0.425391 0.041667 0.024219
0 0.858333 0.531641 0.036111 0.024219
0 0.3625 0.530469 0.038889 0.021875
0 0.206944 0.546875 0.038889 0.017188
0 0.878472 0.600781 0.051389 0.01875
0 0.925 0.621875 0.061111 0.032813
0 0.722917 0.657031 0.023611 0.0125
0 0.352083 0.712891 0.043056 0.027344
0 0.434028 0.674609 0.065278 0.016406
0 0.258333 0.726953 0.030556 0.019531
0 0.213889 0.737109 0.047222 0.021094
0 0.091667 0.745313 0.044444 0.026563
0 0.703472 0.233203 0.0375 0.014844
0 0.675 0.089453 0.036111 0.013281
0 0.729861 0.457031 0.023611 0.015625
0 0.701389 0.467188 0.025 0.014063
