0 0.785417 0.257031 0.0875 0.053125
0 0.925 0.363281 0.075 0.04375
0 0.591667 0.386719 0.038889 0.021875
0 0.534722 0.424219 0.066667 0.034375
0 0.647917 0.482422 0.059722 0.035156
0 0.664583 0.580859 0.090278 0.035156
0 0.861111 0.71875 0.069444 0.032813
0 0.803472 0.679688 0.059722 0.035938
0 0.719444 0.804688 0.066667 0.0375
0 0.547917 0.835547 0.081944 0.050781
0 0.531944 0.699219 0.063889 0.035938
0 0.242361 0.708984 0.051389 0.032031
0 0.406944 0.49375 0.033333 0.021875
0 0.895139 0.401563 0.031944 0.032813
0 0.357639 0.489063 0.0375 0.023438
0 0.964583 0.475 0.065278 0.035938
0 0.6875 0.777734 0.041667 0.032031
0 0.847222 0.691406 0.058333 0.035938
0 0.190972 0.669141 0.048611 0.039844
