0 0.768056 0.225391 0.072222 0.046094
0 0.735417 0.252344 0.065278 0.045313
0 0.981944 0.344922 0.033333 0.028906
0 0.659028 0.103906 0.054167 0.03125
0 0.639583 0.085938 0.068056 0.045313
0 0.409028 0.009766 0.065278 0.019531
0 0.470139 0.060547 0.048611 0.022656
0 0.679167 0.178125 0.05 0.023438
0 0.621528 0.228906 0.059722 0.03125
0 0.597917 0.243359 0.048611 0.033594
0 0.599306 0.319531 0.054167 0.0375
0 0.65 0.315625 0.063889 0.032813
0 0.535417 0.308594 0.065278 0.040625
0 0.546528 0.392188 0.065278 0.039062
0 0.359028 0.508203 0.070833 0.035156
0 0.50625 0.500391 0.051389 0.030469
0 0.550694 0.492188 0.048611 0.046875
0 0.619444 0.500781 0.038889 0.0375
0 0.640278 0.530078 0.072222 0.032031
0 0.690278 0.557813 0.027778 0.014063
0 0.830556 0.490625 0.052778 0.039062
0 0.675 0.467188 0.041667 0.014063
0 0.796528 0.489453 0.048611 0.032031
0 0.990278 0.530469 0.016667 0.025
0 0.972222 0.505469 0.052778 0.0375
0 0.901389 0.476562 0.055556 0.032813
