0 0.593056 0.280469 0.05 0.026563
0 0.602778 0.260156 0.05 0.025
0 0.490278 0.25625 0.038889 0.028125
0 0.552778 0.278125 0.033333 0.026563
0 0.452083 0.299219 0.051389 0.021875
0 0.482639 0.320312 0.023611 0.017188
0 0.452083 0.324219 0.045833 0.021875
0 0.670833 0.328125 0.038889 0.023438
0 0.696528 0.38125 0.040278 0.026563
0 0.684028 0.373438 0.048611 0.029688
0 0.25625 0.376563 0.048611 0.026563
0 0.205556 0.329688 0.052778 0.029688
0 0.068056 0.314453 0.036111 0.019531
0 0.029861 0.326563 0.034722 0.017188
0 0.300694 0.432031 0.0375 0.021875
0 0.786806 0.390234 0.034722 0.022656
0 0.829861 0.373828 0.031944 0.010156
0 0.661806 0.472266 0.023611 0.017969
0 0.375694 0.339844 0.034722 0.01875
0 0.559722 0.305469 0.022222 0.015625
0 0.386111 0.167969 0.044444 0.025
0 0.138194 0.550781 0.054167 0.034375
0 0.179861 0.570312 0.043056 0.026563
0 0.280556 0.560547 0.047222 0.019531
0 0.414583 0.619531 0.0375 0.021875
0 0.467361 0.685156 0.043056 0.025
0 0.446528 0.644141 0.0375 0.022656
0 0.455556 0.674609 0.025 0.016406
0 0.469444 0.709375 0.044444 0.026563
0 0.163194 0.664844 0.034722 0.021875
0 0.198611 0.670313 0.036111 0.020313
0 0.990278 0.543359 0.016667 0.016406
0 0.966667 0.592187 0.036111 0.017188
0 0.990278 0.569141 0.016667 0.019531
0 0.838889 0.535156 0.019444 0.015625
0 0.881944 0.524219 0.022222 0.014063
0 0.951389 0.657031 0.033333 0.01875
0 0.774306 0.791797 0.056944 0.032031
0 0.081944 0.653125 0.027778 0.020313
0 0.113889 0.65 0.022222 0.017188
0 0.398611 0.575781 0.022222 0.014063
0 0.479167 0.495703 0.016667 0.010156
0 0.497917 0.505859 0.015278 0.008594
0 0.527083 0.500781 0.015278 0.009375
0 0.55625 0.480469 0.020833 0.014063
0 0.490972 0.413672 0.020833 0.010156
0 0.523611 0.291016 0.027778 0.010156
0 0.427083 0.399219 0.043056 0.021875
0 0.209028 0.353516 0.029167 0.019531
