0 0.729861 0.260937 0.043056 0.023438
0 0.623611 0.319141 0.083333 0.042969
0 0.565972 0.284766 0.070833 0.039844
0 0.561806 0.248047 0.068056 0.036719
0 0.732639 0.215625 0.095833 0.042188
0 0.936111 0.021094 0.075 0.040625
0 0.913194 0.097656 0.068056 0.0375
0 0.788889 0.348047 0.058333 0.035156
0 0.6375 0.389453 0.061111 0.033594
0 0.816667 0.502344 0.047222 0.034375
0 0.497222 0.425781 0.052778 0.021875
0 0.422222 0.590625 0.041667 0.032813
0 0.467361 0.588281 0.048611 0.03125
0 0.100694 0.766797 0.081944 0.044531
0 0.775 0.267188 0.058333 0.029688
0 0.693056 0.372266 0.072222 0.033594
0 0.785417 0.396094 0.070833 0.04375
0 0.816667 0.416406 0.075 0.040625
0 0.904167 0.399219 0.086111 0.046875
0 0.935417 0.498047 0.059722 0.039844
0 0.658333 0.233594 0.080556 0.040625
0 0.609722 0.414453 0.088889 0.042969
0 0.678472 0.480469 0.043056 0.021875
0 0.838889 0.164844 0.091667 0.039062
0 0.703472 0.247656 0.051389 0.021875
0 0.607639 0.268359 0.0375 0.013281
0 0.786111 0.134766 0.041667 0.025781
0 0.951389 0.471875 0.036111 0.026563
0 0.854167 0.486719 0.044444 0.015625
0 0.928472 0.565234 0.026389 0.016406
0 0.991667 0.605469 0.013889 0.015625
0 0.977778 0.65 0.041667 0.026563
0 0.563889 0.581641 0.019444 0.025781
0 0.107639 0.730078 0.029167 0.028906
