0 0.859722 0.802734 0.038889 0.033594
0 0.034722 0.769922 0.066667 0.038281
0 0.620833 0.825781 0.038889 0.028125
0 0.414583 0.810938 0.0375 0.014063
0 0.549306 0.794141 0.018056 0.008594
0 0.564583 0.682031 0.040278 0.01875
0 0.5375 0.765625 0.027778 0.007812
0 0.364583 0.666797 0.073611 0.041406
0 0.305556 0.675391 0.047222 0.038281
0 0.204861 0.698438 0.0375 0.023438
0 0.139583 0.699219 0.0625 0.040625
0 0.043056 0.714844 0.033333 0.009375
0 0.090972 0.628906 0.045833 0.0375
0 0.127778 0.614844 0.063889 0.0375
0 0.508333 0.625781 0.058333 0.032813
0 0.466667 0.627734 0.027778 0.021094
0 0.488889 0.569531 0.030556 0.015625
0 0.361806 0.585938 0.040278 0.017188
0 0.317361 0.573438 0.048611 0.01875
0 0.159028 0.582031 0.031944 0.021875
0 0.978472 0.537891 0.040278 0.039844
0 0.309722 0.496875 0.033333 0.032813
0 0.304167 0.467188 0.016667 0.020313
0 0.315972 0.400781 0.023611 0.015625
0 0.151389 0.398047 0.072222 0.036719
0 0.236111 0.198828 0.080556 0.044531
0 0.045833 0.6875 0.047222 0.0125
0 0.45625 0.613672 0.029167 0.011719
0 0.590972 0.961719 0.0625 0.028125
0 0.688889 0.925 0.069444 0.045313
0 0.591667 0.94375 0.052778 0.010938
0 0.903472 0.782422 0.068056 0.030469
