0 0.314583 0.064844 0.065278 0.040625
0 0.109028 0.042188 0.0375 0.023438
0 0.065972 0.035547 0.040278 0.021094
0 0.135417 0.099609 0.045833 0.030469
0 0.174306 0.105469 0.048611 0.023438
0 0.111806 0.103516 0.018056 0.030469
0 0.440278 0.178516 0.061111 0.039844
0 0.388889 0.189063 0.036111 0.026563
0 0.392361 0.134375 0.059722 0.021875
0 0.1375 0.182813 0.033333 0.026563
0 0.449306 0.240625 0.0625 0.032813
0 0.25 0.309766 0.030556 0.033594
0 0.213194 0.275 0.048611 0.029688
0 0.108333 0.271875 0.052778 0.017188
0 0.049306 0.278906 0.048611 0.025
0 0.255556 0.358594 0.041667 0.021875
0 0.2375 0.379688 0.052778 0.029688
0 0.479167 0.3625 0.044444 0.029688
0 0.413194 0.412891 0.054167 0.030469
0 0.342361 0.397656 0.051389 0.03125
0 0.288194 0.444531 0.051389 0.025
0 0.196528 0.394141 0.0625 0.032031
0 0.079861 0.355469 0.045833 0.025
0 0.045139 0.399219 0.045833 0.023438
0 0.107639 0.478906 0.054167 0.026563
0 0.393056 0.453516 0.052778 0.030469
0 0.429167 0.484766 0.033333 0.025781
0 0.584028 0.43125 0.034722 0.023438
0 0.578472 0.551953 0.034722 0.022656
0 0.584722 0.574219 0.044444 0.025
0 0.923611 0.555469 0.038889 0.023438
0 0.861111 0.549219 0.036111 0.025
0 0.359028 0.598828 0.040278 0.024219
0 0.113194 0.609375 0.051389 0.032813
0 0.653472 0.669141 0.031944 0.024219
0 0.885417 0.753516 0.0625 0.025781
0 0.0625 0.689453 0.061111 0.038281
0 0.079167 0.710547 0.05 0.017969
0 0.1125 0.737891 0.044444 0.019531
0 0.138889 0.740625 0.055556 0.029688
0 0.068056 0.800391 0.047222 0.022656
0 0.018056 0.703516 0.033333 0.032031
0 0.709028 0.782031 0.040278 0.025
0 0.173611 0.089844 0.044444 0.0125
0 0.184722 0.080859 0.027778 0.011719
0 0.261806 0.078125 0.045833 0.010938
0 0.395833 0.251563 0.05 0.029688
0 0.351389 0.276953 0.038889 0.017969
0 0.14375 0.225781 0.029167 0.01875
0 0.197222 0.2375 0.030556 0.01875
0 0.006944 0.516406 0.011111 0.025
0 0.925694 0.734375 0.015278 0.020313
