0 0.573611 0.896875 0.066667 0.05
0 0.802083 0.792188 0.043056 0.01875
0 0.863889 0.778516 0.075 0.033594
0 0.047222 0.741016 0.047222 0.038281
0 0.525 0.716406 0.030556 0.015625
0 0.566667 0.754688 0.036111 0.017188
0 0.010417 0.736328 0.018056 0.030469
0 0.836806 0.696094 0.018056 0.009375
0 0.125 0.619531 0.055556 0.020313
0 0.086806 0.600781 0.034722 0.021875
0 0.018056 0.533984 0.036111 0.038281
0 0.014583 0.573438 0.029167 0.035938
0 0.065972 0.571875 0.059722 0.0375
0 0.405556 0.457031 0.091667 0.042188
0 0.426389 0.489453 0.063889 0.025781
0 0.45 0.509766 0.030556 0.010156
0 0.097917 0.390234 0.054167 0.028906
0 0.528472 0.476172 0.026389 0.014844
0 0.702778 0.545703 0.036111 0.021094
0 0.152778 0.032813 0.041667 0.0375
0 0.415972 0.103906 0.068056 0.040625
0 0.233333 0.199609 0.047222 0.024219
0 0.470139 0.275391 0.040278 0.022656
0 0.267361 0.233594 0.051389 0.035938
0 0.171528 0.551172 0.068056 0.038281
