0 0.883333 0.248828 0.063889 0.030469
0 0.855556 0.242578 0.047222 0.027344
0 0.834028 0.232031 0.018056 0.0125
0 0.843056 0.278125 0.044444 0.014063
0 0.74375 0.440234 0.079167 0.049219
0 0.675694 0.45 0.084722 0.04375
0 0.956944 0.433984 0.083333 0.032031
0 0.986111 0.503125 0.025 0.032813
0 0.817361 0.521875 0.029167 0.023438
0 0.761111 0.51875 0.036111 0.020313
0 0.791667 0.541797 0.047222 0.022656
0 0.679167 0.825781 0.072222 0.04375
0 0.615972 0.811719 0.0625 0.028125
0 0.631944 0.8375 0.105556 0.045313
0 0.457639 0.982031 0.081944 0.034375
