0 0.875 0.376953 0.044444 0.021094
0 0.775 0.348828 0.025 0.013281
0 0.613889 0.335156 0.041667 0.025
0 0.699306 0.385156 0.031944 0.020313
0 0.652778 0.365234 0.030556 0.014844
0 0.65625 0.392969 0.034722 0.015625
0 0.506944 0.333203 0.030556 0.014844
0 0.570139 0.344141 0.034722 0.017969
0 0.557639 0.366016 0.031944 0.013281
0 0.427778 0.329297 0.047222 0.025781
0 0.511806 0.407813 0.031944 0.017188
0 0.827778 0.490234 0.036111 0.017969
0 0.558333 0.498828 0.036111 0.017969
0 0.421528 0.475781 0.023611 0.0125
0 0.263194 0.491797 0.048611 0.024219
0 0.622917 0.512109 0.031944 0.017969
0 0.629167 0.533594 0.036111 0.021875
0 0.665278 0.533984 0.038889 0.017969
0 0.673611 0.549219 0.033333 0.015625
0 0.938194 0.556641 0.034722 0.019531
0 0.96875 0.551172 0.031944 0.016406
0 0.965278 0.578516 0.044444 0.016406
0 0.940972 0.593359 0.045833 0.021094
0 0.477778 0.591406 0.036111 0.017188
0 0.593056 0.604688 0.044444 0.020313
0 0.407639 0.521875 0.043056 0.023438
0 0.35 0.533203 0.047222 0.022656
0 0.294444 0.544141 0.036111 0.016406
0 0.926389 0.660547 0.05 0.022656
0 0.873611 0.711719 0.044444 0.025
0 0.672222 0.64375 0.036111 0.020313
0 0.614583 0.696875 0.043056 0.020313
0 0.642361 0.707031 0.034722 0.01875
0 0.504167 0.689063 0.044444 0.023438
0 0.464583 0.727734 0.048611 0.022656
0 0.340278 0.720313 0.033333 0.026563
0 0.135417 0.657031 0.034722 0.021875
0 0.469444 0.497656 0.033333 0.01875
0 0.582639 0.627344 0.026389 0.015625
0 0.507639 0.299609 0.045833 0.024219
0 0.382639 0.437891 0.045833 0.025781
0 0.305556 0.430469 0.036111 0.021875
0 0.279167 0.434766 0.022222 0.013281
0 0.3 0.45 0.022222 0.017188
0 0.404861 0.442188 0.026389 0.023438
0 0.8 0.651953 0.030556 0.010156
0 0.566667 0.572266 0.069444 0.019531
0 0.75625 0.657422 0.034722 0.021094
0 0.746528 0.664844 0.026389 0.0125
0 0.327778 0.576172 0.036111 0.024219
0 0.323611 0.599219 0.027778 0.0125
0 0.478472 0.482422 0.015278 0.014844
0 0.520139 0.488281 0.023611 0.0125
0 0.54375 0.529297 0.026389 0.024219
0 0.480556 0.547266 0.016667 0.007031
