0 0.031944 0.163281 0.055556 0.035938
0 0.068056 0.167969 0.038889 0.03125
0 0.021528 0.311328 0.0375 0.027344
0 0.069444 0.325 0.058333 0.029688
0 0.115278 0.435156 0.05 0.025
0 0.077778 0.463281 0.041667 0.01875
0 0.132639 0.474219 0.029167 0.021875
0 0.0375 0.495313 0.05 0.032813
0 0.0125 0.551953 0.022222 0.027344
0 0.681944 0.180469 0.055556 0.040625
0 0.66875 0.255078 0.054167 0.022656
0 0.695833 0.246094 0.055556 0.028125
0 0.963889 0.303906 0.058333 0.034375
0 0.90625 0.378906 0.048611 0.023438
0 0.886111 0.173828 0.019444 0.024219
0 0.692361 0.322656 0.034722 0.023438
0 0.634028 0.433984 0.070833 0.036719
0 0.963194 0.462891 0.056944 0.028906
0 0.397222 0.623828 0.047222 0.030469
0 0.602083 0.683594 0.045833 0.026563
0 0.830556 0.652344 0.075 0.028125
0 0.721528 0.601172 0.029167 0.014844
0 0.844444 0.538672 0.036111 0.022656
0 0.55625 0.482031 0.020833 0.015625
0 0.590972 0.54375 0.023611 0.020313
0 0.915972 0.70625 0.0625 0.039062
0 0.811806 0.746875 0.048611 0.035938
0 0.756944 0.715625 0.036111 0.028125
0 0.572917 0.660547 0.029167 0.014844
0 0.524306 0.648828 0.031944 0.014844
0 0.519444 0.617188 0.025 0.014063
0 0.700694 0.617188 0.059722 0.020313
0 0.669444 0.56875 0.019444 0.014063
0 0.658333 0.224609 0.025 0.011719
0 0.795139 0.804688 0.048611 0.015625
