0 0.683333 0.029688 0.063889 0.029688
0 0.906944 0.059766 0.044444 0.030469
0 0.875 0.064063 0.027778 0.015625
0 0.863194 0.087891 0.056944 0.036719
0 0.865278 0.108594 0.033333 0.0125
0 0.892361 0.103906 0.018056 0.0125
0 0.824306 0.126562 0.040278 0.023438
0 0.873611 0.181641 0.05 0.036719
0 0.894444 0.240234 0.047222 0.025781
0 0.952083 0.286719 0.034722 0.015625
0 0.930556 0.293359 0.030556 0.019531
0 0.979167 0.345313 0.016667 0.007812
0 0.985417 0.396875 0.026389 0.029688
0 0.821528 0.30625 0.070833 0.040625
0 0.775 0.318359 0.047222 0.032031
0 0.984028 0.471094 0.029167 0.021875
0 0.789583 0.36875 0.031944 0.021875
0 0.679167 0.373828 0.063889 0.033594
0 0.579167 0.379297 0.05 0.028906
0 0.5375 0.396875 0.005556 0.00625
0 0.779167 0.495313 0.027778 0.017188
0 0.795833 0.517578 0.055556 0.027344
0 0.932639 0.612891 0.009722 0.003906
0 0.826389 0.575781 0.025 0.009375
0 0.763889 0.560547 0.027778 0.025781
0 0.75 0.587109 0.058333 0.038281
0 0.597222 0.544922 0.036111 0.021094
0 0.927778 0.773438 0.086111 0.045313
0 0.872222 0.758203 0.058333 0.033594
0 0.803472 0.769531 0.015278 0.009375
0 0.575694 0.621875 0.051389 0.023438
0 0.539583 0.592969 0.031944 0.015625
0 0.573611 0.534766 0.061111 0.033594
0 0.421528 0.587891 0.031944 0.014844
0 0.461111 0.636719 0.008333 0.00625
0 0.450694 0.657031 0.051389 0.03125
0 0.496528 0.555469 0.043056 0.028125
0 0.724306 0.122266 0.043056 0.019531
0 0.6625 0.145313 0.05 0.029688
0 0.625694 0.167969 0.056944 0.028125
0 0.579861 0.226172 0.045833 0.027344
0 0.579861 0.269531 0.045833 0.025
0 0.833333 0.398047 0.025 0.014844
0 0.176389 0.467578 0.027778 0.017969
0 0.149306 0.476172 0.023611 0.019531
0 0.097222 0.445312 0.05 0.026563
0 0.004861 0.401563 0.006944 0.017188
0 0.042361 0.450781 0.051389 0.021875
0 0.280556 0.608594 0.013889 0.015625
0 0.236111 0.572656 0.016667 0.010938
0 0.216667 0.585938 0.016667 0.010938
0 0.097222 0.576172 0.013889 0.014844
0 0.059028 0.595313 0.0125 0.009375
0 0.104167 0.642969 0.044444 0.025
0 0.068056 0.633984 0.044444 0.025781
0 0.013889 0.721484 0.025 0.028906
0 0.080556 0.749219 0.052778 0.01875
0 0.019444 0.754297 0.030556 0.010156
0 0.013889 0.831641 0.025 0.036719
0 0.032639 0.79375 0.043056 0.017188
0 0.094444 0.828906 0.030556 0.01875
