0 0.722917 0.128906 0.059722 0.034375
0 0.510417 0.237109 0.0375 0.022656
0 0.4375 0.335938 0.044444 0.026563
0 0.681944 0.25 0.05 0.026563
0 0.665278 0.281641 0.066667 0.032031
0 0.921528 0.357422 0.054167 0.022656
0 0.795833 0.412109 0.05 0.028906
0 0.838194 0.431641 0.073611 0.039844
0 0.909722 0.524609 0.033333 0.021094
0 0.875 0.516797 0.030556 0.021094
0 0.931944 0.714453 0.016667 0.008594
0 0.892361 0.73125 0.051389 0.035938
0 0.95 0.733984 0.047222 0.033594
0 0.947222 0.694531 0.041667 0.025
0 0.872222 0.671094 0.069444 0.035938
0 0.3375 0.899609 0.061111 0.030469
0 0.078472 0.912891 0.054167 0.027344
0 0.040972 0.953125 0.065278 0.025
0 0.122917 0.839063 0.059722 0.03125
0 0.11875 0.859375 0.048611 0.020313
0 0.493056 0.798438 0.041667 0.025
0 0.186111 0.871875 0.036111 0.01875
0 0.454861 0.7375 0.043056 0.028125
0 0.670833 0.483203 0.044444 0.028906
0 0.505556 0.488281 0.041667 0.025
0 0.470139 0.494531 0.045833 0.026563
0 0.929167 0.476172 0.05 0.019531
0 0.126389 0.734766 0.055556 0.025781
0 0.306944 0.628516 0.061111 0.032031
0 0.397917 0.646875 0.040278 0.023438
0 0.475694 0.675781 0.029167 0.015625
0 0.436806 0.646484 0.043056 0.024219
0 0.438889 0.632812 0.030556 0.007812
0 0.288889 0.650781 0.044444 0.021875
0 0.11875 0.617969 0.034722 0.015625
0 0.083333 0.579688 0.052778 0.029688
0 0.111806 0.560937 0.054167 0.023438
0 0.090972 0.595703 0.018056 0.005469
0 0.015972 0.569922 0.029167 0.011719
0 0.934722 0.408594 0.038889 0.009375
0 0.868056 0.555469 0.055556 0.03125
