0 0.036806 0.733984 0.065278 0.041406
0 0.009722 0.707813 0.019444 0.0375
0 0.452778 0.655469 0.091667 0.05
0 0.373611 0.673828 0.05 0.028906
0 0.31875 0.669531 0.048611 0.034375
0 0.244444 0.580469 0.063889 0.0375
0 0.267361 0.600781 0.065278 0.034375
0 0.1625 0.417188 0.05 0.023438
0 0.227083 0.450781 0.048611 0.020313
0 0.597917 0.48125 0.068056 0.039062
0 0.514583 0.614063 0.056944 0.020313
0 0.509722 0.549219 0.033333 0.025
0 0.630556 0.560156 0.033333 0.025
0 0.664583 0.578516 0.034722 0.022656
0 0.703472 0.575 0.048611 0.029688
0 0.745833 0.576562 0.027778 0.017188
0 0.675 0.496875 0.052778 0.03125
0 0.648611 0.474609 0.05 0.024219
0 0.293056 0.219922 0.075 0.038281
0 0.742361 0.394141 0.068056 0.030469
0 0.669444 0.258203 0.066667 0.035156
0 0.655556 0.282031 0.05 0.014063
0 0.688194 0.279688 0.031944 0.017188
0 0.567361 0.373047 0.015278 0.021094
0 0.627083 0.520313 0.020833 0.021875
0 0.655556 0.396094 0.052778 0.014063
