0 0.034722 0.347656 0.063889 0.04375
0 0.16875 0.514844 0.045833 0.040625
0 0.429167 0.391797 0.063889 0.032031
0 0.270139 0.462109 0.031944 0.016406
0 0.60625 0.351172 0.026389 0.010156
0 0.620139 0.405469 0.054167 0.034375
0 0.488889 0.447656 0.083333 0.040625
0 0.55625 0.447656 0.023611 0.010938
0 0.855556 0.948438 0.061111 0.026563
0 0.841667 0.898438 0.041667 0.017188
0 0.726389 0.874609 0.055556 0.021094
0 0.60625 0.791406 0.034722 0.009375
0 0.565972 0.722656 0.020833 0.015625
0 0.529167 0.792188 0.033333 0.014063
0 0.520833 0.612109 0.038889 0.019531
0 0.411806 0.501953 0.020833 0.010156
0 0.140278 0.413672 0.022222 0.010156
0 0.239583 0.396484 0.059722 0.035156
0 0.056944 0.466016 0.044444 0.027344
0 0.100694 0.479297 0.0625 0.032031
