0 0.021528 0.298828 0.043056 0.032031
0 0.09375 0.366797 0.054167 0.025781
0 0.14375 0.411328 0.023611 0.021094
0 0.110417 0.431641 0.018056 0.016406
0 0.131944 0.4625 0.044444 0.023438
0 0.266667 0.384375 0.052778 0.035938
0 0.335417 0.445312 0.054167 0.026563
0 0.104167 0.69375 0.027778 0.025
0 0.063194 0.771875 0.020833 0.007812
0 0.4625 0.839063 0.038889 0.029688
0 0.897917 0.683594 0.034722 0.021875
0 0.915278 0.636719 0.027778 0.021875
0 0.919444 0.660547 0.058333 0.028906
0 0.963889 0.609766 0.013889 0.013281
0 0.923611 0.553125 0.036111 0.020313
0 0.867361 0.643359 0.051389 0.028906
0 0.83125 0.575 0.043056 0.020313
0 0.645833 0.567188 0.061111 0.029688
0 0.375 0.769922 0.041667 0.025781
0 0.335417 0.716016 0.029167 0.024219
0 0.613194 0.609766 0.056944 0.030469
0 0.561111 0.585547 0.025 0.014844
0 0.434028 0.573438 0.018056 0.014063
0 0.6125 0.551172 0.019444 0.016406
0 0.5875 0.552344 0.033333 0.01875
0 0.690972 0.516797 0.051389 0.014844
0 0.518056 0.478906 0.016667 0.01875
0 0.560417 0.483984 0.034722 0.025781
0 0.654167 0.46875 0.038889 0.017188
0 0.622222 0.455859 0.066667 0.039844
0 0.682639 0.448828 0.0625 0.033594
0 0.602083 0.395313 0.015278 0.014063
0 0.679861 0.398828 0.026389 0.008594
0 0.843056 0.487109 0.055556 0.027344
0 0.811111 0.449609 0.041667 0.028906
0 0.894444 0.455078 0.041667 0.021094
0 0.978472 0.453906 0.040278 0.028125
0 0.856944 0.405078 0.061111 0.033594
0 0.954167 0.390234 0.044444 0.025781
0 0.936806 0.379297 0.054167 0.030469
0 0.983333 0.364453 0.030556 0.025781
0 0.425 0.367188 0.030556 0.020313
0 0.33125 0.282031 0.023611 0.01875
0 0.511806 0.284375 0.018056 0.020313
0 0.484722 0.312109 0.055556 0.027344
0 0.331944 0.241016 0.061111 0.032031
0 0.377083 0.229688 0.051389 0.032813
0 0.404167 0.182422 0.05 0.021094
0 0.458333 0.183984 0.052778 0.030469
0 0.609028 0.126562 0.031944 0.021875
0 0.611111 0.216797 0.052778 0.032031
0 0.563889 0.111719 0.030556 0.03125
0 0.661111 0.241406 0.063889 0.042188
0 0.632639 0.304297 0.054167 0.024219
0 0.754167 0.368359 0.016667 0.008594
0 0.790278 0.280078 0.027778 0.022656
0 0.759722 0.278516 0.052778 0.032031
0 0.754167 0.229297 0.022222 0.010156
0 0.780556 0.233984 0.036111 0.017969
0 0.754861 0.179688 0.056944 0.0375
0 0.799306 0.169141 0.048611 0.030469
0 0.8875 0.219922 0.061111 0.025781
0 0.951389 0.332422 0.027778 0.021094
0 0.941667 0.311328 0.058333 0.028906
0 0.859028 0.299219 0.048611 0.028125
0 0.886111 0.288281 0.038889 0.023438
0 0.929861 0.273828 0.048611 0.021094
0 0.819444 0.067578 0.041667 0.032031
0 0.825 0.116797 0.052778 0.028906
0 0.7625 0.078906 0.061111 0.0375
0 0.722222 0.102734 0.075 0.039844
