0 0.2375 0.769922 0.047222 0.033594
0 0.190972 0.778906 0.051389 0.028125
0 0.277778 0.594531 0.044444 0.023438
0 0.094444 0.555469 0.05 0.025
0 0.453472 0.545703 0.048611 0.027344
0 0.4875 0.510547 0.044444 0.024219
0 0.302778 0.671875 0.030556 0.014063
0 0.263889 0.676563 0.036111 0.017188
0 0.698611 0.718359 0.055556 0.027344
0 0.747222 0.632031 0.083333 0.046875
0 0.780556 0.661328 0.086111 0.041406
0 0.963889 0.591406 0.061111 0.0375
0 0.986111 0.492578 0.025 0.038281
0 0.235417 0.488672 0.059722 0.032031
0 0.454861 0.522656 0.056944 0.025
0 0.4 0.513672 0.025 0.016406
0 0.402083 0.542188 0.034722 0.010938
0 0.36875 0.500781 0.048611 0.03125
0 0.329167 0.432813 0.072222 0.032813
0 0.285417 0.408203 0.043056 0.035156
0 0.2 0.372656 0.041667 0.021875
0 0.225694 0.355859 0.040278 0.022656
0 0.770139 0.342578 0.054167 0.028906
0 0.738889 0.303516 0.058333 0.028906
0 0.306944 0.207422 0.038889 0.021094
