0 0.615972 0.691406 0.054167 0.015625
0 0.58125 0.712109 0.043056 0.035156
0 0.625694 0.712109 0.056944 0.030469
0 0.840278 0.286719 0.066667 0.040625
0 0.725694 0.182422 0.093056 0.052344
0 0.527083 0.188672 0.084722 0.046094
0 0.590278 0.249219 0.080556 0.023438
0 0.7375 0.391406 0.019444 0.00625
0 0.818056 0.433203 0.038889 0.008594
0 0.922222 0.466406 0.063889 0.029688
0 0.797917 0.500781 0.059722 0.025
0 0.920139 0.651172 0.045833 0.016406
0 0.948611 0.669531 0.061111 0.029688
0 0.263194 0.227344 0.040278 0.021875
0 0.313194 0.229297 0.070833 0.038281
0 0.195833 0.2375 0.069444 0.032813
0 0.186111 0.285156 0.075 0.040625
0 0.681944 0.235938 0.091667 0.054688
0 0.525 0.404688 0.030556 0.025
0 0.438194 0.403906 0.059722 0.017188
0 0.266667 0.470313 0.036111 0.010938
0 0.322222 0.484375 0.036111 0.029688
0 0.3 0.457813 0.047222 0.020313
0 0.452778 0.538672 0.041667 0.024219
0 0.38125 0.547656 0.0625 0.039062
0 0.64375 0.580078 0.023611 0.013281
0 0.521528 0.667969 0.040278 0.023438
0 0.545139 0.6875 0.048611 0.026563
0 0.352778 0.628906 0.061111 0.01875
0 0.325 0.669531 0.052778 0.03125
0 0.431944 0.720313 0.038889 0.028125
0 0.491667 0.421484 0.013889 0.014844
0 0.036111 0.529687 0.047222 0.029688
0 0.1375 0.582813 0.077778 0.039062
0 0.015972 0.669141 0.029167 0.044531
0 0.288889 0.596484 0.047222 0.024219
0 0.318056 0.533984 0.044444 0.027344
0 0.25625 0.529687 0.045833 0.028125
