0 0.963889 0.577344 0.069444 0.04375
0 0.558333 0.312109 0.080556 0.046094
0 0.496528 0.281641 0.068056 0.039844
0 0.494444 0.244531 0.063889 0.032813
0 0.658333 0.258594 0.041667 0.023438
0 0.704167 0.265234 0.05 0.028906
0 0.853472 0.025 0.073611 0.04375
0 0.828472 0.102344 0.076389 0.039062
0 0.879167 0.253516 0.047222 0.028906
0 0.605556 0.235547 0.063889 0.035156
0 0.573611 0.382812 0.061111 0.034375
0 0.720833 0.344141 0.038889 0.032031
0 0.709028 0.387109 0.0625 0.041406
0 0.740278 0.40625 0.069444 0.034375
0 0.639583 0.367188 0.068056 0.032813
0 0.459722 0.421875 0.05 0.03125
0 0.379167 0.577344 0.047222 0.032813
0 0.436111 0.583594 0.033333 0.01875
0 0.774306 0.491016 0.051389 0.033594
0 0.565278 0.413672 0.058333 0.028906
0 0.546528 0.403125 0.029167 0.029688
0 0.0625 0.744531 0.080556 0.042188
0 0.819444 0.390234 0.086111 0.044531
0 0.954167 0.633594 0.088889 0.040625
0 0.545833 0.269141 0.030556 0.019531
0 0.745833 0.166406 0.086111 0.035938
0 0.643056 0.219922 0.072222 0.055469
0 0.550694 0.223047 0.015278 0.021094
0 0.643056 0.471484 0.055556 0.017969
0 0.575694 0.494531 0.023611 0.015625
0 0.579861 0.579297 0.018056 0.014844
0 0.069444 0.712109 0.030556 0.024219
0 0.442361 0.782813 0.048611 0.025
