0 0.011111 0.090234 0.019444 0.032031
0 0.030556 0.105859 0.044444 0.024219
0 0.144444 0.139844 0.025 0.032813
0 0.045833 0.162109 0.044444 0.017969
0 0.128472 0.184766 0.045833 0.028906
0 0.048611 0.207422 0.044444 0.030469
0 0.127083 0.229688 0.029167 0.017188
0 0.154167 0.232422 0.022222 0.010156
0 0.022222 0.246484 0.041667 0.028906
0 0.019444 0.307422 0.036111 0.033594
0 0.15625 0.326172 0.043056 0.028906
0 0.1875 0.332031 0.027778 0.0125
0 0.138889 0.448438 0.058333 0.015625
0 0.256944 0.548828 0.033333 0.013281
0 0.984028 0.064844 0.029167 0.040625
0 0.942361 0.078906 0.040278 0.0375
0 0.865278 0.029688 0.033333 0.032813
0 0.986111 0.130469 0.025 0.040625
0 0.941667 0.139063 0.058333 0.029688
0 0.606944 0.179688 0.055556 0.035938
0 0.702778 0.215625 0.05 0.042188
0 0.745139 0.182422 0.043056 0.022656
0 0.481944 0.185156 0.055556 0.03125
0 0.590972 0.124219 0.040278 0.014063
0 0.615278 0.226562 0.013889 0.014063
0 0.640278 0.228516 0.022222 0.014844
0 0.393056 0.253906 0.055556 0.032813
0 0.695833 0.267578 0.055556 0.027344
0 0.68125 0.29375 0.0625 0.035938
0 0.625694 0.306641 0.045833 0.025781
0 0.8625 0.306641 0.055556 0.035156
0 0.953472 0.320312 0.0625 0.035938
0 0.934028 0.364844 0.0625 0.035938
0 0.95 0.265625 0.022222 0.020313
0 0.770139 0.359375 0.056944 0.029688
0 0.4625 0.316406 0.047222 0.021875
0 0.408333 0.375 0.041667 0.023438
0 0.517361 0.337891 0.048611 0.024219
0 0.569444 0.399609 0.047222 0.030469
0 0.431944 0.442578 0.055556 0.032031
0 0.620833 0.619922 0.055556 0.042969
0 0.551389 0.634766 0.066667 0.035156
0 0.622222 0.530859 0.036111 0.027344
0 0.895833 0.519922 0.033333 0.027344
0 0.294444 0.694922 0.058333 0.030469
0 0.185417 0.709766 0.0375 0.032031
0 0.130556 0.719531 0.044444 0.025
0 0.250694 0.7625 0.0375 0.025
0 0.504861 0.731641 0.051389 0.030469
0 0.585417 0.073438 0.029167 0.023438
0 0.531944 0.177734 0.041667 0.022656
0 0.050694 0.104688 0.026389 0.023438
0 0.645139 0.005469 0.040278 0.009375
0 0.386111 0.307031 0.05 0.028125
0 0.506944 0.484375 0.016667 0.020313
0 0.422917 0.519141 0.029167 0.013281
0 0.800694 0.615625 0.029167 0.020313
0 0.656944 0.674609 0.038889 0.016406
0 0.588889 0.726172 0.025 0.019531
0 0.331944 0.732422 0.038889 0.025781
