0 0.377778 0.103516 0.086111 0.030469
0 0.269444 0.092188 0.025 0.020313
0 0.252778 0.117578 0.063889 0.044531
0 0.425694 0.157422 0.079167 0.049219
0 0.583333 0.153125 0.033333 0.020313
0 0.691667 0.149219 0.041667 0.009375
0 0.818056 0.137891 0.077778 0.038281
0 0.765278 0.199219 0.066667 0.03125
0 0.991667 0.160547 0.013889 0.024219
0 0.602083 0.221484 0.018056 0.016406
0 0.434722 0.336328 0.041667 0.024219
0 0.401389 0.327344 0.047222 0.026563
0 0.809722 0.317188 0.061111 0.032813
0 0.973611 0.310156 0.038889 0.021875
0 0.335417 0.373047 0.056944 0.025781
0 0.265278 0.373828 0.05 0.027344
0 0.472917 0.44375 0.076389 0.039062
0 0.922222 0.352344 0.075 0.04375
0 0.840278 0.364453 0.061111 0.030469
0 0.765278 0.343359 0.055556 0.027344
0 0.865972 0.434375 0.029167 0.029688
0 0.952778 0.442969 0.036111 0.009375
0 0.951389 0.462891 0.058333 0.032031
0 0.889583 0.461719 0.065278 0.034375
0 0.845833 0.462891 0.025 0.016406
0 0.93125 0.529687 0.018056 0.020313
0 0.434722 0.418359 0.055556 0.022656
0 0.356944 0.442969 0.033333 0.025
0 0.491667 0.517578 0.058333 0.039844
0 0.467361 0.478516 0.0625 0.028906
0 0.3625 0.514453 0.088889 0.041406
0 0.41875 0.542969 0.076389 0.040625
0 0.380556 0.576562 0.036111 0.020313
0 0.463194 0.613672 0.048611 0.028906
0 0.60625 0.640234 0.073611 0.041406
0 0.557639 0.650781 0.054167 0.040625
0 0.904167 0.603516 0.05 0.035156
0 0.810417 0.698047 0.043056 0.033594
0 0.852083 0.715234 0.056944 0.025781
0 0.980556 0.766406 0.036111 0.021875
0 0.81875 0.756641 0.059722 0.033594
0 0.739583 0.634375 0.040278 0.017188
0 0.4375 0.730078 0.05 0.024219
0 0.277083 0.748438 0.054167 0.020313
0 0.649306 0.803125 0.076389 0.053125
0 0.732639 0.864844 0.0375 0.032813
0 0.515972 0.4125 0.054167 0.026563
0 0.525 0.729688 0.025 0.0125
0 0.879861 0.570312 0.0375 0.007812
