0 0.975 0.111719 0.047222 0.0375
0 0.752083 0.134375 0.051389 0.039062
0 0.825694 0.180469 0.068056 0.035938
0 0.795139 0.277344 0.070833 0.032813
0 0.906944 0.305469 0.072222 0.04375
0 0.974306 0.4 0.048611 0.04375
0 0.860417 0.319141 0.073611 0.053906
0 0.54375 0.686719 0.0875 0.039062
0 0.647222 0.670313 0.069444 0.035938
0 0.722222 0.618359 0.075 0.042969
0 0.683333 0.682813 0.047222 0.034375
0 0.329861 0.569531 0.068056 0.0375
0 0.389583 0.575781 0.054167 0.023438
0 0.441667 0.607813 0.052778 0.026563
0 0.813194 0.380078 0.056944 0.030469
0 0.755556 0.355078 0.025 0.017969
0 0.5875 0.342188 0.044444 0.023438
0 0.570833 0.499219 0.083333 0.046875
0 0.515972 0.428906 0.073611 0.040625
0 0.323611 0.499609 0.055556 0.022656
0 0.668056 0.353906 0.044444 0.025
0 0.022222 0.476562 0.041667 0.026563
0 0.079167 0.58125 0.044444 0.026563
0 0.034028 0.577344 0.051389 0.025
0 0.113889 0.639844 0.036111 0.025
0 0.6125 0.602344 0.072222 0.03125
0 0.9375 0.331641 0.05 0.021094
0 0.790972 0.219531 0.059722 0.01875
0 0.061806 0.54375 0.059722 0.020313
0 0.073611 0.484375 0.044444 0.020313
0 0.086111 0.455469 0.058333 0.029688
0 0.545139 0.863672 0.0625 0.038281
0 0.490972 0.864844 0.051389 0.04375
0 0.092361 0.400781 0.040278 0.020313
0 0.740972 0.162891 0.026389 0.021094
0 0.990972 0.267188 0.015278 0.017188
0 0.893056 0.357422 0.077778 0.025781
0 0.670833 0.459766 0.052778 0.030469
0 0.28125 0.808203 0.059722 0.025781
0 0.159722 0.592969 0.033333 0.017188
0 0.45 0.409375 0.025 0.017188
0 0.404861 0.499609 0.056944 0.035156
0 0.177778 0.685156 0.036111 0.01875
0 0.865278 0.121484 0.027778 0.016406
0 0.959028 0.275781 0.018056 0.0125
0 0.211111 0.620703 0.036111 0.019531
