0 0.660417 0.174609 0.056944 0.027344
0 0.272222 0.225391 0.047222 0.024219
0 0.523611 0.250781 0.05 0.021875
0 0.299306 0.201563 0.020833 0.010938
0 0.640278 0.475391 0.05 0.027344
0 0.990278 0.517188 0.016667 0.028125
0 0.38125 0.630859 0.045833 0.027344
0 0.399306 0.651563 0.040278 0.020313
0 0.427778 0.669141 0.047222 0.024219
0 0.647222 0.669141 0.061111 0.033594
0 0.708333 0.737891 0.058333 0.032031
0 0.626389 0.746094 0.038889 0.023438
0 0.5625 0.728516 0.033333 0.019531
0 0.303472 0.132031 0.034722 0.020313
0 0.335417 0.192969 0.026389 0.0125
0 0.361111 0.2375 0.036111 0.023438
0 0.740278 0.277734 0.033333 0.027344
0 0.704167 0.290625 0.044444 0.026563
0 0.688194 0.323047 0.0375 0.032031
0 0.684722 0.365234 0.025 0.022656
0 0.65 0.370313 0.041667 0.023438
0 0.566667 0.373828 0.052778 0.028906
0 0.541667 0.355469 0.041667 0.021875
0 0.597222 0.254688 0.025 0.017188
0 0.552083 0.271875 0.054167 0.026563
0 0.520833 0.30625 0.072222 0.032813
0 0.429167 0.321484 0.058333 0.022656
0 0.411806 0.380469 0.029167 0.017188
0 0.379167 0.390625 0.041667 0.026563
0 0.292361 0.379297 0.031944 0.011719
0 0.217361 0.414453 0.0375 0.021094
0 0.178472 0.421484 0.018056 0.019531
0 0.530556 0.509766 0.058333 0.025781
0 0.673611 0.571484 0.055556 0.022656
0 0.668056 0.639844 0.05 0.028125
0 0.927083 0.657422 0.0375 0.021094
0 0.7625 0.70625 0.05 0.029688
0 0.275 0.595313 0.025 0.014063
0 0.147222 0.600391 0.030556 0.014844
0 0.56875 0.752344 0.045833 0.029688
0 0.782639 0.402734 0.029167 0.019531
0 0.140972 0.344531 0.026389 0.017188
0 0.975 0.543359 0.030556 0.017969
0 0.939583 0.547266 0.048611 0.027344
0 0.909722 0.773438 0.044444 0.020313
0 0.777778 0.725781 0.027778 0.0125
0 0.328472 0.762891 0.059722 0.041406
0 0.389583 0.676563 0.034722 0.020313
0 0.44375 0.648047 0.034722 0.013281
0 0.248611 0.703906 0.038889 0.025
0 0.278472 0.715625 0.029167 0.014063
0 0.045833 0.748047 0.025 0.021094
0 0.620139 0.869531 0.040278 0.020313
