0 0.344444 0.207031 0.061111 0.03125
0 0.243056 0.490625 0.055556 0.028125
0 0.125 0.796094 0.047222 0.025
0 0.118056 0.716797 0.044444 0.032031
0 0.14375 0.742578 0.029167 0.014844
0 0.05 0.680469 0.025 0.025
0 0.250694 0.617969 0.045833 0.021875
0 0.428472 0.64375 0.034722 0.017188
0 0.258333 0.345313 0.036111 0.021875
0 0.620833 0.467969 0.044444 0.03125
0 0.50625 0.333594 0.040278 0.023438
0 0.552778 0.339063 0.044444 0.026563
0 0.698611 0.389453 0.033333 0.022656
0 0.684722 0.682813 0.033333 0.020313
0 0.568056 0.651172 0.066667 0.022656
0 0.621528 0.562109 0.043056 0.021094
0 0.671528 0.564844 0.043056 0.021875
0 0.736111 0.609766 0.030556 0.019531
0 0.699306 0.622656 0.023611 0.021875
0 0.56875 0.480859 0.023611 0.022656
0 0.55 0.517969 0.030556 0.021875
0 0.552083 0.5375 0.0375 0.015625
0 0.470833 0.505078 0.033333 0.016406
0 0.710417 0.436328 0.040278 0.017969
0 0.645833 0.70625 0.033333 0.017188
0 0.275694 0.217969 0.051389 0.032813
0 0.179861 0.282422 0.054167 0.030469
0 0.3125 0.305078 0.05 0.025781
0 0.394444 0.360547 0.055556 0.017969
0 0.415278 0.367188 0.044444 0.017188
0 0.661806 0.460156 0.048611 0.028125
0 0.370833 0.419531 0.044444 0.025
0 0.214583 0.412109 0.031944 0.016406
0 0.359028 0.533203 0.045833 0.028906
0 0.322222 0.546875 0.052778 0.026563
0 0.309722 0.572266 0.055556 0.025781
0 0.48125 0.645313 0.051389 0.029688
0 0.353472 0.703516 0.043056 0.017969
0 0.327083 0.726953 0.054167 0.027344
0 0.276389 0.749609 0.038889 0.024219
0 0.336806 0.745313 0.026389 0.014063
0 0.973611 0.787891 0.05 0.030469
0 0.714583 0.674219 0.0375 0.015625
0 0.360417 0.374609 0.040278 0.030469
0 0.315972 0.419531 0.043056 0.021875
0 0.188194 0.425781 0.059722 0.025
0 0.666667 0.414062 0.025 0.017188
0 0.414583 0.345313 0.034722 0.01875
0 0.1375 0.589844 0.055556 0.025
0 0.21875 0.508594 0.059722 0.029688
0 0.605556 0.5375 0.025 0.007812
0 0.26875 0.552344 0.043056 0.025
0 0.201389 0.396875 0.038889 0.01875
0 0.284028 0.616406 0.031944 0.01875
0 0.282639 0.644141 0.020833 0.022656
