0 0.108333 0.524609 0.047222 0.019531
0 0.084028 0.457422 0.029167 0.010156
0 0.008333 0.483203 0.013889 0.021094
0 0.027778 0.699219 0.052778 0.03125
0 0.795139 0.705469 0.059722 0.035938
0 0.6375 0.686719 0.063889 0.034375
0 0.534028 0.692188 0.0375 0.029688
0 0.489583 0.634375 0.045833 0.028125
0 0.469444 0.6 0.058333 0.023438
0 0.506944 0.578125 0.063889 0.029688
0 0.633333 0.616797 0.019444 0.017969
0 0.617361 0.607422 0.031944 0.017969
0 0.652778 0.60625 0.025 0.020313
0 0.5125 0.490625 0.030556 0.026563
0 0.598611 0.578125 0.011111 0.00625
0 0.715278 0.622656 0.027778 0.015625
0 0.754167 0.616797 0.058333 0.024219
0 0.69375 0.501563 0.023611 0.014063
0 0.841667 0.497266 0.047222 0.024219
0 0.871528 0.460547 0.051389 0.028906
0 0.825694 0.423438 0.059722 0.020313
0 0.769444 0.432031 0.044444 0.0375
0 0.725 0.439453 0.072222 0.039844
0 0.606944 0.449609 0.041667 0.024219
0 0.571528 0.435938 0.034722 0.014063
0 0.582639 0.423047 0.043056 0.022656
0 0.6875 0.403125 0.069444 0.026563
0 0.688194 0.384766 0.065278 0.036719
0 0.749306 0.344922 0.068056 0.042969
0 0.81875 0.292969 0.048611 0.0375
0 0.8 0.259375 0.047222 0.015625
0 0.809722 0.213672 0.038889 0.032031
0 0.586806 0.216406 0.051389 0.034375
0 0.65 0.258594 0.058333 0.028125
0 0.533333 0.323047 0.036111 0.017969
0 0.559028 0.351953 0.040278 0.030469
0 0.490278 0.341016 0.027778 0.025781
0 0.604167 0.363281 0.055556 0.034375
0 0.764583 0.651563 0.031944 0.032813
0 0.891667 0.665625 0.013889 0.017188
0 0.915278 0.731641 0.038889 0.021094
0 0.966667 0.734375 0.063889 0.035938
0 0.791667 0.367578 0.019444 0.017969
