0 0.300694 0.697656 0.051389 0.028125
0 0.394444 0.641797 0.058333 0.027344
0 0.422222 0.622266 0.058333 0.027344
0 0.640278 0.676563 0.05 0.032813
0 0.68125 0.678906 0.026389 0.023438
0 0.581944 0.682031 0.038889 0.015625
0 0.570833 0.632031 0.027778 0.0125
0 0.553472 0.607031 0.029167 0.015625
0 0.648611 0.607813 0.033333 0.020313
0 0.731944 0.565234 0.027778 0.008594
0 0.798611 0.6125 0.027778 0.017188
0 0.570833 0.448828 0.038889 0.024219
0 0.520139 0.464063 0.045833 0.021875
0 0.452083 0.451563 0.026389 0.020313
0 0.373611 0.278125 0.044444 0.026563
0 0.439583 0.285547 0.034722 0.010156
0 0.411111 0.311328 0.05 0.019531
0 0.365972 0.397266 0.043056 0.028906
0 0.445833 0.377734 0.036111 0.017969
0 0.463889 0.341016 0.036111 0.013281
0 0.502778 0.35 0.019444 0.010938
0 0.380556 0.432813 0.036111 0.014063
0 0.35 0.449219 0.052778 0.025
0 0.439583 0.414062 0.018056 0.007812
0 0.316667 0.545312 0.052778 0.025
0 0.302083 0.596484 0.029167 0.011719
0 0.286111 0.483594 0.025 0.0125
0 0.297917 0.738281 0.031944 0.015625
0 0.643056 0.445703 0.027778 0.016406
0 0.536806 0.445312 0.029167 0.01875
0 0.328472 0.396094 0.029167 0.021875
0 0.936806 0.654297 0.059722 0.028906
0 0.269444 0.364844 0.036111 0.01875
0 0.441667 0.437109 0.025 0.010156
