0 0.0125 0.396484 0.025 0.033594
0 0.115972 0.53125 0.026389 0.015625
0 0.159722 0.5625 0.055556 0.026563
0 0.236111 0.632812 0.041667 0.020313
0 0.661111 0.714063 0.069444 0.039062
0 0.7125 0.692578 0.061111 0.032031
0 0.6125 0.631641 0.047222 0.032031
0 0.445139 0.542578 0.056944 0.033594
0 0.515278 0.538281 0.066667 0.03125
0 0.442361 0.522656 0.056944 0.025
0 0.520833 0.558594 0.016667 0.0125
0 0.527083 0.482813 0.045833 0.026563
0 0.720833 0.574609 0.033333 0.014844
0 0.719444 0.520313 0.041667 0.017188
0 0.696528 0.424219 0.040278 0.01875
0 0.500694 0.364844 0.045833 0.028125
0 0.551389 0.286719 0.066667 0.026563
0 0.595833 0.090234 0.038889 0.025781
0 0.728472 0.364063 0.029167 0.029688
0 0.454861 0.370703 0.043056 0.025781
0 0.95 0.474219 0.038889 0.021875
0 0.946528 0.492969 0.020833 0.015625
0 0.760417 0.491406 0.020833 0.00625
0 0.621528 0.467578 0.009722 0.017969
0 0.672222 0.468359 0.013889 0.013281
