0 0.966667 0.769922 0.030556 0.022656
0 0.645833 0.758203 0.038889 0.027344
0 0.716667 0.826953 0.036111 0.035156
0 0.691667 0.750391 0.025 0.019531
0 0.524306 0.654297 0.076389 0.035156
0 0.567361 0.640625 0.045833 0.035938
0 0.471528 0.635938 0.045833 0.014063
0 0.361111 0.6125 0.025 0.010938
0 0.716667 0.733984 0.030556 0.021094
0 0.013889 0.608984 0.025 0.016406
0 0.239583 0.560937 0.040278 0.023438
0 0.026389 0.467188 0.05 0.035938
0 0.065972 0.466797 0.031944 0.017969
0 0.747222 0.494141 0.019444 0.019531
0 0.7375 0.466406 0.044444 0.026563
0 0.692361 0.471875 0.043056 0.026563
0 0.6375 0.496094 0.013889 0.028125
0 0.086806 0.407813 0.048611 0.025
0 0.099306 0.390234 0.020833 0.014844
0 0.544444 0.380078 0.069444 0.035156
0 0.593056 0.373438 0.013889 0.004688
0 0.515972 0.334375 0.054167 0.042188
0 0.690972 0.972656 0.0625 0.03125
