0 0.547917 0.121094 0.0375 0.034375
0 0.320139 0.123438 0.048611 0.035938
0 0.366667 0.185547 0.080556 0.035156
0 0.6 0.252344 0.047222 0.028125
0 0.267361 0.370703 0.068056 0.035156
0 0.405556 0.306641 0.047222 0.032031
0 0.496528 0.34375 0.020833 0.017188
0 0.704861 0.410547 0.070833 0.041406
0 0.513194 0.253516 0.031944 0.025781
0 0.571528 0.406641 0.048611 0.025781
0 0.602083 0.566797 0.079167 0.042969
0 0.638889 0.547656 0.080556 0.025
0 0.564583 0.487109 0.0375 0.016406
0 0.3 0.486328 0.025 0.027344
0 0.070833 0.550391 0.044444 0.027344
0 0.374306 0.583594 0.073611 0.040625
0 0.415278 0.598828 0.044444 0.025781
0 0.407639 0.565625 0.0375 0.032813
0 0.513194 0.635156 0.059722 0.0375
0 0.463194 0.65625 0.065278 0.023438
0 0.168056 0.6125 0.066667 0.032813
0 0.284722 0.667188 0.022222 0.014063
0 0.308333 0.651563 0.019444 0.0125
0 0.345833 0.650781 0.016667 0.009375
0 0.39375 0.639063 0.034722 0.020313
0 0.320139 0.732422 0.026389 0.017969
0 0.691667 0.433594 0.063889 0.032813
0 0.2 0.684766 0.05 0.017969
0 0.548611 0.325781 0.038889 0.021875
