0 0.436806 0.671094 0.031944 0.00625
0 0.50625 0.672656 0.054167 0.028125
0 0.016667 0.657422 0.033333 0.032031
0 0.029861 0.644531 0.034722 0.025
0 0.4375 0.591016 0.041667 0.021094
0 0.25625 0.555078 0.045833 0.025781
0 0.795833 0.570703 0.027778 0.014844
0 0.690278 0.541016 0.041667 0.019531
0 0.726389 0.515625 0.05 0.026563
0 0.759722 0.501172 0.044444 0.022656
0 0.567361 0.480078 0.054167 0.030469
0 0.609028 0.482031 0.0375 0.021875
0 0.644444 0.504297 0.036111 0.022656
0 0.586111 0.430469 0.05 0.028125
0 0.604167 0.425 0.027778 0.03125
0 0.546528 0.39375 0.034722 0.014063
0 0.541667 0.408984 0.036111 0.028906
0 0.465278 0.424219 0.047222 0.025
0 0.405556 0.364844 0.047222 0.028125
0 0.177083 0.499219 0.0375 0.015625
0 0.165972 0.461328 0.031944 0.010156
0 0.202778 0.469531 0.041667 0.023438
0 0.94375 0.335938 0.054167 0.020313
0 0.554167 0.202734 0.033333 0.017969
0 0.563889 0.236328 0.025 0.016406
0 0.550694 0.251172 0.020833 0.007031
0 0.429861 0.350781 0.023611 0.021875
