0 0.102083 0.1625 0.048611 0.029688
0 0.116667 0.224609 0.055556 0.030469
0 0.156944 0.240625 0.044444 0.026563
0 0.248611 0.318359 0.044444 0.024219
0 0.121528 0.332422 0.051389 0.033594
0 0.149306 0.433594 0.0375 0.020313
0 0.761111 0.451953 0.019444 0.014844
0 0.7 0.503125 0.052778 0.035938
0 0.626389 0.421484 0.033333 0.022656
0 0.572917 0.414062 0.026389 0.014063
0 0.125 0.605469 0.061111 0.0375
0 0.401389 0.648828 0.038889 0.024219
0 0.6625 0.709375 0.055556 0.035938
0 0.6125 0.662891 0.038889 0.019531
0 0.338889 0.652344 0.047222 0.021875
0 0.543056 0.708203 0.044444 0.021094
0 0.070139 0.141016 0.054167 0.027344
0 0.158333 0.389063 0.030556 0.017188
0 0.122222 0.393359 0.047222 0.030469
0 0.096528 0.242188 0.040278 0.020313
0 0.954167 0.099219 0.027778 0.028125
0 0.921528 0.087109 0.068056 0.030469
0 0.740972 0.328516 0.031944 0.010156
0 0.747917 0.352344 0.040278 0.021875
0 0.991667 0.44375 0.013889 0.023438
0 0.782639 0.430078 0.015278 0.007031
0 0.677083 0.430859 0.0625 0.032031
0 0.720139 0.426953 0.031944 0.024219
0 0.680556 0.408984 0.047222 0.011719
0 0.604861 0.688672 0.034722 0.021094
0 0.479167 0.594531 0.036111 0.015625
0 0.466667 0.608984 0.013889 0.013281
0 0.534028 0.619141 0.031944 0.022656
0 0.709722 0.59375 0.022222 0.010938
0 0.75625 0.560156 0.023611 0.010938
0 0.402083 0.765625 0.0375 0.020313
0 0.802083 0.454297 0.059722 0.036719
0 0.011111 0.455469 0.019444 0.01875
0 0.0125 0.558984 0.022222 0.019531
0 0.072917 0.596875 0.029167 0.010938
0 0.40625 0.671875 0.034722 0.023438
0 0.222917 0.626563 0.031944 0.020313
0 0.166667 0.496875 0.033333 0.010938
0 0.204861 0.507422 0.048611 0.017969
