0 0.961111 0.975391 0.058333 0.047656
0 0.898611 0.85625 0.080556 0.042188
0 0.172222 0.817969 0.036111 0.025
0 0.788194 0.690625 0.051389 0.034375
0 0.786111 0.716016 0.041667 0.019531
0 0.263194 0.707422 0.043056 0.027344
0 0.188194 0.710156 0.054167 0.034375
0 0.1 0.666797 0.063889 0.024219
0 0.145833 0.621875 0.038889 0.020313
0 0.102083 0.517188 0.070833 0.039062
0 0.133333 0.527344 0.058333 0.034375
0 0.211111 0.515234 0.058333 0.024219
0 0.263194 0.503516 0.070833 0.039844
0 0.264583 0.542578 0.059722 0.039844
0 0.325 0.544141 0.05 0.033594
0 0.279167 0.573438 0.041667 0.023438
0 0.308333 0.589453 0.033333 0.027344
0 0.420833 0.522266 0.075 0.039844
0 0.505556 0.435156 0.075 0.0375
0 0.781944 0.454297 0.036111 0.013281
0 0.726389 0.486328 0.027778 0.014844
0 0.966667 0.45 0.063889 0.0625
0 0.203472 0.427344 0.059722 0.029688
0 0.036806 0.299219 0.073611 0.05625
0 0.190972 0.354297 0.054167 0.038281
0 0.336111 0.365625 0.013889 0.014063
0 0.358333 0.335547 0.033333 0.022656
0 0.469444 0.205859 0.038889 0.024219
0 0.467361 0.174219 0.034722 0.021875
0 0.431944 0.010547 0.033333 0.021094
0 0.795833 0.092188 0.072222 0.039062
0 0.013889 0.852734 0.025 0.019531
