0 0.982639 0.485156 0.031944 0.046875
0 0.884722 0.50625 0.041667 0.020313
0 0.895833 0.523828 0.038889 0.017969
0 0.886111 0.545312 0.05 0.021875
0 0.476389 0.555859 0.047222 0.025781
0 0.571528 0.400391 0.031944 0.017969
0 0.022917 0.372656 0.0375 0.021875
0 0.011111 0.398438 0.019444 0.014063
0 0.390972 0.625 0.0375 0.020313
0 0.308333 0.669141 0.036111 0.021094
0 0.155556 0.700781 0.038889 0.023438
0 0.86875 0.727344 0.040278 0.021875
0 0.888889 0.749609 0.041667 0.022656
0 0.839583 0.763281 0.031944 0.021875
0 0.875 0.773828 0.041667 0.024219
0 0.421528 0.762891 0.059722 0.033594
0 0.478472 0.730859 0.026389 0.019531
0 0.455556 0.738281 0.025 0.015625
0 0.297222 0.7625 0.047222 0.023438
0 0.161806 0.821875 0.040278 0.023438
0 0.780556 0.181641 0.05 0.035156
0 0.655556 0.167188 0.061111 0.035938
0 0.909722 0.392969 0.083333 0.04375
0 0.928472 0.444141 0.048611 0.025781
0 0.813194 0.46875 0.045833 0.023438
0 0.511111 0.390625 0.022222 0.007812
0 0.523611 0.407813 0.013889 0.010938
0 0.758333 0.498047 0.058333 0.022656
0 0.554167 0.516406 0.055556 0.021875
0 0.532639 0.499609 0.054167 0.033594
0 0.831944 0.583594 0.055556 0.026563
0 0.479861 0.482813 0.031944 0.021875
0 0.443056 0.485547 0.055556 0.028906
0 0.445139 0.465234 0.040278 0.011719
0 0.398611 0.479297 0.055556 0.033594
0 0.254861 0.646094 0.0375 0.020313
0 0.097222 0.704297 0.05 0.019531
0 0.385417 0.683594 0.034722 0.025
0 0.3875 0.714063 0.038889 0.017188
0 0.377778 0.741797 0.030556 0.014844
0 0.345139 0.471094 0.015278 0.0125
0 0.693056 0.172266 0.027778 0.041406
0 0.161806 0.726172 0.034722 0.022656
