0 0.503472 0.044922 0.076389 0.046094
0 0.629861 0.237109 0.048611 0.032031
0 0.569444 0.230469 0.069444 0.035938
0 0.577083 0.265625 0.073611 0.035938
0 0.649306 0.301953 0.026389 0.024219
0 0.609722 0.298828 0.066667 0.033594
0 0.623611 0.380078 0.036111 0.019531
0 0.7 0.339453 0.058333 0.033594
0 0.677778 0.350391 0.041667 0.025781
0 0.627083 0.351562 0.068056 0.042188
0 0.596528 0.337109 0.031944 0.010156
0 0.638889 0.414844 0.063889 0.034375
0 0.513889 0.4125 0.058333 0.028125
0 0.477083 0.4 0.043056 0.021875
0 0.406944 0.407813 0.061111 0.023438
0 0.39375 0.423047 0.023611 0.011719
0 0.472917 0.466797 0.045833 0.036719
0 0.397917 0.466797 0.034722 0.011719
0 0.374306 0.482422 0.0125 0.008594
0 0.458333 0.507422 0.030556 0.021094
0 0.622917 0.482813 0.068056 0.035938
0 0.6625 0.508984 0.077778 0.042969
0 0.641667 0.522656 0.047222 0.025
0 0.686806 0.551953 0.040278 0.019531
0 0.7625 0.565625 0.061111 0.026563
0 0.620833 0.611719 0.030556 0.021875
0 0.525 0.665625 0.036111 0.029688
0 0.697917 0.60625 0.056944 0.026563
0 0.822917 0.628906 0.020833 0.00625
0 0.813194 0.669922 0.020833 0.013281
0 0.767361 0.654688 0.034722 0.010938
0 0.793056 0.723047 0.011111 0.007031
0 0.949306 0.702734 0.056944 0.028906
0 0.894444 0.696094 0.036111 0.03125
0 0.872917 0.728516 0.068056 0.035156
0 0.934028 0.731641 0.043056 0.032031
0 0.725694 0.723438 0.070833 0.042188
0 0.597917 0.712109 0.048611 0.042969
0 0.540278 0.753125 0.066667 0.035938
0 0.490972 0.771484 0.0625 0.027344
0 0.645139 0.763672 0.0625 0.035156
0 0.664583 0.798828 0.056944 0.035156
0 0.591667 0.523828 0.013889 0.014844
0 0.596528 0.798828 0.065278 0.035156
0 0.541667 0.875 0.047222 0.0125
0 0.4375 0.899219 0.066667 0.045313
0 0.445833 0.864063 0.016667 0.0125
0 0.490278 0.827344 0.055556 0.029688
0 0.473611 0.802344 0.016667 0.009375
0 0.457639 0.807422 0.018056 0.008594
0 0.275 0.802344 0.063889 0.029688
0 0.24375 0.791406 0.015278 0.009375
0 0.247917 0.706641 0.023611 0.027344
0 0.348611 0.676172 0.013889 0.003906
0 0.327778 0.654297 0.027778 0.005469
0 0.447917 0.672266 0.026389 0.014844
0 0.418056 0.648438 0.061111 0.032813
0 0.332639 0.717969 0.054167 0.025
0 0.341667 0.414453 0.019444 0.005469
0 0.215972 0.542969 0.065278 0.0375
0 0.092361 0.563281 0.023611 0.021875
0 0.160417 0.547656 0.056944 0.034375
0 0.165278 0.514062 0.05 0.039062
0 0.026389 0.642969 0.036111 0.014063
0 0.982639 0.585938 0.029167 0.026563
0 0.838889 0.985938 0.055556 0.026563
0 0.124306 0.958984 0.070833 0.035156
