0 0.111111 0.419531 0.061111 0.034375
0 0.070139 0.338281 0.068056 0.035938
0 0.063194 0.314063 0.065278 0.029688
0 0.061806 0.578906 0.054167 0.03125
0 0.218056 0.555078 0.033333 0.016406
0 0.247917 0.586719 0.023611 0.021875
0 0.614583 0.562891 0.0625 0.038281
0 0.579167 0.550781 0.044444 0.0375
0 0.681944 0.556641 0.063889 0.038281
0 0.607639 0.692969 0.045833 0.028125
0 0.872222 0.710938 0.058333 0.032813
0 0.841667 0.740234 0.036111 0.027344
0 0.325 0.657422 0.038889 0.016406
0 0.253472 0.610156 0.031944 0.0125
0 0.638194 0.496484 0.056944 0.021094
0 0.281944 0.582813 0.025 0.014063
0 0.802778 0.651563 0.033333 0.020313
0 0.549306 0.388281 0.045833 0.025
0 0.597917 0.385156 0.045833 0.021875
0 0.833333 0.524219 0.033333 0.01875
0 0.45 0.662109 0.036111 0.028906
0 0.063194 0.419922 0.023611 0.010156
0 0.015278 0.185938 0.027778 0.021875
0 0.68125 0.501172 0.031944 0.016406
0 0.711806 0.105078 0.048611 0.028906
0 0.688194 0.298828 0.029167 0.022656
0 0.845139 0.441797 0.043056 0.011719
0 0.520139 0.578906 0.031944 0.0125
0 0.61875 0.533203 0.009722 0.005469
0 0.608333 0.724609 0.041667 0.021094
0 0.479861 0.353125 0.023611 0.017188
0 0.855556 0.589453 0.013889 0.013281
0 0.495833 0.351172 0.016667 0.013281
0 0.010417 0.205078 0.0125 0.008594
0 0.036111 0.194531 0.016667 0.017188
0 0.713889 0.2625 0.019444 0.017188
0 0.811806 0.726172 0.045833 0.025781
