0 0.747222 0.170313 0.033333 0.026563
0 0.536806 0.175781 0.048611 0.039062
0 0.564583 0.237109 0.081944 0.036719
0 0.011111 0.314063 0.019444 0.023438
0 0.811806 0.294531 0.051389 0.028125
0 0.714583 0.298438 0.040278 0.020313
0 0.492361 0.416016 0.068056 0.033594
0 0.047222 0.417578 0.036111 0.024219
0 0.020139 0.445312 0.034722 0.020313
0 0.070139 0.451563 0.020833 0.017188
0 0.105556 0.441406 0.022222 0.0125
0 0.128472 0.437891 0.018056 0.008594
0 0.797917 0.443359 0.048611 0.025781
0 0.888889 0.603906 0.080556 0.046875
0 0.915972 0.580469 0.079167 0.021875
0 0.288889 0.594922 0.05 0.025781
0 0.427778 0.648828 0.041667 0.030469
0 0.644444 0.617969 0.075 0.040625
0 0.754861 0.674609 0.065278 0.033594
0 0.595833 0.698828 0.041667 0.033594
0 0.709028 0.385156 0.034722 0.01875
0 0.754167 0.367188 0.044444 0.029688
0 0.910417 0.305469 0.020833 0.01875
0 0.695833 0.515625 0.016667 0.014063
0 0.65 0.759766 0.05 0.017969
0 0.5125 0.529687 0.055556 0.029688
