0 0.786806 0.224609 0.070833 0.038281
0 0.86875 0.204297 0.029167 0.035156
0 0.983333 0.246094 0.030556 0.0375
0 0.963889 0.189844 0.069444 0.04375
0 0.791667 0.263281 0.080556 0.040625
0 0.848611 0.296094 0.080556 0.05
0 0.629861 0.58125 0.048611 0.039062
0 0.586111 0.577344 0.041667 0.03125
0 0.859028 0.375391 0.043056 0.042969
0 0.884028 0.35625 0.073611 0.034375
0 0.980556 0.331641 0.036111 0.035156
0 0.988889 0.382812 0.019444 0.039062
0 0.978472 0.491016 0.040278 0.036719
0 0.654861 0.416797 0.056944 0.038281
0 0.284722 0.719141 0.033333 0.027344
0 0.28125 0.757031 0.081944 0.05
0 0.940278 0.204688 0.05 0.023438
0 0.95 0.236719 0.058333 0.025
0 0.829861 0.246094 0.043056 0.0125
0 0.768056 0.39375 0.027778 0.039062
0 0.844444 0.473438 0.041667 0.032813
0 0.735417 0.490234 0.020833 0.016406
0 0.7625 0.573047 0.033333 0.027344
0 0.247917 0.674219 0.020833 0.017188
