0 0.406944 0.228516 0.066667 0.036719
0 0.158333 0.307422 0.041667 0.035156
0 0.208333 0.315234 0.083333 0.042969
0 0.538194 0.385156 0.054167 0.040625
0 0.472917 0.378906 0.076389 0.039062
0 0.499306 0.439063 0.0625 0.042188
0 0.55 0.432031 0.069444 0.046875
0 0.620833 0.416797 0.072222 0.041406
0 0.651389 0.434375 0.066667 0.035938
0 0.725 0.448438 0.052778 0.032813
0 0.765278 0.485156 0.052778 0.0375
0 0.888194 0.470703 0.0625 0.030469
0 0.8375 0.478906 0.058333 0.03125
0 0.770139 0.444141 0.068056 0.039844
0 0.642361 0.564453 0.040278 0.021094
0 0.3375 0.598438 0.072222 0.042188
0 0.093056 0.6375 0.05 0.032813
0 0.477778 0.646484 0.019444 0.025781
0 0.440972 0.655078 0.051389 0.022656
0 0.846528 0.721875 0.059722 0.032813
0 0.809028 0.740625 0.070833 0.039062
0 0.508333 0.480859 0.058333 0.032031
0 0.394444 0.728516 0.075 0.033594
0 0.411111 0.758594 0.075 0.046875
0 0.365278 0.785156 0.075 0.040625
0 0.227083 0.778125 0.073611 0.042188
0 0.15625 0.819922 0.068056 0.039844
0 0.215972 0.826172 0.073611 0.038281
0 0.277778 0.814844 0.019444 0.021875
0 0.070139 0.824609 0.084722 0.046094
0 0.053472 0.799219 0.045833 0.015625
0 0.860417 0.677344 0.045833 0.015625
0 0.584028 0.805469 0.043056 0.025
