0 0.46875 0.421484 0.056944 0.030469
0 0.461111 0.440625 0.05 0.014063
0 0.416667 0.431641 0.05 0.035156
0 0.454167 0.396875 0.055556 0.032813
0 0.635417 0.3375 0.045833 0.023438
0 0.177778 0.464063 0.041667 0.023438
0 0.317361 0.447656 0.045833 0.021875
0 0.426389 0.603516 0.025 0.027344
0 0.459722 0.586719 0.047222 0.025
0 0.436806 0.614844 0.026389 0.0125
0 0.583333 0.349219 0.013889 0.01875
0 0.71875 0.269922 0.054167 0.032031
0 0.681944 0.244922 0.044444 0.021094
0 0.665278 0.264063 0.047222 0.026563
0 0.388194 0.395313 0.045833 0.015625
0 0.565972 0.457031 0.051389 0.029688
0 0.6875 0.397656 0.038889 0.021875
0 0.152778 0.580859 0.052778 0.028906
0 0.1625 0.532031 0.05 0.01875
0 0.95625 0.604688 0.059722 0.029688
0 0.881944 0.579297 0.027778 0.021094
0 0.857639 0.625781 0.031944 0.015625
0 0.840278 0.614063 0.036111 0.020313
0 0.545139 0.619531 0.029167 0.028125
0 0.520139 0.647266 0.0375 0.019531
0 0.572222 0.239844 0.019444 0.014063
0 0.404167 0.557813 0.038889 0.021875
0 0.253472 0.61875 0.040278 0.020313
0 0.533333 0.448047 0.025 0.016406
0 0.518056 0.491016 0.019444 0.014844
0 0.09375 0.471094 0.0375 0.021875
0 0.00625 0.517969 0.0125 0.025
0 0.166667 0.629688 0.025 0.029688
0 0.303472 0.516797 0.0125 0.008594
0 0.495139 0.50625 0.0125 0.007812
0 0.445139 0.658594 0.020833 0.0125
0 0.020833 0.198047 0.038889 0.030469
