0 0.566667 0.635547 0.080556 0.038281
0 0.427778 0.057813 0.080556 0.042188
0 0.368056 0.109766 0.05 0.030469
0 0.370139 0.503125 0.104167 0.054688
0 0.3 0.477734 0.052778 0.049219
0 0.185417 0.392969 0.043056 0.0125
0 0.153472 0.365625 0.051389 0.017188
0 0.238889 0.440234 0.058333 0.030469
0 0.263889 0.410547 0.052778 0.028906
0 0.3625 0.392188 0.047222 0.032813
0 0.401389 0.451563 0.063889 0.057813
0 0.233333 0.725781 0.052778 0.034375
0 0.540972 0.458594 0.051389 0.01875
0 0.509722 0.497656 0.05 0.03125
0 0.979167 0.347656 0.036111 0.046875
0 0.285417 0.570703 0.040278 0.024219
0 0.202083 0.466797 0.0625 0.022656
0 0.500694 0.807813 0.020833 0.029688
0 0.464583 0.805078 0.068056 0.041406
0 0.041667 0.682813 0.036111 0.042188
0 0.011111 0.621875 0.019444 0.023438
