0 0.651389 0.089063 0.052778 0.032813
0 0.852778 0.121875 0.036111 0.020313
0 0.891667 0.115625 0.041667 0.026563
0 0.829861 0.144922 0.056944 0.039844
0 0.872917 0.162109 0.029167 0.021094
0 0.795139 0.180078 0.020833 0.022656
0 0.848611 0.232422 0.052778 0.033594
0 0.854167 0.289844 0.055556 0.023438
0 0.958333 0.328906 0.047222 0.026563
0 0.886806 0.344531 0.051389 0.01875
0 0.947222 0.402344 0.013889 0.021875
0 0.956944 0.447266 0.05 0.030469
0 0.938889 0.524219 0.05 0.028125
0 0.981944 0.547266 0.033333 0.027344
0 0.992361 0.619531 0.0125 0.009375
0 0.858333 0.658594 0.041667 0.025
0 0.718056 0.649609 0.011111 0.010156
0 0.650694 0.627344 0.051389 0.034375
0 0.927778 0.796094 0.030556 0.015625
0 0.740278 0.803516 0.052778 0.038281
0 0.804167 0.822266 0.066667 0.046094
0 0.7375 0.536719 0.022222 0.009375
0 0.706944 0.560937 0.05 0.025
0 0.520139 0.573438 0.056944 0.032813
0 0.509722 0.657031 0.027778 0.01875
0 0.476389 0.629688 0.033333 0.017188
0 0.38125 0.690234 0.043056 0.030469
0 0.364583 0.620313 0.026389 0.017188
0 0.440972 0.592969 0.0375 0.028125
0 0.764583 0.423047 0.048611 0.033594
0 0.821528 0.443359 0.031944 0.017969
0 0.748611 0.35625 0.061111 0.039062
0 0.736111 0.371875 0.025 0.017188
0 0.620833 0.416797 0.061111 0.035156
0 0.555556 0.421875 0.052778 0.028125
0 0.574306 0.311719 0.043056 0.01875
0 0.573611 0.273438 0.044444 0.025
0 0.595833 0.218359 0.055556 0.028906
0 0.627778 0.198438 0.052778 0.032813
0 0.485417 0.497266 0.020833 0.010156
0 0.045139 0.764453 0.051389 0.028906
0 0.121528 0.473828 0.0125 0.014844
0 0.188194 0.492969 0.031944 0.025
0 0.005556 0.328516 0.008333 0.017969
0 0.00625 0.430469 0.009722 0.021875
0 0.089583 0.475 0.054167 0.026563
0 0.040278 0.477734 0.05 0.025781
0 0.004861 0.486719 0.006944 0.015625
0 0.240278 0.6375 0.008333 0.00625
0 0.205556 0.600391 0.025 0.008594
0 0.192361 0.660547 0.015278 0.014844
0 0.048611 0.648047 0.027778 0.008594
0 0.050694 0.657813 0.031944 0.020313
0 0.080556 0.664453 0.030556 0.021094
0 0.151389 0.507031 0.038889 0.01875
0 0.088889 0.601172 0.022222 0.008594
