0 0.494444 0.257422 0.058333 0.032031
0 0.344444 0.254688 0.080556 0.048438
0 0.636111 0.299609 0.025 0.017969
0 0.588889 0.342188 0.080556 0.035938
0 0.615972 0.403125 0.079167 0.040625
0 0.498611 0.385938 0.027778 0.021875
0 0.424306 0.395703 0.034722 0.011719
0 0.270139 0.440234 0.051389 0.035156
0 0.359028 0.434766 0.068056 0.030469
0 0.402083 0.448828 0.015278 0.010156
0 0.326389 0.463281 0.022222 0.009375
0 0.350694 0.552344 0.018056 0.004688
0 0.301389 0.601562 0.013889 0.007812
0 0.307639 0.626172 0.018056 0.013281
0 0.315972 0.626172 0.015278 0.014844
0 0.315972 0.642578 0.018056 0.024219
0 0.352778 0.644922 0.052778 0.027344
0 0.332639 0.717188 0.054167 0.035938
0 0.323611 0.701563 0.022222 0.007812
0 0.429861 0.685938 0.0375 0.035938
0 0.404167 0.719531 0.058333 0.04375
0 0.526389 0.453516 0.05 0.036719
0 0.482639 0.445703 0.051389 0.033594
0 0.50625 0.533984 0.020833 0.019531
0 0.588889 0.519531 0.030556 0.020313
0 0.615972 0.539844 0.004167 0.003125
0 0.611111 0.532031 0.025 0.0125
0 0.688889 0.549219 0.052778 0.021875
0 0.651389 0.522656 0.066667 0.039062
0 0.748611 0.541016 0.011111 0.014844
0 0.671528 0.492578 0.0125 0.003906
0 0.709722 0.478906 0.013889 0.007812
0 0.700694 0.489453 0.034722 0.024219
0 0.795139 0.488672 0.056944 0.033594
0 0.905556 0.516016 0.019444 0.016406
0 0.81875 0.525781 0.020833 0.023438
0 0.840972 0.521484 0.006944 0.007031
0 0.825694 0.562891 0.018056 0.013281
0 0.804861 0.614453 0.070833 0.030469
0 0.990972 0.642188 0.0125 0.01875
0 0.897222 0.652734 0.047222 0.011719
0 0.886111 0.701953 0.027778 0.013281
0 0.930556 0.725781 0.008333 0.015625
0 0.938889 0.677344 0.05 0.028125
0 0.705556 0.595313 0.030556 0.017188
0 0.659722 0.615234 0.033333 0.024219
0 0.654861 0.7375 0.026389 0.01875
0 0.714583 0.797656 0.054167 0.0375
0 0.748611 0.789062 0.072222 0.039062
0 0.822917 0.752344 0.056944 0.032813
0 0.811111 0.795703 0.022222 0.030469
0 0.759722 0.870313 0.072222 0.032813
0 0.763889 0.903516 0.047222 0.035156
0 0.7 0.911719 0.036111 0.026563
0 0.433333 0.608594 0.036111 0.01875
