0 0.102083 0.232031 0.043056 0.025
0 0.177778 0.251172 0.038889 0.019531
0 0.155556 0.269141 0.025 0.014844
0 0.208333 0.299609 0.047222 0.028906
0 0.2375 0.307813 0.038889 0.020313
0 0.059028 0.365234 0.054167 0.030469
0 0.021528 0.532031 0.040278 0.03125
0 0.144444 0.405078 0.044444 0.022656
0 0.101389 0.421875 0.038889 0.020313
0 0.178472 0.422656 0.034722 0.026563
0 0.253472 0.444141 0.043056 0.019531
0 0.295139 0.371094 0.0375 0.01875
0 0.336806 0.424609 0.045833 0.022656
0 0.3 0.420313 0.038889 0.023438
0 0.477083 0.554688 0.020833 0.017188
0 0.375694 0.600391 0.026389 0.013281
0 0.286111 0.628125 0.033333 0.010938
0 0.132639 0.617969 0.065278 0.034375
0 0.1 0.639063 0.063889 0.032813
0 0.015278 0.698828 0.027778 0.027344
0 0.348611 0.680078 0.055556 0.035156
0 0.28125 0.647656 0.023611 0.009375
0 0.397917 0.678125 0.040278 0.026563
0 0.699306 0.649609 0.059722 0.035156
0 0.057639 0.164062 0.056944 0.028125
0 0.020833 0.3625 0.038889 0.029688
0 0.027083 0.563281 0.031944 0.01875
0 0.181944 0.34375 0.027778 0.007812
0 0.242361 0.323828 0.031944 0.011719
