0 0.823611 0.907813 0.077778 0.05
0 0.08125 0.871094 0.0625 0.040625
0 0.206944 0.757812 0.055556 0.042188
0 0.140278 0.753125 0.05 0.023438
0 0.919444 0.786719 0.047222 0.021875
0 0.7375 0.754297 0.041667 0.028906
0 0.740278 0.723438 0.044444 0.020313
0 0.034722 0.714063 0.036111 0.023438
0 0.711111 0.737891 0.013889 0.014844
0 0.090278 0.663672 0.038889 0.021094
0 0.268056 0.632812 0.044444 0.020313
0 0.022917 0.563672 0.043056 0.039844
0 0.051389 0.569141 0.061111 0.039844
0 0.128472 0.555859 0.059722 0.027344
0 0.185417 0.546094 0.073611 0.0375
0 0.188194 0.583594 0.068056 0.039062
0 0.250694 0.582031 0.054167 0.039062
0 0.348611 0.5625 0.072222 0.032813
0 0.121528 0.471094 0.056944 0.023438
0 0.652778 0.571875 0.036111 0.021875
0 0.421528 0.469531 0.065278 0.0375
0 0.791667 0.474609 0.125 0.055469
0 0.113194 0.389844 0.034722 0.026563
0 0.234028 0.415625 0.020833 0.010938
0 0.611806 0.283594 0.043056 0.023438
0 0.415278 0.242188 0.055556 0.026563
0 0.305556 0.039844 0.013889 0.021875
0 0.660417 0.115625 0.070833 0.042188
0 0.398611 0.207422 0.055556 0.030469
0 0.259028 0.396875 0.045833 0.035938
0 0.234028 0.610938 0.034722 0.020313
0 0.938889 0.887891 0.030556 0.024219
