0 0.98125 0.775781 0.034722 0.046875
0 0.0875 0.81875 0.061111 0.039062
0 0.161806 0.832031 0.0875 0.05
0 0.577083 0.757812 0.073611 0.039062
0 0.594444 0.735938 0.022222 0.020313
0 0.009028 0.734766 0.018056 0.014844
0 0.034722 0.733203 0.016667 0.013281
0 0.076389 0.713672 0.066667 0.036719
0 0.113889 0.722656 0.041667 0.021875
0 0.494444 0.681641 0.036111 0.022656
0 0.544444 0.694922 0.025 0.017969
0 0.621528 0.715625 0.023611 0.014063
0 0.709722 0.73125 0.044444 0.023438
0 0.653472 0.693359 0.0375 0.013281
0 0.6875 0.680078 0.061111 0.033594
0 0.974306 0.727344 0.029167 0.014063
0 0.758333 0.670313 0.030556 0.015625
0 0.823611 0.660938 0.055556 0.042188
0 0.885417 0.642578 0.076389 0.035156
0 0.988194 0.674219 0.0125 0.009375
0 0.939583 0.603125 0.065278 0.032813
0 0.881944 0.605859 0.047222 0.014844
0 0.794444 0.584766 0.044444 0.025781
0 0.860417 0.546094 0.051389 0.026563
0 0.911111 0.542578 0.041667 0.028906
0 0.960417 0.541016 0.068056 0.039844
0 0.993056 0.552734 0.011111 0.022656
0 0.7125 0.476562 0.044444 0.025
0 0.7625 0.371875 0.061111 0.032813
0 0.736806 0.358984 0.020833 0.021094
0 0.877083 0.371484 0.031944 0.013281
0 0.885417 0.397656 0.040278 0.025
0 0.832639 0.388281 0.0125 0.0125
0 0.818056 0.158594 0.077778 0.046875
0 0.6875 0.437109 0.022222 0.035156
0 0.625 0.553516 0.044444 0.028906
0 0.641667 0.610547 0.061111 0.041406
0 0.690972 0.595703 0.070833 0.041406
