0 0.976389 0.792969 0.044444 0.035938
0 0.845833 0.685547 0.013889 0.016406
0 0.783333 0.65 0.027778 0.010938
0 0.729167 0.614063 0.044444 0.017188
0 0.840972 0.726953 0.0625 0.028906
0 0.813194 0.617578 0.054167 0.033594
0 0.1375 0.605469 0.05 0.034375
0 0.188194 0.600781 0.051389 0.028125
0 0.423611 0.565625 0.038889 0.023438
0 0.399306 0.544141 0.068056 0.027344
0 0.570833 0.585938 0.022222 0.007812
0 0.661111 0.591016 0.044444 0.014844
0 0.69375 0.570703 0.0125 0.007031
0 0.217361 0.448438 0.048611 0.017188
0 0.306944 0.448438 0.077778 0.035938
0 0.030556 0.385547 0.058333 0.041406
0 0.372917 0.389453 0.0375 0.025781
0 0.111111 0.162891 0.058333 0.032031
0 0.040972 0.430859 0.023611 0.011719
0 0.873611 0.353516 0.072222 0.035156
0 0.851389 0.309375 0.069444 0.04375
0 0.849306 0.286328 0.065278 0.021094
0 0.972917 0.929297 0.051389 0.035156
