0 0.036111 0.869922 0.058333 0.049219
0 0.246528 0.707422 0.018056 0.017969
0 0.333333 0.741406 0.069444 0.0375
0 0.761111 0.65625 0.069444 0.045313
0 0.788889 0.676563 0.075 0.034375
0 0.890278 0.703125 0.016667 0.023438
0 0.852083 0.525781 0.059722 0.0375
0 0.020833 0.448438 0.038889 0.029688
0 0.740278 0.360156 0.041667 0.01875
0 0.916667 0.335938 0.086111 0.042188
0 0.865278 0.280859 0.077778 0.036719
0 0.863194 0.314844 0.070833 0.0375
0 0.825 0.366406 0.019444 0.009375
0 0.75625 0.133594 0.084722 0.05625
0 0.949306 0.154297 0.065278 0.039844
0 0.882639 0.201563 0.084722 0.05
0 0.851389 0.216797 0.05 0.033594
0 0.811806 0.412891 0.034722 0.017969
0 0.131944 0.984766 0.077778 0.028906
0 0.8125 0.200781 0.044444 0.04375
0 0.898611 0.260937 0.019444 0.007812
0 0.938889 0.278516 0.097222 0.053906
0 0.990278 0.524219 0.016667 0.014063
