0 0.141667 0.095313 0.052778 0.032813
0 0.113194 0.113281 0.056944 0.03125
0 0.266667 0.149609 0.058333 0.033594
0 0.144444 0.190625 0.052778 0.021875
0 0.036111 0.250391 0.058333 0.032031
0 0.043056 0.278125 0.069444 0.035938
0 0.140972 0.282031 0.054167 0.029688
0 0.286806 0.297656 0.065278 0.035938
0 0.392361 0.194922 0.031944 0.027344
0 0.308333 0.166406 0.036111 0.021875
0 0.302778 0.255078 0.036111 0.014844
0 0.398611 0.369141 0.022222 0.024219
0 0.2875 0.351953 0.066667 0.035156
0 0.022222 0.440625 0.044444 0.028125
0 0.147917 0.513281 0.045833 0.021875
0 0.192361 0.509375 0.043056 0.032813
0 0.215278 0.578516 0.05 0.022656
0 0.21875 0.594141 0.043056 0.014844
0 0.636806 0.301563 0.054167 0.029688
0 0.726389 0.237109 0.055556 0.030469
0 0.825694 0.233203 0.051389 0.032031
0 0.941667 0.265234 0.047222 0.036719
0 0.946528 0.240625 0.043056 0.020313
0 0.934028 0.314063 0.045833 0.023438
0 0.922917 0.336328 0.051389 0.032031
0 0.863889 0.353906 0.047222 0.028125
0 0.697222 0.257031 0.030556 0.015625
0 0.699306 0.360938 0.051389 0.023438
0 0.623611 0.350781 0.044444 0.025
0 0.748611 0.380078 0.044444 0.027344
0 0.643056 0.414062 0.038889 0.020313
0 0.813194 0.436719 0.045833 0.026563
0 0.985417 0.037891 0.026389 0.035156
0 0.893056 0.059766 0.047222 0.033594
0 0.858333 0.051953 0.05 0.032031
0 0.825 0.057031 0.038889 0.0375
0 0.835417 0.134375 0.0375 0.03125
0 0.831944 0.180469 0.033333 0.015625
0 0.672222 0.482813 0.058333 0.032813
0 0.161111 0.408984 0.041667 0.019531
0 0.886806 0.647656 0.0625 0.04375
0 0.820139 0.657813 0.065278 0.035938
0 0.565278 0.720313 0.044444 0.028125
0 0.431944 0.733203 0.036111 0.024219
0 0.379861 0.74375 0.040278 0.028125
0 0.735417 0.7625 0.043056 0.026563
0 0.915972 0.702734 0.045833 0.025781
0 0.826389 0.776953 0.044444 0.017969
0 0.375694 0.238672 0.045833 0.024219
0 0.297917 0.21875 0.034722 0.014063
0 0.226389 0.222656 0.022222 0.014063
0 0.027083 0.208594 0.048611 0.025
0 0.525694 0.781641 0.031944 0.024219
0 0.252083 0.932422 0.059722 0.025781
0 0.76875 0.228906 0.0625 0.025
0 0.876389 0.035547 0.027778 0.007031
0 0.224306 0.291797 0.029167 0.013281
0 0.419444 0.370703 0.019444 0.021094
0 0.99375 0.401563 0.009722 0.023438
0 0.038194 0.307813 0.026389 0.017188
0 0.029861 0.101172 0.0125 0.021094
0 0.176389 0.249219 0.038889 0.0125
0 0.435417 0.315625 0.029167 0.014063
0 0.323611 0.489844 0.022222 0.025
0 0.321528 0.537109 0.020833 0.010156
0 0.251389 0.832422 0.044444 0.014844
0 0.241667 0.789062 0.047222 0.029688
0 0.740278 0.530859 0.044444 0.028906
0 0.863889 0.561719 0.058333 0.028125
