0 0.291667 0.6875 0.069444 0.039062
0 0.347917 0.667188 0.0625 0.034375
0 0.201389 0.608594 0.052778 0.0375
0 0.101389 0.646875 0.05 0.028125
0 0.038194 0.519141 0.065278 0.036719
0 0.040278 0.496875 0.05 0.017188
0 0.104167 0.516406 0.055556 0.03125
0 0.197222 0.529687 0.030556 0.023438
0 0.405556 0.510547 0.052778 0.024219
0 0.415972 0.4875 0.048611 0.029688
0 0.477083 0.472266 0.023611 0.013281
0 0.454167 0.4875 0.016667 0.007812
0 0.157639 0.522656 0.015278 0.017188
0 0.140972 0.542969 0.056944 0.028125
0 0.656944 0.614844 0.016667 0.01875
0 0.703472 0.632812 0.0375 0.014063
0 0.832639 0.521484 0.043056 0.021094
0 0.777778 0.479688 0.036111 0.017188
0 0.815278 0.491797 0.016667 0.014844
0 0.668056 0.471875 0.036111 0.017188
0 0.683333 0.441406 0.036111 0.021875
0 0.190972 0.335938 0.048611 0.023438
0 0.15 0.342188 0.05 0.028125
0 0.202083 0.258984 0.068056 0.028906
0 0.217361 0.058203 0.023611 0.024219
0 0.321528 0.335156 0.068056 0.032813
0 0.297917 0.392578 0.056944 0.033594
0 0.395139 0.550391 0.026389 0.010156
0 0.415278 0.389063 0.030556 0.021875
0 0.984722 0.554297 0.027778 0.021094
0 0.975 0.625781 0.041667 0.021875
0 0.381944 0.503516 0.030556 0.024219
