0 0.449306 0.409375 0.0625 0.032813
0 0.420833 0.383594 0.05 0.032813
0 0.386111 0.417578 0.052778 0.032031
0 0.35 0.384766 0.038889 0.014844
0 0.44375 0.429688 0.048611 0.01875
0 0.125 0.453516 0.047222 0.025781
0 0.409028 0.596875 0.0625 0.032813
0 0.561111 0.332031 0.019444 0.01875
0 0.611111 0.320703 0.047222 0.028906
0 0.269444 0.437109 0.047222 0.025781
0 0.449306 0.575781 0.051389 0.020313
0 0.506944 0.640625 0.05 0.01875
0 0.126389 0.525391 0.044444 0.017969
0 0.456944 0.490625 0.030556 0.023438
0 0.141667 0.615625 0.041667 0.021875
0 0.247917 0.510547 0.0375 0.011719
0 0.686806 0.244531 0.048611 0.0125
0 0.639583 0.229297 0.040278 0.022656
0 0.625694 0.246094 0.045833 0.025
0 0.532639 0.219922 0.029167 0.019531
0 0.53125 0.44375 0.048611 0.029688
0 0.392361 0.550391 0.020833 0.014844
0 0.409028 0.553125 0.015278 0.015625
0 0.477083 0.194531 0.018056 0.009375
0 0.106944 0.571094 0.041667 0.021875
0 0.666667 0.387891 0.025 0.014844
0 0.655556 0.376953 0.025 0.008594
0 0.915972 0.588672 0.059722 0.027344
0 0.819444 0.607031 0.041667 0.021875
0 0.795833 0.601172 0.033333 0.014844
0 0.848611 0.563281 0.027778 0.01875
