0 0.090972 0.371484 0.048611 0.032031
0 0.195139 0.301172 0.056944 0.033594
0 0.045139 0.260547 0.051389 0.032031
0 0.05 0.387109 0.055556 0.024219
0 0.034722 0.504688 0.058333 0.029688
0 0.417361 0.663672 0.043056 0.024219
0 0.407639 0.622266 0.048611 0.022656
0 0.499306 0.644531 0.054167 0.028125
0 0.390278 0.658203 0.016667 0.010156
0 0.014583 0.708984 0.026389 0.030469
0 0.173611 0.274609 0.05 0.022656
0 0.161806 0.44375 0.059722 0.032813
0 0.125 0.426953 0.041667 0.022656
0 0.579167 0.283594 0.061111 0.032813
0 0.663194 0.260937 0.026389 0.025
0 0.153472 0.289062 0.031944 0.020313
0 0.695139 0.428125 0.0625 0.023438
0 0.86875 0.539844 0.059722 0.0375
0 0.971528 0.430078 0.045833 0.030469
0 0.981944 0.221875 0.033333 0.029688
0 0.974306 0.362109 0.0375 0.017969
0 0.890972 0.723047 0.0375 0.030469
0 0.634028 0.413672 0.031944 0.011719
0 0.009028 0.489063 0.018056 0.029688
0 0.678472 0.535156 0.034722 0.014063
0 0.695833 0.689844 0.041667 0.025
0 0.629167 0.299609 0.05 0.027344
