0 0.084722 0.046484 0.066667 0.038281
0 0.051389 0.148828 0.083333 0.047656
0 0.165972 0.182031 0.070833 0.0375
0 0.175694 0.207031 0.040278 0.01875
0 0.200694 0.258203 0.076389 0.038281
0 0.0875 0.285156 0.075 0.034375
0 0.039583 0.273047 0.051389 0.027344
0 0.923611 0.510938 0.027778 0.010938
0 0.219444 0.448438 0.063889 0.032813
0 0.045139 0.412109 0.084722 0.042969
0 0.143056 0.501172 0.066667 0.033594
0 0.227083 0.513281 0.029167 0.01875
0 0.171528 0.517969 0.068056 0.03125
0 0.158333 0.551563 0.052778 0.029688
0 0.059722 0.518359 0.05 0.035156
0 0.013889 0.520313 0.025 0.020313
0 0.363889 0.647266 0.041667 0.028906
0 0.075 0.571094 0.019444 0.015625
