0 0.413194 0.775 0.045833 0.025
0 0.40625 0.725 0.0625 0.0375
0 0.58125 0.746484 0.054167 0.033594
0 0.539583 0.745313 0.0375 0.025
0 0.495833 0.682031 0.022222 0.01875
0 0.13125 0.723438 0.0375 0.029688
0 0.241667 0.715234 0.069444 0.035156
0 0.088889 0.665625 0.041667 0.029688
0 0.324306 0.684766 0.006944 0.021094
0 0.390278 0.672656 0.033333 0.034375
0 0.351389 0.645313 0.036111 0.017188
0 0.379861 0.635938 0.045833 0.020313
0 0.457639 0.598438 0.0125 0.007812
0 0.329167 0.526172 0.025 0.022656
0 0.246528 0.628906 0.026389 0.020313
0 0.10625 0.604688 0.070833 0.035938
0 0.666667 0.610547 0.008333 0.007031
0 0.074306 0.630469 0.065278 0.025
0 0.159722 0.517188 0.044444 0.020313
0 0.205556 0.473047 0.036111 0.024219
0 0.168056 0.444531 0.022222 0.0125
0 0.311806 0.461328 0.070833 0.039844
0 0.472222 0.514062 0.047222 0.025
0 0.495139 0.478125 0.051389 0.028125
0 0.44375 0.445703 0.056944 0.028906
0 0.381944 0.388672 0.027778 0.019531
0 0.271528 0.425781 0.073611 0.021875
0 0.263194 0.405859 0.065278 0.036719
0 0.320833 0.364844 0.066667 0.04375
0 0.383333 0.314063 0.075 0.039062
0 0.393056 0.278906 0.027778 0.021875
0 0.391667 0.234766 0.052778 0.032031
0 0.150694 0.235156 0.051389 0.035938
0 0.215972 0.277734 0.059722 0.030469
0 0.1875 0.383594 0.058333 0.034375
0 0.135417 0.372656 0.045833 0.029688
0 0.0625 0.360938 0.022222 0.026563
0 0.109722 0.340625 0.033333 0.017188
0 0.122222 0.392188 0.008333 0.007812
0 0.364583 0.441406 0.029167 0.015625
0 0.51875 0.769141 0.029167 0.016406
0 0.385417 0.776563 0.029167 0.017188
