0 0.96875 0.414062 0.045833 0.023438
0 0.88125 0.429297 0.034722 0.022656
0 0.436806 0.341406 0.034722 0.01875
0 0.529861 0.389063 0.0375 0.017188
0 0.541667 0.430859 0.038889 0.021094
0 0.543056 0.496875 0.038889 0.023438
0 0.377778 0.377344 0.036111 0.01875
0 0.322222 0.3875 0.036111 0.020313
0 0.418056 0.421094 0.033333 0.01875
0 0.428472 0.448438 0.043056 0.020313
0 0.3625 0.462891 0.038889 0.019531
0 0.188194 0.431641 0.034722 0.019531
0 0.297222 0.449609 0.036111 0.024219
0 0.436111 0.489844 0.027778 0.0125
0 0.248611 0.482031 0.036111 0.015625
0 0.347222 0.573047 0.041667 0.022656
0 0.427778 0.601562 0.036111 0.020313
0 0.513889 0.619531 0.033333 0.017188
0 0.606944 0.642188 0.033333 0.020313
0 0.620139 0.657813 0.043056 0.021875
0 0.620833 0.710547 0.044444 0.021094
0 0.509028 0.661719 0.040278 0.015625
0 0.384028 0.623828 0.029167 0.017969
0 0.688889 0.785938 0.036111 0.020313
0 0.388889 0.780078 0.033333 0.021094
0 0.4125 0.769922 0.033333 0.019531
0 0.304861 0.609375 0.040278 0.017188
0 0.370139 0.597266 0.031944 0.017969
0 0.563889 0.623438 0.025 0.014063
0 0.213194 0.617969 0.0375 0.01875
0 0.230556 0.642188 0.025 0.015625
0 0.211111 0.679297 0.041667 0.021094
0 0.085417 0.683984 0.031944 0.019531
0 0.171528 0.728125 0.034722 0.020313
0 0.035417 0.584766 0.043056 0.013281
0 0.0375 0.571094 0.038889 0.01875
0 0.007639 0.573438 0.015278 0.017188
0 0.105556 0.782422 0.036111 0.017969
0 0.142361 0.671875 0.029167 0.017188
0 0.013889 0.673828 0.025 0.019531
0 0.484722 0.496094 0.022222 0.0125
0 0.395139 0.466797 0.020833 0.014844
0 0.630556 0.690625 0.030556 0.014063
0 0.330556 0.619141 0.019444 0.014844
0 0.566667 0.759375 0.022222 0.014063
0 0.550694 0.821094 0.034722 0.017188
0 0.573611 0.673828 0.022222 0.021094
0 0.38125 0.697656 0.043056 0.015625
0 0.948611 0.421484 0.016667 0.010156
0 0.911806 0.416797 0.015278 0.010156
0 0.379167 0.579688 0.011111 0.014063
0 0.648611 0.536719 0.033333 0.009375
