0 0.542361 0.120313 0.056944 0.032813
0 0.514583 0.137891 0.051389 0.030469
0 0.377083 0.135547 0.048611 0.030469
0 0.345833 0.234766 0.044444 0.030469
0 0.322222 0.228125 0.013889 0.015625
0 0.417361 0.228906 0.034722 0.021875
0 0.394444 0.233594 0.025 0.01875
0 0.533333 0.215234 0.047222 0.022656
0 0.666667 0.171875 0.055556 0.032813
0 0.451389 0.275 0.061111 0.03125
0 0.460417 0.302734 0.0625 0.033594
0 0.364583 0.371484 0.056944 0.033594
0 0.704861 0.187891 0.040278 0.019531
0 0.679167 0.234375 0.044444 0.026563
0 0.613194 0.246484 0.026389 0.014844
0 0.7625 0.258203 0.044444 0.022656
0 0.640972 0.283203 0.023611 0.019531
0 0.689583 0.319141 0.059722 0.035156
0 0.627778 0.323828 0.033333 0.027344
0 0.538889 0.305469 0.058333 0.028125
0 0.69375 0.370703 0.0625 0.036719
0 0.25625 0.358203 0.029167 0.016406
0 0.242361 0.403906 0.045833 0.020313
0 0.227778 0.425 0.033333 0.023438
0 0.215278 0.454688 0.05 0.026563
0 0.374306 0.419922 0.031944 0.022656
0 0.338889 0.421094 0.052778 0.015625
0 0.3125 0.4125 0.027778 0.014063
0 0.2875 0.460156 0.036111 0.01875
0 0.426389 0.459766 0.052778 0.027344
0 0.584722 0.530078 0.038889 0.030469
0 0.540972 0.533594 0.045833 0.025
0 0.609722 0.599609 0.05 0.022656
0 0.315972 0.519141 0.043056 0.024219
0 0.180556 0.543359 0.041667 0.025781
0 0.222222 0.553125 0.030556 0.020313
0 0.339583 0.585547 0.048611 0.028906
0 0.279861 0.586328 0.048611 0.017969
0 0.704861 0.509375 0.031944 0.017188
0 0.526389 0.5625 0.044444 0.021875
0 0.613194 0.614844 0.0375 0.015625
0 0.447917 0.608984 0.048611 0.016406
0 0.405556 0.6375 0.030556 0.023438
0 0.372917 0.660938 0.043056 0.023438
0 0.339583 0.628906 0.0375 0.01875
0 0.279167 0.71875 0.05 0.028125
0 0.744444 0.772656 0.047222 0.028125
0 0.80625 0.767969 0.040278 0.03125
0 0.934722 0.828516 0.044444 0.025781
0 0.697222 0.563672 0.036111 0.024219
0 0.964583 0.762109 0.048611 0.027344
0 0.379861 0.156641 0.023611 0.014844
0 0.545833 0.605078 0.033333 0.013281
0 0.429861 0.125781 0.026389 0.029688
0 0.393056 0.115234 0.033333 0.022656
0 0.539583 0.237109 0.026389 0.014844
0 0.779167 0.217188 0.030556 0.023438
0 0.503472 0.348828 0.0125 0.021094
0 0.279167 0.556641 0.027778 0.016406
0 0.290278 0.621484 0.022222 0.022656
0 0.313889 0.650391 0.025 0.014844
0 0.011111 0.754297 0.019444 0.017969
0 0.638889 0.959766 0.063889 0.028906
0 0.631944 0.859375 0.044444 0.020313
0 0.90625 0.801563 0.034722 0.029688
0 0.979167 0.801953 0.025 0.014844
0 0.878472 0.785547 0.040278 0.016406
0 0.505556 0.751953 0.041667 0.008594
0 0.673611 0.769531 0.027778 0.015625
