0 0.333333 0.416016 0.058333 0.038281
0 0.522917 0.375781 0.065278 0.0375
0 0.309722 0.499219 0.072222 0.035938
0 0.429861 0.435938 0.0125 0.010938
0 0.304167 0.455078 0.027778 0.017969
0 0.388889 0.472656 0.038889 0.025
0 0.368056 0.510938 0.066667 0.035938
0 0.388889 0.560156 0.058333 0.029688
0 0.346528 0.560937 0.034722 0.028125
0 0.910417 0.355078 0.056944 0.032031
0 0.974306 0.351953 0.048611 0.027344
0 0.952778 0.370703 0.063889 0.032031
0 0.924306 0.389453 0.043056 0.016406
0 0.959028 0.658984 0.0625 0.032031
0 0.656944 0.545312 0.044444 0.021875
0 0.590972 0.542188 0.0375 0.0125
0 0.611111 0.594922 0.058333 0.027344
0 0.570139 0.596094 0.0375 0.01875
0 0.7625 0.721484 0.033333 0.021094
0 0.83125 0.882812 0.040278 0.034375
0 0.882639 0.871875 0.065278 0.0375
0 0.917361 0.820703 0.090278 0.036719
0 0.847222 0.686328 0.030556 0.024219
0 0.821528 0.733203 0.029167 0.021094
0 0.805556 0.719531 0.030556 0.01875
0 0.306944 0.479297 0.058333 0.016406
0 0.811806 0.666406 0.048611 0.014063
0 0.560417 0.650391 0.045833 0.013281
