0 0.076389 0.094922 0.066667 0.039844
0 0.682639 0.319531 0.023611 0.0125
0 0.288889 0.373438 0.044444 0.026563
0 0.341667 0.482422 0.047222 0.021094
0 0.349306 0.461328 0.040278 0.021094
0 0.432639 0.576953 0.065278 0.039844
0 0.369444 0.678516 0.058333 0.039844
0 0.836806 0.676953 0.048611 0.024219
0 0.842361 0.697266 0.051389 0.025781
0 0.874306 0.713672 0.048611 0.022656
0 0.893056 0.694531 0.027778 0.015625
0 0.884722 0.812891 0.066667 0.041406
0 0.0125 0.647656 0.022222 0.025
0 0.78125 0.182031 0.0375 0.028125
0 0.744444 0.178906 0.041667 0.020313
0 0.727083 0.2375 0.018056 0.014063
0 0.713889 0.271094 0.041667 0.01875
0 0.845833 0.278516 0.05 0.014844
0 0.790972 0.287109 0.023611 0.008594
0 0.288194 0.295313 0.054167 0.026563
0 0.246528 0.301953 0.065278 0.035156
0 0.047917 0.318359 0.045833 0.047656
0 0.234722 0.358203 0.083333 0.050781
0 0.981944 0.364844 0.027778 0.014063
0 0.885417 0.382422 0.029167 0.011719
0 0.801389 0.387109 0.027778 0.016406
0 0.697222 0.351953 0.030556 0.008594
0 0.663889 0.394531 0.036111 0.020313
0 0.625694 0.404297 0.034722 0.021094
0 0.98125 0.426953 0.031944 0.021094
0 0.935417 0.438672 0.043056 0.028906
0 0.725 0.455469 0.041667 0.025
0 0.328472 0.420313 0.056944 0.034375
0 0.2625 0.425781 0.094444 0.053125
0 0.194444 0.401953 0.041667 0.028906
0 0.127083 0.439453 0.059722 0.033594
0 0.270833 0.519141 0.058333 0.016406
0 0.260417 0.532813 0.026389 0.007812
0 0.442361 0.619141 0.056944 0.027344
0 0.420833 0.672656 0.052778 0.026563
0 0.338889 0.671484 0.025 0.016406
0 0.554167 0.793359 0.05 0.024219
0 0.558333 0.808594 0.036111 0.010938
0 0.761806 0.760938 0.034722 0.014063
0 0.734028 0.750391 0.034722 0.025781
0 0.317361 0.712891 0.0375 0.025781
0 0.574306 0.554688 0.026389 0.025
