0 0.923611 0.016406 0.061111 0.03125
0 0.809722 0.010156 0.027778 0.01875
0 0.554167 0.025781 0.072222 0.05
0 0.597917 0.055078 0.034722 0.030469
0 0.694444 0.067969 0.058333 0.028125
0 0.036111 0.175 0.05 0.03125
0 0.021528 0.164062 0.040278 0.021875
0 0.109028 0.178516 0.059722 0.036719
0 0.127778 0.215625 0.066667 0.039062
0 0.633333 0.175781 0.080556 0.046875
0 0.729861 0.210547 0.079167 0.039844
0 0.663194 0.220703 0.051389 0.047656
0 0.775694 0.2875 0.073611 0.035938
0 0.688889 0.307422 0.069444 0.035156
0 0.636111 0.300391 0.063889 0.030469
0 0.436806 0.307813 0.054167 0.03125
0 0.39375 0.333984 0.065278 0.032031
0 0.338194 0.316797 0.029167 0.025781
0 0.785417 0.347266 0.056944 0.032031
0 0.984722 0.446094 0.022222 0.015625
0 0.699306 0.434375 0.084722 0.045313
0 0.293056 0.421484 0.044444 0.027344
0 0.236111 0.455469 0.05 0.040625
0 0.122222 0.450391 0.05 0.032031
0 0.072222 0.452344 0.052778 0.032813
0 0.025 0.450781 0.047222 0.03125
0 0.047917 0.476562 0.081944 0.035938
0 0.108333 0.491797 0.058333 0.035156
0 0.695833 0.469141 0.041667 0.021094
0 0.461111 0.557422 0.061111 0.036719
0 0.420833 0.526172 0.061111 0.021094
0 0.365278 0.548828 0.027778 0.019531
0 0.290972 0.529297 0.040278 0.016406
0 0.272917 0.593359 0.034722 0.013281
0 0.715278 0.518359 0.055556 0.035156
0 0.752083 0.563281 0.056944 0.021875
0 0.663889 0.522656 0.047222 0.01875
0 0.679167 0.551563 0.033333 0.029688
0 0.620833 0.55 0.072222 0.048438
0 0.536806 0.536328 0.048611 0.021094
0 0.090278 0.598438 0.052778 0.023438
