0 0.339583 0.598047 0.040278 0.021094
0 0.152778 0.561328 0.047222 0.024219
0 0.388194 0.678516 0.054167 0.027344
0 0.358333 0.673047 0.025 0.013281
0 0.907639 0.688281 0.029167 0.025
0 0.947222 0.69375 0.052778 0.032813
0 0.331944 0.773438 0.038889 0.014063
0 0.420139 0.485547 0.056944 0.032031
0 0.572222 0.542969 0.044444 0.023438
0 0.520833 0.540234 0.033333 0.016406
0 0.595833 0.519141 0.044444 0.025781
0 0.63125 0.50625 0.045833 0.023438
0 0.525 0.506641 0.036111 0.027344
0 0.456944 0.491016 0.025 0.014844
0 0.4875 0.489063 0.05 0.029688
0 0.964583 0.611719 0.068056 0.04375
0 0.928472 0.628906 0.054167 0.040625
0 0.9875 0.646094 0.022222 0.029688
0 0.463194 0.429297 0.054167 0.036719
0 0.28125 0.370313 0.040278 0.026563
0 0.41875 0.205078 0.031944 0.019531
0 0.435417 0.235938 0.015278 0.009375
0 0.409722 0.411719 0.05 0.040625
0 0.829167 0.339844 0.052778 0.025
0 0.323611 0.432031 0.044444 0.021875
